기준_년분기_코드,상권_구분_코드,상권_구분_코드_명,상권_코드,상권_코드_명,총_직장_인구_수,남성_직장_인구_수,여성_직장_인구_수,연령대_10_직장_인구_수,연령대_20_직장_인구_수,연령대_30_직장_인구_수,연령대_40_직장_인구_수,연령대_50_직장_인구_수,연령대_60_이상_직장_인구_수,남성연령대_10_직장_인구_수,남성연령대_20_직장_인구_수,남성연령대_30_직장_인구_수,남성연령대_40_직장_인구_수,남성연령대_50_직장_인구_수,남성연령대_60_이상_직장_인구_수,여성연령대_10_직장_인구_수,여성연령대_20_직장_인구_수,여성연령대_30_직장_인구_수,여성연령대_40_직장_인구_수,여성연령대_50_직장_인구_수,여성연령대_60_이상_직장_인구_수
20231,A,골목상권,3110510,홍연시장,100,59,41,0,10,14,33,27,16,0,5,6,22,14,12,0,5,8,11,13,4
20231,A,골목상권,3110521,홍제역 4번,63,36,27,0,4,7,19,17,16,0,0,4,10,9,13,0,4,3,9,8,3
20231,A,골목상권,3110529,홍제3동주민센터,125,58,67,0,13,20,27,25,40,0,2,5,8,14,29,0,11,15,19,11,11
20231,A,골목상권,3110589,애오개역 3번,46,13,33,0,3,3,15,11,14,0,0,1,4,6,2,0,3,2,11,5,12
20231,A,골목상권,3110542,마포구청역 7번,3997,2442,1555,16,527,714,775,1304,661,9,297,578,604,586,368,7,230,136,171,718,293
20231,A,골목상권,3110561,상수역 4번,395,247,148,4,59,102,94,89,47,2,21,56,64,68,36,2,38,46,30,21,11
20231,A,골목상권,3110552,성미산체육관,637,465,172,1,110,159,145,158,64,0,72,120,98,128,47,1,38,39,47,30,17
20231,A,골목상권,3110553,가좌역 2번,281,167,114,0,26,51,79,81,44,0,16,28,44,43,36,0,10,23,35,38,8
20231,A,골목상권,3110570,KB국민은행 서강지점,61,39,22,0,4,22,18,12,5,0,4,13,10,7,5,0,0,9,8,5,0
20231,A,골목상권,3110624,목동문화체육센터,379,232,147,0,93,117,75,63,31,0,40,79,46,48,19,0,53,38,29,15,12
20231,A,골목상권,3110626,양화초등학교,652,271,381,1,127,138,149,147,90,0,37,57,76,63,38,1,90,81,73,84,52
20231,A,골목상권,3110620,목동보건지소,458,241,217,4,51,85,105,125,88,4,20,48,50,65,54,0,31,37,55,60,34
20231,A,골목상권,3110606,신한은행 신월동지점,544,307,237,1,49,83,152,152,107,1,26,44,84,72,80,0,23,39,68,80,27
20231,A,골목상권,3110613,신정네거리역 4번,80,20,60,0,8,25,24,19,4,0,2,6,7,4,1,0,6,19,17,15,3
20231,A,골목상권,3110657,양천향교역 5번,3180,2118,1062,12,334,603,741,695,795,8,191,396,493,385,645,4,143,207,248,310,150
20231,A,골목상권,3110648,양천향교역 7번,13,5,8,0,1,7,1,3,1,0,0,3,1,1,0,0,1,4,0,2,1
20231,A,골목상권,3110671,등촌1동주민센터,4521,2889,1632,8,1208,1381,956,636,332,2,375,916,788,522,286,6,833,465,168,114,46
20231,A,골목상권,3110668,화곡2동주민센터,471,278,193,0,55,70,139,127,80,0,22,33,81,77,65,0,33,37,58,50,15
20231,A,골목상권,3110646,푸른들청소년도서관,754,384,370,1,92,113,198,187,163,1,26,47,97,99,114,0,66,66,101,88,49
20231,A,골목상권,3110658,화곡초등학교,253,153,100,0,21,55,62,69,46,0,10,35,36,44,28,0,11,20,26,25,18
20231,A,골목상권,3110721,가리봉파출소,215,104,111,1,6,36,42,42,88,0,2,19,17,22,44,1,4,17,25,20,44
20231,A,골목상권,3110703,개봉역,307,192,115,4,28,54,91,77,53,3,16,30,54,49,40,1,12,24,37,28,13
20231,A,골목상권,3110706,그라운드 고척,410,100,310,0,122,101,101,68,18,0,22,20,28,20,10,0,100,81,73,48,8
20231,A,골목상권,3110701,고척동성당,567,379,188,2,126,185,125,92,37,0,81,133,82,54,29,2,45,52,43,38,8
20231,A,골목상권,3110709,구로119안전센터,185,108,77,0,19,22,56,51,37,0,14,13,36,29,16,0,5,9,20,22,21
20231,A,골목상권,3110716,구로나눔길,666,398,268,1,132,256,164,77,36,0,39,154,115,60,30,1,93,102,49,17,6
20231,A,골목상권,3110693,오류동역 4번,17,9,8,0,1,3,5,4,4,0,1,3,2,2,1,0,0,0,3,2,3
20231,A,골목상권,3110741,독산2동주민센터,444,159,285,0,69,117,96,108,54,0,43,35,26,33,22,0,26,82,70,75,32
20231,A,골목상권,3110789,대림성모병원,491,182,309,0,104,137,115,93,42,0,16,44,49,43,30,0,88,93,66,50,12
20231,A,골목상권,3110769,대림차이나타운(대림역 12번),42,12,30,0,6,8,12,10,6,0,0,3,4,3,2,0,6,5,8,7,4
20231,A,골목상권,3110772,신우어린이공원,94,55,39,0,9,15,22,26,22,0,5,8,12,19,11,0,4,7,10,7,11
20231,A,골목상권,3110785,영등포푸르지오아파트,161,84,77,2,13,17,39,44,46,2,8,12,24,14,24,0,5,5,15,30,22
20231,A,골목상권,3110761,문래동남성맨션,180,106,74,0,13,43,45,41,38,0,8,17,26,25,30,0,5,26,19,16,8
20231,A,골목상권,3110758,문래소공원,296,221,75,1,44,77,70,67,37,0,32,60,46,52,31,1,12,17,24,15,6
20231,A,골목상권,3110815,공군호텔,2250,791,1459,4,426,519,477,509,315,0,88,197,168,172,166,4,338,322,309,337,149
20231,A,골목상권,3110787,신길3동주민센터,171,122,49,0,19,35,47,42,28,0,8,25,36,31,22,0,11,10,11,11,6
20231,A,골목상권,3110780,신길대성유니드아파트,223,171,52,0,22,42,71,56,32,0,18,34,51,41,27,0,4,8,20,15,5
20231,A,골목상권,3110804,신풍역 1번,312,187,125,0,15,37,62,63,135,0,4,15,29,35,104,0,11,22,33,28,31
20231,A,골목상권,3110808,신길역 1번,67,48,19,0,3,22,21,13,8,0,3,15,14,9,7,0,0,7,7,4,1
20231,A,골목상권,3110832,노량진초등학교,491,269,222,0,54,105,122,153,57,0,24,64,85,70,26,0,30,41,37,83,31
20231,A,골목상권,3110822,신대방삼거리역 4번(대림초등학교),313,131,182,0,57,71,68,76,41,0,13,28,34,35,21,0,44,43,34,41,20
20231,A,골목상권,3110850,사당역 10번,969,487,482,4,217,207,185,162,194,1,54,88,92,95,157,3,163,119,93,67,37
20231,A,골목상권,3110859,난향초등학교,182,113,69,0,11,32,42,52,45,0,0,21,27,30,35,0,11,11,15,22,10
20231,A,골목상권,3110886,관악해태어린이공원,184,103,81,1,38,50,41,34,20,1,18,28,21,23,12,0,20,22,20,11,8
20231,A,골목상권,3110880,신림역 1번,995,275,720,0,379,296,157,128,35,0,78,87,66,33,11,0,301,209,91,95,24
20231,A,골목상권,3110888,청룡동주민센터,94,53,41,0,5,9,11,22,47,0,3,2,4,6,38,0,2,7,7,16,9
20231,A,골목상권,3110896,관악우성아파트,202,49,153,0,41,37,44,47,33,0,5,7,11,13,13,0,36,30,33,34,20
20231,A,골목상권,3110948,헌인가구단지,57,27,30,0,5,24,14,11,3,0,4,12,6,2,3,0,1,12,8,9,0
20231,A,골목상권,3110921,서울프랑스학교,506,312,194,7,63,70,115,134,117,2,30,43,80,86,71,5,33,27,35,48,46
20231,A,골목상권,3110907,방배초등학교,775,476,299,8,119,165,211,143,129,5,54,100,118,95,104,3,65,65,93,48,25
20231,A,골목상권,3110912,방배동사이길,210,128,82,3,33,45,53,42,34,2,16,27,39,21,23,1,17,18,14,21,11
20231,A,골목상권,3110933,한국상담대학원대학교,679,60,619,0,344,156,86,63,30,0,10,15,15,5,15,0,334,141,71,58,15
20231,A,골목상권,3110935,한전아트센터,379,264,115,2,53,108,105,72,39,2,33,82,75,46,26,0,20,26,30,26,13
20231,A,골목상권,3110984,포이초등학교(개포목련어린이공원),1556,1046,510,2,236,342,331,306,339,0,140,241,211,199,255,2,96,101,120,107,84
20231,A,골목상권,3110975,매봉역 1번,10837,6932,3905,34,2175,2199,3202,3019,208,21,1010,1161,2184,2402,154,13,1165,1038,1018,617,54
20231,A,골목상권,3110974,언주중학교,278,168,110,3,58,66,85,43,23,3,25,39,59,27,15,0,33,27,26,16,8
20231,A,골목상권,3110971,선정릉역 4번,1542,900,642,11,278,455,380,254,164,6,140,270,245,120,119,5,138,185,135,134,45
20231,A,골목상권,3111026,문정역 2번,2257,1479,778,7,430,626,537,409,248,3,235,420,381,229,211,4,195,206,156,180,37
20231,A,골목상권,3111017,송파나루역 3번,272,183,89,0,40,62,62,63,45,0,14,42,42,45,40,0,26,20,20,18,5
20231,A,골목상권,3111010,석촌역 7번,1512,1031,481,3,181,309,376,339,304,1,98,190,261,234,247,2,83,119,115,105,57
20231,A,골목상권,3111040,거여초등학교,346,137,209,0,26,86,124,77,33,0,9,27,48,30,23,0,17,59,76,47,10
20231,A,골목상권,3111034,오동나무공원(송파레미니스1단지),1465,1038,427,3,253,373,355,322,159,3,163,257,267,226,122,0,90,116,88,96,37
20231,A,골목상권,3111030,방이역 2번,665,419,246,1,57,107,147,217,136,0,28,68,94,128,101,1,29,39,53,89,35
20231,A,골목상권,3111085,묘곡초등학교(고덕아이파크아파트),800,452,348,0,68,111,152,196,273,0,35,72,80,84,181,0,33,39,72,112,92
20231,A,골목상권,3111077,길동주민센터(강동도서관),1272,737,535,4,121,258,294,321,274,1,49,138,167,188,194,3,72,120,127,133,80
20231,A,골목상권,3111076,둔촌2동주민센터,297,174,123,0,25,49,61,86,76,0,14,24,34,39,63,0,11,25,27,47,13
20231,A,골목상권,3111080,굽은다리역 3번,434,235,199,0,44,77,100,110,103,0,12,52,63,58,50,0,32,25,37,52,53
20231,A,골목상권,3110037,신설동역 12번,208,124,84,0,16,46,51,61,34,0,6,20,32,41,25,0,10,26,19,20,9
20231,A,골목상권,3110029,동대문역 1번,247,68,179,0,11,34,64,82,56,0,1,8,25,21,13,0,10,26,39,61,43
20231,A,골목상권,3110021,성균관대학교,395,301,94,2,16,44,110,145,78,2,7,29,89,124,50,0,9,15,21,21,28
20231,A,골목상권,3110056,신당역 3번,514,293,221,0,62,129,118,115,90,0,31,63,69,72,58,0,31,66,49,43,32
20231,A,골목상권,3110050,약수역 7번,306,229,77,0,34,81,75,74,42,0,21,59,60,56,33,0,13,22,15,18,9
20231,A,골목상권,3110042,남산골공원옆,683,424,259,3,91,156,195,166,72,0,37,89,131,121,46,3,54,67,64,45,26
20231,A,골목상권,3110088,오산고등학교,101,51,50,0,22,20,19,15,25,0,9,9,8,8,17,0,13,11,11,7,8
20231,A,골목상권,3110090,한국폴리텍대학서울정수캠퍼스,3968,2447,1521,1,446,1358,1632,500,31,1,173,548,1231,467,27,0,273,810,401,33,4
20231,A,골목상권,3110063,효창공원앞역 5번,530,347,183,8,47,104,139,132,100,6,25,71,93,87,65,2,22,33,46,45,35
20231,A,골목상권,3110058,성심여자고등학교,1189,857,332,10,168,333,362,206,110,3,77,243,278,166,90,7,91,90,84,40,20
20231,A,골목상권,3110087,이태원엔틱가구거리,329,113,216,0,151,130,29,10,9,0,26,52,19,8,8,0,125,78,10,2,1
20231,A,골목상권,3110067,배문고등학교,1547,895,652,1,215,370,383,320,258,0,84,173,199,225,214,1,131,197,184,95,44
20231,A,골목상권,3110098,서울독일학교,242,91,151,0,57,85,68,23,9,0,15,22,34,15,5,0,42,63,34,8,4
20231,A,골목상권,3110096,한남힐사이드아파트,502,337,165,3,155,183,85,47,29,3,89,132,63,26,24,0,66,51,22,21,5
20231,A,골목상권,3110119,마장지하차도,127,89,38,0,17,26,32,26,26,0,12,22,19,18,18,0,5,4,13,8,8
20231,A,골목상권,3110131,성수동카페거리,4798,3110,1688,15,902,1536,1123,699,523,9,460,993,777,497,374,6,442,543,346,202,149
20231,A,골목상권,3110134,성수119안전센터,771,587,184,4,65,108,185,252,157,4,38,78,143,200,124,0,27,30,42,52,33
20231,A,골목상권,3110136,경수초등학교,4745,2743,2002,43,1169,1097,978,875,583,32,439,633,615,593,431,11,730,464,363,282,152
20231,A,골목상권,3110100,옥수동우편취급국,37,26,11,0,5,17,8,5,2,0,0,14,6,4,2,0,5,3,2,1,0
20231,A,골목상권,3110118,왕십리역 9번,697,487,210,1,90,182,204,129,91,0,62,110,144,93,78,1,28,72,60,36,13
20231,A,골목상권,3110149,세종대학교,122,72,50,0,15,21,31,23,32,0,8,13,19,7,25,0,7,8,12,16,7
20231,A,골목상권,3110155,광진구청,8356,7701,655,0,240,853,2408,4046,809,0,172,765,2256,3748,760,0,68,88,152,298,49
20231,A,골목상권,3110139,자양4동주민센터,204,116,88,0,13,28,53,51,59,0,3,14,32,25,42,0,10,14,21,26,17
20231,A,골목상권,3110167,용마초등학교,380,223,157,2,22,56,99,112,89,0,9,20,52,64,78,2,13,36,47,48,11
20231,A,골목상권,3110176,해오름공원,791,439,352,1,84,212,229,173,92,1,32,119,126,91,70,0,52,93,103,82,22
20231,A,골목상권,3110204,간데메공원,411,268,143,3,83,97,82,89,57,3,57,64,46,58,40,0,26,33,36,31,17
20231,A,골목상권,3110226,장안1동주민센터,1882,1005,877,2,147,247,333,512,641,2,87,148,213,253,302,0,60,99,120,259,339
20231,A,골목상권,3110211,전곡마을마당공원,626,445,181,1,66,101,170,194,94,0,45,73,129,143,55,1,21,28,41,51,39
20231,A,골목상권,3110207,시립대앞사거리,33,21,12,0,4,10,6,5,8,0,2,8,3,3,5,0,2,2,3,2,3
20231,A,골목상권,3110198,동대문중앙새마을금고본점,67,26,41,0,1,0,18,37,11,0,0,0,8,10,8,0,1,0,10,27,3
20231,A,골목상권,3110200,동대문경찰서,74,50,24,0,1,6,21,13,33,0,0,1,11,6,32,0,1,5,10,7,1
20231,A,골목상권,3110256,면목2동체육관,477,321,156,2,56,66,82,140,131,1,21,35,45,109,110,1,35,31,37,31,21
20231,A,골목상권,3110266,면목동우체국,225,182,43,0,10,31,38,79,67,0,1,19,30,69,63,0,9,12,8,10,4
20231,A,골목상권,3110236,신묵초등학교,1015,836,179,0,185,302,228,255,45,0,135,246,194,228,33,0,50,56,34,27,12
20231,A,골목상권,3110267,망우역 2번,139,49,90,1,15,28,50,28,17,1,2,10,19,13,4,0,13,18,31,15,13
20231,A,골목상권,3110234,중랑역 4번,96,41,55,0,15,16,23,25,17,0,2,5,10,14,10,0,13,11,13,11,7
20231,A,골목상권,3110321,동덕여대,58,14,44,0,0,4,13,18,23,0,0,4,4,4,2,0,0,0,9,14,21
20231,A,골목상권,3110324,월곡역 4번,99,55,44,0,31,21,19,18,10,0,9,10,13,14,9,0,22,11,6,4,1
20231,A,골목상권,3110298,솔숲어린이공원,77,28,49,0,18,11,24,12,12,0,3,5,7,5,8,0,15,6,17,7,4
20231,A,골목상권,3110314,종암경찰서,949,699,250,1,127,271,223,286,41,0,72,206,162,231,28,1,55,65,61,55,13
20231,A,골목상권,3110365,미아역 5번,341,83,258,0,17,21,44,63,196,0,5,12,15,17,34,0,12,9,29,46,162
20231,A,골목상권,3110368,송천초등학교,199,178,21,0,9,16,39,71,64,0,5,11,34,66,62,0,4,5,5,5,2
20231,A,골목상권,3110352,수유1동주민센터,275,112,163,0,23,49,101,79,23,0,11,22,37,29,13,0,12,27,64,50,10
20231,A,골목상권,3110349,화계역 2번,83,67,16,0,6,4,21,33,19,0,5,3,12,28,19,0,1,1,9,5,0
20231,A,골목상권,3110367,강북구청,1943,976,967,5,195,512,483,522,226,4,64,205,237,340,126,1,131,307,246,182,100
20231,A,골목상권,3110339,국립4.19민주묘지,11,6,5,0,2,2,5,0,2,0,0,2,3,0,1,0,2,0,2,0,1
20231,A,골목상권,3110346,4.19민주묘지역 2번,96,48,48,0,12,13,19,19,33,0,3,7,8,7,23,0,9,6,11,12,10
20233,A,골목상권,3110978,도곡2동주민센터(대치중학교),331,186,145,0,46,70,72,114,29,0,20,41,47,62,16,0,26,29,25,52,13
20233,A,골목상권,3110974,언주중학교,278,168,110,3,58,66,85,43,23,3,25,39,59,27,15,0,33,27,26,16,8
20233,A,골목상권,3110971,선정릉역 4번,1542,900,642,11,278,455,380,254,164,6,140,270,245,120,119,5,138,185,135,134,45
20233,A,골목상권,3111026,문정역 2번,2257,1479,778,7,430,626,537,409,248,3,235,420,381,229,211,4,195,206,156,180,37
20233,A,골목상권,3111017,송파나루역 3번,272,183,89,0,40,62,62,63,45,0,14,42,42,45,40,0,26,20,20,18,5
20233,A,골목상권,3111010,석촌역 7번,1512,1031,481,3,181,309,376,339,304,1,98,190,261,234,247,2,83,119,115,105,57
20233,A,골목상권,3111040,거여초등학교,346,137,209,0,26,86,124,77,33,0,9,27,48,30,23,0,17,59,76,47,10
20233,A,골목상권,3111034,오동나무공원(송파레미니스1단지),1465,1038,427,3,253,373,355,322,159,3,163,257,267,226,122,0,90,116,88,96,37
20233,A,골목상권,3111030,방이역 2번,665,419,246,1,57,107,147,217,136,0,28,68,94,128,101,1,29,39,53,89,35
20233,A,골목상권,3111085,묘곡초등학교(고덕아이파크아파트),800,452,348,0,68,111,152,196,273,0,35,72,80,84,181,0,33,39,72,112,92
20233,A,골목상권,3111077,길동주민센터(강동도서관),1272,737,535,4,121,258,294,321,274,1,49,138,167,188,194,3,72,120,127,133,80
20233,A,골목상권,3111076,둔촌2동주민센터,297,174,123,0,25,49,61,86,76,0,14,24,34,39,63,0,11,25,27,47,13
20233,A,골목상권,3111080,굽은다리역 3번,434,235,199,0,44,77,100,110,103,0,12,52,63,58,50,0,32,25,37,52,53
20233,A,골목상권,3110037,신설동역 12번,208,124,84,0,16,46,51,61,34,0,6,20,32,41,25,0,10,26,19,20,9
20233,A,골목상권,3110029,동대문역 1번,247,68,179,0,11,34,64,82,56,0,1,8,25,21,13,0,10,26,39,61,43
20233,A,골목상권,3110021,성균관대학교,395,301,94,2,16,44,110,145,78,2,7,29,89,124,50,0,9,15,21,21,28
20233,A,골목상권,3110056,신당역 3번,514,293,221,0,62,129,118,115,90,0,31,63,69,72,58,0,31,66,49,43,32
20233,A,골목상권,3110050,약수역 7번,306,229,77,0,34,81,75,74,42,0,21,59,60,56,33,0,13,22,15,18,9
20233,A,골목상권,3110042,남산골공원옆,683,424,259,3,91,156,195,166,72,0,37,89,131,121,46,3,54,67,64,45,26
20233,A,골목상권,3110088,오산고등학교,101,51,50,0,22,20,19,15,25,0,9,9,8,8,17,0,13,11,11,7,8
20233,A,골목상권,3110090,한국폴리텍대학서울정수캠퍼스,3968,2447,1521,1,446,1358,1632,500,31,1,173,548,1231,467,27,0,273,810,401,33,4
20233,A,골목상권,3110063,효창공원앞역 5번,530,347,183,8,47,104,139,132,100,6,25,71,93,87,65,2,22,33,46,45,35
20233,A,골목상권,3110058,성심여자고등학교,1189,857,332,10,168,333,362,206,110,3,77,243,278,166,90,7,91,90,84,40,20
20233,A,골목상권,3110087,이태원엔틱가구거리,329,113,216,0,151,130,29,10,9,0,26,52,19,8,8,0,125,78,10,2,1
20233,A,골목상권,3110067,배문고등학교,1547,895,652,1,215,370,383,320,258,0,84,173,199,225,214,1,131,197,184,95,44
20233,A,골목상권,3110098,서울독일학교,242,91,151,0,57,85,68,23,9,0,15,22,34,15,5,0,42,63,34,8,4
20233,A,골목상권,3110096,한남힐사이드아파트,502,337,165,3,155,183,85,47,29,3,89,132,63,26,24,0,66,51,22,21,5
20233,A,골목상권,3110119,마장지하차도,127,89,38,0,17,26,32,26,26,0,12,22,19,18,18,0,5,4,13,8,8
20233,A,골목상권,3110131,성수동카페거리,4798,3110,1688,15,902,1536,1123,699,523,9,460,993,777,497,374,6,442,543,346,202,149
20233,A,골목상권,3110134,성수119안전센터,771,587,184,4,65,108,185,252,157,4,38,78,143,200,124,0,27,30,42,52,33
20233,A,골목상권,3110136,경수초등학교,4745,2743,2002,43,1169,1097,978,875,583,32,439,633,615,593,431,11,730,464,363,282,152
20233,A,골목상권,3110100,옥수동우편취급국,37,26,11,0,5,17,8,5,2,0,0,14,6,4,2,0,5,3,2,1,0
20233,A,골목상권,3110118,왕십리역 9번,697,487,210,1,90,182,204,129,91,0,62,110,144,93,78,1,28,72,60,36,13
20233,A,골목상권,3110149,세종대학교,122,72,50,0,15,21,31,23,32,0,8,13,19,7,25,0,7,8,12,16,7
20233,A,골목상권,3110155,광진구청,8356,7701,655,0,240,853,2408,4046,809,0,172,765,2256,3748,760,0,68,88,152,298,49
20233,A,골목상권,3110139,자양4동주민센터,204,116,88,0,13,28,53,51,59,0,3,14,32,25,42,0,10,14,21,26,17
20233,A,골목상권,3110167,용마초등학교,380,223,157,2,22,56,99,112,89,0,9,20,52,64,78,2,13,36,47,48,11
20233,A,골목상권,3110176,해오름공원,791,439,352,1,84,212,229,173,92,1,32,119,126,91,70,0,52,93,103,82,22
20233,A,골목상권,3110204,간데메공원,411,268,143,3,83,97,82,89,57,3,57,64,46,58,40,0,26,33,36,31,17
20233,A,골목상권,3110226,장안1동주민센터,1882,1005,877,2,147,247,333,512,641,2,87,148,213,253,302,0,60,99,120,259,339
20233,A,골목상권,3110211,전곡마을마당공원,626,445,181,1,66,101,170,194,94,0,45,73,129,143,55,1,21,28,41,51,39
20233,A,골목상권,3110207,시립대앞사거리,33,21,12,0,4,10,6,5,8,0,2,8,3,3,5,0,2,2,3,2,3
20233,A,골목상권,3110198,동대문중앙새마을금고본점,67,26,41,0,1,0,18,37,11,0,0,0,8,10,8,0,1,0,10,27,3
20233,A,골목상권,3110200,동대문경찰서,74,50,24,0,1,6,21,13,33,0,0,1,11,6,32,0,1,5,10,7,1
20233,A,골목상권,3110256,면목2동체육관,477,321,156,2,56,66,82,140,131,1,21,35,45,109,110,1,35,31,37,31,21
20233,A,골목상권,3110266,면목동우체국,225,182,43,0,10,31,38,79,67,0,1,19,30,69,63,0,9,12,8,10,4
20233,A,골목상권,3110236,신묵초등학교,1015,836,179,0,185,302,228,255,45,0,135,246,194,228,33,0,50,56,34,27,12
20233,A,골목상권,3110267,망우역 2번,139,49,90,1,15,28,50,28,17,1,2,10,19,13,4,0,13,18,31,15,13
20233,A,골목상권,3110234,중랑역 4번,96,41,55,0,15,16,23,25,17,0,2,5,10,14,10,0,13,11,13,11,7
20233,A,골목상권,3110321,동덕여대,58,14,44,0,0,4,13,18,23,0,0,4,4,4,2,0,0,0,9,14,21
20233,A,골목상권,3110324,월곡역 4번,99,55,44,0,31,21,19,18,10,0,9,10,13,14,9,0,22,11,6,4,1
20233,A,골목상권,3110298,솔숲어린이공원,77,28,49,0,18,11,24,12,12,0,3,5,7,5,8,0,15,6,17,7,4
20233,A,골목상권,3110314,종암경찰서,949,699,250,1,127,271,223,286,41,0,72,206,162,231,28,1,55,65,61,55,13
20233,A,골목상권,3110365,미아역 5번,341,83,258,0,17,21,44,63,196,0,5,12,15,17,34,0,12,9,29,46,162
20233,A,골목상권,3110368,송천초등학교,199,178,21,0,9,16,39,71,64,0,5,11,34,66,62,0,4,5,5,5,2
20233,A,골목상권,3110352,수유1동주민센터,275,112,163,0,23,49,101,79,23,0,11,22,37,29,13,0,12,27,64,50,10
20233,A,골목상권,3110349,화계역 2번,83,67,16,0,6,4,21,33,19,0,5,3,12,28,19,0,1,1,9,5,0
20233,A,골목상권,3110367,강북구청,1943,976,967,5,195,512,483,522,226,4,64,205,237,340,126,1,131,307,246,182,100
20233,A,골목상권,3110339,국립4.19민주묘지,11,6,5,0,2,2,5,0,2,0,0,2,3,0,1,0,2,0,2,0,1
20233,A,골목상권,3110346,4.19민주묘지역 2번,96,48,48,0,12,13,19,19,33,0,3,7,8,7,23,0,9,6,11,12,10
20233,A,골목상권,3110395,신한은행 방학동지점,163,42,121,0,17,20,44,42,40,0,0,2,11,9,20,0,17,18,33,33,20
20233,A,골목상권,3110403,방학1동주민센터,316,167,149,1,44,56,63,78,74,1,30,37,36,36,27,0,14,19,27,42,47
20233,A,골목상권,3110393,국민은행방학지점,49,13,36,0,2,10,17,15,5,0,0,0,4,6,3,0,2,10,13,9,2
20233,A,골목상권,3110398,쌍문2동우체국,474,326,148,0,30,65,96,153,130,0,11,27,50,124,114,0,19,38,46,29,16
20233,A,골목상권,3110401,도봉구민회관,243,65,178,0,29,32,38,87,57,0,4,14,14,22,11,0,25,18,24,65,46
20233,A,골목상권,3110419,수락산디자인거리,695,462,233,5,94,131,159,180,126,5,49,76,108,130,94,0,45,55,51,50,32
20233,A,골목상권,3110425,계상초등학교,136,59,77,2,18,12,36,40,28,2,5,7,19,15,11,0,13,5,17,25,17
20233,A,골목상권,3110421,석계역 1번,249,109,140,0,22,37,78,65,47,0,8,16,31,26,28,0,14,21,47,39,19
20233,A,골목상권,3110473,구산역 1번,436,241,195,0,34,59,113,107,123,0,24,27,53,49,88,0,10,32,60,58,35
20233,A,골목상권,3110487,불광역 8번,63,35,28,0,11,22,15,8,7,0,6,11,7,8,3,0,5,11,8,0,4
20233,A,골목상권,3110480,연신내역 3번,161,51,110,0,16,35,52,35,23,0,3,9,17,12,10,0,13,26,35,23,13
20233,A,골목상권,3110474,세명컴퓨터고등학교,119,55,64,0,7,33,28,23,28,0,2,14,11,8,20,0,5,19,17,15,8
20233,A,골목상권,3110482,연신초등학교,11,7,4,0,0,0,4,6,1,0,0,0,3,3,1,0,0,0,1,3,0
20233,A,골목상권,3110455,역촌노인복지관,690,369,321,2,73,120,187,203,105,0,37,64,89,109,70,2,36,56,98,94,35
20233,A,골목상권,3110470,신진과학기술고등학교,93,65,28,0,7,17,34,25,10,0,5,10,26,19,5,0,2,7,8,6,5
20233,A,골목상권,3110475,백련산해모로아파트,245,127,118,1,23,44,76,70,31,1,10,24,44,29,19,0,13,20,32,41,12
20233,A,골목상권,3110532,아현역 2번,328,204,124,0,52,33,46,78,119,0,17,13,22,57,95,0,35,20,24,21,24
20233,A,골목상권,3110517,서대문소방서,884,634,250,8,197,216,203,177,83,5,99,170,163,146,51,3,98,46,40,31,32
20233,A,골목상권,3110512,연희지하차도,335,165,170,0,40,62,102,99,32,0,14,38,44,49,20,0,26,24,58,50,12
20233,A,골목상권,3110536,돈의문센트레빌아파트입구,141,105,36,0,12,23,61,32,13,0,7,17,50,21,10,0,5,6,11,11,3
20233,A,골목상권,3110534,경기대학교,157,88,69,0,10,29,28,42,48,0,7,20,14,19,28,0,3,9,14,23,20
20233,A,골목상권,3110516,정원여중,227,101,126,0,35,40,62,65,25,0,17,18,27,23,16,0,18,22,35,42,9
20233,A,골목상권,3110527,홍제역 2번,185,89,96,1,36,40,36,40,32,1,11,26,15,21,15,0,25,14,21,19,17
20233,A,골목상권,3110572,서강대역 1번,470,254,216,1,63,130,117,116,43,1,32,67,58,66,30,0,31,63,59,50,13
20233,A,골목상권,3110575,대흥동주민센터,208,157,51,2,25,48,36,49,48,2,11,35,25,41,43,0,14,13,11,8,5
20233,A,골목상권,3110547,KB국민은행 망원동지점,284,168,116,0,13,47,93,76,55,0,4,25,55,45,39,0,9,22,38,31,16
20233,A,골목상권,3110569,홍대땡땡거리,358,153,205,2,62,108,97,53,36,1,18,48,46,19,21,1,44,60,51,34,15
20233,A,골목상권,3110554,망원역 1번,1579,777,802,2,213,371,508,350,135,2,105,188,241,156,85,0,108,183,267,194,50
20233,A,골목상권,3110551,성서초등학교,803,387,416,1,110,164,235,172,121,1,42,90,114,81,59,0,68,74,121,91,62
20233,A,골목상권,3110550,합정역 8번,1578,740,838,1,240,411,414,333,179,0,84,165,221,171,99,1,156,246,193,162,80
20233,A,골목상권,3110546,양화대교북단,732,436,296,3,189,254,157,76,53,3,81,126,120,62,44,0,108,128,37,14,9
20233,A,골목상권,3110619,목4동주민센터,311,203,108,1,51,87,89,64,19,1,16,52,58,57,19,0,35,35,31,7,0
20233,A,골목상권,3110607,금빛새마을금고본점,47,29,18,0,1,10,11,14,11,0,1,4,5,10,9,0,0,6,6,4,2
20233,A,골목상권,3110608,신월2동주민센터,875,454,421,1,51,116,229,273,205,1,23,69,117,127,117,0,28,47,112,146,88
20233,A,골목상권,3110647,화곡역 5번,899,461,438,2,117,230,224,230,96,1,44,138,111,116,51,1,73,92,113,114,45
20233,A,골목상권,3110594,신월중학교,357,182,175,0,35,116,89,85,32,0,10,41,50,52,29,0,25,75,39,33,3
20233,A,골목상권,3110602,신월시영아파트중문,674,584,90,1,8,23,81,250,311,0,4,14,55,218,293,1,4,9,26,32,18
20233,A,골목상권,3110600,신월7동주민센터,350,263,87,0,32,30,66,101,121,0,17,14,38,79,115,0,15,16,28,22,6
20233,A,골목상권,3110610,계남근린공원,126,85,41,0,5,11,41,44,25,0,3,6,28,35,13,0,2,5,13,9,12
20233,A,골목상권,3110616,양목초등학교,161,103,58,0,3,23,19,40,76,0,2,18,14,32,37,0,1,5,5,8,39
20233,A,골목상권,3110611,신정역 1번,289,192,97,2,34,57,88,74,34,2,20,42,52,46,30,0,14,15,36,28,4
20233,A,골목상권,3110635,공항시장역 3번,1451,391,1060,4,64,82,162,479,660,1,43,58,63,33,193,3,21,24,99,446,467
20233,A,골목상권,3110638,신방화역 2번,372,202,170,3,53,75,88,87,66,3,22,40,44,43,50,0,31,35,44,44,16
20233,A,골목상권,3110650,우장산힐스테이트,143,116,27,0,23,30,51,20,19,0,15,25,42,17,17,0,8,5,9,3,2
20233,A,골목상권,3110702,개봉초등학교,131,93,38,1,15,18,33,34,30,1,10,13,23,24,22,0,5,5,10,10,8
20233,A,골목상권,3110699,덕의초등학교,136,79,57,0,14,22,29,43,28,0,7,14,13,24,21,0,7,8,16,19,7
20233,A,골목상권,3110712,남구로역 5번,233,108,125,1,32,36,66,64,34,0,10,17,24,32,25,1,22,19,42,32,9
20233,A,골목상권,3110745,독산동정훈단지,251,191,60,0,11,20,33,86,101,0,3,12,22,64,90,0,8,8,11,22,11
20233,A,골목상권,3110755,동일여자고등학교,193,51,142,0,10,24,45,70,44,0,3,8,17,11,12,0,7,16,28,59,32
20233,A,골목상권,3110778,구로디지털단지역 4번,1596,862,734,0,248,459,484,224,181,0,122,281,192,136,131,0,126,178,292,88,50
20233,A,골목상권,3110771,대림역 11번,955,604,351,0,22,38,128,210,557,0,21,30,73,131,349,0,1,8,55,79,208
20233,A,골목상권,3110768,도림2동유수지내체육시설,294,155,139,0,20,43,63,73,95,0,7,22,32,41,53,0,13,21,31,32,42
20233,A,골목상권,3110759,문래예술촌(문래창작촌),4221,2168,2053,9,521,838,1001,1281,571,5,266,553,595,462,287,4,255,285,406,819,284
20233,A,골목상권,3110818,신대방역 3번,20,9,11,0,1,3,7,7,2,0,1,3,2,1,2,0,0,0,5,6,0
20233,A,골목상권,3110856,미성초등학교,538,295,243,3,58,85,170,150,72,1,28,44,99,71,52,2,30,41,71,79,20
20233,A,골목상권,3110874,원신초등학교(구세군관악영문교회),46,15,31,1,4,19,7,12,3,1,1,3,3,6,1,0,3,16,4,6,2
20233,A,골목상권,3110879,신림현대아파트,17,7,10,0,2,3,5,5,2,0,1,2,2,2,0,0,1,1,3,3,2
20233,A,골목상권,3110885,영락고등학교,339,213,126,0,37,58,94,88,62,0,18,33,61,56,45,0,19,25,33,32,17
20233,A,골목상권,3110858,신대방역 1번,66,33,33,0,5,9,17,7,28,0,0,1,6,2,24,0,5,8,11,5,4
20233,A,골목상권,3110872,신림초등학교,279,196,83,3,54,68,69,54,31,3,36,54,54,42,7,0,18,14,15,12,24
20233,A,골목상권,3110855,신대방역 2번,429,275,154,2,53,111,126,90,47,0,22,81,83,55,34,2,31,30,43,35,13
20233,A,골목상권,3110947,청계산입구역 2번(내곡동주민센터),112,45,67,0,18,17,27,18,32,0,8,9,14,7,7,0,10,8,13,11,25
20233,A,골목상권,3110913,방현초등학교(방배119안전센터),3293,2109,1184,7,571,1263,876,376,200,4,272,822,625,237,149,3,299,441,251,139,51
20233,A,골목상권,3110934,우면주공아파트,994,674,320,6,197,291,253,161,86,5,83,217,195,110,64,1,114,74,58,51,22
20233,A,골목상권,3110937,방아다리근린공원(횃불트리니티신학대학원대학교),2465,1270,1195,7,634,861,542,318,103,6,246,507,335,113,63,1,388,354,207,205,40
20233,A,골목상권,3110955,논현초등학교,3430,2238,1192,19,719,823,793,625,451,13,417,568,554,389,297,6,302,255,239,236,154
20233,A,골목상권,3110992,도곡초등학교,2179,1144,1035,3,269,440,484,524,459,1,108,253,258,260,264,2,161,187,226,264,195
20233,A,골목상권,3110991,삼성중앙역 5번,1246,794,452,1,111,415,339,275,105,1,28,243,229,216,77,0,83,172,110,59,28
20233,A,골목상권,3111000,대왕초등학교(세곡동사거리서남측),39,20,19,0,7,10,12,8,2,0,0,4,10,4,2,0,7,6,2,4,0
20233,A,골목상권,3110999,윗방죽마을공원,268,130,138,2,19,43,44,83,77,1,12,27,27,39,24,1,7,16,17,44,53
20233,A,골목상권,3110963,역삼월드메르디앙아파트,779,545,234,1,126,183,226,154,89,0,79,144,171,97,54,1,47,39,55,57,35
20233,A,골목상권,3110967,역삼역 8번,377,228,149,0,63,92,89,92,41,0,31,51,60,56,30,0,32,41,29,36,11
20233,A,골목상권,3110972,강남세브란스병원미래의학연구센터,2628,1440,1188,17,539,669,692,581,130,4,240,428,438,258,72,13,299,241,254,323,58
20233,A,골목상권,3110969,베르사이유1아파트,1546,1230,316,4,231,442,483,285,101,2,165,345,402,239,77,2,66,97,81,46,24
20233,A,골목상권,3110990,청담역 12번,262,109,153,2,61,92,56,36,15,0,12,32,29,23,13,2,49,60,27,13,2
20233,A,골목상권,3110985,청담근린공원,1338,948,390,0,193,447,374,226,98,0,98,346,275,157,72,0,95,101,99,69,26
20233,A,골목상권,3111021,방이역 4번,7683,5874,1809,22,793,1329,1979,2137,1423,15,391,912,1552,1769,1235,7,402,417,427,368,188
20233,A,골목상권,3111008,석촌고분역 3번,1551,1177,374,1,182,286,280,382,420,1,148,237,208,248,335,0,34,49,72,134,85
20233,A,골목상권,3111015,석촌역 3번,1352,778,574,1,151,315,350,351,184,1,72,199,216,181,109,0,79,116,134,170,75
20233,A,골목상권,3111016,송파역 2번,3803,1601,2202,15,1126,1104,801,601,156,8,407,533,427,165,61,7,719,571,374,436,95
20233,A,골목상권,3111038,보인중학교,416,270,146,0,26,66,113,123,88,0,11,38,85,88,48,0,15,28,28,35,40
20233,A,골목상권,3111011,잠실나루역,9608,7747,1861,42,1275,3018,2795,2046,432,18,924,2492,2309,1674,330,24,351,526,486,372,102
20233,A,골목상권,3111003,삼전역 4번,1996,1337,659,6,249,412,549,437,343,1,160,278,332,308,258,5,89,134,217,129,85
20233,A,골목상권,3111088,고덕동성당,123,54,69,0,15,32,32,31,13,0,4,15,10,15,10,0,11,17,22,16,3
20233,A,골목상권,3111071,천동초등학교,76,52,24,0,4,15,21,25,11,0,4,6,18,16,8,0,0,9,3,9,3
20233,A,골목상권,3111079,둔촌고등학교(둔촌중학교),377,197,180,1,43,58,60,76,139,1,28,34,33,28,73,0,15,24,27,48,66
20233,A,골목상권,3111050,강동구청(강동구청역 2번),131,96,35,0,21,14,21,32,43,0,12,5,12,27,40,0,9,9,9,5,3
20233,A,골목상권,3111062,둔촌동역 3번(성내3동주민센터),751,501,250,5,134,198,194,144,76,5,81,139,126,91,59,0,53,59,68,53,17
20233,A,골목상권,3111066,암사동성당(효정하나플러스아파트),417,255,162,3,46,103,101,113,51,0,14,53,66,91,31,3,32,50,35,22,20
20233,A,골목상권,3111052,암사역 3번(천호동자전거거리),357,228,129,1,26,71,117,94,48,1,11,47,76,58,35,0,15,24,41,36,13
20233,A,골목상권,3111069,천호1동주민센터,79,54,25,0,8,17,17,26,11,0,4,12,14,14,10,0,4,5,3,12,1
20233,A,골목상권,3111048,천호역 1번(천호문구완구거리),183,101,82,3,18,52,44,42,24,2,10,24,26,23,16,1,8,28,18,19,8
20233,A,골목상권,3110003,세검정초등학교,607,337,270,7,78,120,167,167,68,6,35,45,103,96,52,1,43,75,64,71,16
20233,A,골목상권,3110032,수족관거리,30,15,15,0,3,5,4,13,5,0,2,1,2,7,3,0,1,4,2,6,2
20233,A,골목상권,3110049,장충단 고개,2303,1240,1063,4,566,582,448,431,272,2,174,314,281,257,212,2,392,268,167,174,60
20233,A,골목상권,3110041,남산케이블카,967,435,532,2,118,152,175,254,266,2,51,69,83,87,143,0,67,83,92,167,123
20233,A,골목상권,3110054,청구역 3번,1542,854,688,3,259,378,315,340,247,1,90,204,220,215,124,2,169,174,95,125,123
20233,A,골목상권,3110080,해방촌예술마을,311,168,143,0,53,71,88,58,41,0,18,40,52,31,27,0,35,31,36,27,14
20233,A,골목상권,3110065,남정초등학교,137,92,45,0,17,45,48,17,10,0,9,37,31,10,5,0,8,8,17,7,5
20233,A,골목상권,3110579,마포역 4번,750,563,187,2,54,162,247,219,66,1,37,124,188,165,48,1,17,38,59,54,18
20233,A,골목상권,3110123,마장역 3번,511,382,129,0,42,56,91,185,137,0,21,36,63,141,121,0,21,20,28,44,16
20233,A,골목상권,3110121,한양대역 4번,45,30,15,0,3,10,8,11,13,0,2,5,5,7,11,0,1,5,3,4,2
20233,A,골목상권,3110127,성수1가1동주민센터,290,157,133,0,31,55,56,100,48,0,11,40,31,47,28,0,20,15,25,53,20
20233,A,골목상권,3110114,왕십리파출소,33,19,14,0,3,2,8,14,6,0,1,1,4,8,5,0,2,1,4,6,1
20233,A,골목상권,3110174,아차산역 1번,432,305,127,1,49,80,115,104,83,1,25,57,76,69,77,0,24,23,39,35,6
20233,A,골목상권,3110140,건대입구역 6번,429,268,161,6,37,67,113,120,86,5,17,34,65,83,64,1,20,33,48,37,22
20233,A,골목상권,3110152,중곡어린이공원,340,300,40,0,17,29,64,121,109,0,10,21,55,109,105,0,7,8,9,12,4
20233,A,골목상권,3110161,중곡역 3번,236,135,101,3,11,33,58,65,66,0,2,16,37,40,40,3,9,17,21,25,26
20233,A,골목상권,3110141,건대입구역 1번,213,138,75,1,23,49,67,48,25,1,11,27,51,32,16,0,12,22,16,16,9
20233,A,골목상권,3110144,어린이대공원역 4번,104,49,55,0,35,17,21,19,12,0,9,10,11,10,9,0,26,7,10,9,3
20233,A,골목상권,3110209,답십리 장령당공원,83,52,31,0,3,11,28,19,22,0,1,5,16,15,15,0,2,6,12,4,7
20233,A,골목상권,3110186,종암초등학교,114,86,28,0,9,21,16,34,34,0,3,18,10,26,29,0,6,3,6,8,5
20233,A,골목상권,3110221,의릉,95,69,26,0,10,12,36,29,8,0,6,10,24,22,7,0,4,2,12,7,1
20233,A,골목상권,3110202,전농1동주민센터(전농시장),111,68,43,0,14,35,31,20,11,0,9,19,21,14,5,0,5,16,10,6,6
20233,A,골목상권,3110206,텃골근린공원,92,37,55,0,8,14,25,24,21,0,4,7,8,8,10,0,4,7,17,16,11
20233,A,골목상권,3110199,홍릉시장,65,41,24,0,11,15,18,14,7,0,8,8,10,9,6,0,3,7,8,5,1
20233,A,골목상권,3110219,삼육보건대학교,251,146,105,0,18,42,70,81,40,0,11,20,32,52,31,0,7,22,38,29,9
20233,A,골목상권,3110268,망우3동주민센터,60,30,30,0,10,13,10,18,9,0,1,5,7,10,7,0,9,8,3,8,2
20233,A,골목상권,3110237,메가박스 상봉,274,152,122,0,30,67,97,54,26,0,13,37,48,36,18,0,17,30,49,18,8
20233,A,골목상권,3110258,면동초등학교,260,99,161,0,32,49,79,66,34,0,1,20,28,34,16,0,31,29,51,32,18
20233,A,골목상권,3110254,오거리공원,259,90,169,1,19,75,79,53,32,0,6,15,35,22,12,1,13,60,44,31,20
20233,A,골목상권,3110264,면목역 2번,358,170,188,1,52,75,93,80,57,0,21,40,40,37,32,1,31,35,53,43,25
20233,A,골목상권,3110248,먹골파출소,85,47,38,1,19,23,20,12,10,0,7,14,12,4,10,1,12,9,8,8,0
20233,A,골목상권,3110279,신내역 2번,9,8,1,0,0,1,4,4,0,0,0,1,3,4,0,0,0,0,1,0,0
20233,A,골목상권,3110245,KB국민은행 중화동지점,156,81,75,0,8,36,52,40,20,0,5,16,26,19,15,0,3,20,26,21,5
20233,A,골목상권,3110308,길음역 8번,174,85,89,0,17,36,56,41,24,0,8,17,26,20,14,0,9,19,30,21,10
20233,A,골목상권,3110300,삼선동주민센터,2735,1587,1148,3,248,710,769,844,161,2,97,300,444,629,115,1,151,410,325,215,46
20233,A,골목상권,3110301,성신여대입구역 7번,484,209,275,1,73,84,96,134,96,0,31,37,39,62,40,1,42,47,57,72,56
20233,A,골목상권,3110328,상월곡역 3번,235,157,78,1,38,75,62,37,22,1,26,58,33,24,15,0,12,17,29,13,7
20233,A,골목상권,3110323,상월곡역 1번,109,30,79,2,25,24,28,18,12,0,4,5,11,5,5,2,21,19,17,13,7
20233,A,골목상권,3110325,장곡초등학교,57,18,39,0,0,14,20,17,6,0,0,3,7,4,4,0,0,11,13,13,2
20233,A,골목상권,3110329,우리은행체육관,34,27,7,1,1,5,6,14,7,1,0,5,5,10,6,0,1,0,1,4,1
20233,A,골목상권,3110418,광운대학교 남단,100,45,55,0,11,17,23,26,23,0,5,5,13,16,6,0,6,12,10,10,17
20233,A,골목상권,3110292,정릉역 2번,33,14,19,0,1,5,16,6,5,0,1,3,5,3,2,0,0,2,11,3,3
20233,A,골목상권,3110289,북한산보국문역 2번,144,105,39,0,9,28,49,32,26,0,6,23,30,24,22,0,3,5,19,8,4
20233,A,골목상권,3110320,KB국민은행 종암동지점,79,51,28,0,2,11,27,24,15,0,1,5,15,17,13,0,1,6,12,7,2
20233,A,골목상권,3110369,성신여대운정그린캠퍼스,518,214,304,1,49,46,131,131,160,1,10,16,44,53,90,0,39,30,87,78,70
20233,A,골목상권,3110376,수송초등학교,224,142,82,0,26,47,62,60,29,0,12,29,38,41,22,0,14,18,24,19,7
20233,A,골목상권,3110362,우이천 계성교,205,110,95,1,24,34,61,63,22,0,11,19,28,35,17,1,13,15,33,28,5
20233,A,골목상권,3110356,덕수교,228,114,114,0,13,34,55,60,66,0,4,17,22,30,41,0,9,17,33,30,25
20233,A,골목상권,3110343,무너미어린이공원,100,74,26,0,7,21,28,32,12,0,4,14,22,25,9,0,3,7,6,7,3
20233,A,골목상권,3110351,수유북부시장옆,214,93,121,0,27,45,51,59,32,0,9,17,20,25,22,0,18,28,31,34,10
20233,A,골목상권,3110413,누원고등학교,54,33,21,0,8,11,12,11,12,0,5,8,5,5,10,0,3,3,7,6,2
20233,A,골목상권,3110382,솔밭공원역 1번,32,25,7,0,1,9,8,7,7,0,0,5,6,7,7,0,1,4,2,0,0
20233,A,골목상권,3110422,노원역 9번,277,221,56,0,27,70,94,54,32,0,24,59,79,37,22,0,3,11,15,17,10
20233,A,골목상권,3110417,월계역 3번,19,10,9,0,10,6,0,3,0,0,3,5,0,2,0,0,7,1,0,1,0
20233,A,골목상권,3110430,중계초등학교,275,100,175,0,18,28,58,96,75,0,8,7,19,25,41,0,10,21,39,71,34
20233,A,골목상권,3110441,영신여고,138,72,66,0,12,28,33,41,24,0,7,20,15,21,9,0,5,8,18,20,15
20233,A,골목상권,3110427,노원 을지대학교병원,363,281,82,0,27,27,62,126,121,0,12,14,31,109,115,0,15,13,31,17,6
20233,A,골목상권,3110477,은평세무서,434,205,229,0,43,62,106,141,82,0,15,23,49,71,47,0,28,39,57,70,35
20233,A,골목상권,3110476,역촌역 2번,56,26,30,0,2,8,22,17,7,0,1,3,9,7,6,0,1,5,13,10,1
20233,A,골목상권,3110499,연가초등학교,263,119,144,0,42,42,74,65,40,0,8,20,31,35,25,0,34,22,43,30,15
20233,A,골목상권,3110503,명지대학교교회,230,123,107,0,27,52,59,64,28,0,9,30,26,36,22,0,18,22,33,28,6
20233,A,골목상권,3110533,충정로역 7번,22,11,11,0,5,5,3,5,4,0,0,2,2,4,3,0,5,3,1,1,1
20233,A,골목상권,3110537,충정로현대아파트,1514,848,666,1,362,525,328,177,121,0,150,263,215,134,86,1,212,262,113,43,35
20233,A,골목상권,3110522,홍제역 3번,46,12,34,0,14,7,12,6,7,0,2,2,2,2,4,0,12,5,10,4,3
20233,A,골목상권,3110541,동교초등학교,377,221,156,0,43,59,101,96,78,0,23,37,63,50,48,0,20,22,38,46,30
20233,A,골목상권,3110555,홍익지구대,284,147,137,1,49,53,55,37,89,0,14,28,31,16,58,1,35,25,24,21,31
20233,A,골목상권,3110558,경성고등학교,2362,1593,769,11,308,568,571,513,391,10,153,351,408,384,287,1,155,217,163,129,104
20233,A,골목상권,3110571,신수동주민센터,635,358,277,5,109,159,187,126,49,5,57,88,98,74,36,0,52,71,89,52,13
20233,A,골목상권,3110628,신목동역,469,307,162,0,52,85,114,113,105,0,28,56,79,85,59,0,24,29,35,28,46
20233,A,골목상권,3110627,신정롯데캐슬아파트,548,318,230,24,129,136,102,93,64,13,69,81,62,49,44,11,60,55,40,44,20
20233,A,골목상권,3110612,신정역 5번,644,303,341,1,85,88,143,197,130,0,44,62,74,70,53,1,41,26,69,127,77
20233,A,골목상권,3110629,송정역 4번,190,107,83,0,26,52,54,35,23,0,9,34,28,24,12,0,17,18,26,11,11
20233,A,골목상권,3110679,염창역 2번,574,404,170,3,89,206,152,80,44,2,49,148,111,58,36,1,40,58,41,22,8
20233,A,골목상권,3110649,우장산역 1번,358,191,167,0,41,91,82,93,51,0,12,49,38,59,33,0,29,42,44,34,18
20233,A,골목상권,3110670,신곡초등학교,489,320,169,6,79,118,121,90,75,3,45,77,71,59,65,3,34,41,50,31,10
20233,A,골목상권,3110666,KC대학교,176,60,116,0,19,35,52,57,13,0,10,10,20,13,7,0,9,25,32,44,6
20233,A,골목상권,3110669,화곡보람2차아파트,13,3,10,0,0,2,4,2,5,0,0,1,2,0,0,0,0,1,2,2,5
20233,A,골목상권,3110700,고척초등학교,3249,2648,601,3,209,680,974,1176,207,2,119,533,803,1021,170,1,90,147,171,155,37
20233,A,골목상권,3110689,오류동역 3번,287,200,87,3,44,47,56,75,62,3,25,32,41,52,47,0,19,15,15,23,15
20233,A,골목상권,3110690,오류2동버들시장,577,275,302,1,101,192,133,94,56,0,39,104,64,36,32,1,62,88,69,58,24
20233,A,골목상권,3110725,가산동주민센터,85,59,26,0,6,20,22,20,17,0,3,15,16,12,13,0,3,5,6,8,4
20233,A,골목상권,3110735,말미고개,520,330,190,0,64,115,140,140,61,0,31,79,94,79,47,0,33,36,46,61,14
20233,A,골목상권,3110736,독산119안전센터,461,199,262,0,46,55,76,118,166,0,21,32,35,42,69,0,25,23,41,76,97
20233,A,골목상권,3110746,금천금빛공원(은행나무사거리서측),76,53,23,0,5,11,23,22,15,0,3,9,13,16,12,0,2,2,10,6,3
20233,A,골목상권,3110766,대림역 5번,360,205,155,0,30,82,85,99,64,0,15,54,42,56,38,0,15,28,43,43,26
20233,A,골목상권,3110777,구로세무서,282,210,72,0,36,41,47,83,75,0,13,30,32,66,69,0,23,11,15,17,6
20233,A,골목상권,3110788,영등포시장역 3번,28,22,6,0,4,5,7,9,3,0,3,5,6,6,2,0,1,0,1,3,1
20233,A,골목상권,3110783,영등포시장역 1번,292,154,138,1,26,37,35,67,126,1,19,27,16,33,58,0,7,10,19,34,68
20233,A,골목상권,3110799,영등포본동주민센터,119,86,33,5,21,16,11,22,44,3,12,10,6,15,40,2,9,6,5,7,4
20233,A,골목상권,3110821,보라매역 2번,599,356,243,0,73,109,142,137,138,0,34,65,80,89,88,0,39,44,62,48,50
20233,A,골목상권,3110836,상도역 5번,3057,1846,1211,9,550,798,701,647,352,2,238,486,453,447,220,7,312,312,248,200,132
20233,A,골목상권,3110840,중앙대학교,175,99,76,0,24,25,57,45,24,0,12,13,37,22,15,0,12,12,20,23,9
20233,A,골목상권,3110878,미림여고,368,218,150,3,43,114,101,78,29,0,19,63,68,43,25,3,24,51,33,35,4
20233,A,골목상권,3110861,관악구신사동주민센터,1168,598,570,1,215,376,261,204,111,1,71,194,161,101,70,0,144,182,100,103,41
20233,A,골목상권,3110893,관악소방서(문영여고),353,303,50,0,39,110,66,113,25,0,29,96,57,99,22,0,10,14,9,14,3
20233,A,골목상권,3110890,봉천역 1번(관악초등학교),249,148,101,1,17,43,92,67,29,0,4,22,58,43,21,1,13,21,34,24,8
20233,A,골목상권,3110936,더케이호텔(양재리본타워2단지아파트),832,552,280,3,109,260,215,175,70,0,53,154,159,131,55,3,56,106,56,44,15
20233,A,골목상권,3110940,양재근린공원(양재2동주민센터),956,699,257,8,168,323,238,137,82,8,109,243,178,97,64,0,59,80,60,40,18
20233,A,골목상권,3110993,개포지하차도 북측,70,53,17,0,3,9,19,23,16,0,2,7,16,18,10,0,1,2,3,5,6
20233,A,골목상권,3110983,국립국악고등학교,783,534,249,6,126,212,125,145,169,2,44,137,94,111,146,4,82,75,31,34,23
20233,A,골목상권,3110950,논현역 7번,2981,1929,1052,1,829,1305,518,230,98,0,418,886,383,173,69,1,411,419,135,57,29
20233,A,골목상권,3110960,은광여고,1601,749,852,5,219,282,389,522,184,4,60,131,203,227,124,1,159,151,186,295,60
20233,A,골목상권,3110964,싸리고개근린공원,217,124,93,0,29,60,59,34,35,0,8,32,36,23,25,0,21,28,23,11,10
20233,A,골목상권,3110995,봉은사역 4번,5085,3711,1374,9,978,2002,1271,637,188,2,575,1477,990,523,144,7,403,525,281,114,44
20233,A,골목상권,3110998,은곡마을(은곡마을공원),17,11,6,0,2,6,4,3,2,0,0,4,3,3,1,0,2,2,1,0,1
20233,A,골목상권,3111001,아래방죽마을공원(율현초등학교),58,43,15,0,2,9,14,18,15,0,1,7,12,13,10,0,1,2,2,5,5
20233,A,골목상권,3110949,한남IC,1683,1193,490,5,288,565,435,305,85,2,112,398,347,261,73,3,176,167,88,44,12
20233,A,골목상권,3110959,신구중학교,271,140,131,0,14,66,82,79,30,0,7,36,49,29,19,0,7,30,33,50,11
20233,A,골목상권,3110962,도산공원북측,53,27,26,0,20,11,10,8,4,0,11,7,6,3,0,0,9,4,4,5,4
20233,A,골목상권,3110954,국기원,636,445,191,0,89,142,187,94,124,0,35,97,161,74,78,0,54,45,26,20,46
20233,A,골목상권,3110997,대청초등학교,1724,959,765,4,230,291,391,383,425,2,111,162,200,210,274,2,119,129,191,173,151
20233,A,골목상권,3110979,청담초등학교,3004,1918,1086,4,525,926,768,568,213,4,230,632,535,343,174,0,295,294,233,225,39
20233,A,골목상권,3111027,문정초등학교,1393,771,622,3,146,285,323,246,390,1,67,159,209,125,210,2,79,126,114,121,180
20233,A,골목상권,3111020,방이동고분군(방산고등학교),304,225,79,1,20,103,84,54,42,0,7,73,64,48,33,1,13,30,20,6,9
20233,A,골목상권,3111005,삼전역 3번,1865,1358,507,0,320,617,459,302,167,0,215,449,339,222,133,0,105,168,120,80,34
20233,A,골목상권,3111037,Sh수협은행 오금동금융센터(아랫말어린이공원),373,243,130,0,37,103,90,93,50,0,25,84,60,43,31,0,12,19,30,50,19
20233,A,골목상권,3111032,방이역 1번,3878,2552,1326,4,235,340,599,718,1982,3,139,237,411,469,1293,1,96,103,188,249,689
20233,A,골목상권,3111081,둔촌푸르지오아파트,78,50,28,0,8,17,18,18,17,0,4,12,13,6,15,0,4,5,5,12,2
20233,A,골목상권,3111089,상일여고(상일초등학교),750,505,245,0,50,131,180,233,156,0,31,81,127,154,112,0,19,50,53,79,44
20233,A,골목상권,3111059,강동역 4번(강풀만화거리),774,420,354,3,87,144,177,164,199,1,47,73,92,91,116,2,40,71,85,73,83
20233,A,골목상권,3111067,강동구립성내도서관,746,414,332,2,73,149,192,177,153,1,36,98,107,84,88,1,37,51,85,93,65
20233,A,골목상권,3110005,세검정,1057,542,515,6,132,305,306,202,106,2,40,143,167,124,66,4,92,162,139,78,40
20233,A,골목상권,3110008,배화여자대학교(박노수미술관),507,350,157,1,50,79,121,161,95,0,15,45,93,121,76,1,35,34,28,40,19
20233,A,골목상권,3110035,동묘앞역 2번,276,161,115,2,18,43,75,88,50,0,5,18,42,65,31,2,13,25,33,23,19
20233,A,골목상권,3110027,혜화역 1번,598,358,240,1,67,108,127,97,198,0,25,70,64,54,145,1,42,38,63,43,53
20233,A,골목상권,3110030,동대문역 3번,7,3,4,0,2,2,2,1,0,0,0,2,1,0,0,0,2,0,1,1,0
20233,A,골목상권,3110015,청와대사랑채,578,345,233,0,64,147,166,126,75,0,16,63,110,91,65,0,48,84,56,35,10
20233,A,골목상권,3110011,청운초등학교,263,188,75,0,21,105,79,43,15,0,21,95,44,16,12,0,0,10,35,27,3
20233,A,골목상권,3110024,혜회동주민센터,928,263,665,0,135,264,294,184,51,0,17,64,90,55,37,0,118,200,204,129,14
20233,A,골목상권,3110045,동대문역사문화공원역 5번,234,174,60,0,24,54,64,55,37,0,11,38,46,47,32,0,13,16,18,8,5
20233,A,골목상권,3110043,충무초등학교,1202,670,532,12,212,307,331,223,117,7,97,155,169,152,90,5,115,152,162,71,27
20233,A,골목상권,3110057,황학코아루아파트,64,44,20,0,8,13,20,10,13,0,4,6,17,8,9,0,4,7,3,2,4
20233,A,골목상권,3110055,황학동벼룩시장,29,19,10,0,1,4,6,11,7,0,1,3,5,6,4,0,0,1,1,5,3
20233,A,골목상권,3110078,이촌동점보아파트,69,29,40,0,12,15,17,13,12,0,3,8,7,5,6,0,9,7,10,8,6
20233,A,골목상권,3110082,용산구청,1618,809,809,5,175,461,427,442,108,4,53,155,206,304,87,1,122,306,221,138,21
20233,A,골목상권,3110073,삼각지역 3번,7975,2387,5588,56,2508,2886,1913,505,107,25,861,919,424,119,39,31,1647,1967,1489,386,68
20233,A,골목상권,3110076,삼각지역 14번,537,175,362,0,46,143,158,153,37,0,11,49,61,45,9,0,35,94,97,108,28
20233,A,골목상권,3110099,유엔빌리지길,12646,10311,2335,33,1746,2596,3298,4558,415,25,904,1899,2859,4264,360,8,842,697,439,294,55
20233,A,골목상권,3110588,한겨레신문사,169,92,77,0,34,44,41,33,17,0,14,22,20,21,15,0,20,22,21,12,2
20233,A,골목상권,3110107,금호사거리,37,30,7,0,4,8,4,11,10,0,3,5,4,9,9,0,1,3,0,2,1
20233,A,골목상권,3110117,성동구보건소,103,73,30,1,14,27,19,33,9,1,10,20,11,25,6,0,4,7,8,8,3
20233,A,골목상권,3110113,응봉산,77,43,34,0,14,15,14,16,18,0,4,11,7,6,15,0,10,4,7,10,3
20233,A,골목상권,3110112,행당역 2번,207,101,106,0,37,37,38,53,42,0,14,19,16,26,26,0,23,18,22,27,16
20233,A,골목상권,3110169,성동초등학교,253,139,114,1,28,41,73,68,42,0,15,21,36,39,28,1,13,20,37,29,14
20233,A,골목상권,3110156,군자역 5번,621,363,258,0,96,181,173,112,59,0,41,114,101,67,40,0,55,67,72,45,19
20233,A,골목상권,3110157,자양동우체국,1097,891,206,10,352,279,244,141,71,7,300,237,180,106,61,3,52,42,64,35,10
20233,A,골목상권,3110163,성자초등학교,284,143,141,0,39,46,67,77,55,0,14,27,32,31,39,0,25,19,35,46,16
20233,A,골목상권,3110168,대원고등학교,524,374,150,0,64,95,121,160,84,0,36,69,87,110,72,0,28,26,34,50,12
20233,A,골목상권,3110212,답십리초등학교,204,144,60,0,26,37,42,67,32,0,18,26,27,50,23,0,8,11,15,17,9
20233,A,골목상권,3110187,제기동역 6번,3124,2222,902,15,559,867,746,552,385,7,387,605,531,394,298,8,172,262,215,158,87
20233,A,골목상권,3110229,장평중학교,1332,862,470,0,145,164,190,318,515,0,81,103,125,211,342,0,64,61,65,107,173
20233,A,골목상권,3110231,장안교,11,8,3,0,0,1,4,5,1,0,0,1,3,4,0,0,0,0,1,1,1
20233,A,골목상권,3110194,홍파초등학교,112,85,27,0,6,32,24,36,14,0,4,20,20,31,10,0,2,12,4,5,4
20233,A,골목상권,3110203,떡전교사거리,99,63,36,1,9,15,32,29,13,1,0,7,26,20,9,0,9,8,6,9,4
20233,A,골목상권,3110278,망우본동주민센터,276,166,110,1,32,46,77,81,39,0,10,25,43,56,32,1,22,21,34,25,7
20233,A,골목상권,3110246,월드순복음교회,431,312,119,0,27,97,158,95,54,0,12,69,122,65,44,0,15,28,36,30,10
20233,A,골목상권,3110261,사가정역 4번,167,90,77,1,16,29,49,50,22,1,8,15,25,26,15,0,8,14,24,24,7
20233,A,골목상권,3110242,면목5동주민센터,164,112,52,0,21,28,56,30,29,0,12,23,31,22,24,0,9,5,25,8,5
20233,A,골목상권,3110241,먹골역 5번,415,213,202,0,61,87,97,117,53,0,17,49,46,63,38,0,44,38,51,54,15
20233,A,골목상권,3110233,중랑역 1번,142,46,96,1,23,27,50,35,6,1,6,7,16,11,5,0,17,20,34,24,1
20233,A,골목상권,3110281,길상사,13818,12089,1729,12,1418,3093,4061,4964,270,1,960,2426,3678,4823,201,11,458,667,383,141,69
20233,A,골목상권,3110309,대광초등학교,376,266,110,0,38,63,108,103,64,0,19,44,71,78,54,0,19,19,37,25,10
20233,A,골목상권,3110318,KT월곡지사,148,78,70,0,21,29,45,36,17,0,10,19,22,14,13,0,11,10,23,22,4
20233,A,골목상권,3110379,KT&G 북부지사,12,3,9,1,1,1,3,3,3,0,0,0,1,1,1,1,1,1,2,2,2
20233,A,골목상권,3110373,수유역 2번,891,705,186,0,129,255,172,236,99,0,90,208,134,205,68,0,39,47,38,31,31
20233,A,골목상권,3110377,미아사거리역 3번,21,14,7,0,2,2,2,9,6,0,2,2,1,4,5,0,0,0,1,5,1
20233,A,골목상권,3110345,솔밭공원역 2번,114,47,67,1,14,18,26,37,18,0,3,6,8,17,13,1,11,12,18,20,5
20233,A,골목상권,3110342,국립재활원,60,45,15,0,5,11,20,15,9,0,3,8,14,13,7,0,2,3,6,2,2
20233,A,골목상권,3110348,강북문화예술회관,343,174,169,0,27,59,108,96,53,0,4,31,63,43,33,0,23,28,45,53,20
20233,A,골목상권,3110338,인수초등학교,263,192,71,0,34,67,61,63,38,0,18,49,44,48,33,0,16,18,17,15,5
20233,A,골목상권,3110402,도봉구 정병원,471,221,250,1,85,98,98,106,83,0,24,38,54,59,46,1,61,60,44,47,37
20233,A,골목상권,3110383,덕성여대시반거리,33,21,12,0,0,3,13,10,7,0,0,2,9,5,5,0,0,1,4,5,2
20233,A,골목상권,3110392,발바닥공원,43,17,26,0,2,8,7,10,16,0,0,0,3,3,11,0,2,8,4,7,5
20233,A,골목상권,3110416,노원초등학교,468,244,224,4,61,110,118,126,49,2,24,73,58,58,29,2,37,37,60,68,20
20233,A,골목상권,3110428,상계5동주민센터,491,217,274,1,43,52,106,158,131,0,14,25,45,70,63,1,29,27,61,88,68
20233,A,골목상권,3110464,연신내역 5번,301,170,131,4,32,53,93,85,34,4,18,28,44,49,27,0,14,25,49,36,7
20233,A,골목상권,3110457,예일여고,482,283,199,1,60,88,88,132,113,0,27,46,47,71,92,1,33,42,41,61,21
20233,A,골목상권,3110485,연신내우체국,1259,678,581,0,7,24,35,160,1033,0,4,5,15,70,584,0,3,19,20,90,449
20233,A,골목상권,3110488,우리은행응암동지점,174,104,70,1,14,24,41,38,56,0,8,16,19,15,46,1,6,8,22,23,10
20233,A,골목상권,3110449,증산역 3번,709,410,299,0,104,160,182,147,116,0,47,98,96,84,85,0,57,62,86,63,31
20233,A,골목상권,3110523,홍제성원아파트,21,9,12,0,0,4,5,7,5,0,0,0,2,5,2,0,0,4,3,2,3
20233,A,골목상권,3110586,서울서부지방법원,1855,953,902,2,423,499,464,293,174,1,233,283,196,130,110,1,190,216,268,163,64
20233,A,골목상권,3110540,망원나들목체육관,238,107,131,0,39,63,70,47,19,0,19,28,26,23,11,0,20,35,44,24,8
20233,A,골목상권,3110567,광흥창역 6번,91,61,30,0,16,26,27,12,10,0,8,20,13,11,9,0,8,6,14,1,1
20233,A,골목상권,3110565,홍익대,110,66,44,0,16,34,34,19,7,0,8,16,23,13,6,0,8,18,11,6,1
20233,A,골목상권,3110560,마포FM,292,140,152,0,26,64,87,77,38,0,10,26,40,36,28,0,16,38,47,41,10
20233,A,골목상권,3110549,새터산,357,165,192,1,57,79,100,64,56,1,24,39,47,22,32,0,33,40,53,42,24
20233,A,골목상권,3110581,염리초등학교,16,11,5,0,0,0,2,6,8,0,0,0,2,3,6,0,0,0,0,3,2
20233,A,골목상권,3110617,등촌역 4번,262,188,74,0,47,75,73,48,19,0,37,55,50,31,15,0,10,20,23,17,4
20233,A,골목상권,3110597,신월1동주민센터,517,302,215,0,30,68,111,150,158,0,14,36,54,84,114,0,16,32,57,66,44
20233,A,골목상권,3110615,신서초등학교,87,63,24,0,20,21,27,13,6,0,14,18,18,8,5,0,6,3,9,5,1
20233,A,골목상권,3110674,강서구청가양동별관,260,189,71,0,21,55,61,47,76,0,14,46,35,29,65,0,7,9,26,18,11
20233,A,골목상권,3110677,등촌역 1번,410,321,89,1,50,80,83,91,105,1,24,51,70,76,99,0,26,29,13,15,6
20233,A,골목상권,3110676,등촌역 7번,228,138,90,0,31,34,61,56,46,0,13,20,36,37,32,0,18,14,25,19,14
20233,A,골목상권,3110636,방화역 2번,152,76,76,1,25,49,41,21,15,0,9,26,27,4,10,1,16,23,14,17,5
20233,A,골목상권,3110631,방화초등학교,335,161,174,2,32,63,68,100,70,2,19,34,37,37,32,0,13,29,31,63,38
20233,A,골목상권,3110656,까치산역 3번,829,493,336,13,89,206,249,190,82,12,52,128,151,91,59,1,37,78,98,99,23
20233,A,골목상권,3110654,까치산역 4번,1027,687,340,2,68,149,252,380,176,1,38,81,139,281,147,1,30,68,113,99,29
20233,A,골목상권,3110665,곰달래도서관,469,285,184,0,36,92,123,138,80,0,25,60,79,74,47,0,11,32,44,64,33
20233,A,골목상권,3110662,까치산역 1번,1480,885,595,4,245,501,396,234,100,4,129,301,207,171,73,0,116,200,189,63,27
20233,A,골목상권,3110691,개봉중학교,395,205,190,0,37,65,119,115,59,0,20,38,49,52,46,0,17,27,70,63,13
20233,A,골목상권,3110705,고산초등학교,33,19,14,0,3,2,8,7,13,0,3,1,8,2,5,0,0,1,0,5,8
20233,A,골목상권,3110680,온수역 5번(온수산업단지),901,770,131,15,129,129,157,274,197,15,105,106,127,234,183,0,24,23,30,40,14
20233,A,골목상권,3110685,금강수목원아파트,56,39,17,0,10,12,12,11,11,0,7,10,5,7,10,0,3,2,7,4,1
20233,A,골목상권,3110732,가산초등학교(세일중학교),362,258,104,1,42,68,107,79,65,0,23,39,78,64,54,1,19,29,29,15,11
20233,A,골목상권,3110729,가산동우체국,151,112,39,0,19,30,40,39,23,0,14,19,30,30,19,0,5,11,10,9,4
20233,A,골목상권,3110723,가산디지털단지역 1번 출입구,286,247,39,0,6,10,37,130,103,0,6,5,26,113,97,0,0,5,11,17,6
20233,A,골목상권,3110742,KT금천빌딩(금천구시설관리공단),426,237,189,0,42,83,106,125,70,0,21,57,71,54,34,0,21,26,35,71,36
20233,A,골목상권,3110748,백산초등학교,102,64,38,0,6,19,21,26,30,0,2,9,11,22,20,0,4,10,10,4,10
20233,A,골목상권,3110749,금산초등학교(금천고등학교),418,255,163,0,51,99,100,118,50,0,26,61,51,81,36,0,25,38,49,37,14
20233,A,골목상권,3110750,시흥4동주민센터(서울신흥초등학교),397,221,176,4,78,83,80,104,48,4,47,62,43,33,32,0,31,21,37,71,16
20233,A,골목상권,3110763,영등포구청역 2번,480,353,127,2,84,147,107,84,56,0,53,100,79,72,49,2,31,47,28,12,7
20233,A,골목상권,3110786,당산역 8번,271,179,92,2,20,41,60,51,97,2,8,21,42,38,68,0,12,20,18,13,29
20233,A,골목상권,3110817,대방역 4번,26,19,7,0,2,6,6,6,6,0,0,4,4,6,5,0,2,2,2,0,1
20233,A,골목상권,3110757,양평역 2번,1501,1114,387,1,111,230,356,424,379,0,51,176,286,314,287,1,60,54,70,110,92
20233,A,골목상권,3110762,선유도역 1번,3139,2286,853,6,392,669,739,809,524,4,217,459,529,629,448,2,175,210,210,180,76
20233,A,골목상권,3110807,신길역 3번,102,70,32,0,6,16,23,27,30,0,4,8,18,19,21,0,2,8,5,8,9
20233,A,골목상권,3110803,신길2동우편취급국,312,224,88,0,17,27,58,67,143,0,6,14,33,43,128,0,11,13,25,24,15
20233,A,골목상권,3110847,예술인마을,443,216,227,3,52,135,137,77,39,3,13,60,74,37,29,0,39,75,63,40,10
20233,A,골목상권,3110843,사당5동주민센터,181,135,46,1,22,25,55,52,26,0,16,17,34,44,24,1,6,8,21,8,2
20233,A,골목상권,3110835,상도역 1번,296,170,126,0,81,95,59,38,23,0,32,61,37,19,21,0,49,34,22,19,2
20233,A,골목상권,3110830,상도초등학교,281,152,129,0,22,61,73,85,40,0,7,29,36,54,26,0,15,32,37,31,14
20233,A,골목상권,3110863,난우초등학교,319,179,140,6,40,61,63,79,70,5,23,30,38,36,47,1,17,31,25,43,23
20233,A,골목상권,3110867,국제신학대학원대학교(남서울중학교),202,117,85,0,8,34,39,53,68,0,2,15,21,32,47,0,6,19,18,21,21
20233,A,골목상권,3110882,신성초등학교,733,444,289,1,95,131,215,168,123,0,52,67,122,109,94,1,43,64,93,59,29
20233,A,골목상권,3110864,신림우방아파트,236,161,75,0,31,48,53,60,44,0,21,31,37,43,29,0,10,17,16,17,15
20233,A,골목상권,3110871,신원동주민센터,64,32,32,1,6,13,19,12,13,0,4,6,8,7,7,1,2,7,11,5,6
20233,A,골목상권,3110854,조원동주민센터,55,39,16,0,4,5,17,21,8,0,3,5,9,15,7,0,1,0,8,6,1
20233,A,골목상권,3110898,청림동주민센터(상도중학교),66,27,39,0,16,14,14,16,6,0,5,3,8,7,4,0,11,11,6,9,2
20233,A,골목상권,3110917,서초소방서,1505,939,566,6,157,432,402,355,153,2,72,281,295,181,108,4,85,151,107,174,45
20233,A,골목상권,3110918,방배역 3번,682,438,244,3,98,127,164,142,148,2,59,85,108,86,98,1,39,42,56,56,50
20233,A,골목상권,3110903,방배아이파크아파트,7222,2653,4569,7,1242,1778,2487,1322,386,1,333,597,951,599,172,6,909,1181,1536,723,214
20233,A,골목상권,3110915,서래초등학교,3011,2335,676,14,441,940,1066,421,129,11,286,683,868,373,114,3,155,257,198,48,15
20233,A,골목상권,3110926,신중초등학교,1610,1175,435,6,193,359,463,382,207,3,114,263,355,292,148,3,79,96,108,90,59
20233,A,골목상권,3110928,서초우방유쉘아파트,596,491,105,1,57,109,125,205,99,1,29,76,109,190,86,0,28,33,16,15,13
20233,A,골목상권,3110941,언남고등학교,261,158,103,0,33,46,89,58,35,0,14,26,51,40,27,0,19,20,38,18,8
20233,A,골목상권,3110927,잠원역,745,553,192,2,93,342,198,98,12,2,82,218,159,81,11,0,11,124,39,17,1
20233,A,골목상권,3110977,논현로18길,148,102,46,0,22,32,45,29,20,0,14,20,33,20,15,0,8,12,12,9,5
20233,A,골목상권,3110961,언주역 3번,962,673,289,5,172,286,248,140,111,3,97,184,187,112,90,2,75,102,61,28,21
20233,A,골목상권,3110970,학동초등학교,378,236,142,1,66,98,102,65,46,0,27,49,66,57,37,1,39,49,36,8,9
20233,A,골목상권,3110986,삼성중앙역 7번,90,59,31,0,9,18,36,19,8,0,3,6,29,15,6,0,6,12,7,4,2
20233,A,골목상권,3110958,역삼역 4번,997,760,237,1,96,197,300,298,105,1,46,133,254,241,85,0,50,64,46,57,20
20233,A,골목상권,3110956,언주역 8번,1199,758,441,4,361,471,199,87,77,2,158,307,163,70,58,2,203,164,36,17,19
20233,A,골목상권,3111025,경찰병원역 3번,686,412,274,1,84,164,149,157,131,0,45,102,103,88,74,1,39,62,46,69,57
20233,A,골목상권,3111029,오금역 4번,427,314,113,3,71,108,91,79,75,1,51,81,67,55,59,2,20,27,24,24,16
20233,A,골목상권,3111042,거여역 1번(거여공원),872,597,275,3,147,186,251,200,85,3,121,134,159,130,50,0,26,52,92,70,35
20233,A,골목상권,3111023,문정역 1번,939,576,363,2,133,202,263,204,135,0,86,139,184,100,67,2,47,63,79,104,68
20233,A,골목상권,3111006,석촌고분역 1번,1112,721,391,0,127,292,337,203,153,0,56,169,242,135,119,0,71,123,95,68,34
20233,A,골목상권,3111090,강일동주민센터,91,35,56,0,15,30,23,17,6,0,1,10,10,10,4,0,14,20,13,7,2
20233,A,골목상권,3111068,강동성심병원,1570,605,965,0,532,392,271,203,172,0,126,134,114,101,130,0,406,258,157,102,42
20233,A,골목상권,3111054,암사역 4번(삼성광나루아파트),104,42,62,0,14,18,19,12,41,0,4,12,7,5,14,0,10,6,12,7,27
20233,A,골목상권,3111065,천일초등학교,79,38,41,2,6,21,18,23,9,2,5,11,7,6,7,0,1,10,11,17,2
20233,A,골목상권,3111049,천호지구대(천호동자전거거리),507,277,230,2,75,90,96,118,126,0,36,50,40,68,83,2,39,40,56,50,43
20233,A,골목상권,3111060,암사역 2번(서울강동초등학교),872,458,414,1,101,211,241,202,116,1,41,97,131,107,81,0,60,114,110,95,35
20233,A,골목상권,3110007,사직공원(한국사회과학도서관),283,185,98,2,58,88,63,41,31,2,30,62,44,27,20,0,28,26,19,14,11
20233,A,골목상권,3110531,홍지문,141,61,80,0,16,26,24,56,19,0,13,19,13,9,7,0,3,7,11,47,12
20233,A,골목상권,3110013,체부동홍종문가옥,125,71,54,0,8,28,31,26,32,0,2,11,18,14,26,0,6,17,13,12,6
20233,A,골목상권,3110010,평창동서측,5240,2651,2589,1,324,1250,2239,1231,195,0,76,342,1157,943,133,1,248,908,1082,288,62
20233,A,골목상권,3110051,한양공고앞 교차로,111,82,29,0,17,23,33,26,12,0,12,16,24,20,10,0,5,7,9,6,2
20233,A,골목상권,3110075,숙대입구역 1번,1630,736,894,9,270,506,417,289,139,5,69,188,182,181,111,4,201,318,235,108,28
20233,A,골목상권,3110093,우사단길,2647,1632,1015,2,331,1035,757,359,163,1,106,546,562,321,96,1,225,489,195,38,67
20233,A,골목상권,3110089,서빙고동주민센터,752,503,249,1,94,230,220,107,100,0,33,136,159,88,87,1,61,94,61,19,13
20233,A,골목상권,3110064,효창공원앞역 2번,923,525,398,2,126,275,261,160,99,1,49,160,160,88,67,1,77,115,101,72,32
20233,A,골목상권,3110109,금호삼성래미안아파트,92,39,53,0,7,10,12,42,21,0,2,6,3,15,13,0,5,4,9,27,8
20233,A,골목상권,3110108,성동구립금호도서관,6,1,5,0,0,1,4,1,0,0,0,0,0,1,0,0,0,1,4,0,0
20233,A,골목상권,3110104,신금호역 4번,213,141,72,0,22,33,35,54,69,0,6,17,21,37,60,0,16,16,14,17,9
20233,A,골목상권,3110126,서울숲역 1번,27,18,9,0,0,7,2,12,6,0,0,6,0,7,5,0,0,1,2,5,1
20233,A,골목상권,3110135,성동세무서,401,208,193,0,41,84,107,78,91,0,7,43,49,38,71,0,34,41,58,40,20
20233,A,골목상권,3110115,상왕십리역 3번,945,362,583,10,392,218,156,113,56,0,76,84,93,75,34,10,316,134,63,38,22
20233,A,골목상권,3110133,서울교통공사,122,93,29,0,19,25,33,21,24,0,12,18,29,17,17,0,7,7,4,4,7
20233,A,골목상권,3110130,답십리역 6번,105,89,16,0,20,24,38,15,8,0,17,20,35,10,7,0,3,4,3,5,1
20233,A,골목상권,3110170,동대부여고,223,128,95,1,37,51,67,45,22,0,17,21,42,32,16,1,20,30,25,13,6
20233,A,골목상권,3110172,광진초등학교,344,227,117,0,42,72,92,91,47,0,17,48,61,65,36,0,25,24,31,26,11
20233,A,골목상권,3110173,구남초등학교,195,106,89,0,34,50,46,44,21,0,16,28,21,25,16,0,18,22,25,19,5
20233,A,골목상권,3110143,뚝섬유원지역 1번,44,18,26,1,4,13,9,13,4,1,0,3,5,6,3,0,4,10,4,7,1
20233,A,골목상권,3110165,국립정신건강센터,243,175,68,0,12,32,69,76,54,0,7,23,42,59,44,0,5,9,27,17,10
20233,A,골목상권,3110185,용두초등학교,122,77,45,0,13,22,31,32,24,0,5,13,18,22,19,0,8,9,13,10,5
20233,A,골목상권,3110205,경희대삼거리,82,48,34,0,4,13,23,23,19,0,2,10,7,17,12,0,2,3,16,6,7
20233,A,골목상권,3110265,망우역 1번,198,91,107,1,23,43,54,57,20,0,7,18,21,32,13,1,16,25,33,25,7
20233,A,골목상권,3110263,면목역 1번,130,71,59,0,13,27,35,24,31,0,7,12,12,14,26,0,6,15,23,10,5
20233,A,골목상권,3110272,신내1동주민센터,477,319,158,0,45,69,93,152,118,0,15,35,60,103,106,0,30,34,33,49,12
20233,A,골목상권,3110307,길음역 7번,119,62,57,0,17,25,41,19,17,0,7,17,18,10,10,0,10,8,23,9,7
20233,A,골목상권,3110310,길음역 10번,45,14,31,0,12,8,5,15,5,0,4,1,2,4,3,0,8,7,3,11,2
20233,A,골목상권,3110288,동구여중,216,139,77,1,19,49,52,55,40,0,9,22,35,40,33,1,10,27,17,15,7
20233,A,골목상권,3110313,안암역 3번,2069,1344,725,2,208,552,670,474,163,0,95,310,444,355,140,2,113,242,226,119,23
20233,A,골목상권,3110326,장위동성당,84,40,44,0,2,9,16,13,44,0,1,2,6,5,26,0,1,7,10,8,18
20233,A,골목상권,3110282,국민대학교앞,980,789,191,13,185,388,206,75,113,12,134,349,179,57,58,1,51,39,27,18,55
20233,A,골목상권,3110380,강북문화정보도서관,48,15,33,0,12,10,12,10,4,0,0,3,5,4,3,0,12,7,7,6,1
20233,A,골목상권,3110370,도봉세무서,367,255,112,0,17,61,76,105,108,0,11,31,42,80,91,0,6,30,34,25,17
20233,A,골목상권,3110358,인수동 우편취급국,549,295,254,0,18,34,67,210,220,0,2,18,23,91,161,0,16,16,44,119,59
20233,A,골목상권,3110359,수유시장옆,126,72,54,0,12,26,34,40,14,0,3,12,17,32,8,0,9,14,17,8,6
20233,A,골목상권,3110366,광산사거리,91,64,27,0,17,20,17,22,15,0,13,13,11,16,11,0,4,7,6,6,4
20233,A,골목상권,3110391,샘말어린이공원,219,118,101,0,22,44,64,45,44,0,12,26,37,23,20,0,10,18,27,22,24
20233,A,골목상권,3110386,연산군묘,124,114,10,0,4,3,10,44,63,0,1,3,7,40,63,0,3,0,3,4,0
20233,A,골목상권,3110385,효문고등학교,37,22,15,0,3,9,12,4,9,0,2,5,3,4,8,0,1,4,9,0,1
20233,A,골목상권,3110396,쌍문역1번(쌍리단길),259,94,165,2,41,49,52,76,39,0,13,15,22,29,15,2,28,34,30,47,24
20233,A,골목상권,3110404,신창초등학교,515,298,217,1,42,93,163,136,80,0,11,56,109,76,46,1,31,37,54,60,34
20233,A,골목상권,3110429,공릉동 국수거리,2074,916,1158,3,224,284,511,689,363,1,91,167,248,234,175,2,133,117,263,455,188
20233,A,골목상권,3110438,경춘선숲길 우측,230,110,120,0,26,54,83,52,15,0,12,21,38,30,9,0,14,33,45,22,6
20233,A,골목상권,3110458,선일여고,385,200,185,0,32,79,94,119,61,0,19,46,47,52,36,0,13,33,47,67,25
20233,A,골목상권,3110460,구산역 4번,969,582,387,0,57,184,248,234,246,0,18,124,133,121,186,0,39,60,115,113,60
20233,A,골목상권,3110450,시립서북병원,774,421,353,3,138,166,179,154,134,2,80,103,96,70,70,1,58,63,83,84,64
20233,A,골목상권,3110456,구산보건지소,967,544,423,3,284,226,177,147,130,1,123,112,94,97,117,2,161,114,83,50,13
20233,A,골목상권,3110486,은평구청,491,279,212,0,81,100,108,134,68,0,54,70,53,61,41,0,27,30,55,73,27
20233,A,골목상권,3110484,역촌역 3번,499,193,306,6,64,131,129,103,66,5,34,45,41,32,36,1,30,86,88,71,30
20233,A,골목상권,3110472,연신내역 4번,335,156,179,2,52,77,79,68,57,1,16,43,30,37,29,1,36,34,49,31,28
20233,A,골목상권,3110445,덕산중학교,71,53,18,0,18,15,16,8,14,0,10,9,13,7,14,0,8,6,3,1,0
20233,A,골목상권,3110446,내를건너서숲으로도서관,163,124,39,0,6,14,51,45,47,0,5,9,33,35,42,0,1,5,18,10,5
20233,A,골목상권,3110461,새절역 2번,39,21,18,0,2,8,11,10,8,0,2,2,6,6,5,0,0,6,5,4,3
20233,A,골목상권,3110451,증산역 4번,1267,962,305,2,150,378,365,291,81,2,75,289,305,230,61,0,75,89,60,61,20
20233,A,골목상권,3110502,남가좌파출소,290,147,143,0,29,34,73,92,62,0,14,16,35,47,35,0,15,18,38,45,27
20233,A,골목상권,3110520,경의중앙 신촌역,105,57,48,0,31,22,32,12,8,0,10,15,16,10,6,0,21,7,16,2,2
20233,A,골목상권,3110526,봉원사,211,111,100,1,17,38,50,49,56,1,7,21,24,26,32,0,10,17,26,23,24
20233,A,골목상권,3110511,연희초등학교,3646,3286,360,2,420,731,640,1505,348,1,355,646,532,1425,327,1,65,85,108,80,21
20233,A,골목상권,3110504,명지전문대,170,46,124,1,21,19,35,41,53,0,5,4,10,13,14,1,16,15,25,28,39
20233,A,골목상권,3110587,공덕동주민센터,264,135,129,1,43,53,75,55,37,1,16,31,47,23,17,0,27,22,28,32,20
20233,A,골목상권,3110578,대흥역 2번,2091,1413,678,2,213,337,391,638,510,1,80,225,309,452,346,1,133,112,82,186,164
20233,A,골목상권,3110574,서강대학교,173,123,50,0,35,41,49,38,10,0,17,30,41,30,5,0,18,11,8,8,5
20233,A,골목상권,3110582,이대역 5번,56,17,39,0,6,11,16,13,10,0,0,4,4,4,5,0,6,7,12,9,5
20233,A,골목상권,3110544,망리단길,1203,718,485,1,179,248,331,253,191,1,107,153,171,147,139,0,72,95,160,106,52
20233,A,골목상권,3110566,경의선책거리,1690,934,756,2,359,547,406,290,86,1,137,328,252,157,59,1,222,219,154,133,27
20233,A,골목상권,3110557,홍대부속여중고앞,760,465,295,1,100,188,196,149,126,1,37,110,137,95,85,0,63,78,59,54,41
20233,A,골목상권,3110548,마포구청역 4번,795,475,320,5,130,185,210,136,129,3,57,95,122,89,109,2,73,90,88,47,20
20233,A,골목상권,3110543,중암중학교,38,25,13,0,6,8,14,7,3,0,3,5,8,6,3,0,3,3,6,1,0
20233,A,골목상권,3110585,마포경찰서,918,790,128,0,192,360,176,181,9,0,150,313,153,166,8,0,42,47,23,15,1
20233,A,골목상권,3110618,강서고등학교,193,135,58,0,19,38,52,52,32,0,10,29,36,34,26,0,9,9,16,18,6
20233,A,골목상권,3110599,신월1파출소,378,268,110,3,50,89,94,93,49,2,34,68,63,65,36,1,16,21,31,28,13
20233,A,골목상권,3110596,서서울호수공원,417,272,145,2,48,90,107,113,57,0,28,56,74,71,43,2,20,34,33,42,14
20233,A,골목상권,3110623,갈산공원,130,99,31,0,27,34,27,31,11,0,23,27,21,21,7,0,4,7,6,10,4
20233,A,골목상권,3110632,방화역 3번,1075,887,188,2,42,127,400,334,170,1,21,90,353,281,141,1,21,37,47,53,29
20233,A,골목상권,3110651,화원중학교,377,214,163,2,29,50,102,105,89,1,19,31,68,52,43,1,10,19,34,53,46
20233,A,골목상권,3110659,화곡역 4번,844,496,348,11,102,181,234,180,136,9,52,114,140,105,76,2,50,67,94,75,60
20233,A,골목상권,3110696,오류동역 1번,2424,1658,766,32,831,942,326,216,77,16,483,735,235,131,58,16,348,207,91,85,19
20233,A,골목상권,3110697,개봉3동주민센터,230,142,88,1,55,64,49,41,20,1,27,41,31,29,13,0,28,23,18,12,7
20233,A,골목상권,3110698,개웅초등학교(개웅중학교),276,176,100,3,50,50,53,63,57,3,25,32,31,39,46,0,25,18,22,24,11
20233,A,골목상권,3110722,G타워,837,574,263,4,152,296,249,99,37,4,95,205,191,55,24,0,57,91,58,44,13
20233,A,골목상권,3110682,온수역 8번,25,11,14,0,2,4,13,5,1,0,2,2,6,1,0,0,0,2,7,4,1
20233,A,골목상권,3110684,서울공연예술고등학교,251,136,115,2,50,78,61,36,24,0,19,54,34,19,10,2,31,24,27,17,14
20233,A,골목상권,3110688,오류지구대,169,59,110,1,18,18,40,59,33,0,7,10,15,19,8,1,11,8,25,40,25
20233,A,골목상권,3110730,서울축산농협 독산역지점(독산파출소),660,376,284,1,80,105,117,201,156,1,30,58,54,113,120,0,50,47,63,88,36
20233,A,골목상권,3110728,두산초등학교,4560,2778,1782,8,88,138,245,530,3551,8,64,86,123,279,2218,0,24,52,122,251,1333
20233,A,골목상권,3110752,한울중학교,269,117,152,2,25,46,81,79,36,2,13,16,34,33,19,0,12,30,47,46,17
20233,A,골목상권,3110743,시흥초등학교(시흥1동우체국),191,130,61,0,18,31,48,50,44,0,10,20,32,37,31,0,8,11,16,13,13
20233,A,골목상권,3110731,금천구청역 1번 출입구,1044,564,480,7,306,385,206,96,44,2,149,230,102,55,26,5,157,155,104,41,18
20233,A,골목상권,3110753,시흥동 은행나무사거리,617,387,230,0,69,100,149,166,133,0,28,68,90,96,105,0,41,32,59,70,28
20233,A,골목상권,3110764,문래역 3번,541,223,318,0,93,127,159,102,60,0,27,39,54,54,49,0,66,88,105,48,11
20233,A,골목상권,3110779,대림갑을명가아파트,33,24,9,0,2,5,13,7,6,0,1,4,10,4,5,0,1,1,3,3,1
20233,A,골목상권,3110765,문래동사거리,889,619,270,2,80,133,209,175,290,1,38,78,140,126,236,1,42,55,69,49,54
20233,A,골목상권,3110810,영신초등학교,403,183,220,0,58,147,59,78,61,0,24,67,27,43,22,0,34,80,32,35,39
20233,A,골목상권,3110813,보라매역 6번,286,167,119,3,22,37,50,74,100,3,15,21,24,39,65,0,7,16,26,35,35
20233,A,골목상권,3110782,영등포시장역 4번,127,87,40,1,13,24,48,27,14,1,5,16,36,17,12,0,8,8,12,10,2
20233,A,골목상권,3110809,장훈고등학교,112,61,51,0,7,15,30,23,37,0,3,5,11,17,25,0,4,10,19,6,12
20233,A,골목상권,3110834,동작구자원봉사센터,41,25,16,0,3,5,8,11,14,0,2,2,8,6,7,0,1,3,0,5,7
20233,A,골목상권,3110828,노량진역 6번,3010,2066,944,9,471,1047,854,467,162,3,252,711,639,357,104,6,219,336,215,110,58
20233,A,골목상권,3110824,대방역 3번,296,102,194,1,48,91,92,42,22,0,11,26,29,23,13,1,37,65,63,19,9
20233,A,골목상권,3110852,이수역 9번,198,121,77,0,26,35,54,38,45,0,12,20,30,23,36,0,14,15,24,15,9
20233,A,골목상권,3110851,경문고등학교(동작동성당),493,236,257,0,79,137,141,105,31,0,32,53,66,67,18,0,47,84,75,38,13
20233,A,골목상권,3110831,상도4동주민센터,72,40,32,0,3,13,14,29,13,0,3,6,6,18,7,0,0,7,8,11,6
20233,A,골목상권,3110827,NH농협은행 상도동지점,262,93,169,0,39,51,73,65,34,0,11,18,20,28,16,0,28,33,53,37,18
20233,A,골목상권,3110841,중대부중,75,34,41,0,7,12,14,23,19,0,4,7,5,10,8,0,3,5,9,13,11
20233,A,골목상권,3110900,낙성대역 1번(관악구민 종합체육센터),444,246,198,1,94,123,115,88,23,1,48,64,62,53,18,0,46,59,53,35,5
20233,A,골목상권,3110866,난우중학교,184,101,83,0,23,36,41,65,19,0,14,20,19,32,16,0,9,16,22,33,3
20233,A,골목상권,3110857,미성동주민센터,431,229,202,9,60,64,70,108,120,9,34,48,41,46,51,0,26,16,29,62,69
20233,A,골목상권,3110875,보라매동주민센터(당곡고등학교),19,15,4,0,4,2,5,6,2,0,2,2,3,6,2,0,2,0,2,0,0
20233,A,골목상권,3110873,당곡중학교,348,167,181,0,70,79,87,76,36,0,29,39,39,37,23,0,41,40,48,39,13
20233,A,골목상권,3110891,구암초등학교,47,22,25,0,5,1,22,16,3,0,1,0,11,8,2,0,4,1,11,8,1
20233,A,골목상권,3110892,관악구 중앙길,709,341,368,0,69,110,159,221,150,0,25,55,76,105,80,0,44,55,83,116,70
20233,A,골목상권,3110899,낙성대역 5번(관악중학교),681,442,239,0,167,178,164,123,49,0,107,130,95,71,39,0,60,48,69,52,10
20233,A,골목상권,3110944,서울나래학교(염곡어린이공원),933,632,301,10,116,213,161,196,237,8,88,169,114,118,135,2,28,44,47,78,102
20233,A,골목상권,3110905,방배노인종합복지관(이수중학교),287,176,111,1,36,71,71,63,45,0,18,38,45,41,34,1,18,33,26,22,11
20233,A,골목상권,3110920,방배역 2번(백석예술대학교),359,205,154,0,23,53,125,118,40,0,5,29,65,75,31,0,18,24,60,43,9
20233,A,골목상권,3110910,내방역 5번,614,240,374,5,72,124,157,176,80,3,30,69,52,49,37,2,42,55,105,127,43
20233,A,골목상권,3110906,서문여고,683,362,321,2,217,106,119,106,133,0,59,58,72,62,111,2,158,48,47,44,22
20233,A,골목상권,3110932,서울시인재개발원,532,384,148,2,128,170,127,64,41,2,76,116,100,54,36,0,52,54,27,10,5
20233,A,골목상권,3110930,서초동성당,2178,1774,404,8,284,588,694,433,171,2,190,448,591,393,150,6,94,140,103,40,21
20233,A,골목상권,3110931,삼성전자서울R&D(서울우면초등학교),94,47,47,0,36,30,16,6,6,0,11,15,10,6,5,0,25,15,6,0,1
20233,A,골목상권,3110938,바우뫼공원,1522,927,595,0,253,457,423,297,92,0,147,314,251,143,72,0,106,143,172,154,20
20233,A,골목상권,3110942,염곡동 구룡사(포이동성당),3242,1952,1290,7,578,932,791,613,321,3,328,587,461,351,222,4,250,345,330,262,99
20233,A,골목상권,3110943,법제교육센터(버들어린이공원),1122,578,544,1,67,165,357,323,209,1,36,99,151,140,151,0,31,66,206,183,58
20233,A,골목상권,3110994,개포고등학교,494,382,112,7,65,161,123,110,28,4,47,134,103,73,21,3,18,27,20,37,7
20233,A,골목상권,3110988,청담역 3번,1594,1016,578,1,243,425,364,346,215,1,82,247,247,262,177,0,161,178,117,84,38
20233,A,골목상권,3111045,개미어린이공원,36,18,18,0,2,7,12,12,3,0,1,1,7,7,2,0,1,6,5,5,1
20233,A,골목상권,3111047,마천1치안센터,111,73,38,0,9,17,34,34,17,0,6,14,19,22,12,0,3,3,15,12,5
20233,A,골목상권,3111043,마천공원,32,13,19,0,1,3,7,12,9,0,0,0,1,6,6,0,1,3,6,6,3
20233,A,골목상권,3111012,석촌역 6번,732,332,400,2,91,127,180,183,149,2,23,56,83,93,75,0,68,71,97,90,74
20233,A,골목상권,3111035,오금공원(오주중학교),531,398,133,0,41,90,148,148,104,0,32,66,121,102,77,0,9,24,27,46,27
20233,A,골목상권,3111028,문현중학교(장지역 1번),424,194,230,0,54,66,132,116,56,0,29,36,49,50,30,0,25,30,83,66,26
20233,A,골목상권,3111087,고덕중학교(고덕2동주민센터),197,89,108,0,26,46,62,36,27,0,5,21,26,17,20,0,21,25,36,19,7
20233,A,골목상권,3111083,GS강동자이아파트,411,245,166,0,67,62,70,100,112,0,47,43,41,44,70,0,20,19,29,56,42
20233,A,골목상권,3111074,명일역 1번,147,77,70,2,31,38,40,16,20,1,9,23,23,10,11,1,22,15,17,6,9
20233,A,골목상권,3111053,성내천어린이공원(하니사랑길),6288,4564,1724,6,799,940,1025,1564,1954,3,542,693,750,1053,1523,3,257,247,275,511,431
20233,A,골목상권,3111061,암사역 1번,831,551,280,0,149,186,182,170,144,0,82,128,126,125,90,0,67,58,56,45,54
20233,A,골목상권,3111056,천호태영아파트,191,53,138,0,27,35,64,36,29,0,4,5,19,15,10,0,23,30,45,21,19
20233,A,골목상권,3110036,동묘앞역 3번,52,34,18,0,3,6,16,12,15,0,1,3,9,11,10,0,2,3,7,1,5
20233,A,골목상권,3110028,이화달팽이길,704,279,425,1,177,179,137,123,87,0,56,60,56,65,42,1,121,119,81,58,45
20233,A,골목상권,3110034,창신1동주민센터,41,35,6,0,2,1,14,13,11,0,2,1,10,11,11,0,0,0,4,2,0
20233,A,골목상권,3110014,경복고등학교,194,82,112,0,28,54,40,44,28,0,4,14,21,24,19,0,24,40,19,20,9
20233,A,골목상권,3110001,이북5도청사,1048,625,423,4,130,286,237,257,134,0,48,170,160,167,80,4,82,116,77,90,54
20233,A,골목상권,3110286,한성대입구역 5번,986,472,514,17,187,285,318,122,57,8,70,127,144,83,40,9,117,158,174,39,17
20233,A,골목상권,3110053,청구역 1번,281,166,115,0,52,69,69,54,37,0,23,45,43,27,28,0,29,24,26,27,9
20233,A,골목상권,3110040,중구회현체육센터(정화예술대남산캠퍼스),165,78,87,0,33,30,40,37,25,0,14,15,17,13,19,0,19,15,23,24,6
20233,A,골목상권,3110039,회현역 1번,49,26,23,0,2,8,12,14,13,0,0,4,9,8,5,0,2,4,3,6,8
20233,A,골목상권,3110059,새남터성지,385,307,78,0,38,71,113,138,25,0,21,48,99,124,15,0,17,23,14,14,10
20233,A,골목상권,3110069,숙대입구,825,291,534,3,200,296,163,87,76,3,34,92,77,40,45,0,166,204,86,47,31
20233,A,골목상권,3110095,한강진역 3번,1186,801,385,16,160,326,321,298,65,8,61,235,227,226,44,8,99,91,94,72,21
20233,A,골목상권,3110097,한남초등학교,7,4,3,0,2,3,2,0,0,0,0,2,2,0,0,0,2,1,0,0,0
20233,A,골목상권,3110077,삼광초등학교,385,317,68,0,37,86,148,98,16,0,21,66,130,88,12,0,16,20,18,10,4
20233,A,골목상권,3110103,옥수터널,13,11,2,1,0,2,2,6,2,0,0,2,2,5,2,1,0,0,0,1,0
20233,A,골목상권,3110137,성수초등학교,6605,4295,2310,31,1016,1740,1836,1344,638,22,557,1152,1250,828,486,9,459,588,586,516,152
20233,A,골목상권,3110138,송정체육공원,160,79,81,0,15,27,53,41,24,0,4,12,21,23,19,0,11,15,32,18,5
20233,A,골목상권,3110177,동의초등학교,112,81,31,0,6,25,28,32,21,0,3,14,19,26,19,0,3,11,9,6,2
20233,A,골목상권,3110175,푸른동산공원,367,233,134,0,41,73,108,86,59,0,24,48,69,53,39,0,17,25,39,33,20
20233,A,골목상권,3110146,신자초등학교,742,537,205,0,50,81,212,276,123,0,25,45,160,209,98,0,25,36,52,67,25
20233,A,골목상권,3110150,중곡1동 마을마당,1179,698,481,1,197,352,252,217,160,1,83,194,161,132,127,0,114,158,91,85,33
20233,A,골목상권,3110195,동대문구청,221,115,106,0,41,58,47,40,35,0,12,28,23,27,25,0,29,30,24,13,10
20233,A,골목상권,3110189,제기동역 1번,1538,1086,452,1,233,490,342,167,305,0,98,349,286,136,217,1,135,141,56,31,88
20233,A,골목상권,3110214,경희대후문,86,42,44,0,18,17,24,17,10,0,6,6,13,10,7,0,12,11,11,7,3
20233,A,골목상권,3110224,외대앞역 2번,96,41,55,0,9,14,16,29,28,0,2,4,9,18,8,0,7,10,7,11,20
20233,A,골목상권,3110232,동대부고,579,413,166,0,41,71,119,175,173,0,14,38,80,134,147,0,27,33,39,41,26
20233,A,골목상권,3110201,전농119안전센터,27,11,16,0,2,1,9,10,5,0,1,0,3,4,3,0,1,1,6,6,2
20233,A,골목상권,3110190,고대앞사거리,195,92,103,0,22,34,34,45,60,0,4,18,22,19,29,0,18,16,12,26,31
20233,A,골목상권,3110196,홍릉근린공원,23,12,11,0,1,6,8,5,3,0,1,4,3,2,2,0,0,2,5,3,1
20233,A,골목상권,3110215,회기역 1번,28,18,10,0,3,4,9,7,5,0,3,2,6,3,4,0,0,2,3,4,1
20233,A,골목상권,3110222,회기역 2번,20,17,3,0,0,3,2,6,9,0,0,2,2,4,9,0,0,1,0,2,0
20233,A,골목상권,3110273,장스여성병원,610,446,164,7,31,37,75,209,251,0,4,8,37,168,229,7,27,29,38,41,22
20233,A,골목상권,3110260,면목역 3번,126,74,52,0,24,21,24,29,28,0,14,8,12,20,20,0,10,13,12,9,8
20233,A,골목상권,3110257,상봉역 7번,397,330,67,0,17,18,50,133,179,0,6,11,34,118,161,0,11,7,16,15,18
20233,A,골목상권,3110238,배꽃어린이공원,66,48,18,0,6,7,15,23,15,0,4,5,9,15,15,0,2,2,6,8,0
20233,A,골목상권,3110303,성신여대입구역 1번,139,98,41,1,7,35,44,27,25,0,2,22,28,25,21,1,5,13,16,2,4
20233,A,골목상권,3110305,보문역 5번,883,661,222,3,165,255,173,133,154,1,99,199,129,103,130,2,66,56,44,30,24
20233,A,골목상권,3110331,돌곶이역 8번,441,297,144,3,54,146,113,78,47,0,17,105,83,55,37,3,37,41,30,23,10
20233,A,골목상권,3110334,석관중앙교회,170,105,65,0,21,43,31,41,34,0,8,19,19,29,30,0,13,24,12,12,4
20233,A,골목상권,3110293,삼선중학교,1730,860,870,4,248,467,527,319,165,3,116,277,268,111,85,1,132,190,259,208,80
20233,A,골목상권,3110283,성북초등학교앞,203,78,125,0,16,33,56,80,18,0,8,10,23,27,10,0,8,23,33,53,8
20233,A,골목상권,3110285,홍대부중,814,559,255,9,219,220,210,100,56,6,118,172,163,69,31,3,101,48,47,31,25
20233,A,골목상권,3110312,안암역 2번,150,81,69,0,13,19,47,46,25,0,7,14,24,22,14,0,6,5,23,24,11
20233,A,골목상권,3110316,숭곡초등학교,439,217,222,2,68,114,129,88,38,2,19,58,73,42,23,0,49,56,56,46,15
20233,A,골목상권,3110322,장위1동주민센터,319,224,95,1,33,37,59,95,94,0,25,31,44,66,58,1,8,6,15,29,36
20233,A,골목상권,3110294,서경대학교,391,262,129,0,35,30,93,120,113,0,18,14,46,87,97,0,17,16,47,33,16
20233,A,골목상권,3110319,종암동주민센터,454,111,343,1,46,51,89,146,121,0,8,19,24,32,28,1,38,32,65,114,93
20233,A,골목상권,3110364,미아역 8번,146,75,71,0,9,26,51,39,21,0,3,9,25,23,15,0,6,17,26,16,6
20233,A,골목상권,3110381,번동주공2단지,171,88,83,5,31,28,38,55,14,4,11,14,21,30,8,1,20,14,17,25,6
20233,A,골목상권,3110374,송중초등학교,491,272,219,5,33,60,145,140,108,5,9,29,73,70,86,0,24,31,72,70,22
20233,A,골목상권,3110371,삼양입구사거리,49,23,26,0,2,7,10,19,11,0,0,3,5,10,5,0,2,4,5,9,6
20233,A,골목상권,3110363,송천동주민센터,19,12,7,0,0,4,3,7,5,0,0,3,1,4,4,0,0,1,2,3,1
20233,A,골목상권,3110361,삼양사거리역 1번,101,29,72,0,9,12,19,28,33,0,2,4,3,7,13,0,7,8,16,21,20
20233,A,골목상권,3110360,수유초등학교,321,222,99,0,34,61,63,67,96,0,7,43,42,44,86,0,27,18,21,23,10
20233,A,골목상권,3110357,가오리역 1번,725,611,114,0,25,36,171,340,153,0,4,18,146,310,133,0,21,18,25,30,20
20233,A,골목상권,3110340,인수중학교,176,99,77,0,24,55,50,29,18,0,8,43,31,7,10,0,16,12,19,22,8
20233,A,골목상권,3110341,북한산우이역 2번,496,411,85,0,15,25,80,258,118,0,4,10,52,237,108,0,11,15,28,21,10
20233,A,골목상권,3110390,방학초등학교,231,110,121,0,18,63,68,58,24,0,7,36,28,27,12,0,11,27,40,31,12
20233,A,골목상권,3110408,가인초등학교,355,105,250,0,66,70,100,85,34,0,12,24,32,21,16,0,54,46,68,64,18
20233,A,골목상권,3110433,공릉역 2번,401,137,264,1,30,41,46,46,237,1,17,30,25,18,46,0,13,11,21,28,191
20233,A,골목상권,3110423,석계역 2번,280,104,176,0,27,29,65,73,86,0,9,15,31,29,20,0,18,14,34,44,66
20233,A,골목상권,3110462,갈현건영아파트,335,216,119,1,40,61,100,72,61,1,23,36,61,48,47,0,17,25,39,24,14
20233,A,골목상권,3110481,불광역 7번,199,89,110,0,13,44,41,60,41,0,2,23,11,25,28,0,11,21,30,35,13
20233,A,골목상권,3110443,수색역 1번,20,12,8,0,1,2,7,6,4,0,0,2,2,4,4,0,1,0,5,2,0
20233,A,골목상권,3110459,응암역 2번,547,198,349,1,50,105,159,154,78,0,9,38,77,41,33,1,41,67,82,113,45
20233,A,골목상권,3110468,응암역 3번,1202,526,676,2,142,266,324,272,196,0,45,119,142,116,104,2,97,147,182,156,92
20233,A,골목상권,3110478,응암1동주민센터,355,220,135,2,26,37,56,56,178,2,16,23,28,32,119,0,10,14,28,24,59
20233,A,골목상권,3110463,응암3동주민센터,123,54,69,0,7,23,36,26,31,0,3,6,14,11,20,0,4,17,22,15,11
20233,A,골목상권,3110507,명지대학교,1537,1156,381,29,392,636,318,129,33,26,257,481,282,83,27,3,135,155,36,46,6
20233,A,골목상권,3110495,북가좌2동주민센터,501,372,129,0,28,67,125,185,96,0,11,45,88,152,76,0,17,22,37,33,20
20233,A,골목상권,3110528,서울여자간호대학교,324,160,164,0,11,25,38,72,178,0,10,14,20,24,92,0,1,11,18,48,86
20233,A,골목상권,3110580,양원초등학교,78,20,58,0,3,6,16,25,28,0,0,1,3,11,5,0,3,5,13,14,23
20233,A,골목상권,3110568,광흥창역 1번,67,32,35,0,12,21,14,15,5,0,4,10,6,9,3,0,8,11,8,6,2
20233,A,골목상권,3110545,마포구청역 1번,789,460,329,1,64,151,210,235,128,1,24,92,106,146,91,0,40,59,104,89,37
20233,A,골목상권,3110584,아현역 4번,49,13,36,0,4,7,14,13,11,0,0,0,2,5,6,0,4,7,12,8,5
20233,A,골목상권,3110556,절두산순교성지,176,112,64,3,17,42,58,39,17,3,8,27,39,24,11,0,9,15,19,15,6
20233,A,골목상권,3110622,달마을공원,458,261,197,0,58,90,102,138,70,0,26,47,63,65,60,0,32,43,39,73,10
20233,A,골목상권,3110601,신월1동우편취급국,1200,814,386,3,116,180,274,437,190,1,61,115,183,309,145,2,55,65,91,128,45
20233,A,골목상권,3110598,신월문화체육센터,381,174,207,0,16,50,101,131,83,0,4,22,40,60,48,0,12,28,61,71,35
20233,A,골목상권,3110609,신정네거리역 2번,1377,1358,19,0,14,15,52,171,1125,0,10,11,45,168,1124,0,4,4,7,3,1
20233,A,골목상권,3110652,양천향교역 2번,643,483,160,0,70,131,146,169,127,0,32,102,104,139,106,0,38,29,42,30,21
20233,A,골목상권,3110675,화곡4동주민센터,235,161,74,0,13,45,60,59,58,0,6,28,34,46,47,0,7,17,26,13,11
20233,A,골목상권,3110672,백석중학교,168,91,77,1,26,41,35,49,16,1,19,23,14,23,11,0,7,18,21,26,5
20233,A,골목상권,3110660,등촌3동주민센터,4614,2039,2575,10,469,707,766,1291,1371,5,197,427,424,447,539,5,272,280,342,844,832
20233,A,골목상권,3110645,우장산역 4번,782,381,401,0,63,120,238,219,142,0,32,60,86,88,115,0,31,60,152,131,27
20233,A,골목상권,3110630,공항시장역 1번,1472,1008,464,0,157,294,298,328,395,0,67,180,202,240,319,0,90,114,96,88,76
20233,A,골목상권,3110640,방화역 1번,1019,638,381,3,139,292,240,195,150,3,62,119,167,158,129,0,77,173,73,37,21
20233,A,골목상권,3110655,발산역 5번,589,356,233,0,97,156,148,113,75,0,29,94,98,77,58,0,68,62,50,36,17
20233,A,골목상권,3110692,큰굴다리,233,148,85,0,12,52,54,66,49,0,7,19,35,49,38,0,5,33,19,17,11
20233,A,골목상권,3110695,개봉1동주민센터,537,312,225,1,56,150,140,121,69,1,31,97,72,64,47,0,25,53,68,57,22
20233,A,골목상권,3110714,구로4동주민센터,261,149,112,0,32,43,54,76,56,0,7,18,31,50,43,0,25,25,23,26,13
20233,A,골목상권,3110708,화원어린이공원,71,33,38,0,10,12,15,24,10,0,3,4,7,10,9,0,7,8,8,14,1
20233,A,골목상권,3110715,구로구민회관,84,59,25,0,12,13,29,23,7,0,5,10,19,19,6,0,7,3,10,4,1
20233,A,골목상권,3110713,구로보건소,2668,1817,851,5,474,650,706,533,300,3,323,472,514,332,173,2,151,178,192,201,127
20233,A,골목상권,3110718,한국SGI본부,1614,1061,553,3,308,462,397,336,108,3,167,313,292,220,66,0,141,149,105,116,42
20233,A,골목상권,3110707,구로창업지원센터,1045,760,285,4,141,266,246,253,135,3,78,195,185,186,113,1,63,71,61,67,22
20233,A,골목상권,3110726,금천철쭉어린이공원(금하마을),222,172,50,0,19,25,41,62,75,0,17,16,22,45,72,0,2,9,19,17,3
20233,A,골목상권,3110727,독산역 1번 출입구,659,514,145,4,72,152,169,191,71,4,48,118,128,165,51,0,24,34,41,26,20
20233,A,골목상권,3110738,문성초등학교,249,125,124,0,17,27,65,90,50,0,12,14,34,40,25,0,5,13,31,50,25
20233,A,골목상권,3110744,독산동성당,486,292,194,0,31,86,125,152,92,0,22,53,69,89,59,0,9,33,56,63,33
20233,A,골목상권,3110734,금천파출소,92,47,45,0,7,11,21,29,24,0,3,5,14,13,12,0,4,6,7,16,12
20233,A,골목상권,3110747,석수역 1번 출입구,813,612,201,0,46,81,166,224,296,0,27,52,102,165,266,0,19,29,64,59,30
20233,A,골목상권,3110754,삼성산자연공원(서울금천초등학교),202,76,126,1,21,41,48,41,50,0,6,18,29,10,13,1,15,23,19,31,37
20233,A,골목상권,3110781,대림한신아파트,182,112,70,0,23,29,51,38,41,0,8,16,34,23,31,0,15,13,17,15,10
20233,A,골목상권,3110776,도신초등학교,168,106,62,0,12,20,48,63,25,0,11,10,35,34,16,0,1,10,13,29,9
20233,A,골목상권,3110792,영등포역 2번,3343,1737,1606,28,554,856,830,851,224,11,223,385,459,526,133,17,331,471,371,325,91
20233,A,골목상권,3110812,신길6동주민센터,363,245,118,0,69,115,106,50,23,0,34,78,85,29,19,0,35,37,21,21,4
20233,A,골목상권,3110798,신풍역 2번,53,20,33,0,2,13,14,13,11,0,0,3,3,6,8,0,2,10,11,7,3
20233,A,골목상권,3110811,보라매역 4번,187,94,93,0,22,41,49,52,23,0,8,22,18,27,19,0,14,19,31,25,4
20233,A,골목상권,3110756,문래중학교,275,179,96,0,48,79,78,35,35,0,21,58,52,21,27,0,27,21,26,14,8
20233,A,골목상권,3110800,영등포동성당,227,153,74,0,26,34,61,66,40,0,13,22,37,46,35,0,13,12,24,20,5
20233,A,골목상권,3110806,서울시립영등포장애인복지관,76,42,34,0,18,30,13,13,2,0,5,16,9,11,1,0,13,14,4,2,1
20233,A,골목상권,3110820,성남고등학교,3101,2470,631,1,651,742,555,991,161,0,438,581,448,879,124,1,213,161,107,112,37
20233,A,골목상권,3110839,숭실대입구역 4번,187,67,120,0,10,51,57,46,23,0,2,14,22,11,18,0,8,37,35,35,5
20233,A,골목상권,3110833,상도역 2번,255,163,92,2,20,61,74,74,24,0,17,49,47,34,16,2,3,12,27,40,8
20233,A,골목상권,3110819,신대방역 4번,456,226,230,0,62,93,114,73,114,0,14,33,50,48,81,0,48,60,64,25,33
20233,A,골목상권,3110876,서원동주민센터(신관중학교),49,29,20,0,5,9,16,9,10,0,2,4,10,4,9,0,3,5,6,5,1
20233,A,골목상권,3110889,봉천역 6번,376,317,59,0,29,36,69,136,106,0,18,20,47,130,102,0,11,16,22,6,4
20233,A,골목상권,3110901,인헌고등학교(인헌중학교),245,143,102,3,39,58,73,51,21,3,21,35,38,30,16,0,18,23,35,21,5
20233,A,골목상권,3110908,구반포역,1517,376,1141,0,66,110,396,804,141,0,42,53,71,141,69,0,24,57,325,663,72
20233,A,골목상권,3110916,내방역 4번,1152,592,560,9,216,272,301,208,146,6,58,167,187,91,83,3,158,105,114,117,63
20233,A,골목상권,3110914,내방역 6번,146,116,30,0,26,31,37,26,26,0,17,26,26,24,23,0,9,5,11,2,3
20233,A,골목상권,3110919,내방역 8번,1289,936,353,3,122,279,365,332,188,1,51,165,297,279,143,2,71,114,68,53,45
20233,A,골목상권,3110981,국악고교사거리,361,216,145,2,57,77,110,81,34,0,27,36,72,56,25,2,30,41,38,25,9
20233,A,골목상권,3110952,논현목련공원,117,65,52,0,21,23,27,22,24,0,9,13,13,14,16,0,12,10,14,8,8
20233,A,골목상권,3110953,학동근린공원,2487,1583,904,15,679,891,571,218,113,0,336,572,409,180,86,15,343,319,162,38,27
20233,A,골목상권,3110968,강남구청역 2번,1023,596,427,7,327,204,133,121,231,4,177,117,81,68,149,3,150,87,52,53,82
20233,A,골목상권,3110966,논현2동주민센터,1634,1016,618,18,470,498,299,216,133,7,256,298,200,146,109,11,214,200,99,70,24
20233,A,골목상권,3110996,대치2동주민센터,1940,1218,722,2,81,274,345,337,901,0,47,206,276,245,444,2,34,68,69,92,457
20233,A,골목상권,3110982,강남구보훈회관,166,74,92,0,31,34,41,41,19,0,7,13,25,14,15,0,24,21,16,27,4
20233,A,골목상권,3111002,한국교통안전공단 강남자동차검사소,317,115,202,0,22,63,65,96,71,0,7,31,21,26,30,0,15,32,44,70,41
20233,A,골목상권,3110973,강남구청역 4번,1448,784,664,4,275,332,289,269,279,1,146,203,162,128,144,3,129,129,127,141,135
20233,A,골목상권,3110987,영동대교남단,410,201,209,1,80,64,74,101,90,1,40,36,31,40,53,0,40,28,43,61,37
20233,A,골목상권,3111022,석촌중학교(방이육교),686,344,342,1,59,145,176,222,83,0,37,95,98,70,44,1,22,50,78,152,39
20233,A,골목상권,3111041,거여역 8번,411,336,75,1,102,118,81,62,47,1,84,93,67,50,41,0,18,25,14,12,6
20233,A,골목상권,3111014,송파나루역 2번,521,273,248,1,42,75,119,190,94,0,21,42,67,83,60,1,21,33,52,107,34
20233,A,골목상권,3111031,장지동주민센터(한림연예예술고교),3127,2317,810,8,263,415,651,857,933,2,170,330,497,648,670,6,93,85,154,209,263
20233,A,골목상권,3111084,길동신동아아파트,169,104,65,2,27,32,37,58,13,2,21,23,24,25,9,0,6,9,13,33,4
20233,A,골목상권,3111073,둔촌동역 1번(한산중학교),973,578,395,1,134,224,250,206,158,1,58,122,160,124,113,0,76,102,90,82,45
20233,A,골목상권,3111072,굽은다리역 1번(십자성마을),747,473,274,1,59,119,201,187,180,0,20,70,116,127,140,1,39,49,85,60,40
20233,A,골목상권,3110017,정독도서관,650,322,328,0,133,273,152,58,34,0,26,130,93,43,30,0,107,143,59,15,4
20233,A,골목상권,3110004,대신고등학교,32,14,18,0,3,4,8,14,3,0,1,0,3,8,2,0,2,4,5,6,1
20233,A,골목상권,3110002,독립문역 1번,475,121,354,1,146,140,118,44,26,1,25,25,41,14,15,0,121,115,77,30,11
20233,A,골목상권,3110025,충신시장옆,213,129,84,2,17,46,63,56,29,0,6,23,43,33,24,2,11,23,20,23,5
20233,A,골목상권,3110026,종로5가역 4번,190,120,70,0,22,41,73,27,27,0,9,28,47,14,22,0,13,13,26,13,5
20233,A,골목상권,3110031,창신역 1번,72,57,15,0,11,17,12,21,11,0,8,11,11,17,10,0,3,6,1,4,1
20233,A,골목상권,3110016,평창동동측,2303,1051,1252,9,318,614,663,433,266,4,126,304,354,163,100,5,192,310,309,270,166
20233,A,골목상권,3110020,서울국제고등학교,593,291,302,1,141,279,101,49,22,1,41,139,70,26,14,0,100,140,31,23,8
20233,A,골목상권,3110048,장충동주민센터,5315,2706,2609,21,867,1339,1513,1367,208,5,338,768,756,707,132,16,529,571,757,660,76
20233,A,골목상권,3110046,버티고개,104,74,30,0,6,23,40,28,7,0,3,17,28,20,6,0,3,6,12,8,1
20233,A,골목상권,3110047,다산성곽길,160,89,71,0,36,43,36,27,18,0,23,29,21,7,9,0,13,14,15,20,9
20233,A,골목상권,3110110,상왕십리역 6번,87,54,33,1,12,16,24,18,16,1,7,11,13,10,12,0,5,5,11,8,4
20233,A,골목상권,3110591,충정로역 6번,87,48,39,0,15,19,21,28,4,0,9,9,11,16,3,0,6,10,10,12,1
20233,A,골목상권,3110086,이태원역 북측,9244,3609,5635,12,3187,3891,1654,428,72,3,733,1558,905,355,55,9,2454,2333,749,73,17
20233,A,골목상권,3110085,경리단길남측,532,260,272,4,98,163,148,67,52,2,40,59,78,41,40,2,58,104,70,26,12
20233,A,골목상권,3110066,서울역 15번,748,467,281,6,152,227,156,125,82,3,81,151,104,66,62,3,71,76,52,59,20
20233,A,골목상권,3110105,금동어린이공원,38,17,21,0,1,7,11,10,9,0,0,2,3,6,6,0,1,5,8,4,3
20233,A,골목상권,3110116,청계천박물관,4825,3644,1181,29,323,769,1077,1762,865,26,206,565,875,1315,657,3,117,204,202,447,208
20233,A,골목상권,3110128,성원중학교,911,573,338,1,98,165,255,266,126,1,53,94,157,170,98,0,45,71,98,96,28
20233,A,골목상권,3110120,서울숲카페거리,79,49,30,0,8,12,35,18,6,0,3,8,23,10,5,0,5,4,12,8,1
20233,A,골목상권,3110124,뚝섬역교차로,1253,1006,247,7,170,155,222,312,387,6,94,111,169,268,358,1,76,44,53,44,29
20233,A,골목상권,3110129,성원어린이공원,640,405,235,1,65,118,131,180,145,0,35,70,86,107,107,1,30,48,45,73,38
20233,A,골목상권,3110132,성수2가3동주민센터,786,521,265,0,97,182,220,197,90,0,67,133,145,108,68,0,30,49,75,89,22
20233,A,골목상권,3110111,대현산장미원,51,40,11,0,6,7,6,17,15,0,6,4,4,13,13,0,0,3,2,4,2
20233,A,골목상권,3110166,구의1동주민센터,552,292,260,1,70,121,177,115,68,1,20,59,99,60,53,0,50,62,78,55,15
20233,A,골목상권,3110160,광진경찰서,819,680,139,0,149,322,180,157,11,0,110,261,150,149,10,0,39,61,30,8,1
20233,A,골목상권,3110145,장안초등학교,7,4,3,0,0,1,2,3,1,0,0,0,1,3,0,0,0,1,1,0,1
20233,A,골목상권,3110164,아차산역 5번,731,494,237,3,111,126,143,164,184,0,61,77,101,112,143,3,50,49,42,52,41
20233,A,골목상권,3110158,중곡3동주민센터,715,518,197,1,113,210,184,138,69,0,73,168,123,104,50,1,40,42,61,34,19
20233,A,골목상권,3110227,답십리공원,229,93,136,0,16,30,77,84,22,0,13,16,27,23,14,0,3,14,50,61,8
20233,A,골목상권,3110181,신설동역 9번,1864,1212,652,12,209,232,286,440,685,12,150,162,188,282,418,0,59,70,98,158,267
20233,A,골목상권,3110192,동의보감타워,70,45,25,0,7,10,25,16,12,0,2,6,17,10,10,0,5,4,8,6,2
20233,A,골목상권,3110182,용두희망어린이공원,370,249,121,0,38,71,108,87,66,0,20,47,67,64,51,0,18,24,41,23,15
20233,A,골목상권,3110223,군자초등학교,94,56,38,0,13,17,26,24,14,0,4,10,17,15,10,0,9,7,9,9,4
20233,A,골목상권,3110191,고려대역 6번,48,41,7,0,1,12,14,9,12,0,1,10,11,8,11,0,0,2,3,1,1
20233,A,골목상권,3110193,고려대역 4번,48,37,11,0,5,11,11,10,11,0,3,5,10,10,9,0,2,6,1,0,2
20233,A,골목상권,3110208,시조사삼거리,75,56,19,0,2,14,7,17,35,0,1,7,2,11,35,0,1,7,5,6,0
20233,A,골목상권,3110270,혜원여고,168,148,20,0,4,5,7,70,82,0,4,3,6,59,76,0,0,2,1,11,6
20233,A,골목상권,3110274,서일대학교,523,360,163,0,46,59,135,146,137,0,8,37,89,115,111,0,38,22,46,31,26
20233,A,골목상권,3110277,러스크서울병원,145,78,67,0,12,30,29,43,31,0,4,13,16,23,22,0,8,17,13,20,9
20233,A,골목상권,3110253,중곡초등학교,181,106,75,0,31,31,44,49,26,0,10,17,23,35,21,0,21,14,21,14,5
20233,A,골목상권,3110249,중화역 1번,764,479,285,0,68,129,205,203,159,0,31,61,105,139,143,0,37,68,100,64,16
20233,A,골목상권,3110250,화랑대역 7번,111,69,42,0,7,20,32,34,18,0,5,12,15,23,14,0,2,8,17,11,4
20233,A,골목상권,3110235,세화어린이공원,17,12,5,0,6,3,1,5,2,0,5,1,1,3,2,0,1,2,0,2,0
20233,A,골목상권,3110306,미아초등학교,317,218,99,2,13,50,81,77,94,0,3,29,53,50,83,2,10,21,28,27,11
20233,A,골목상권,3110304,보문역 4번,248,146,102,0,40,77,61,48,22,0,10,46,35,37,18,0,30,31,26,11,4
20233,A,골목상권,3110291,한성대입구역 3번,342,172,170,2,27,49,94,91,79,0,14,24,49,51,34,2,13,25,45,40,45
20233,A,골목상권,3110336,석관고등학교,94,84,10,0,3,17,16,37,21,0,3,15,13,34,19,0,0,2,3,3,2
20233,A,골목상권,3110335,석계역 7번,249,172,77,1,19,32,66,64,67,0,13,18,34,45,62,1,6,14,32,19,5
20233,A,골목상권,3110327,상월곡역 2번,118,60,58,0,8,17,42,31,20,0,3,8,24,14,11,0,5,9,18,17,9
20233,A,골목상권,3110330,돌곶이역 1번,220,172,48,0,12,18,33,31,126,0,4,12,20,23,113,0,8,6,13,8,13
20233,A,골목상권,3110332,돌곶이역 3번,164,63,101,0,28,29,42,47,18,0,6,18,19,14,6,0,22,11,23,33,12
20233,A,골목상권,3110347,구세군강북종합사회복지관,38,17,21,0,10,7,5,9,7,0,1,5,1,5,5,0,9,2,4,4,2
20233,A,골목상권,3110344,화계중학교,12,10,2,0,7,1,1,2,1,0,5,1,1,2,1,0,2,0,0,0,0
20233,A,골목상권,3110353,수유동우체국,187,91,96,0,4,18,48,60,57,0,1,12,33,27,18,0,3,6,15,33,39
20233,A,골목상권,3110337,아카데미하우스,512,368,144,6,70,69,94,159,114,6,43,58,60,98,103,0,27,11,34,61,11
20233,A,골목상권,3110397,도봉산입구,469,257,212,0,31,56,101,131,150,0,6,34,39,73,105,0,25,22,62,58,45
20233,A,골목상권,3110406,도봉산역 1번,634,573,61,0,10,29,139,292,164,0,3,17,126,276,151,0,7,12,13,16,13
20233,A,골목상권,3110387,쌍문초등학교,307,169,138,0,37,47,91,75,57,0,13,24,49,39,44,0,24,23,42,36,13
20233,A,골목상권,3110389,한일병원,209,120,89,0,23,37,57,53,39,0,10,19,35,30,26,0,13,18,22,23,13
20233,A,골목상권,3110435,서울과학기술대,73,40,33,0,5,12,18,25,13,0,3,4,8,14,11,0,2,8,10,11,2
20233,A,골목상권,3110415,수락산역 4번,635,386,249,5,82,110,155,174,109,5,46,71,85,110,69,0,36,39,70,64,40
20233,A,골목상권,3110436,상계제일중학교,93,60,33,0,15,21,33,20,4,0,5,13,23,15,4,0,10,8,10,5,0
20233,A,골목상권,3110432,대진고등학교,894,734,160,0,55,146,248,343,102,0,27,96,214,311,86,0,28,50,34,32,16
20233,A,골목상권,3110483,연천초등학교,119,74,45,0,11,16,34,17,41,0,3,9,26,10,26,0,8,7,8,7,15
20233,A,골목상권,3110491,불광중학교,43,14,29,0,3,5,13,9,13,0,1,1,5,3,4,0,2,4,8,6,9
20233,A,골목상권,3110452,새절역 3번,373,317,56,1,10,36,63,123,140,1,7,25,47,107,130,0,3,11,16,16,10
20233,A,골목상권,3110471,응암동우체국,263,117,146,0,34,61,73,70,25,0,11,21,28,35,22,0,23,40,45,35,3
20233,A,골목상권,3110469,응암정보도서관,344,188,156,1,38,58,104,104,39,0,11,29,61,57,30,1,27,29,43,47,9
20233,A,골목상권,3110497,가좌역 3번,325,253,72,0,17,43,89,123,53,0,3,17,75,115,43,0,14,26,14,8,10
20233,A,골목상권,3110500,남가좌동현대아파트,74,54,20,0,12,13,23,22,4,0,8,9,17,17,3,0,4,4,6,5,1
20233,A,골목상권,3110494,증산3교남측,31,24,7,0,1,8,7,9,6,0,0,7,5,7,5,0,1,1,2,2,1
20233,A,골목상권,3110530,아현역 1번,36,20,16,0,5,5,7,15,4,0,2,5,4,6,3,0,3,0,3,9,1
20233,A,골목상권,3110509,연희대우아파트앞,391,210,181,0,39,105,101,88,58,0,13,52,51,53,41,0,26,53,50,35,17
20233,A,골목상권,3110524,연희세브란스병원,51,23,28,0,10,13,15,8,5,0,5,6,6,3,3,0,5,7,9,5,2
20233,A,골목상권,3110501,연희어린이공원,214,82,132,0,12,33,40,75,54,0,3,20,15,18,26,0,9,13,25,57,28
20233,A,골목상권,3110539,미근동,2792,1821,971,13,225,688,889,822,155,9,167,550,547,424,124,4,58,138,342,398,31
20233,A,골목상권,3110519,서대문구보건소별관,341,156,185,0,42,73,79,94,53,0,14,33,44,37,28,0,28,40,35,57,25
20233,A,골목상권,3110576,대흥역 3번,1605,1112,493,71,503,480,308,163,80,27,310,365,253,111,46,44,193,115,55,52,34
20233,A,골목상권,3110573,신촌역 6번,28,10,18,0,7,3,6,6,6,0,2,0,3,1,4,0,5,3,3,5,2
20233,A,골목상권,3110563,상수역 3번,309,246,63,11,75,122,61,17,23,9,60,95,50,13,19,2,15,27,11,4,4
20233,A,골목상권,3110564,홍대입구역 3번,471,211,260,0,54,125,161,78,53,0,19,47,103,22,20,0,35,78,58,56,33
20233,A,골목상권,3110621,목동역 5번,163,78,85,0,19,44,33,45,22,0,1,21,19,23,14,0,18,23,14,22,8
20233,A,골목상권,3110592,서울금융고등학교,431,337,94,0,18,34,71,147,161,0,9,13,44,124,147,0,9,21,27,23,14
20233,A,골목상권,3110604,신월4동주민센터,635,526,109,0,13,50,120,232,220,0,6,29,87,191,213,0,7,21,33,41,7
20233,A,골목상권,3110595,메디힐병원,731,459,272,0,80,148,163,185,155,0,34,85,86,136,118,0,46,63,77,49,37
20233,A,골목상권,3110603,지향초등학교,187,104,83,0,12,54,55,38,28,0,5,28,33,19,19,0,7,26,22,19,9
20233,A,골목상권,3110625,신정2동주민센터,726,454,272,2,98,196,215,155,60,0,51,124,146,94,39,2,47,72,69,61,21
20233,A,골목상권,3110694,세곡초등학교,438,243,195,2,55,148,88,96,49,0,24,75,49,59,36,2,31,73,39,37,13
20233,A,골목상권,3110614,목동로데오거리,596,292,304,0,69,85,114,216,112,0,42,44,58,103,45,0,27,41,56,113,67
20233,A,골목상권,3110643,강서구다솔마을,653,413,240,1,97,165,199,139,52,0,47,101,136,93,36,1,50,64,63,46,16
20233,A,골목상권,3110667,가양역 10번,177,126,51,0,33,32,56,36,20,0,21,20,38,29,18,0,12,12,18,7,2
20233,A,골목상권,3110639,신방화역 8번,534,376,158,1,76,67,89,155,146,1,18,26,52,140,139,0,58,41,37,15,7
20233,A,골목상권,3110641,공항고등학교,345,236,109,2,46,95,100,79,23,1,30,72,61,52,20,1,16,23,39,27,3
20233,A,골목상권,3110633,개화산역 1번,28,14,14,0,0,6,10,7,5,0,0,1,5,3,5,0,0,5,5,4,0
20233,A,골목상권,3110642,정곡초등학교,193,163,30,2,8,14,35,69,65,1,4,10,30,58,60,1,4,4,5,11,5
20233,A,골목상권,3110678,염창무학아파트,285,214,71,1,34,65,92,60,33,1,17,53,72,47,24,0,17,12,20,13,9
20233,A,골목상권,3110653,화곡역 2번,917,494,423,1,191,273,240,171,41,0,79,137,119,135,24,1,112,136,121,36,17
20233,A,골목상권,3110661,강서새말어린이공원,126,48,78,0,3,13,30,38,42,0,2,8,10,9,19,0,1,5,20,29,23
20233,A,골목상권,3110664,강서구청옆,111,48,63,0,14,10,31,43,13,0,11,7,10,9,11,0,3,3,21,34,2
20233,A,골목상권,3110663,우장산롯데캐슬아파트앞,279,217,62,0,6,19,48,106,100,0,3,13,26,82,93,0,3,6,22,24,7
20233,A,골목상권,3110710,남구로역 3번,606,370,236,3,83,96,105,121,198,3,46,63,63,68,127,0,37,33,42,53,71
20233,A,골목상권,3110683,오류고등학교,75,46,29,0,12,15,23,18,7,0,9,8,14,8,7,0,3,7,9,10,0
20233,A,골목상권,3110687,"천왕역 3번(오류2동주민센터, 서울오류남초등학교)",21,16,5,0,2,3,5,6,5,0,1,3,4,4,4,0,1,0,1,2,1
20233,A,골목상권,3110740,금천해태공원,646,280,366,1,135,134,136,170,70,1,47,54,56,71,51,0,88,80,80,99,19
20233,A,골목상권,3110733,금천어울림복지센터,374,293,81,3,34,89,74,90,84,3,22,67,59,66,76,0,12,22,15,24,8
20233,A,골목상권,3110739,시흥3동 우편취급국,99,77,22,0,4,22,30,27,16,0,1,16,26,21,13,0,3,6,4,6,3
20233,A,골목상권,3110794,영동초등학교,622,482,140,0,72,112,182,170,86,0,37,84,150,136,75,0,35,28,32,34,11
20233,A,골목상권,3110775,대동초등학교,59,28,31,0,4,13,20,14,8,0,1,6,6,9,6,0,3,7,14,5,2
20233,A,골목상권,3110814,서울지방병무청,673,364,309,1,51,117,155,236,113,1,23,79,97,104,60,0,28,38,58,132,53
20233,A,골목상권,3110802,신길동홍어거리,336,159,177,1,59,113,86,61,16,0,18,45,44,40,12,1,41,68,42,21,4
20233,A,골목상권,3110791,신풍역 3번,25,17,8,0,1,5,9,9,1,0,0,2,6,8,1,0,1,3,3,1,0
20233,A,골목상권,3110773,당산역 13번,161,127,34,0,24,40,31,22,44,0,20,33,19,18,37,0,4,7,12,4,7
20233,A,골목상권,3110796,한림대학교한강성심병원,87,52,35,1,7,19,26,19,15,0,4,11,17,9,11,1,3,8,9,10,4
20233,A,골목상권,3110849,이수역 10번,220,130,90,1,37,52,58,40,32,0,12,33,34,25,26,1,25,19,24,15,6
20233,A,골목상권,3110845,사당종합체육관,101,50,51,0,8,17,35,26,15,0,5,8,19,9,9,0,3,9,16,17,6
20233,A,골목상권,3110846,남성역 1번,535,290,245,1,66,120,146,135,67,0,25,59,78,74,54,1,41,61,68,61,13
20233,A,골목상권,3110838,상도1동주민센터앞,131,122,9,0,3,32,30,35,31,0,3,27,27,35,30,0,0,5,3,0,1
20233,A,골목상권,3110826,장승배기역 4번,366,149,217,2,20,37,57,103,147,1,8,22,28,38,52,1,12,15,29,65,95
20233,A,골목상권,3110842,흑리단길,53,22,31,0,10,9,10,16,8,0,4,3,5,5,5,0,6,6,5,11,3
20233,A,골목상권,3110895,샤로수길,1796,1222,574,3,307,721,360,233,172,2,170,534,234,152,130,1,137,187,126,81,42
20233,A,골목상권,3110862,난곡초등학교(난곡동벽화마을),84,41,43,0,4,13,14,34,19,0,2,6,11,15,7,0,2,7,3,19,12
20233,A,골목상권,3110881,구립대학경로당(관악산샘말공원),1580,1288,292,1,317,450,449,266,97,1,225,374,391,229,68,0,92,76,58,37,29
20233,A,골목상권,3110868,남부초등학교,232,126,106,0,20,29,45,49,89,0,11,23,22,28,42,0,9,6,23,21,47
20233,A,골목상권,3110884,봉천역 4번(봉천110안전센터),372,284,88,1,17,30,61,98,165,0,1,8,49,84,142,1,16,22,12,14,23
20233,A,골목상권,3110945,본마을노인복지센터(서초구립내곡도서관),191,114,77,3,44,57,37,33,17,3,14,31,25,28,13,0,30,26,12,5,4
20233,A,골목상권,3110904,이수역 5번,835,468,367,4,167,217,239,139,69,1,90,125,135,59,58,3,77,92,104,80,11
20233,A,골목상권,3110911,방배배수지체육공원,29,22,7,0,6,3,7,5,8,0,6,2,4,4,6,0,0,1,3,1,2
20233,A,골목상권,3110923,방배역 1번,210,153,57,0,34,56,55,41,24,0,21,38,42,34,18,0,13,18,13,7,6
20233,A,골목상권,3110925,서초중학교,874,497,377,0,104,137,244,222,167,0,38,65,146,132,116,0,66,72,98,90,51
20233,A,골목상권,3110939,양재역 8번(양재동우체국),5949,4099,1850,23,970,1420,1461,1174,901,15,499,989,1053,799,744,8,471,431,408,375,157
20233,A,골목상권,3110957,언북중학교,1251,831,420,1,262,379,317,147,145,1,146,241,215,109,119,0,116,138,102,38,26
20233,A,골목상권,3110989,대치동아우편취급국,444,270,174,9,90,148,75,68,54,0,43,102,43,44,38,9,47,46,32,24,16
20233,A,골목상권,3110965,언주역 6번,1139,788,351,1,174,379,378,142,65,1,104,276,284,74,49,0,70,103,94,68,16
20233,A,골목상권,3110976,언북초등학교,578,332,246,1,111,188,126,86,66,0,41,115,83,49,44,1,70,73,43,37,22
20233,A,골목상권,3111036,투구봉어린이공원,209,119,90,1,22,40,55,62,29,1,7,20,26,39,26,0,15,20,29,23,3
20233,A,골목상권,3111009,송파책박물관,130,94,36,1,13,38,28,24,26,0,11,32,18,15,18,1,2,6,10,9,8
20233,A,골목상권,3111013,송파나루역 1번(송리단길),2234,1456,778,8,320,568,650,435,253,3,160,384,445,290,174,5,160,184,205,145,79
20233,A,골목상권,3111039,벌말어린이공원,485,353,132,8,85,125,121,94,52,8,51,89,88,72,45,0,34,36,33,22,7
20233,A,골목상권,3111058,성내중학교,451,317,134,0,51,92,129,121,58,0,37,63,90,82,45,0,14,29,39,39,13
20233,A,골목상권,3111055,선사초등학교,673,29,644,0,14,28,137,373,121,0,4,7,8,6,4,0,10,21,129,367,117
20233,A,골목상권,3111075,굽은다리역 2번,193,114,79,0,14,42,54,52,31,0,14,28,24,31,17,0,0,14,30,21,14
20233,A,골목상권,3111063,강동구립 천호도서관,368,182,186,0,25,44,81,85,133,0,5,15,21,30,111,0,20,29,60,55,22
20233,A,골목상권,3110009,자하문터널,930,456,474,0,207,326,226,121,50,0,91,162,105,63,35,0,116,164,121,58,15
20233,A,골목상권,3110033,창신역 4번,166,89,77,0,26,42,35,40,23,0,6,22,17,25,19,0,20,20,18,15,4
20233,A,골목상권,3110023,서울대병원,92,33,59,0,9,24,23,20,16,0,3,7,10,5,8,0,6,17,13,15,8
20233,A,골목상권,3110022,경신고등학교,506,385,121,11,133,157,117,54,34,10,99,119,89,42,26,1,34,38,28,12,8
20233,A,골목상권,3110044,관성묘,405,300,105,0,50,135,145,51,24,0,24,90,125,44,17,0,26,45,20,7,7
20233,A,골목상권,3110074,서울역 12번,8149,1751,6398,152,5985,1340,330,181,161,9,598,652,233,134,125,143,5387,688,97,47,36
20233,A,골목상권,3110081,해방촌 남동측,231,122,109,0,45,63,54,42,27,0,14,35,27,23,23,0,31,28,27,19,4
20233,A,골목상권,3110084,경리단길북측,315,168,147,0,47,85,84,57,42,0,23,36,39,36,34,0,24,49,45,21,8
20233,A,골목상권,3110071,한강미주맨션아파트,315,191,124,0,42,85,69,57,62,0,21,46,40,42,42,0,21,39,29,15,20
20233,A,골목상권,3110590,만리재,97,50,47,0,19,23,23,25,7,0,6,12,11,16,5,0,13,11,12,9,2
20233,A,골목상권,3110070,용산세무서,184,130,54,0,21,54,55,24,30,0,8,37,41,18,26,0,13,17,14,6,4
20233,A,골목상권,3110062,한강로동땡땡거리(은행나무길),1506,884,622,9,319,423,319,208,228,6,142,225,216,138,157,3,177,198,103,70,71
20233,A,골목상권,3110079,후암동주민센터,1084,584,500,4,223,262,267,196,132,3,73,156,156,105,91,1,150,106,111,91,41
20233,A,골목상권,3110101,옥정중학교,218,121,97,0,55,51,65,31,16,0,24,34,43,13,7,0,31,17,22,18,9
20233,A,골목상권,3110102,옥수역 6번,175,116,59,0,22,39,48,41,25,0,11,21,31,31,22,0,11,18,17,10,3
20233,A,골목상권,3110179,광나루역 1번,911,620,291,0,142,209,188,233,139,0,82,160,157,154,67,0,60,49,31,79,72
20233,A,골목상권,3110180,광진정보도서관,5440,3602,1838,17,1593,2056,1086,499,189,5,872,1464,782,331,148,12,721,592,304,168,41
20233,A,골목상권,3110159,구의역 4번,663,391,272,1,125,115,158,132,132,1,58,62,85,87,98,0,67,53,73,45,34
20233,A,골목상권,3110153,중곡1동주민센터,241,83,158,1,42,57,67,57,17,0,14,22,22,17,8,1,28,35,45,40,9
20233,A,골목상권,3110142,화양사거리,215,108,107,1,37,47,45,53,32,1,20,25,24,17,21,0,17,22,21,36,11
20233,A,골목상권,3110148,어린이대공원역 3번,17,12,5,0,3,3,6,5,0,0,0,2,5,5,0,0,3,1,1,0,0
20233,A,골목상권,3110183,한국의류시험연구원,839,447,392,3,238,307,149,75,67,1,88,162,81,58,57,2,150,145,68,17,10
20233,A,골목상권,3110228,장안근린공원,1992,1184,808,40,1381,313,92,101,65,24,788,223,60,54,35,16,593,90,32,47,30
20233,A,골목상권,3110975,매봉역 1번,10837,6932,3905,34,2175,2199,3202,3019,208,21,1010,1161,2184,2402,154,13,1165,1038,1018,617,54
20233,A,골목상권,3110210,서울시립대,341,253,88,1,9,19,24,34,254,1,4,12,10,21,205,0,5,7,14,13,49
20233,A,골목상권,3110197,세종대왕기념관교차로,67,46,21,0,8,19,26,9,5,0,4,15,19,7,1,0,4,4,7,2,4
20233,A,골목상권,3110243,중랑노인종합복지관,298,114,184,1,30,49,74,104,40,0,5,21,37,31,20,1,25,28,37,73,20
20233,A,골목상권,3110259,사가정역 1번,543,425,118,2,48,108,172,159,54,2,29,73,131,140,50,0,19,35,41,19,4
20233,A,골목상권,3110269,용마문화복지센터,169,98,71,0,19,53,52,28,17,0,13,32,30,19,4,0,6,21,22,9,13
20233,A,골목상권,3110252,장안제일시장,712,505,207,1,64,101,159,195,192,1,42,73,87,131,171,0,22,28,72,64,21
20233,A,골목상권,3110247,먹골역 1번,381,176,205,0,54,79,123,81,44,0,21,30,55,39,31,0,33,49,68,42,13
20233,A,골목상권,3110255,상봉역 4번,327,208,119,0,39,52,78,92,66,0,20,24,46,62,56,0,19,28,32,30,10
20233,A,골목상권,3110262,상봉역 3번,1530,878,652,2,221,447,542,268,50,0,119,337,281,107,34,2,102,110,261,161,16
20233,A,골목상권,3110271,신내역 1번,97,74,23,0,8,17,25,29,18,0,5,14,18,23,14,0,3,3,7,6,4
20233,A,골목상권,3110251,장안중학교,147,104,43,0,8,34,46,39,20,0,3,23,34,27,17,0,5,11,12,12,3
20233,A,골목상권,3110244,중화역 4번,250,175,75,1,8,26,49,44,122,1,4,11,32,30,97,0,4,15,17,14,25
20233,A,골목상권,3110296,성신여대입구역 4번,77,39,38,1,7,12,30,11,16,1,3,7,15,8,5,0,4,5,15,3,11
20233,A,골목상권,3110297,경동고등학교,654,311,343,0,74,123,156,164,137,0,31,65,74,79,62,0,43,58,82,85,75
20233,A,골목상권,3110280,북정마을,73,38,35,0,7,10,22,23,11,0,3,3,9,15,8,0,4,7,13,8,3
20233,A,골목상권,3110287,정릉3동주민센터,70,50,20,0,9,12,18,19,12,0,5,8,15,12,10,0,4,4,3,7,2
20233,A,골목상권,3110317,종암중학교,411,206,205,0,33,120,153,85,20,0,14,47,78,58,9,0,19,73,75,27,11
20233,A,골목상권,3110375,서울북부고용노동지청,110,55,55,1,12,20,31,32,14,0,8,15,16,11,5,1,4,5,15,21,9
20233,A,골목상권,3110354,삼각산119안전센터,22,5,17,0,2,3,10,5,2,0,0,0,2,1,2,0,2,3,8,4,0
20233,A,골목상권,3110378,송중동주민센터,23,13,10,0,1,4,6,9,3,0,1,2,2,6,2,0,0,2,4,3,1
20233,A,골목상권,3110350,가오리역 2번,148,77,71,0,11,27,37,49,24,0,5,11,18,26,17,0,6,16,19,23,7
20233,A,골목상권,3110410,방학역 2번,957,833,124,3,75,187,185,224,283,2,61,162,154,194,260,1,14,25,31,30,23
20233,A,골목상권,3110411,도봉역 3번,421,379,42,0,13,31,61,141,175,0,11,20,48,133,167,0,2,11,13,8,8
20233,A,골목상권,3110400,도봉구보건소,191,111,80,0,20,35,53,51,32,0,9,22,32,26,22,0,11,13,21,25,10
20233,A,골목상권,3110399,창2동주민센터,849,516,333,8,110,207,262,192,70,8,69,157,137,97,48,0,41,50,125,95,22
20233,A,골목상권,3110409,창동역 2번,396,202,194,0,33,43,83,109,128,0,12,29,59,45,57,0,21,14,24,64,71
20233,A,골목상권,3110434,태릉입구역 4번,121,62,59,0,13,11,24,35,38,0,3,2,12,22,23,0,10,9,12,13,15
20233,A,골목상권,3110426,상계2동주민센터,337,169,168,0,32,57,83,96,69,0,15,30,39,45,40,0,17,27,44,51,29
20233,A,골목상권,3110414,장석교회,66,51,15,0,7,16,15,20,8,0,5,13,11,17,5,0,2,3,4,3,3
20233,A,골목상권,3110465,연신내역 7번,240,119,121,3,38,52,57,54,36,2,12,29,25,25,26,1,26,23,32,29,10
20233,A,골목상권,3110490,녹번동근린공원,311,170,141,0,30,65,86,76,54,0,11,31,48,45,35,0,19,34,38,31,19
20233,A,골목상권,3110489,불광역 3번,35,25,10,0,3,7,10,10,5,0,3,4,7,6,5,0,0,3,3,4,0
20233,A,골목상권,3110479,연신내역 2번,318,181,137,1,50,84,68,69,46,0,28,71,35,32,15,1,22,13,33,37,31
20233,A,골목상권,3110492,하나고등학교,238,38,200,1,5,13,11,95,113,0,0,7,7,8,16,1,5,6,4,87,97
20233,A,골목상권,3110493,북가좌초등학교,892,830,62,0,2,19,27,80,764,0,0,12,22,68,728,0,2,7,5,12,36
20233,A,골목상권,3110514,서대문우체국,86,19,67,0,26,26,17,9,8,0,0,4,7,4,4,0,26,22,10,5,4
20233,A,골목상권,3110508,서연중학교,947,425,522,9,139,241,158,245,155,3,62,148,74,76,62,6,77,93,84,169,93
20233,A,골목상권,3110513,연희파출소,457,241,216,0,51,87,110,130,79,0,17,46,58,69,51,0,34,41,52,61,28
20233,A,골목상권,3110518,서대문구청,129,72,57,0,22,38,30,23,16,0,6,19,22,15,10,0,16,19,8,8,6
20233,A,골목상권,3110535,영천시장입구,488,333,155,2,36,65,112,164,109,2,19,35,78,130,69,0,17,30,34,34,40
20233,A,골목상권,3110538,충정로역 3번,284,178,106,0,12,42,56,66,108,0,5,27,35,42,69,0,7,15,21,24,39
20233,A,골목상권,3110525,홍은종합사회복지관,61,17,44,0,10,12,15,10,14,0,1,3,0,4,9,0,9,9,15,6,5
20233,A,골목상권,3110515,홍은중학교,396,312,84,1,45,118,119,68,45,1,33,93,94,52,39,0,12,25,25,16,6
20233,A,골목상권,3110583,공덕래미안3차아파트,12,7,5,0,2,3,1,1,5,0,1,2,1,0,3,0,1,1,0,1,2
20233,A,골목상권,3110562,연트럴파크(연남동주민센터),426,237,189,1,73,118,96,94,44,1,29,76,55,44,32,0,44,42,41,50,12
20233,A,골목상권,3110577,용강동주민센터,145,105,40,0,15,42,47,31,10,0,12,31,38,17,7,0,3,11,9,14,3
20233,A,골목상권,3110559,성산중학교,757,474,283,4,102,187,203,167,94,3,54,102,127,118,70,1,48,85,76,49,24
20233,A,골목상권,3110593,신월3동주민센터,304,157,147,0,38,65,76,87,38,0,12,32,45,44,24,0,26,33,31,43,14
20233,A,골목상권,3110605,목동센트럴아이파크앞,155,89,66,0,15,22,26,47,45,0,5,15,11,27,31,0,10,7,15,20,14
20233,A,골목상권,3110634,송정역 3번,664,434,230,0,64,143,178,145,134,0,33,90,116,101,94,0,31,53,62,44,40
20233,A,골목상권,3110637,송정역 2번,560,358,202,4,67,121,116,154,98,0,34,74,81,100,69,4,33,47,35,54,29
20233,A,골목상권,3110644,신광명마을,336,288,48,1,26,28,58,105,118,1,8,17,51,97,114,0,18,11,7,8,4
20233,A,골목상권,3110673,뜸부기어린이공원,253,143,110,0,37,52,62,64,38,0,21,29,31,34,28,0,16,23,31,30,10
20233,A,골목상권,3110717,남구로역 2번,570,271,299,0,108,155,142,104,61,0,49,84,75,34,29,0,59,71,67,70,32
20233,A,골목상권,3110704,고척중학교,62,36,26,0,12,23,10,12,5,0,7,12,3,11,3,0,5,11,7,1,2
20233,A,골목상권,3110711,구로초등학교,815,329,486,4,62,122,165,287,175,2,26,70,81,74,76,2,36,52,84,213,99
20233,A,골목상권,3110719,영서중학교,19,15,4,0,0,4,2,3,10,0,0,2,2,3,8,0,0,2,0,0,2
20233,A,골목상권,3110681,온수역 1번,94,70,24,0,6,30,30,17,11,0,5,22,21,12,10,0,1,8,9,5,1
20233,A,골목상권,3110686,수궁동주민센터,406,211,195,0,34,67,104,115,86,0,16,31,64,55,45,0,18,36,40,60,41
20233,A,골목상권,3110724,금천구립가산도서관,364,254,110,1,42,76,120,89,36,1,33,60,90,45,25,0,9,16,30,44,11
20233,A,골목상권,3110737,금천세무서,502,323,179,8,77,85,96,116,120,0,28,49,51,91,104,8,49,36,45,25,16
20233,A,골목상권,3110751,난곡중학교,733,399,334,2,48,217,242,177,47,2,21,117,128,91,40,0,27,100,114,86,7
20233,A,골목상권,3110770,영등포구청역 6번,263,191,72,1,45,49,77,45,46,1,24,41,54,28,43,0,21,8,23,17,3
20233,A,골목상권,3110774,당산반도유보라팰리스아파트,472,355,117,0,59,119,131,96,67,0,34,81,109,80,51,0,25,38,22,16,16
20233,A,골목상권,3110784,신대림초등학교,76,42,34,0,3,11,18,36,8,0,0,7,12,18,5,0,3,4,6,18,3
20233,A,골목상권,3110790,대림1동주민센터,741,337,404,1,74,163,282,161,60,1,46,71,89,77,53,0,28,92,193,84,7
20233,A,골목상권,3110767,도림동주민센터,11,0,11,0,4,3,3,1,0,0,0,0,0,0,0,0,4,3,3,1,0
20233,A,골목상권,3110816,대방역 6번,517,401,116,1,72,136,153,67,88,1,49,108,114,49,80,0,23,28,39,18,8
20233,A,골목상권,3110795,도림초등학교,533,356,177,0,20,49,80,128,256,0,8,36,48,74,190,0,12,13,32,54,66
20233,A,골목상권,3110805,신길새마을금고신길4동지점,45,27,18,0,6,12,12,8,7,0,2,7,6,5,7,0,4,5,6,3,0
20233,A,골목상권,3110797,KT대방빌딩,47,8,39,1,6,8,12,10,10,0,0,0,1,2,5,1,6,8,11,8,5
20233,A,골목상권,3110760,선유도역 6번,1792,1091,701,8,273,444,499,376,192,6,170,256,275,219,165,2,103,188,224,157,27
20233,A,골목상권,3110829,장승배기역 5번,534,416,118,0,195,137,78,52,72,0,177,106,49,39,45,0,18,31,29,13,27
20233,A,골목상권,3110848,양지어린이공원,486,307,179,0,36,68,152,132,98,0,6,39,85,93,84,0,30,29,67,39,14
20233,A,골목상권,3110837,숭실대입구역 1번,360,184,176,1,39,72,80,79,89,0,19,29,39,32,65,1,20,43,41,47,24
20233,A,골목상권,3110825,신대방삼거리역 1번,319,207,112,0,33,63,96,72,55,0,23,41,58,47,38,0,10,22,38,25,17
20233,A,골목상권,3110823,신대방삼거리역 3번,472,242,230,0,30,45,83,121,193,0,17,26,40,42,117,0,13,19,43,79,76
20233,A,골목상권,3110844,흑석2치안센터,11,7,4,0,2,2,4,0,3,0,1,2,2,0,2,0,1,0,2,0,1
20233,A,골목상권,3110865,남강고등학교(남강중학교),270,116,154,4,57,53,59,61,36,2,10,23,23,31,27,2,47,30,36,30,9
20233,A,골목상권,3110902,사당역 4번,1184,729,455,1,189,266,295,248,185,0,82,168,204,156,119,1,107,98,91,92,66
20233,A,골목상권,3110887,서울산업정보학교(서울삼성초등학교),12,5,7,0,1,3,4,4,0,0,0,0,1,4,0,0,1,3,3,0,0
20233,A,골목상권,3110860,호림박물관(성보고등학교),410,314,96,1,57,102,66,110,74,1,44,84,47,78,60,0,13,18,19,32,14
20233,A,골목상권,3110883,은천초등학교(은천교앞),208,124,84,2,21,43,70,48,24,1,12,25,42,28,16,1,9,18,28,20,8
20233,A,골목상권,3110894,관악동부센트레빌아파트(은천로35라길),20,8,12,0,2,4,3,6,5,0,0,2,1,2,3,0,2,2,2,4,2
20233,A,골목상권,3110869,"신림역 5번(신림동주민센터, 신림동별빛거리)",1026,681,345,1,79,136,248,233,329,1,36,73,143,155,273,0,43,63,105,78,56
20233,A,골목상권,3110877,신림역 8번,319,154,165,2,23,63,86,80,65,0,10,30,36,39,39,2,13,33,50,41,26
20233,A,골목상권,3110853,KT구로지사,217,130,87,0,21,49,65,51,31,0,9,27,44,28,22,0,12,22,21,23,9
20233,A,골목상권,3110897,서울대입구역 8번,219,139,80,0,16,45,69,64,25,0,7,24,40,44,24,0,9,21,29,20,1
20233,A,골목상권,3110924,반포4동주민센터(몽마르뜨공원),1071,732,339,5,171,236,323,252,84,1,78,150,243,200,60,4,93,86,80,52,24
20233,A,골목상권,3110922,내방역 1번,219,112,107,1,42,47,47,42,40,0,13,23,27,23,26,1,29,24,20,19,14
20233,A,골목상권,3110909,남태령역(서울전자고등학교),132,97,35,1,11,29,23,34,34,1,4,19,16,29,28,0,7,10,7,5,6
20233,A,골목상권,3110929,남부터미널역 1번,21130,10703,10427,21,4446,4558,3912,7143,1050,4,1209,1890,1718,5123,759,17,3237,2668,2194,2020,291
20233,A,골목상권,3110946,청계산원터골,41,21,20,0,2,4,8,13,14,0,2,2,6,3,8,0,0,2,2,10,6
20233,A,골목상권,3110980,개포지구대옆,663,482,181,0,90,198,202,111,62,0,45,142,168,72,55,0,45,56,34,39,7
20233,A,골목상권,3110951,신사은행나무공원,267,70,197,0,35,83,95,47,7,0,6,24,26,12,2,0,29,59,69,35,5
20233,A,골목상권,3111024,경찰병원역 4번(건너말공원),240,150,90,0,27,53,63,68,29,0,16,33,45,35,21,0,11,20,18,33,8
20233,A,골목상권,3111046,마천역(마천초등학교),708,400,308,1,76,146,171,195,119,0,46,85,84,95,90,1,30,61,87,100,29
20233,A,골목상권,3111044,남천초등학교,557,264,293,1,95,146,167,113,35,0,35,71,76,56,26,1,60,75,91,57,9
20233,A,골목상권,3111019,한성백제역 3번,1458,963,495,2,199,428,415,246,168,2,101,294,294,157,115,0,98,134,121,89,53
20233,A,골목상권,3111007,석촌고분역 4번,936,480,456,0,107,215,255,242,117,0,43,116,142,109,70,0,64,99,113,133,47
20233,A,골목상권,3111004,삼전역 1번,2036,1331,705,13,263,407,504,376,473,0,108,261,337,239,386,13,155,146,167,137,87
20233,A,골목상권,3111033,문정동성당,70,30,40,0,5,4,16,16,29,0,2,3,8,9,8,0,3,1,8,7,21
20233,A,골목상권,3111018,풍납초등학교(풍납백제문화공원),26,23,3,0,1,5,10,6,4,0,1,4,8,6,4,0,0,1,2,0,0
20233,A,골목상권,3111078,굽은다리역 4번,1753,1022,731,1,135,300,379,488,450,1,75,186,215,270,275,0,60,114,164,218,175
20233,A,골목상권,3111082,중앙보훈병원,64,44,20,0,3,9,11,23,18,0,1,3,5,18,17,0,2,6,6,5,1
20233,A,골목상권,3111086,한영중고,297,202,95,1,27,45,73,101,50,1,17,22,52,69,41,0,10,23,21,32,9
20233,A,골목상권,3111051,천호역 6번,394,242,152,2,65,77,85,88,77,1,44,54,54,47,42,1,21,23,31,41,35
20233,A,골목상권,3111064,둔촌동역 4번,157,98,59,0,13,34,47,40,23,0,3,21,30,28,16,0,10,13,17,12,7
20233,A,골목상권,3111070,천호초등학교,121,70,51,1,7,20,39,27,27,0,3,9,23,16,19,1,4,11,16,11,8
20233,A,골목상권,3111057,천호공원(해공체육문화센터),254,112,142,2,53,50,64,60,25,2,15,19,30,32,14,0,38,31,34,28,11
20233,A,골목상권,3110018,중앙고등학교,829,408,421,0,92,166,209,160,202,0,27,55,100,80,146,0,65,111,109,80,56
20233,A,골목상권,3110006,부암동주민센터,27,16,11,0,2,7,7,5,6,0,2,5,2,3,4,0,0,2,5,2,2
20233,A,골목상권,3110012,성곡미술관,1042,489,553,0,260,329,260,111,82,0,70,152,149,69,49,0,190,177,111,42,33
20233,A,골목상권,3110019,창덕궁,325,215,110,0,47,91,82,71,34,0,21,65,53,49,27,0,26,26,29,22,7
20233,A,골목상권,3110052,장충초등학교,484,281,203,0,43,100,132,130,79,0,16,63,75,82,45,0,27,37,57,48,34
20233,A,골목상권,3110038,경향신문사,1096,759,337,0,195,395,283,181,42,0,63,266,227,165,38,0,132,129,56,16,4
20233,A,골목상권,3110092,NH농협은행 보광동지점,468,168,300,0,90,111,103,94,70,0,11,47,34,33,43,0,79,64,69,61,27
20233,A,골목상권,3110083,서빙고역 1번,149,109,40,0,26,53,42,14,14,0,13,42,29,12,13,0,13,11,13,2,1
20233,A,골목상권,3110060,효창공원앞역 6번,287,170,117,0,28,62,80,73,44,0,10,34,48,47,31,0,18,28,32,26,13
20233,A,골목상권,3110068,남영역 1번,1090,615,475,8,161,257,250,224,190,6,60,135,151,138,125,2,101,122,99,86,65
20233,A,골목상권,3110091,리움미술관,1106,810,296,0,216,345,343,155,47,0,117,236,293,128,36,0,99,109,50,27,11
20233,A,골목상권,3110061,효창동주민센터,478,306,172,1,61,91,154,113,58,1,38,53,100,67,47,0,23,38,54,46,11
20233,A,골목상권,3110122,마장역 2번,461,270,191,1,60,87,116,112,85,1,32,59,68,60,50,0,28,28,48,52,35
20233,A,골목상권,3110125,사근동살곶이상점가,135,83,52,2,25,39,35,21,13,2,13,21,24,13,10,0,12,18,11,8,3
20233,A,골목상권,3110178,장로회신학대학교,165,108,57,0,21,38,33,47,26,0,13,31,16,34,14,0,8,7,17,13,12
20233,A,골목상권,3110147,능동우편취급국,815,464,351,4,120,172,160,137,222,2,56,88,104,77,137,2,64,84,56,60,85
20233,A,골목상권,3110154,광진정말공원,255,146,109,1,31,54,61,65,43,1,16,34,30,34,31,0,15,20,31,31,12
20233,A,골목상권,3110151,자양한강도서관,249,175,74,4,35,52,63,66,29,3,24,37,49,41,21,1,11,15,14,25,8
20233,A,골목상권,3110162,군자역 4번,618,370,248,0,127,163,133,111,84,0,98,119,77,43,33,0,29,44,56,68,51
20233,A,골목상권,3110171,중곡4동주민센터,59,36,23,0,4,8,7,22,18,0,1,2,3,15,15,0,3,6,4,7,3
20233,A,골목상권,3110217,자동차부품상가,506,391,115,1,34,105,144,124,98,1,25,88,116,84,77,0,9,17,28,40,21
20233,A,골목상권,3110225,촬영소사거리,330,204,126,0,22,36,68,83,121,0,9,25,42,55,73,0,13,11,26,28,48
20233,A,골목상권,3110218,답십리사거리,158,83,75,0,14,25,45,60,14,0,5,12,22,33,11,0,9,13,23,27,3
20233,A,골목상권,3110188,용두동신동아아파트,807,607,200,8,104,178,229,191,97,2,68,150,181,132,74,6,36,28,48,59,23
20233,A,골목상권,3110184,용두사거리,398,205,193,0,77,135,72,64,50,0,37,51,33,45,39,0,40,84,39,19,11
20233,A,골목상권,3110213,청량초등학교,124,81,43,0,19,57,17,15,16,0,7,41,13,7,13,0,12,16,4,8,3
20233,A,골목상권,3110220,외대앞역 1번,193,111,82,0,28,37,54,47,27,0,7,18,33,34,19,0,21,19,21,13,8
20233,A,골목상권,3110230,장안현대홈타운1차아파트,161,101,60,0,15,32,52,45,17,0,6,22,33,28,12,0,9,10,19,17,5
20233,A,골목상권,3110216,전농중학교,208,68,140,1,32,48,62,50,15,1,11,14,18,18,6,0,21,34,44,32,9
20233,A,골목상권,3110275,하나은행 망우동지점,63,33,30,0,4,9,19,16,15,0,3,6,9,5,10,0,1,3,10,11,5
20233,A,골목상권,3110276,신내IC북측,29,18,11,0,1,4,8,9,7,0,0,3,5,6,4,0,1,1,3,3,3
20233,A,골목상권,3110240,태릉시장 특화거리,97,39,58,2,20,13,28,16,18,1,3,8,7,8,12,1,17,5,21,8,6
20233,A,골목상권,3110299,정릉역 1번,372,241,131,1,33,49,83,95,111,0,9,12,40,74,106,1,24,37,43,21,5
20233,A,골목상권,3110302,보문역 8번,3797,3177,620,1,364,1434,710,823,465,1,252,1274,656,702,292,0,112,160,54,121,173
20233,A,골목상권,3110333,돌곶이역 5번,988,746,242,0,15,23,38,74,838,0,2,13,20,42,669,0,13,10,18,32,169
20233,A,골목상권,3110295,정릉우체국,679,248,431,0,166,178,163,119,53,0,36,67,49,52,44,0,130,111,114,67,9
20233,A,골목상권,3110290,북한산보국문역 1번,96,78,18,0,2,9,29,37,19,0,1,8,23,30,16,0,1,1,6,7,3
20233,A,골목상권,3110284,정릉북한산국립공원입구,562,506,56,0,5,59,181,229,88,0,4,49,161,211,81,0,1,10,20,18,7
20233,A,골목상권,3110315,종암아이파크2차,124,78,46,0,11,17,41,38,17,0,4,9,27,25,13,0,7,8,14,13,4
20233,A,골목상권,3110311,종암아이파크2차후문,18,9,9,0,0,2,8,3,5,0,0,1,3,1,4,0,0,1,5,2,1
20233,A,골목상권,3110355,삼양사거리역 2번,306,254,52,0,8,26,44,103,125,0,1,10,31,94,118,0,7,16,13,9,7
20233,A,골목상권,3110372,강북중학교,188,100,88,0,21,43,50,48,26,0,17,25,18,20,20,0,4,18,32,28,6
20233,A,골목상권,3110405,방학역 1번,1123,365,758,3,130,176,308,427,79,3,67,109,82,70,34,0,63,67,226,357,45
20233,A,골목상권,3110407,도봉역 2번,560,337,223,1,32,75,115,203,134,1,8,40,57,126,105,0,24,35,58,77,29
20233,A,골목상권,3110412,창동중학교,25,23,2,0,4,7,3,4,7,0,3,7,3,3,7,0,1,0,0,1,0
20233,A,골목상권,3110394,방학중학교,214,133,81,0,19,35,50,54,56,0,12,20,26,35,40,0,7,15,24,19,16
20233,A,골목상권,3110384,문이교,261,139,122,0,38,20,56,85,62,0,12,8,21,51,47,0,26,12,35,34,15
20233,A,골목상권,3110388,도봉우체국,35,23,12,0,4,3,10,14,4,0,2,2,7,8,4,0,2,1,3,6,0
20233,A,골목상권,3110442,화랑대철도공원,76,20,56,0,1,4,14,49,8,0,0,2,4,10,4,0,1,2,10,39,4
20233,A,골목상권,3110424,상계초등학교,388,157,231,2,42,50,96,106,92,2,18,32,32,42,31,0,24,18,64,64,61
20233,A,골목상권,3110437,당고개역 2번,116,40,76,0,16,23,25,41,11,0,5,11,9,10,5,0,11,12,16,31,6
20233,A,골목상권,3110439,당고개역 5번,96,45,51,0,4,14,12,32,34,0,0,10,6,16,13,0,4,4,6,16,21
20233,A,골목상권,3110440,상계3동4동주민센터,49,16,33,0,8,6,15,10,10,0,1,1,4,2,8,0,7,5,11,8,2
20233,A,골목상권,3110420,광운대역 1번,796,472,324,7,233,310,184,40,22,0,114,234,89,21,14,7,119,76,95,19,8
20233,A,골목상권,3110431,상계역,124,72,52,1,16,24,28,37,18,0,2,13,17,27,13,1,14,11,11,10,5
20233,A,골목상권,3110467,은평요양병원,487,284,203,3,90,154,110,68,62,2,46,100,61,37,38,1,44,54,49,31,24
20233,A,골목상권,3110454,선정중학교,481,268,213,3,56,71,142,108,101,2,42,35,53,66,70,1,14,36,89,42,31
20233,A,골목상권,3110447,구산초등학교,48,43,5,0,5,15,10,5,13,0,4,15,8,5,11,0,1,0,2,0,2
20233,A,골목상권,3110453,신사1동주민센터,515,288,227,0,43,81,121,155,115,0,20,25,65,85,93,0,23,56,56,70,22
20233,A,골목상권,3110448,상신초등학교입구,120,76,44,1,20,27,26,26,20,1,17,17,12,14,15,0,3,10,14,12,5
20233,A,골목상권,3110466,구산역 2번,87,46,41,0,12,17,26,24,8,0,4,5,16,15,6,0,8,12,10,9,2
20233,A,골목상권,3110498,증산역 1번,222,102,120,0,15,32,75,68,32,0,7,9,31,32,23,0,8,23,44,36,9
20233,A,골목상권,3110444,수색성당,157,57,100,0,17,39,47,45,9,0,6,14,14,16,7,0,11,25,33,29,2
20233,A,골목상권,3110496,모래내우체국,611,333,278,2,88,190,160,89,82,2,20,100,117,42,52,0,68,90,43,47,30
20233,A,골목상권,3110506,연희임광아파트,110,66,44,0,5,12,39,29,25,0,1,8,20,19,18,0,4,4,19,10,7
20233,A,골목상권,3110505,홍남교남측,14,9,5,0,1,0,3,7,3,0,0,0,2,5,2,0,1,0,1,2,1
20233,A,골목상권,3110510,홍연시장,100,59,41,0,10,14,33,27,16,0,5,6,22,14,12,0,5,8,11,13,4
20233,A,골목상권,3110521,홍제역 4번,63,36,27,0,4,7,19,17,16,0,0,4,10,9,13,0,4,3,9,8,3
20231,A,골목상권,3110978,도곡2동주민센터(대치중학교),331,186,145,0,46,70,72,114,29,0,20,41,47,62,16,0,26,29,25,52,13
20233,A,골목상권,3110529,홍제3동주민센터,125,58,67,0,13,20,27,25,40,0,2,5,8,14,29,0,11,15,19,11,11
20233,A,골목상권,3110589,애오개역 3번,46,13,33,0,3,3,15,11,14,0,0,1,4,6,2,0,3,2,11,5,12
20233,A,골목상권,3110542,마포구청역 7번,3997,2442,1555,16,527,714,775,1304,661,9,297,578,604,586,368,7,230,136,171,718,293
20233,A,골목상권,3110561,상수역 4번,395,247,148,4,59,102,94,89,47,2,21,56,64,68,36,2,38,46,30,21,11
20233,A,골목상권,3110552,성미산체육관,637,465,172,1,110,159,145,158,64,0,72,120,98,128,47,1,38,39,47,30,17
20233,A,골목상권,3110553,가좌역 2번,281,167,114,0,26,51,79,81,44,0,16,28,44,43,36,0,10,23,35,38,8
20233,A,골목상권,3110570,KB국민은행 서강지점,61,39,22,0,4,22,18,12,5,0,4,13,10,7,5,0,0,9,8,5,0
20233,A,골목상권,3110624,목동문화체육센터,379,232,147,0,93,117,75,63,31,0,40,79,46,48,19,0,53,38,29,15,12
20233,A,골목상권,3110626,양화초등학교,652,271,381,1,127,138,149,147,90,0,37,57,76,63,38,1,90,81,73,84,52
20233,A,골목상권,3110620,목동보건지소,458,241,217,4,51,85,105,125,88,4,20,48,50,65,54,0,31,37,55,60,34
20233,A,골목상권,3110606,신한은행 신월동지점,544,307,237,1,49,83,152,152,107,1,26,44,84,72,80,0,23,39,68,80,27
20233,A,골목상권,3110613,신정네거리역 4번,80,20,60,0,8,25,24,19,4,0,2,6,7,4,1,0,6,19,17,15,3
20233,A,골목상권,3110657,양천향교역 5번,3180,2118,1062,12,334,603,741,695,795,8,191,396,493,385,645,4,143,207,248,310,150
20233,A,골목상권,3110648,양천향교역 7번,13,5,8,0,1,7,1,3,1,0,0,3,1,1,0,0,1,4,0,2,1
20233,A,골목상권,3110671,등촌1동주민센터,4521,2889,1632,8,1208,1381,956,636,332,2,375,916,788,522,286,6,833,465,168,114,46
20233,A,골목상권,3110668,화곡2동주민센터,471,278,193,0,55,70,139,127,80,0,22,33,81,77,65,0,33,37,58,50,15
20233,A,골목상권,3110646,푸른들청소년도서관,754,384,370,1,92,113,198,187,163,1,26,47,97,99,114,0,66,66,101,88,49
20233,A,골목상권,3110658,화곡초등학교,253,153,100,0,21,55,62,69,46,0,10,35,36,44,28,0,11,20,26,25,18
20233,A,골목상권,3110721,가리봉파출소,215,104,111,1,6,36,42,42,88,0,2,19,17,22,44,1,4,17,25,20,44
20233,A,골목상권,3110703,개봉역,307,192,115,4,28,54,91,77,53,3,16,30,54,49,40,1,12,24,37,28,13
20233,A,골목상권,3110706,그라운드 고척,410,100,310,0,122,101,101,68,18,0,22,20,28,20,10,0,100,81,73,48,8
20233,A,골목상권,3110701,고척동성당,567,379,188,2,126,185,125,92,37,0,81,133,82,54,29,2,45,52,43,38,8
20233,A,골목상권,3110709,구로119안전센터,185,108,77,0,19,22,56,51,37,0,14,13,36,29,16,0,5,9,20,22,21
20233,A,골목상권,3110716,구로나눔길,666,398,268,1,132,256,164,77,36,0,39,154,115,60,30,1,93,102,49,17,6
20233,A,골목상권,3110693,오류동역 4번,17,9,8,0,1,3,5,4,4,0,1,3,2,2,1,0,0,0,3,2,3
20233,A,골목상권,3110741,독산2동주민센터,444,159,285,0,69,117,96,108,54,0,43,35,26,33,22,0,26,82,70,75,32
20233,A,골목상권,3110789,대림성모병원,491,182,309,0,104,137,115,93,42,0,16,44,49,43,30,0,88,93,66,50,12
20233,A,골목상권,3110769,대림차이나타운(대림역 12번),42,12,30,0,6,8,12,10,6,0,0,3,4,3,2,0,6,5,8,7,4
20233,A,골목상권,3110772,신우어린이공원,94,55,39,0,9,15,22,26,22,0,5,8,12,19,11,0,4,7,10,7,11
20233,A,골목상권,3110785,영등포푸르지오아파트,161,84,77,2,13,17,39,44,46,2,8,12,24,14,24,0,5,5,15,30,22
20233,A,골목상권,3110761,문래동남성맨션,180,106,74,0,13,43,45,41,38,0,8,17,26,25,30,0,5,26,19,16,8
20233,A,골목상권,3110758,문래소공원,296,221,75,1,44,77,70,67,37,0,32,60,46,52,31,1,12,17,24,15,6
20233,A,골목상권,3110815,공군호텔,2250,791,1459,4,426,519,477,509,315,0,88,197,168,172,166,4,338,322,309,337,149
20233,A,골목상권,3110787,신길3동주민센터,171,122,49,0,19,35,47,42,28,0,8,25,36,31,22,0,11,10,11,11,6
20233,A,골목상권,3110780,신길대성유니드아파트,223,171,52,0,22,42,71,56,32,0,18,34,51,41,27,0,4,8,20,15,5
20233,A,골목상권,3110804,신풍역 1번,312,187,125,0,15,37,62,63,135,0,4,15,29,35,104,0,11,22,33,28,31
20233,A,골목상권,3110808,신길역 1번,67,48,19,0,3,22,21,13,8,0,3,15,14,9,7,0,0,7,7,4,1
20233,A,골목상권,3110832,노량진초등학교,491,269,222,0,54,105,122,153,57,0,24,64,85,70,26,0,30,41,37,83,31
20233,A,골목상권,3110822,신대방삼거리역 4번(대림초등학교),313,131,182,0,57,71,68,76,41,0,13,28,34,35,21,0,44,43,34,41,20
20233,A,골목상권,3110850,사당역 10번,969,487,482,4,217,207,185,162,194,1,54,88,92,95,157,3,163,119,93,67,37
20232,A,골목상권,3110018,중앙고등학교,829,408,421,0,92,166,209,160,202,0,27,55,100,80,146,0,65,111,109,80,56
20232,A,골목상권,3110006,부암동주민센터,27,16,11,0,2,7,7,5,6,0,2,5,2,3,4,0,0,2,5,2,2
20232,A,골목상권,3110012,성곡미술관,1042,489,553,0,260,329,260,111,82,0,70,152,149,69,49,0,190,177,111,42,33
20232,A,골목상권,3110019,창덕궁,325,215,110,0,47,91,82,71,34,0,21,65,53,49,27,0,26,26,29,22,7
20232,A,골목상권,3110052,장충초등학교,484,281,203,0,43,100,132,130,79,0,16,63,75,82,45,0,27,37,57,48,34
20232,A,골목상권,3110038,경향신문사,1096,759,337,0,195,395,283,181,42,0,63,266,227,165,38,0,132,129,56,16,4
20232,A,골목상권,3110092,NH농협은행 보광동지점,468,168,300,0,90,111,103,94,70,0,11,47,34,33,43,0,79,64,69,61,27
20232,A,골목상권,3110083,서빙고역 1번,149,109,40,0,26,53,42,14,14,0,13,42,29,12,13,0,13,11,13,2,1
20232,A,골목상권,3110060,효창공원앞역 6번,287,170,117,0,28,62,80,73,44,0,10,34,48,47,31,0,18,28,32,26,13
20232,A,골목상권,3110068,남영역 1번,1090,615,475,8,161,257,250,224,190,6,60,135,151,138,125,2,101,122,99,86,65
20232,A,골목상권,3110091,리움미술관,1106,810,296,0,216,345,343,155,47,0,117,236,293,128,36,0,99,109,50,27,11
20232,A,골목상권,3110061,효창동주민센터,478,306,172,1,61,91,154,113,58,1,38,53,100,67,47,0,23,38,54,46,11
20232,A,골목상권,3110122,마장역 2번,461,270,191,1,60,87,116,112,85,1,32,59,68,60,50,0,28,28,48,52,35
20232,A,골목상권,3110125,사근동살곶이상점가,135,83,52,2,25,39,35,21,13,2,13,21,24,13,10,0,12,18,11,8,3
20232,A,골목상권,3110178,장로회신학대학교,165,108,57,0,21,38,33,47,26,0,13,31,16,34,14,0,8,7,17,13,12
20232,A,골목상권,3110147,능동우편취급국,815,464,351,4,120,172,160,137,222,2,56,88,104,77,137,2,64,84,56,60,85
20232,A,골목상권,3110154,광진정말공원,255,146,109,1,31,54,61,65,43,1,16,34,30,34,31,0,15,20,31,31,12
20232,A,골목상권,3110151,자양한강도서관,249,175,74,4,35,52,63,66,29,3,24,37,49,41,21,1,11,15,14,25,8
20232,A,골목상권,3110162,군자역 4번,618,370,248,0,127,163,133,111,84,0,98,119,77,43,33,0,29,44,56,68,51
20232,A,골목상권,3110171,중곡4동주민센터,59,36,23,0,4,8,7,22,18,0,1,2,3,15,15,0,3,6,4,7,3
20232,A,골목상권,3110217,자동차부품상가,506,391,115,1,34,105,144,124,98,1,25,88,116,84,77,0,9,17,28,40,21
20232,A,골목상권,3110225,촬영소사거리,330,204,126,0,22,36,68,83,121,0,9,25,42,55,73,0,13,11,26,28,48
20232,A,골목상권,3110218,답십리사거리,158,83,75,0,14,25,45,60,14,0,5,12,22,33,11,0,9,13,23,27,3
20232,A,골목상권,3110188,용두동신동아아파트,807,607,200,8,104,178,229,191,97,2,68,150,181,132,74,6,36,28,48,59,23
20232,A,골목상권,3110184,용두사거리,398,205,193,0,77,135,72,64,50,0,37,51,33,45,39,0,40,84,39,19,11
20232,A,골목상권,3110213,청량초등학교,124,81,43,0,19,57,17,15,16,0,7,41,13,7,13,0,12,16,4,8,3
20232,A,골목상권,3110220,외대앞역 1번,193,111,82,0,28,37,54,47,27,0,7,18,33,34,19,0,21,19,21,13,8
20232,A,골목상권,3110230,장안현대홈타운1차아파트,161,101,60,0,15,32,52,45,17,0,6,22,33,28,12,0,9,10,19,17,5
20232,A,골목상권,3110216,전농중학교,208,68,140,1,32,48,62,50,15,1,11,14,18,18,6,0,21,34,44,32,9
20232,A,골목상권,3110275,하나은행 망우동지점,63,33,30,0,4,9,19,16,15,0,3,6,9,5,10,0,1,3,10,11,5
20232,A,골목상권,3110276,신내IC북측,29,18,11,0,1,4,8,9,7,0,0,3,5,6,4,0,1,1,3,3,3
20232,A,골목상권,3110240,태릉시장 특화거리,97,39,58,2,20,13,28,16,18,1,3,8,7,8,12,1,17,5,21,8,6
20232,A,골목상권,3110299,정릉역 1번,372,241,131,1,33,49,83,95,111,0,9,12,40,74,106,1,24,37,43,21,5
20232,A,골목상권,3110302,보문역 8번,3797,3177,620,1,364,1434,710,823,465,1,252,1274,656,702,292,0,112,160,54,121,173
20232,A,골목상권,3110333,돌곶이역 5번,988,746,242,0,15,23,38,74,838,0,2,13,20,42,669,0,13,10,18,32,169
20232,A,골목상권,3110295,정릉우체국,679,248,431,0,166,178,163,119,53,0,36,67,49,52,44,0,130,111,114,67,9
20232,A,골목상권,3110290,북한산보국문역 1번,96,78,18,0,2,9,29,37,19,0,1,8,23,30,16,0,1,1,6,7,3
20232,A,골목상권,3110284,정릉북한산국립공원입구,562,506,56,0,5,59,181,229,88,0,4,49,161,211,81,0,1,10,20,18,7
20232,A,골목상권,3110315,종암아이파크2차,124,78,46,0,11,17,41,38,17,0,4,9,27,25,13,0,7,8,14,13,4
20232,A,골목상권,3110311,종암아이파크2차후문,18,9,9,0,0,2,8,3,5,0,0,1,3,1,4,0,0,1,5,2,1
20232,A,골목상권,3110355,삼양사거리역 2번,306,254,52,0,8,26,44,103,125,0,1,10,31,94,118,0,7,16,13,9,7
20232,A,골목상권,3110372,강북중학교,188,100,88,0,21,43,50,48,26,0,17,25,18,20,20,0,4,18,32,28,6
20232,A,골목상권,3110405,방학역 1번,1123,365,758,3,130,176,308,427,79,3,67,109,82,70,34,0,63,67,226,357,45
20232,A,골목상권,3110407,도봉역 2번,560,337,223,1,32,75,115,203,134,1,8,40,57,126,105,0,24,35,58,77,29
20232,A,골목상권,3110412,창동중학교,25,23,2,0,4,7,3,4,7,0,3,7,3,3,7,0,1,0,0,1,0
20232,A,골목상권,3110394,방학중학교,214,133,81,0,19,35,50,54,56,0,12,20,26,35,40,0,7,15,24,19,16
20232,A,골목상권,3110384,문이교,261,139,122,0,38,20,56,85,62,0,12,8,21,51,47,0,26,12,35,34,15
20232,A,골목상권,3110388,도봉우체국,35,23,12,0,4,3,10,14,4,0,2,2,7,8,4,0,2,1,3,6,0
20232,A,골목상권,3110442,화랑대철도공원,76,20,56,0,1,4,14,49,8,0,0,2,4,10,4,0,1,2,10,39,4
20232,A,골목상권,3110424,상계초등학교,388,157,231,2,42,50,96,106,92,2,18,32,32,42,31,0,24,18,64,64,61
20232,A,골목상권,3110437,당고개역 2번,116,40,76,0,16,23,25,41,11,0,5,11,9,10,5,0,11,12,16,31,6
20232,A,골목상권,3110439,당고개역 5번,96,45,51,0,4,14,12,32,34,0,0,10,6,16,13,0,4,4,6,16,21
20232,A,골목상권,3110440,상계3동4동주민센터,49,16,33,0,8,6,15,10,10,0,1,1,4,2,8,0,7,5,11,8,2
20232,A,골목상권,3110420,광운대역 1번,796,472,324,7,233,310,184,40,22,0,114,234,89,21,14,7,119,76,95,19,8
20232,A,골목상권,3110431,상계역,124,72,52,1,16,24,28,37,18,0,2,13,17,27,13,1,14,11,11,10,5
20232,A,골목상권,3110467,은평요양병원,487,284,203,3,90,154,110,68,62,2,46,100,61,37,38,1,44,54,49,31,24
20232,A,골목상권,3110454,선정중학교,481,268,213,3,56,71,142,108,101,2,42,35,53,66,70,1,14,36,89,42,31
20232,A,골목상권,3110447,구산초등학교,48,43,5,0,5,15,10,5,13,0,4,15,8,5,11,0,1,0,2,0,2
20232,A,골목상권,3110453,신사1동주민센터,515,288,227,0,43,81,121,155,115,0,20,25,65,85,93,0,23,56,56,70,22
20232,A,골목상권,3110448,상신초등학교입구,120,76,44,1,20,27,26,26,20,1,17,17,12,14,15,0,3,10,14,12,5
20232,A,골목상권,3110466,구산역 2번,87,46,41,0,12,17,26,24,8,0,4,5,16,15,6,0,8,12,10,9,2
20232,A,골목상권,3110498,증산역 1번,222,102,120,0,15,32,75,68,32,0,7,9,31,32,23,0,8,23,44,36,9
20232,A,골목상권,3110444,수색성당,157,57,100,0,17,39,47,45,9,0,6,14,14,16,7,0,11,25,33,29,2
20232,A,골목상권,3110496,모래내우체국,611,333,278,2,88,190,160,89,82,2,20,100,117,42,52,0,68,90,43,47,30
20232,A,골목상권,3110506,연희임광아파트,110,66,44,0,5,12,39,29,25,0,1,8,20,19,18,0,4,4,19,10,7
20232,A,골목상권,3110505,홍남교남측,14,9,5,0,1,0,3,7,3,0,0,0,2,5,2,0,1,0,1,2,1
20232,A,골목상권,3110510,홍연시장,100,59,41,0,10,14,33,27,16,0,5,6,22,14,12,0,5,8,11,13,4
20232,A,골목상권,3110521,홍제역 4번,63,36,27,0,4,7,19,17,16,0,0,4,10,9,13,0,4,3,9,8,3
20232,A,골목상권,3110529,홍제3동주민센터,125,58,67,0,13,20,27,25,40,0,2,5,8,14,29,0,11,15,19,11,11
20232,A,골목상권,3110589,애오개역 3번,46,13,33,0,3,3,15,11,14,0,0,1,4,6,2,0,3,2,11,5,12
20232,A,골목상권,3110542,마포구청역 7번,3997,2442,1555,16,527,714,775,1304,661,9,297,578,604,586,368,7,230,136,171,718,293
20232,A,골목상권,3110561,상수역 4번,395,247,148,4,59,102,94,89,47,2,21,56,64,68,36,2,38,46,30,21,11
20232,A,골목상권,3110552,성미산체육관,637,465,172,1,110,159,145,158,64,0,72,120,98,128,47,1,38,39,47,30,17
20232,A,골목상권,3110553,가좌역 2번,281,167,114,0,26,51,79,81,44,0,16,28,44,43,36,0,10,23,35,38,8
20232,A,골목상권,3110570,KB국민은행 서강지점,61,39,22,0,4,22,18,12,5,0,4,13,10,7,5,0,0,9,8,5,0
20232,A,골목상권,3110624,목동문화체육센터,379,232,147,0,93,117,75,63,31,0,40,79,46,48,19,0,53,38,29,15,12
20232,A,골목상권,3110626,양화초등학교,652,271,381,1,127,138,149,147,90,0,37,57,76,63,38,1,90,81,73,84,52
20232,A,골목상권,3110620,목동보건지소,458,241,217,4,51,85,105,125,88,4,20,48,50,65,54,0,31,37,55,60,34
20232,A,골목상권,3110606,신한은행 신월동지점,544,307,237,1,49,83,152,152,107,1,26,44,84,72,80,0,23,39,68,80,27
20232,A,골목상권,3110613,신정네거리역 4번,80,20,60,0,8,25,24,19,4,0,2,6,7,4,1,0,6,19,17,15,3
20232,A,골목상권,3110657,양천향교역 5번,3180,2118,1062,12,334,603,741,695,795,8,191,396,493,385,645,4,143,207,248,310,150
20232,A,골목상권,3110648,양천향교역 7번,13,5,8,0,1,7,1,3,1,0,0,3,1,1,0,0,1,4,0,2,1
20232,A,골목상권,3110671,등촌1동주민센터,4521,2889,1632,8,1208,1381,956,636,332,2,375,916,788,522,286,6,833,465,168,114,46
20232,A,골목상권,3110668,화곡2동주민센터,471,278,193,0,55,70,139,127,80,0,22,33,81,77,65,0,33,37,58,50,15
20232,A,골목상권,3110646,푸른들청소년도서관,754,384,370,1,92,113,198,187,163,1,26,47,97,99,114,0,66,66,101,88,49
20232,A,골목상권,3110658,화곡초등학교,253,153,100,0,21,55,62,69,46,0,10,35,36,44,28,0,11,20,26,25,18
20232,A,골목상권,3110721,가리봉파출소,215,104,111,1,6,36,42,42,88,0,2,19,17,22,44,1,4,17,25,20,44
20232,A,골목상권,3110706,그라운드 고척,410,100,310,0,122,101,101,68,18,0,22,20,28,20,10,0,100,81,73,48,8
20232,A,골목상권,3110701,고척동성당,567,379,188,2,126,185,125,92,37,0,81,133,82,54,29,2,45,52,43,38,8
20231,A,골목상권,3110395,신한은행 방학동지점,163,42,121,0,17,20,44,42,40,0,0,2,11,9,20,0,17,18,33,33,20
20231,A,골목상권,3110403,방학1동주민센터,316,167,149,1,44,56,63,78,74,1,30,37,36,36,27,0,14,19,27,42,47
20231,A,골목상권,3110393,국민은행방학지점,49,13,36,0,2,10,17,15,5,0,0,0,4,6,3,0,2,10,13,9,2
20231,A,골목상권,3110398,쌍문2동우체국,474,326,148,0,30,65,96,153,130,0,11,27,50,124,114,0,19,38,46,29,16
20231,A,골목상권,3110401,도봉구민회관,243,65,178,0,29,32,38,87,57,0,4,14,14,22,11,0,25,18,24,65,46
20231,A,골목상권,3110419,수락산디자인거리,695,462,233,5,94,131,159,180,126,5,49,76,108,130,94,0,45,55,51,50,32
20231,A,골목상권,3110425,계상초등학교,136,59,77,2,18,12,36,40,28,2,5,7,19,15,11,0,13,5,17,25,17
20231,A,골목상권,3110421,석계역 1번,249,109,140,0,22,37,78,65,47,0,8,16,31,26,28,0,14,21,47,39,19
20231,A,골목상권,3110473,구산역 1번,436,241,195,0,34,59,113,107,123,0,24,27,53,49,88,0,10,32,60,58,35
20231,A,골목상권,3110487,불광역 8번,63,35,28,0,11,22,15,8,7,0,6,11,7,8,3,0,5,11,8,0,4
20231,A,골목상권,3110480,연신내역 3번,161,51,110,0,16,35,52,35,23,0,3,9,17,12,10,0,13,26,35,23,13
20231,A,골목상권,3110474,세명컴퓨터고등학교,119,55,64,0,7,33,28,23,28,0,2,14,11,8,20,0,5,19,17,15,8
20231,A,골목상권,3110482,연신초등학교,11,7,4,0,0,0,4,6,1,0,0,0,3,3,1,0,0,0,1,3,0
20231,A,골목상권,3110455,역촌노인복지관,690,369,321,2,73,120,187,203,105,0,37,64,89,109,70,2,36,56,98,94,35
20231,A,골목상권,3110470,신진과학기술고등학교,93,65,28,0,7,17,34,25,10,0,5,10,26,19,5,0,2,7,8,6,5
20231,A,골목상권,3110475,백련산해모로아파트,245,127,118,1,23,44,76,70,31,1,10,24,44,29,19,0,13,20,32,41,12
20231,A,골목상권,3110532,아현역 2번,328,204,124,0,52,33,46,78,119,0,17,13,22,57,95,0,35,20,24,21,24
20232,A,골목상권,3110703,개봉역,307,192,115,4,28,54,91,77,53,3,16,30,54,49,40,1,12,24,37,28,13
20231,A,골목상권,3110517,서대문소방서,884,634,250,8,197,216,203,177,83,5,99,170,163,146,51,3,98,46,40,31,32
20231,A,골목상권,3110512,연희지하차도,335,165,170,0,40,62,102,99,32,0,14,38,44,49,20,0,26,24,58,50,12
20231,A,골목상권,3110536,돈의문센트레빌아파트입구,141,105,36,0,12,23,61,32,13,0,7,17,50,21,10,0,5,6,11,11,3
20231,A,골목상권,3110534,경기대학교,157,88,69,0,10,29,28,42,48,0,7,20,14,19,28,0,3,9,14,23,20
20231,A,골목상권,3110516,정원여중,227,101,126,0,35,40,62,65,25,0,17,18,27,23,16,0,18,22,35,42,9
20231,A,골목상권,3110527,홍제역 2번,185,89,96,1,36,40,36,40,32,1,11,26,15,21,15,0,25,14,21,19,17
20231,A,골목상권,3110572,서강대역 1번,470,254,216,1,63,130,117,116,43,1,32,67,58,66,30,0,31,63,59,50,13
20231,A,골목상권,3110575,대흥동주민센터,208,157,51,2,25,48,36,49,48,2,11,35,25,41,43,0,14,13,11,8,5
20231,A,골목상권,3110547,KB국민은행 망원동지점,284,168,116,0,13,47,93,76,55,0,4,25,55,45,39,0,9,22,38,31,16
20231,A,골목상권,3110569,홍대땡땡거리,358,153,205,2,62,108,97,53,36,1,18,48,46,19,21,1,44,60,51,34,15
20231,A,골목상권,3110554,망원역 1번,1579,777,802,2,213,371,508,350,135,2,105,188,241,156,85,0,108,183,267,194,50
20231,A,골목상권,3110551,성서초등학교,803,387,416,1,110,164,235,172,121,1,42,90,114,81,59,0,68,74,121,91,62
20231,A,골목상권,3110550,합정역 8번,1578,740,838,1,240,411,414,333,179,0,84,165,221,171,99,1,156,246,193,162,80
20231,A,골목상권,3110546,양화대교북단,732,436,296,3,189,254,157,76,53,3,81,126,120,62,44,0,108,128,37,14,9
20231,A,골목상권,3110619,목4동주민센터,311,203,108,1,51,87,89,64,19,1,16,52,58,57,19,0,35,35,31,7,0
20231,A,골목상권,3110607,금빛새마을금고본점,47,29,18,0,1,10,11,14,11,0,1,4,5,10,9,0,0,6,6,4,2
20231,A,골목상권,3110608,신월2동주민센터,875,454,421,1,51,116,229,273,205,1,23,69,117,127,117,0,28,47,112,146,88
20231,A,골목상권,3110647,화곡역 5번,899,461,438,2,117,230,224,230,96,1,44,138,111,116,51,1,73,92,113,114,45
20231,A,골목상권,3110594,신월중학교,357,182,175,0,35,116,89,85,32,0,10,41,50,52,29,0,25,75,39,33,3
20231,A,골목상권,3110602,신월시영아파트중문,674,584,90,1,8,23,81,250,311,0,4,14,55,218,293,1,4,9,26,32,18
20231,A,골목상권,3110600,신월7동주민센터,350,263,87,0,32,30,66,101,121,0,17,14,38,79,115,0,15,16,28,22,6
20231,A,골목상권,3110610,계남근린공원,126,85,41,0,5,11,41,44,25,0,3,6,28,35,13,0,2,5,13,9,12
20231,A,골목상권,3110616,양목초등학교,161,103,58,0,3,23,19,40,76,0,2,18,14,32,37,0,1,5,5,8,39
20231,A,골목상권,3110611,신정역 1번,289,192,97,2,34,57,88,74,34,2,20,42,52,46,30,0,14,15,36,28,4
20231,A,골목상권,3110635,공항시장역 3번,1451,391,1060,4,64,82,162,479,660,1,43,58,63,33,193,3,21,24,99,446,467
20231,A,골목상권,3110638,신방화역 2번,372,202,170,3,53,75,88,87,66,3,22,40,44,43,50,0,31,35,44,44,16
20231,A,골목상권,3110650,우장산힐스테이트,143,116,27,0,23,30,51,20,19,0,15,25,42,17,17,0,8,5,9,3,2
20231,A,골목상권,3110702,개봉초등학교,131,93,38,1,15,18,33,34,30,1,10,13,23,24,22,0,5,5,10,10,8
20231,A,골목상권,3110699,덕의초등학교,136,79,57,0,14,22,29,43,28,0,7,14,13,24,21,0,7,8,16,19,7
20231,A,골목상권,3110712,남구로역 5번,233,108,125,1,32,36,66,64,34,0,10,17,24,32,25,1,22,19,42,32,9
20231,A,골목상권,3110720,대림역 2번,228,87,141,0,27,50,65,49,37,0,11,14,18,17,27,0,16,36,47,32,10
20231,A,골목상권,3110745,독산동정훈단지,251,191,60,0,11,20,33,86,101,0,3,12,22,64,90,0,8,8,11,22,11
20231,A,골목상권,3110755,동일여자고등학교,193,51,142,0,10,24,45,70,44,0,3,8,17,11,12,0,7,16,28,59,32
20231,A,골목상권,3110778,구로디지털단지역 4번,1596,862,734,0,248,459,484,224,181,0,122,281,192,136,131,0,126,178,292,88,50
20231,A,골목상권,3110771,대림역 11번,955,604,351,0,22,38,128,210,557,0,21,30,73,131,349,0,1,8,55,79,208
20231,A,골목상권,3110768,도림2동유수지내체육시설,294,155,139,0,20,43,63,73,95,0,7,22,32,41,53,0,13,21,31,32,42
20231,A,골목상권,3110759,문래예술촌(문래창작촌),4221,2168,2053,9,521,838,1001,1281,571,5,266,553,595,462,287,4,255,285,406,819,284
20231,A,골목상권,3110818,신대방역 3번,20,9,11,0,1,3,7,7,2,0,1,3,2,1,2,0,0,0,5,6,0
20231,A,골목상권,3110856,미성초등학교,538,295,243,3,58,85,170,150,72,1,28,44,99,71,52,2,30,41,71,79,20
20231,A,골목상권,3110874,원신초등학교(구세군관악영문교회),46,15,31,1,4,19,7,12,3,1,1,3,3,6,1,0,3,16,4,6,2
20231,A,골목상권,3110879,신림현대아파트,17,7,10,0,2,3,5,5,2,0,1,2,2,2,0,0,1,1,3,3,2
20231,A,골목상권,3110885,영락고등학교,339,213,126,0,37,58,94,88,62,0,18,33,61,56,45,0,19,25,33,32,17
20231,A,골목상권,3110858,신대방역 1번,66,33,33,0,5,9,17,7,28,0,0,1,6,2,24,0,5,8,11,5,4
20231,A,골목상권,3110872,신림초등학교,279,196,83,3,54,68,69,54,31,3,36,54,54,42,7,0,18,14,15,12,24
20231,A,골목상권,3110855,신대방역 2번,429,275,154,2,53,111,126,90,47,0,22,81,83,55,34,2,31,30,43,35,13
20231,A,골목상권,3110947,청계산입구역 2번(내곡동주민센터),112,45,67,0,18,17,27,18,32,0,8,9,14,7,7,0,10,8,13,11,25
20231,A,골목상권,3110913,방현초등학교(방배119안전센터),3293,2109,1184,7,571,1263,876,376,200,4,272,822,625,237,149,3,299,441,251,139,51
20231,A,골목상권,3110934,우면주공아파트,994,674,320,6,197,291,253,161,86,5,83,217,195,110,64,1,114,74,58,51,22
20231,A,골목상권,3110937,방아다리근린공원(횃불트리니티신학대학원대학교),2465,1270,1195,7,634,861,542,318,103,6,246,507,335,113,63,1,388,354,207,205,40
20231,A,골목상권,3110955,논현초등학교,3430,2238,1192,19,719,823,793,625,451,13,417,568,554,389,297,6,302,255,239,236,154
20231,A,골목상권,3110992,도곡초등학교,2179,1144,1035,3,269,440,484,524,459,1,108,253,258,260,264,2,161,187,226,264,195
20231,A,골목상권,3110991,삼성중앙역 5번,1246,794,452,1,111,415,339,275,105,1,28,243,229,216,77,0,83,172,110,59,28
20231,A,골목상권,3111000,대왕초등학교(세곡동사거리서남측),39,20,19,0,7,10,12,8,2,0,0,4,10,4,2,0,7,6,2,4,0
20231,A,골목상권,3110999,윗방죽마을공원,268,130,138,2,19,43,44,83,77,1,12,27,27,39,24,1,7,16,17,44,53
20231,A,골목상권,3110963,역삼월드메르디앙아파트,779,545,234,1,126,183,226,154,89,0,79,144,171,97,54,1,47,39,55,57,35
20231,A,골목상권,3110967,역삼역 8번,377,228,149,0,63,92,89,92,41,0,31,51,60,56,30,0,32,41,29,36,11
20231,A,골목상권,3110972,강남세브란스병원미래의학연구센터,2628,1440,1188,17,539,669,692,581,130,4,240,428,438,258,72,13,299,241,254,323,58
20231,A,골목상권,3110969,베르사이유1아파트,1546,1230,316,4,231,442,483,285,101,2,165,345,402,239,77,2,66,97,81,46,24
20231,A,골목상권,3110990,청담역 12번,262,109,153,2,61,92,56,36,15,0,12,32,29,23,13,2,49,60,27,13,2
20231,A,골목상권,3110985,청담근린공원,1338,948,390,0,193,447,374,226,98,0,98,346,275,157,72,0,95,101,99,69,26
20231,A,골목상권,3111021,방이역 4번,7683,5874,1809,22,793,1329,1979,2137,1423,15,391,912,1552,1769,1235,7,402,417,427,368,188
20231,A,골목상권,3111008,석촌고분역 3번,1551,1177,374,1,182,286,280,382,420,1,148,237,208,248,335,0,34,49,72,134,85
20231,A,골목상권,3111015,석촌역 3번,1352,778,574,1,151,315,350,351,184,1,72,199,216,181,109,0,79,116,134,170,75
20231,A,골목상권,3111016,송파역 2번,3803,1601,2202,15,1126,1104,801,601,156,8,407,533,427,165,61,7,719,571,374,436,95
20231,A,골목상권,3111038,보인중학교,416,270,146,0,26,66,113,123,88,0,11,38,85,88,48,0,15,28,28,35,40
20231,A,골목상권,3111011,잠실나루역,9608,7747,1861,42,1275,3018,2795,2046,432,18,924,2492,2309,1674,330,24,351,526,486,372,102
20231,A,골목상권,3111003,삼전역 4번,1996,1337,659,6,249,412,549,437,343,1,160,278,332,308,258,5,89,134,217,129,85
20231,A,골목상권,3111088,고덕동성당,123,54,69,0,15,32,32,31,13,0,4,15,10,15,10,0,11,17,22,16,3
20231,A,골목상권,3111071,천동초등학교,76,52,24,0,4,15,21,25,11,0,4,6,18,16,8,0,0,9,3,9,3
20231,A,골목상권,3111079,둔촌고등학교(둔촌중학교),377,197,180,1,43,58,60,76,139,1,28,34,33,28,73,0,15,24,27,48,66
20231,A,골목상권,3111050,강동구청(강동구청역 2번),131,96,35,0,21,14,21,32,43,0,12,5,12,27,40,0,9,9,9,5,3
20231,A,골목상권,3111062,둔촌동역 3번(성내3동주민센터),751,501,250,5,134,198,194,144,76,5,81,139,126,91,59,0,53,59,68,53,17
20231,A,골목상권,3111066,암사동성당(효정하나플러스아파트),417,255,162,3,46,103,101,113,51,0,14,53,66,91,31,3,32,50,35,22,20
20231,A,골목상권,3111052,암사역 3번(천호동자전거거리),357,228,129,1,26,71,117,94,48,1,11,47,76,58,35,0,15,24,41,36,13
20231,A,골목상권,3111069,천호1동주민센터,79,54,25,0,8,17,17,26,11,0,4,12,14,14,10,0,4,5,3,12,1
20231,A,골목상권,3111048,천호역 1번(천호문구완구거리),183,101,82,3,18,52,44,42,24,2,10,24,26,23,16,1,8,28,18,19,8
20231,A,골목상권,3110003,세검정초등학교,607,337,270,7,78,120,167,167,68,6,35,45,103,96,52,1,43,75,64,71,16
20231,A,골목상권,3110032,수족관거리,30,15,15,0,3,5,4,13,5,0,2,1,2,7,3,0,1,4,2,6,2
20231,A,골목상권,3110049,장충단 고개,2303,1240,1063,4,566,582,448,431,272,2,174,314,281,257,212,2,392,268,167,174,60
20231,A,골목상권,3110041,남산케이블카,967,435,532,2,118,152,175,254,266,2,51,69,83,87,143,0,67,83,92,167,123
20231,A,골목상권,3110054,청구역 3번,1542,854,688,3,259,378,315,340,247,1,90,204,220,215,124,2,169,174,95,125,123
20231,A,골목상권,3110080,해방촌예술마을,311,168,143,0,53,71,88,58,41,0,18,40,52,31,27,0,35,31,36,27,14
20231,A,골목상권,3110065,남정초등학교,137,92,45,0,17,45,48,17,10,0,9,37,31,10,5,0,8,8,17,7,5
20231,A,골목상권,3110579,마포역 4번,750,563,187,2,54,162,247,219,66,1,37,124,188,165,48,1,17,38,59,54,18
20231,A,골목상권,3110123,마장역 3번,511,382,129,0,42,56,91,185,137,0,21,36,63,141,121,0,21,20,28,44,16
20231,A,골목상권,3110121,한양대역 4번,45,30,15,0,3,10,8,11,13,0,2,5,5,7,11,0,1,5,3,4,2
20231,A,골목상권,3110127,성수1가1동주민센터,290,157,133,0,31,55,56,100,48,0,11,40,31,47,28,0,20,15,25,53,20
20231,A,골목상권,3110114,왕십리파출소,33,19,14,0,3,2,8,14,6,0,1,1,4,8,5,0,2,1,4,6,1
20231,A,골목상권,3110174,아차산역 1번,432,305,127,1,49,80,115,104,83,1,25,57,76,69,77,0,24,23,39,35,6
20231,A,골목상권,3110140,건대입구역 6번,429,268,161,6,37,67,113,120,86,5,17,34,65,83,64,1,20,33,48,37,22
20231,A,골목상권,3110152,중곡어린이공원,340,300,40,0,17,29,64,121,109,0,10,21,55,109,105,0,7,8,9,12,4
20231,A,골목상권,3110161,중곡역 3번,236,135,101,3,11,33,58,65,66,0,2,16,37,40,40,3,9,17,21,25,26
20231,A,골목상권,3110141,건대입구역 1번,213,138,75,1,23,49,67,48,25,1,11,27,51,32,16,0,12,22,16,16,9
20231,A,골목상권,3110144,어린이대공원역 4번,104,49,55,0,35,17,21,19,12,0,9,10,11,10,9,0,26,7,10,9,3
20231,A,골목상권,3110209,답십리 장령당공원,83,52,31,0,3,11,28,19,22,0,1,5,16,15,15,0,2,6,12,4,7
20231,A,골목상권,3110186,종암초등학교,114,86,28,0,9,21,16,34,34,0,3,18,10,26,29,0,6,3,6,8,5
20231,A,골목상권,3110221,의릉,95,69,26,0,10,12,36,29,8,0,6,10,24,22,7,0,4,2,12,7,1
20231,A,골목상권,3110202,전농1동주민센터(전농시장),111,68,43,0,14,35,31,20,11,0,9,19,21,14,5,0,5,16,10,6,6
20231,A,골목상권,3110206,텃골근린공원,92,37,55,0,8,14,25,24,21,0,4,7,8,8,10,0,4,7,17,16,11
20231,A,골목상권,3110199,홍릉시장,65,41,24,0,11,15,18,14,7,0,8,8,10,9,6,0,3,7,8,5,1
20231,A,골목상권,3110219,삼육보건대학교,251,146,105,0,18,42,70,81,40,0,11,20,32,52,31,0,7,22,38,29,9
20231,A,골목상권,3110268,망우3동주민센터,60,30,30,0,10,13,10,18,9,0,1,5,7,10,7,0,9,8,3,8,2
20231,A,골목상권,3110237,메가박스 상봉,274,152,122,0,30,67,97,54,26,0,13,37,48,36,18,0,17,30,49,18,8
20231,A,골목상권,3110258,면동초등학교,260,99,161,0,32,49,79,66,34,0,1,20,28,34,16,0,31,29,51,32,18
20231,A,골목상권,3110254,오거리공원,259,90,169,1,19,75,79,53,32,0,6,15,35,22,12,1,13,60,44,31,20
20231,A,골목상권,3110264,면목역 2번,358,170,188,1,52,75,93,80,57,0,21,40,40,37,32,1,31,35,53,43,25
20231,A,골목상권,3110248,먹골파출소,85,47,38,1,19,23,20,12,10,0,7,14,12,4,10,1,12,9,8,8,0
20231,A,골목상권,3110279,신내역 2번,9,8,1,0,0,1,4,4,0,0,0,1,3,4,0,0,0,0,1,0,0
20231,A,골목상권,3110245,KB국민은행 중화동지점,156,81,75,0,8,36,52,40,20,0,5,16,26,19,15,0,3,20,26,21,5
20231,A,골목상권,3110308,길음역 8번,174,85,89,0,17,36,56,41,24,0,8,17,26,20,14,0,9,19,30,21,10
20231,A,골목상권,3110300,삼선동주민센터,2735,1587,1148,3,248,710,769,844,161,2,97,300,444,629,115,1,151,410,325,215,46
20231,A,골목상권,3110301,성신여대입구역 7번,484,209,275,1,73,84,96,134,96,0,31,37,39,62,40,1,42,47,57,72,56
20231,A,골목상권,3110328,상월곡역 3번,235,157,78,1,38,75,62,37,22,1,26,58,33,24,15,0,12,17,29,13,7
20231,A,골목상권,3110323,상월곡역 1번,109,30,79,2,25,24,28,18,12,0,4,5,11,5,5,2,21,19,17,13,7
20231,A,골목상권,3110325,장곡초등학교,57,18,39,0,0,14,20,17,6,0,0,3,7,4,4,0,0,11,13,13,2
20231,A,골목상권,3110329,우리은행체육관,34,27,7,1,1,5,6,14,7,1,0,5,5,10,6,0,1,0,1,4,1
20231,A,골목상권,3110418,광운대학교 남단,100,45,55,0,11,17,23,26,23,0,5,5,13,16,6,0,6,12,10,10,17
20231,A,골목상권,3110292,정릉역 2번,33,14,19,0,1,5,16,6,5,0,1,3,5,3,2,0,0,2,11,3,3
20231,A,골목상권,3110289,북한산보국문역 2번,144,105,39,0,9,28,49,32,26,0,6,23,30,24,22,0,3,5,19,8,4
20231,A,골목상권,3110320,KB국민은행 종암동지점,79,51,28,0,2,11,27,24,15,0,1,5,15,17,13,0,1,6,12,7,2
20231,A,골목상권,3110369,성신여대운정그린캠퍼스,518,214,304,1,49,46,131,131,160,1,10,16,44,53,90,0,39,30,87,78,70
20231,A,골목상권,3110376,수송초등학교,224,142,82,0,26,47,62,60,29,0,12,29,38,41,22,0,14,18,24,19,7
20231,A,골목상권,3110362,우이천 계성교,205,110,95,1,24,34,61,63,22,0,11,19,28,35,17,1,13,15,33,28,5
20231,A,골목상권,3110356,덕수교,228,114,114,0,13,34,55,60,66,0,4,17,22,30,41,0,9,17,33,30,25
20231,A,골목상권,3110343,무너미어린이공원,100,74,26,0,7,21,28,32,12,0,4,14,22,25,9,0,3,7,6,7,3
20231,A,골목상권,3110351,수유북부시장옆,214,93,121,0,27,45,51,59,32,0,9,17,20,25,22,0,18,28,31,34,10
20231,A,골목상권,3110413,누원고등학교,54,33,21,0,8,11,12,11,12,0,5,8,5,5,10,0,3,3,7,6,2
20231,A,골목상권,3110382,솔밭공원역 1번,32,25,7,0,1,9,8,7,7,0,0,5,6,7,7,0,1,4,2,0,0
20231,A,골목상권,3110422,노원역 9번,277,221,56,0,27,70,94,54,32,0,24,59,79,37,22,0,3,11,15,17,10
20231,A,골목상권,3110417,월계역 3번,19,10,9,0,10,6,0,3,0,0,3,5,0,2,0,0,7,1,0,1,0
20231,A,골목상권,3110430,중계초등학교,275,100,175,0,18,28,58,96,75,0,8,7,19,25,41,0,10,21,39,71,34
20231,A,골목상권,3110441,영신여고,138,72,66,0,12,28,33,41,24,0,7,20,15,21,9,0,5,8,18,20,15
20231,A,골목상권,3110427,노원 을지대학교병원,363,281,82,0,27,27,62,126,121,0,12,14,31,109,115,0,15,13,31,17,6
20231,A,골목상권,3110477,은평세무서,434,205,229,0,43,62,106,141,82,0,15,23,49,71,47,0,28,39,57,70,35
20231,A,골목상권,3110476,역촌역 2번,56,26,30,0,2,8,22,17,7,0,1,3,9,7,6,0,1,5,13,10,1
20231,A,골목상권,3110499,연가초등학교,263,119,144,0,42,42,74,65,40,0,8,20,31,35,25,0,34,22,43,30,15
20231,A,골목상권,3110503,명지대학교교회,230,123,107,0,27,52,59,64,28,0,9,30,26,36,22,0,18,22,33,28,6
20231,A,골목상권,3110533,충정로역 7번,22,11,11,0,5,5,3,5,4,0,0,2,2,4,3,0,5,3,1,1,1
20231,A,골목상권,3110537,충정로현대아파트,1514,848,666,1,362,525,328,177,121,0,150,263,215,134,86,1,212,262,113,43,35
20231,A,골목상권,3110522,홍제역 3번,46,12,34,0,14,7,12,6,7,0,2,2,2,2,4,0,12,5,10,4,3
20231,A,골목상권,3110541,동교초등학교,377,221,156,0,43,59,101,96,78,0,23,37,63,50,48,0,20,22,38,46,30
20231,A,골목상권,3110555,홍익지구대,284,147,137,1,49,53,55,37,89,0,14,28,31,16,58,1,35,25,24,21,31
20231,A,골목상권,3110558,경성고등학교,2362,1593,769,11,308,568,571,513,391,10,153,351,408,384,287,1,155,217,163,129,104
20231,A,골목상권,3110571,신수동주민센터,635,358,277,5,109,159,187,126,49,5,57,88,98,74,36,0,52,71,89,52,13
20231,A,골목상권,3110628,신목동역,469,307,162,0,52,85,114,113,105,0,28,56,79,85,59,0,24,29,35,28,46
20231,A,골목상권,3110627,신정롯데캐슬아파트,548,318,230,24,129,136,102,93,64,13,69,81,62,49,44,11,60,55,40,44,20
20231,A,골목상권,3110612,신정역 5번,644,303,341,1,85,88,143,197,130,0,44,62,74,70,53,1,41,26,69,127,77
20231,A,골목상권,3110629,송정역 4번,190,107,83,0,26,52,54,35,23,0,9,34,28,24,12,0,17,18,26,11,11
20231,A,골목상권,3110679,염창역 2번,574,404,170,3,89,206,152,80,44,2,49,148,111,58,36,1,40,58,41,22,8
20231,A,골목상권,3110649,우장산역 1번,358,191,167,0,41,91,82,93,51,0,12,49,38,59,33,0,29,42,44,34,18
20231,A,골목상권,3110670,신곡초등학교,489,320,169,6,79,118,121,90,75,3,45,77,71,59,65,3,34,41,50,31,10
20231,A,골목상권,3110666,KC대학교,176,60,116,0,19,35,52,57,13,0,10,10,20,13,7,0,9,25,32,44,6
20231,A,골목상권,3110669,화곡보람2차아파트,13,3,10,0,0,2,4,2,5,0,0,1,2,0,0,0,0,1,2,2,5
20231,A,골목상권,3110700,고척초등학교,3249,2648,601,3,209,680,974,1176,207,2,119,533,803,1021,170,1,90,147,171,155,37
20231,A,골목상권,3110725,가산동주민센터,85,59,26,0,6,20,22,20,17,0,3,15,16,12,13,0,3,5,6,8,4
20231,A,골목상권,3110735,말미고개,520,330,190,0,64,115,140,140,61,0,31,79,94,79,47,0,33,36,46,61,14
20231,A,골목상권,3110736,독산119안전센터,461,199,262,0,46,55,76,118,166,0,21,32,35,42,69,0,25,23,41,76,97
20231,A,골목상권,3110746,금천금빛공원(은행나무사거리서측),76,53,23,0,5,11,23,22,15,0,3,9,13,16,12,0,2,2,10,6,3
20231,A,골목상권,3110766,대림역 5번,360,205,155,0,30,82,85,99,64,0,15,54,42,56,38,0,15,28,43,43,26
20231,A,골목상권,3110777,구로세무서,282,210,72,0,36,41,47,83,75,0,13,30,32,66,69,0,23,11,15,17,6
20231,A,골목상권,3110788,영등포시장역 3번,28,22,6,0,4,5,7,9,3,0,3,5,6,6,2,0,1,0,1,3,1
20231,A,골목상권,3110783,영등포시장역 1번,292,154,138,1,26,37,35,67,126,1,19,27,16,33,58,0,7,10,19,34,68
20231,A,골목상권,3110799,영등포본동주민센터,119,86,33,5,21,16,11,22,44,3,12,10,6,15,40,2,9,6,5,7,4
20231,A,골목상권,3110821,보라매역 2번,599,356,243,0,73,109,142,137,138,0,34,65,80,89,88,0,39,44,62,48,50
20231,A,골목상권,3110836,상도역 5번,3057,1846,1211,9,550,798,701,647,352,2,238,486,453,447,220,7,312,312,248,200,132
20231,A,골목상권,3110840,중앙대학교,175,99,76,0,24,25,57,45,24,0,12,13,37,22,15,0,12,12,20,23,9
20231,A,골목상권,3110878,미림여고,368,218,150,3,43,114,101,78,29,0,19,63,68,43,25,3,24,51,33,35,4
20231,A,골목상권,3110861,관악구신사동주민센터,1168,598,570,1,215,376,261,204,111,1,71,194,161,101,70,0,144,182,100,103,41
20231,A,골목상권,3110893,관악소방서(문영여고),353,303,50,0,39,110,66,113,25,0,29,96,57,99,22,0,10,14,9,14,3
20231,A,골목상권,3110890,봉천역 1번(관악초등학교),249,148,101,1,17,43,92,67,29,0,4,22,58,43,21,1,13,21,34,24,8
20231,A,골목상권,3110936,더케이호텔(양재리본타워2단지아파트),832,552,280,3,109,260,215,175,70,0,53,154,159,131,55,3,56,106,56,44,15
20231,A,골목상권,3110940,양재근린공원(양재2동주민센터),956,699,257,8,168,323,238,137,82,8,109,243,178,97,64,0,59,80,60,40,18
20231,A,골목상권,3110993,개포지하차도 북측,70,53,17,0,3,9,19,23,16,0,2,7,16,18,10,0,1,2,3,5,6
20231,A,골목상권,3110983,국립국악고등학교,783,534,249,6,126,212,125,145,169,2,44,137,94,111,146,4,82,75,31,34,23
20231,A,골목상권,3110950,논현역 7번,2981,1929,1052,1,829,1305,518,230,98,0,418,886,383,173,69,1,411,419,135,57,29
20231,A,골목상권,3110960,은광여고,1601,749,852,5,219,282,389,522,184,4,60,131,203,227,124,1,159,151,186,295,60
20231,A,골목상권,3110964,싸리고개근린공원,217,124,93,0,29,60,59,34,35,0,8,32,36,23,25,0,21,28,23,11,10
20231,A,골목상권,3110995,봉은사역 4번,5085,3711,1374,9,978,2002,1271,637,188,2,575,1477,990,523,144,7,403,525,281,114,44
20231,A,골목상권,3110998,은곡마을(은곡마을공원),17,11,6,0,2,6,4,3,2,0,0,4,3,3,1,0,2,2,1,0,1
20231,A,골목상권,3111001,아래방죽마을공원(율현초등학교),58,43,15,0,2,9,14,18,15,0,1,7,12,13,10,0,1,2,2,5,5
20231,A,골목상권,3110949,한남IC,1683,1193,490,5,288,565,435,305,85,2,112,398,347,261,73,3,176,167,88,44,12
20231,A,골목상권,3110959,신구중학교,271,140,131,0,14,66,82,79,30,0,7,36,49,29,19,0,7,30,33,50,11
20231,A,골목상권,3110962,도산공원북측,53,27,26,0,20,11,10,8,4,0,11,7,6,3,0,0,9,4,4,5,4
20231,A,골목상권,3110954,국기원,636,445,191,0,89,142,187,94,124,0,35,97,161,74,78,0,54,45,26,20,46
20231,A,골목상권,3110997,대청초등학교,1724,959,765,4,230,291,391,383,425,2,111,162,200,210,274,2,119,129,191,173,151
20231,A,골목상권,3110979,청담초등학교,3004,1918,1086,4,525,926,768,568,213,4,230,632,535,343,174,0,295,294,233,225,39
20231,A,골목상권,3111027,문정초등학교,1393,771,622,3,146,285,323,246,390,1,67,159,209,125,210,2,79,126,114,121,180
20231,A,골목상권,3111020,방이동고분군(방산고등학교),304,225,79,1,20,103,84,54,42,0,7,73,64,48,33,1,13,30,20,6,9
20231,A,골목상권,3111005,삼전역 3번,1865,1358,507,0,320,617,459,302,167,0,215,449,339,222,133,0,105,168,120,80,34
20231,A,골목상권,3111037,Sh수협은행 오금동금융센터(아랫말어린이공원),373,243,130,0,37,103,90,93,50,0,25,84,60,43,31,0,12,19,30,50,19
20231,A,골목상권,3111032,방이역 1번,3878,2552,1326,4,235,340,599,718,1982,3,139,237,411,469,1293,1,96,103,188,249,689
20231,A,골목상권,3111081,둔촌푸르지오아파트,78,50,28,0,8,17,18,18,17,0,4,12,13,6,15,0,4,5,5,12,2
20231,A,골목상권,3111089,상일여고(상일초등학교),750,505,245,0,50,131,180,233,156,0,31,81,127,154,112,0,19,50,53,79,44
20231,A,골목상권,3111059,강동역 4번(강풀만화거리),774,420,354,3,87,144,177,164,199,1,47,73,92,91,116,2,40,71,85,73,83
20231,A,골목상권,3111067,강동구립성내도서관,746,414,332,2,73,149,192,177,153,1,36,98,107,84,88,1,37,51,85,93,65
20231,A,골목상권,3110005,세검정,1057,542,515,6,132,305,306,202,106,2,40,143,167,124,66,4,92,162,139,78,40
20231,A,골목상권,3110008,배화여자대학교(박노수미술관),507,350,157,1,50,79,121,161,95,0,15,45,93,121,76,1,35,34,28,40,19
20231,A,골목상권,3110035,동묘앞역 2번,276,161,115,2,18,43,75,88,50,0,5,18,42,65,31,2,13,25,33,23,19
20231,A,골목상권,3110027,혜화역 1번,598,358,240,1,67,108,127,97,198,0,25,70,64,54,145,1,42,38,63,43,53
20231,A,골목상권,3110030,동대문역 3번,7,3,4,0,2,2,2,1,0,0,0,2,1,0,0,0,2,0,1,1,0
20231,A,골목상권,3110015,청와대사랑채,578,345,233,0,64,147,166,126,75,0,16,63,110,91,65,0,48,84,56,35,10
20231,A,골목상권,3110011,청운초등학교,263,188,75,0,21,105,79,43,15,0,21,95,44,16,12,0,0,10,35,27,3
20231,A,골목상권,3110024,혜회동주민센터,928,263,665,0,135,264,294,184,51,0,17,64,90,55,37,0,118,200,204,129,14
20231,A,골목상권,3110045,동대문역사문화공원역 5번,234,174,60,0,24,54,64,55,37,0,11,38,46,47,32,0,13,16,18,8,5
20231,A,골목상권,3110043,충무초등학교,1202,670,532,12,212,307,331,223,117,7,97,155,169,152,90,5,115,152,162,71,27
20231,A,골목상권,3110057,황학코아루아파트,64,44,20,0,8,13,20,10,13,0,4,6,17,8,9,0,4,7,3,2,4
20231,A,골목상권,3110055,황학동벼룩시장,29,19,10,0,1,4,6,11,7,0,1,3,5,6,4,0,0,1,1,5,3
20231,A,골목상권,3110078,이촌동점보아파트,69,29,40,0,12,15,17,13,12,0,3,8,7,5,6,0,9,7,10,8,6
20231,A,골목상권,3110082,용산구청,1618,809,809,5,175,461,427,442,108,4,53,155,206,304,87,1,122,306,221,138,21
20231,A,골목상권,3110073,삼각지역 3번,7975,2387,5588,56,2508,2886,1913,505,107,25,861,919,424,119,39,31,1647,1967,1489,386,68
20231,A,골목상권,3110076,삼각지역 14번,537,175,362,0,46,143,158,153,37,0,11,49,61,45,9,0,35,94,97,108,28
20231,A,골목상권,3110588,한겨레신문사,169,92,77,0,34,44,41,33,17,0,14,22,20,21,15,0,20,22,21,12,2
20231,A,골목상권,3110107,금호사거리,37,30,7,0,4,8,4,11,10,0,3,5,4,9,9,0,1,3,0,2,1
20231,A,골목상권,3110117,성동구보건소,103,73,30,1,14,27,19,33,9,1,10,20,11,25,6,0,4,7,8,8,3
20231,A,골목상권,3110113,응봉산,77,43,34,0,14,15,14,16,18,0,4,11,7,6,15,0,10,4,7,10,3
20231,A,골목상권,3110112,행당역 2번,207,101,106,0,37,37,38,53,42,0,14,19,16,26,26,0,23,18,22,27,16
20231,A,골목상권,3110169,성동초등학교,253,139,114,1,28,41,73,68,42,0,15,21,36,39,28,1,13,20,37,29,14
20231,A,골목상권,3110156,군자역 5번,621,363,258,0,96,181,173,112,59,0,41,114,101,67,40,0,55,67,72,45,19
20231,A,골목상권,3110157,자양동우체국,1097,891,206,10,352,279,244,141,71,7,300,237,180,106,61,3,52,42,64,35,10
20231,A,골목상권,3110163,성자초등학교,284,143,141,0,39,46,67,77,55,0,14,27,32,31,39,0,25,19,35,46,16
20231,A,골목상권,3110168,대원고등학교,524,374,150,0,64,95,121,160,84,0,36,69,87,110,72,0,28,26,34,50,12
20231,A,골목상권,3110212,답십리초등학교,204,144,60,0,26,37,42,67,32,0,18,26,27,50,23,0,8,11,15,17,9
20231,A,골목상권,3110187,제기동역 6번,3124,2222,902,15,559,867,746,552,385,7,387,605,531,394,298,8,172,262,215,158,87
20231,A,골목상권,3110229,장평중학교,1332,862,470,0,145,164,190,318,515,0,81,103,125,211,342,0,64,61,65,107,173
20231,A,골목상권,3110231,장안교,11,8,3,0,0,1,4,5,1,0,0,1,3,4,0,0,0,0,1,1,1
20231,A,골목상권,3110194,홍파초등학교,112,85,27,0,6,32,24,36,14,0,4,20,20,31,10,0,2,12,4,5,4
20231,A,골목상권,3110203,떡전교사거리,99,63,36,1,9,15,32,29,13,1,0,7,26,20,9,0,9,8,6,9,4
20231,A,골목상권,3110278,망우본동주민센터,276,166,110,1,32,46,77,81,39,0,10,25,43,56,32,1,22,21,34,25,7
20231,A,골목상권,3110246,월드순복음교회,431,312,119,0,27,97,158,95,54,0,12,69,122,65,44,0,15,28,36,30,10
20231,A,골목상권,3110261,사가정역 4번,167,90,77,1,16,29,49,50,22,1,8,15,25,26,15,0,8,14,24,24,7
20231,A,골목상권,3110242,면목5동주민센터,164,112,52,0,21,28,56,30,29,0,12,23,31,22,24,0,9,5,25,8,5
20231,A,골목상권,3110241,먹골역 5번,415,213,202,0,61,87,97,117,53,0,17,49,46,63,38,0,44,38,51,54,15
20231,A,골목상권,3110233,중랑역 1번,142,46,96,1,23,27,50,35,6,1,6,7,16,11,5,0,17,20,34,24,1
20231,A,골목상권,3110281,길상사,13818,12089,1729,12,1418,3093,4061,4964,270,1,960,2426,3678,4823,201,11,458,667,383,141,69
20231,A,골목상권,3110309,대광초등학교,376,266,110,0,38,63,108,103,64,0,19,44,71,78,54,0,19,19,37,25,10
20231,A,골목상권,3110318,KT월곡지사,148,78,70,0,21,29,45,36,17,0,10,19,22,14,13,0,11,10,23,22,4
20231,A,골목상권,3110379,KT&G 북부지사,12,3,9,1,1,1,3,3,3,0,0,0,1,1,1,1,1,1,2,2,2
20231,A,골목상권,3110373,수유역 2번,891,705,186,0,129,255,172,236,99,0,90,208,134,205,68,0,39,47,38,31,31
20231,A,골목상권,3110377,미아사거리역 3번,21,14,7,0,2,2,2,9,6,0,2,2,1,4,5,0,0,0,1,5,1
20231,A,골목상권,3110345,솔밭공원역 2번,114,47,67,1,14,18,26,37,18,0,3,6,8,17,13,1,11,12,18,20,5
20231,A,골목상권,3110342,국립재활원,60,45,15,0,5,11,20,15,9,0,3,8,14,13,7,0,2,3,6,2,2
20231,A,골목상권,3110348,강북문화예술회관,343,174,169,0,27,59,108,96,53,0,4,31,63,43,33,0,23,28,45,53,20
20231,A,골목상권,3110338,인수초등학교,263,192,71,0,34,67,61,63,38,0,18,49,44,48,33,0,16,18,17,15,5
20231,A,골목상권,3110402,도봉구 정병원,471,221,250,1,85,98,98,106,83,0,24,38,54,59,46,1,61,60,44,47,37
20231,A,골목상권,3110383,덕성여대시반거리,33,21,12,0,0,3,13,10,7,0,0,2,9,5,5,0,0,1,4,5,2
20231,A,골목상권,3110392,발바닥공원,43,17,26,0,2,8,7,10,16,0,0,0,3,3,11,0,2,8,4,7,5
20231,A,골목상권,3110416,노원초등학교,468,244,224,4,61,110,118,126,49,2,24,73,58,58,29,2,37,37,60,68,20
20231,A,골목상권,3110428,상계5동주민센터,491,217,274,1,43,52,106,158,131,0,14,25,45,70,63,1,29,27,61,88,68
20231,A,골목상권,3110464,연신내역 5번,301,170,131,4,32,53,93,85,34,4,18,28,44,49,27,0,14,25,49,36,7
20231,A,골목상권,3110457,예일여고,482,283,199,1,60,88,88,132,113,0,27,46,47,71,92,1,33,42,41,61,21
20231,A,골목상권,3110485,연신내우체국,1259,678,581,0,7,24,35,160,1033,0,4,5,15,70,584,0,3,19,20,90,449
20231,A,골목상권,3110488,우리은행응암동지점,174,104,70,1,14,24,41,38,56,0,8,16,19,15,46,1,6,8,22,23,10
20231,A,골목상권,3110449,증산역 3번,709,410,299,0,104,160,182,147,116,0,47,98,96,84,85,0,57,62,86,63,31
20231,A,골목상권,3110523,홍제성원아파트,21,9,12,0,0,4,5,7,5,0,0,0,2,5,2,0,0,4,3,2,3
20231,A,골목상권,3110586,서울서부지방법원,1855,953,902,2,423,499,464,293,174,1,233,283,196,130,110,1,190,216,268,163,64
20231,A,골목상권,3110540,망원나들목체육관,238,107,131,0,39,63,70,47,19,0,19,28,26,23,11,0,20,35,44,24,8
20231,A,골목상권,3110567,광흥창역 6번,91,61,30,0,16,26,27,12,10,0,8,20,13,11,9,0,8,6,14,1,1
20231,A,골목상권,3110565,홍익대,110,66,44,0,16,34,34,19,7,0,8,16,23,13,6,0,8,18,11,6,1
20231,A,골목상권,3110560,마포FM,292,140,152,0,26,64,87,77,38,0,10,26,40,36,28,0,16,38,47,41,10
20231,A,골목상권,3110549,새터산,357,165,192,1,57,79,100,64,56,1,24,39,47,22,32,0,33,40,53,42,24
20231,A,골목상권,3110581,염리초등학교,16,11,5,0,0,0,2,6,8,0,0,0,2,3,6,0,0,0,0,3,2
20231,A,골목상권,3110617,등촌역 4번,262,188,74,0,47,75,73,48,19,0,37,55,50,31,15,0,10,20,23,17,4
20231,A,골목상권,3110597,신월1동주민센터,517,302,215,0,30,68,111,150,158,0,14,36,54,84,114,0,16,32,57,66,44
20231,A,골목상권,3110615,신서초등학교,87,63,24,0,20,21,27,13,6,0,14,18,18,8,5,0,6,3,9,5,1
20231,A,골목상권,3110674,강서구청가양동별관,260,189,71,0,21,55,61,47,76,0,14,46,35,29,65,0,7,9,26,18,11
20231,A,골목상권,3110677,등촌역 1번,410,321,89,1,50,80,83,91,105,1,24,51,70,76,99,0,26,29,13,15,6
20231,A,골목상권,3110676,등촌역 7번,228,138,90,0,31,34,61,56,46,0,13,20,36,37,32,0,18,14,25,19,14
20231,A,골목상권,3110636,방화역 2번,152,76,76,1,25,49,41,21,15,0,9,26,27,4,10,1,16,23,14,17,5
20231,A,골목상권,3110631,방화초등학교,335,161,174,2,32,63,68,100,70,2,19,34,37,37,32,0,13,29,31,63,38
20231,A,골목상권,3110656,까치산역 3번,829,493,336,13,89,206,249,190,82,12,52,128,151,91,59,1,37,78,98,99,23
20231,A,골목상권,3110654,까치산역 4번,1027,687,340,2,68,149,252,380,176,1,38,81,139,281,147,1,30,68,113,99,29
20231,A,골목상권,3110665,곰달래도서관,469,285,184,0,36,92,123,138,80,0,25,60,79,74,47,0,11,32,44,64,33
20231,A,골목상권,3110662,까치산역 1번,1480,885,595,4,245,501,396,234,100,4,129,301,207,171,73,0,116,200,189,63,27
20231,A,골목상권,3110691,개봉중학교,395,205,190,0,37,65,119,115,59,0,20,38,49,52,46,0,17,27,70,63,13
20231,A,골목상권,3110705,고산초등학교,33,19,14,0,3,2,8,7,13,0,3,1,8,2,5,0,0,1,0,5,8
20231,A,골목상권,3110680,온수역 5번(온수산업단지),901,770,131,15,129,129,157,274,197,15,105,106,127,234,183,0,24,23,30,40,14
20231,A,골목상권,3110685,금강수목원아파트,56,39,17,0,10,12,12,11,11,0,7,10,5,7,10,0,3,2,7,4,1
20231,A,골목상권,3110732,가산초등학교(세일중학교),362,258,104,1,42,68,107,79,65,0,23,39,78,64,54,1,19,29,29,15,11
20231,A,골목상권,3110729,가산동우체국,151,112,39,0,19,30,40,39,23,0,14,19,30,30,19,0,5,11,10,9,4
20231,A,골목상권,3110723,가산디지털단지역 1번 출입구,286,247,39,0,6,10,37,130,103,0,6,5,26,113,97,0,0,5,11,17,6
20231,A,골목상권,3110742,KT금천빌딩(금천구시설관리공단),426,237,189,0,42,83,106,125,70,0,21,57,71,54,34,0,21,26,35,71,36
20231,A,골목상권,3110748,백산초등학교,102,64,38,0,6,19,21,26,30,0,2,9,11,22,20,0,4,10,10,4,10
20231,A,골목상권,3110749,금산초등학교(금천고등학교),418,255,163,0,51,99,100,118,50,0,26,61,51,81,36,0,25,38,49,37,14
20231,A,골목상권,3110750,시흥4동주민센터(서울신흥초등학교),397,221,176,4,78,83,80,104,48,4,47,62,43,33,32,0,31,21,37,71,16
20231,A,골목상권,3110763,영등포구청역 2번,480,353,127,2,84,147,107,84,56,0,53,100,79,72,49,2,31,47,28,12,7
20231,A,골목상권,3110786,당산역 8번,271,179,92,2,20,41,60,51,97,2,8,21,42,38,68,0,12,20,18,13,29
20231,A,골목상권,3110817,대방역 4번,26,19,7,0,2,6,6,6,6,0,0,4,4,6,5,0,2,2,2,0,1
20231,A,골목상권,3110757,양평역 2번,1501,1114,387,1,111,230,356,424,379,0,51,176,286,314,287,1,60,54,70,110,92
20231,A,골목상권,3110762,선유도역 1번,3139,2286,853,6,392,669,739,809,524,4,217,459,529,629,448,2,175,210,210,180,76
20231,A,골목상권,3110807,신길역 3번,102,70,32,0,6,16,23,27,30,0,4,8,18,19,21,0,2,8,5,8,9
20231,A,골목상권,3110803,신길2동우편취급국,312,224,88,0,17,27,58,67,143,0,6,14,33,43,128,0,11,13,25,24,15
20231,A,골목상권,3110847,예술인마을,443,216,227,3,52,135,137,77,39,3,13,60,74,37,29,0,39,75,63,40,10
20231,A,골목상권,3110843,사당5동주민센터,181,135,46,1,22,25,55,52,26,0,16,17,34,44,24,1,6,8,21,8,2
20231,A,골목상권,3110835,상도역 1번,296,170,126,0,81,95,59,38,23,0,32,61,37,19,21,0,49,34,22,19,2
20231,A,골목상권,3110830,상도초등학교,281,152,129,0,22,61,73,85,40,0,7,29,36,54,26,0,15,32,37,31,14
20231,A,골목상권,3110863,난우초등학교,319,179,140,6,40,61,63,79,70,5,23,30,38,36,47,1,17,31,25,43,23
20231,A,골목상권,3110867,국제신학대학원대학교(남서울중학교),202,117,85,0,8,34,39,53,68,0,2,15,21,32,47,0,6,19,18,21,21
20231,A,골목상권,3110882,신성초등학교,733,444,289,1,95,131,215,168,123,0,52,67,122,109,94,1,43,64,93,59,29
20231,A,골목상권,3110864,신림우방아파트,236,161,75,0,31,48,53,60,44,0,21,31,37,43,29,0,10,17,16,17,15
20231,A,골목상권,3110871,신원동주민센터,64,32,32,1,6,13,19,12,13,0,4,6,8,7,7,1,2,7,11,5,6
20231,A,골목상권,3110854,조원동주민센터,55,39,16,0,4,5,17,21,8,0,3,5,9,15,7,0,1,0,8,6,1
20231,A,골목상권,3110898,청림동주민센터(상도중학교),66,27,39,0,16,14,14,16,6,0,5,3,8,7,4,0,11,11,6,9,2
20231,A,골목상권,3110917,서초소방서,1505,939,566,6,157,432,402,355,153,2,72,281,295,181,108,4,85,151,107,174,45
20231,A,골목상권,3110918,방배역 3번,682,438,244,3,98,127,164,142,148,2,59,85,108,86,98,1,39,42,56,56,50
20231,A,골목상권,3110903,방배아이파크아파트,7222,2653,4569,7,1242,1778,2487,1322,386,1,333,597,951,599,172,6,909,1181,1536,723,214
20231,A,골목상권,3110915,서래초등학교,3011,2335,676,14,441,940,1066,421,129,11,286,683,868,373,114,3,155,257,198,48,15
20231,A,골목상권,3110926,신중초등학교,1610,1175,435,6,193,359,463,382,207,3,114,263,355,292,148,3,79,96,108,90,59
20231,A,골목상권,3110928,서초우방유쉘아파트,596,491,105,1,57,109,125,205,99,1,29,76,109,190,86,0,28,33,16,15,13
20231,A,골목상권,3110927,잠원역,745,553,192,2,93,342,198,98,12,2,82,218,159,81,11,0,11,124,39,17,1
20231,A,골목상권,3110977,논현로18길,148,102,46,0,22,32,45,29,20,0,14,20,33,20,15,0,8,12,12,9,5
20231,A,골목상권,3110961,언주역 3번,962,673,289,5,172,286,248,140,111,3,97,184,187,112,90,2,75,102,61,28,21
20231,A,골목상권,3110970,학동초등학교,378,236,142,1,66,98,102,65,46,0,27,49,66,57,37,1,39,49,36,8,9
20231,A,골목상권,3110986,삼성중앙역 7번,90,59,31,0,9,18,36,19,8,0,3,6,29,15,6,0,6,12,7,4,2
20231,A,골목상권,3110958,역삼역 4번,997,760,237,1,96,197,300,298,105,1,46,133,254,241,85,0,50,64,46,57,20
20231,A,골목상권,3110956,언주역 8번,1199,758,441,4,361,471,199,87,77,2,158,307,163,70,58,2,203,164,36,17,19
20231,A,골목상권,3111025,경찰병원역 3번,686,412,274,1,84,164,149,157,131,0,45,102,103,88,74,1,39,62,46,69,57
20231,A,골목상권,3111029,오금역 4번,427,314,113,3,71,108,91,79,75,1,51,81,67,55,59,2,20,27,24,24,16
20231,A,골목상권,3111042,거여역 1번(거여공원),872,597,275,3,147,186,251,200,85,3,121,134,159,130,50,0,26,52,92,70,35
20231,A,골목상권,3111023,문정역 1번,939,576,363,2,133,202,263,204,135,0,86,139,184,100,67,2,47,63,79,104,68
20231,A,골목상권,3111006,석촌고분역 1번,1112,721,391,0,127,292,337,203,153,0,56,169,242,135,119,0,71,123,95,68,34
20231,A,골목상권,3111090,강일동주민센터,91,35,56,0,15,30,23,17,6,0,1,10,10,10,4,0,14,20,13,7,2
20231,A,골목상권,3111068,강동성심병원,1570,605,965,0,532,392,271,203,172,0,126,134,114,101,130,0,406,258,157,102,42
20231,A,골목상권,3111054,암사역 4번(삼성광나루아파트),104,42,62,0,14,18,19,12,41,0,4,12,7,5,14,0,10,6,12,7,27
20231,A,골목상권,3111065,천일초등학교,79,38,41,2,6,21,18,23,9,2,5,11,7,6,7,0,1,10,11,17,2
20231,A,골목상권,3111049,천호지구대(천호동자전거거리),507,277,230,2,75,90,96,118,126,0,36,50,40,68,83,2,39,40,56,50,43
20231,A,골목상권,3111060,암사역 2번(서울강동초등학교),872,458,414,1,101,211,241,202,116,1,41,97,131,107,81,0,60,114,110,95,35
20231,A,골목상권,3110007,사직공원(한국사회과학도서관),283,185,98,2,58,88,63,41,31,2,30,62,44,27,20,0,28,26,19,14,11
20231,A,골목상권,3110531,홍지문,141,61,80,0,16,26,24,56,19,0,13,19,13,9,7,0,3,7,11,47,12
20231,A,골목상권,3110013,체부동홍종문가옥,125,71,54,0,8,28,31,26,32,0,2,11,18,14,26,0,6,17,13,12,6
20231,A,골목상권,3110010,평창동서측,5240,2651,2589,1,324,1250,2239,1231,195,0,76,342,1157,943,133,1,248,908,1082,288,62
20231,A,골목상권,3110051,한양공고앞 교차로,111,82,29,0,17,23,33,26,12,0,12,16,24,20,10,0,5,7,9,6,2
20231,A,골목상권,3110075,숙대입구역 1번,1630,736,894,9,270,506,417,289,139,5,69,188,182,181,111,4,201,318,235,108,28
20231,A,골목상권,3110094,오산중학교,26,12,14,0,0,1,4,13,8,0,0,0,2,6,4,0,0,1,2,7,4
20231,A,골목상권,3110093,우사단길,2647,1632,1015,2,331,1035,757,359,163,1,106,546,562,321,96,1,225,489,195,38,67
20231,A,골목상권,3110089,서빙고동주민센터,752,503,249,1,94,230,220,107,100,0,33,136,159,88,87,1,61,94,61,19,13
20231,A,골목상권,3110064,효창공원앞역 2번,923,525,398,2,126,275,261,160,99,1,49,160,160,88,67,1,77,115,101,72,32
20231,A,골목상권,3110109,금호삼성래미안아파트,92,39,53,0,7,10,12,42,21,0,2,6,3,15,13,0,5,4,9,27,8
20231,A,골목상권,3110108,성동구립금호도서관,6,1,5,0,0,1,4,1,0,0,0,0,0,1,0,0,0,1,4,0,0
20231,A,골목상권,3110104,신금호역 4번,213,141,72,0,22,33,35,54,69,0,6,17,21,37,60,0,16,16,14,17,9
20231,A,골목상권,3110126,서울숲역 1번,27,18,9,0,0,7,2,12,6,0,0,6,0,7,5,0,0,1,2,5,1
20231,A,골목상권,3110135,성동세무서,401,208,193,0,41,84,107,78,91,0,7,43,49,38,71,0,34,41,58,40,20
20231,A,골목상권,3110115,상왕십리역 3번,945,362,583,10,392,218,156,113,56,0,76,84,93,75,34,10,316,134,63,38,22
20231,A,골목상권,3110133,서울교통공사,122,93,29,0,19,25,33,21,24,0,12,18,29,17,17,0,7,7,4,4,7
20231,A,골목상권,3110130,답십리역 6번,105,89,16,0,20,24,38,15,8,0,17,20,35,10,7,0,3,4,3,5,1
20231,A,골목상권,3110170,동대부여고,223,128,95,1,37,51,67,45,22,0,17,21,42,32,16,1,20,30,25,13,6
20231,A,골목상권,3110172,광진초등학교,344,227,117,0,42,72,92,91,47,0,17,48,61,65,36,0,25,24,31,26,11
20231,A,골목상권,3110173,구남초등학교,195,106,89,0,34,50,46,44,21,0,16,28,21,25,16,0,18,22,25,19,5
20231,A,골목상권,3110143,뚝섬유원지역 1번,44,18,26,1,4,13,9,13,4,1,0,3,5,6,3,0,4,10,4,7,1
20231,A,골목상권,3110165,국립정신건강센터,243,175,68,0,12,32,69,76,54,0,7,23,42,59,44,0,5,9,27,17,10
20231,A,골목상권,3110185,용두초등학교,122,77,45,0,13,22,31,32,24,0,5,13,18,22,19,0,8,9,13,10,5
20231,A,골목상권,3110205,경희대삼거리,82,48,34,0,4,13,23,23,19,0,2,10,7,17,12,0,2,3,16,6,7
20231,A,골목상권,3110265,망우역 1번,198,91,107,1,23,43,54,57,20,0,7,18,21,32,13,1,16,25,33,25,7
20231,A,골목상권,3110263,면목역 1번,130,71,59,0,13,27,35,24,31,0,7,12,12,14,26,0,6,15,23,10,5
20231,A,골목상권,3110272,신내1동주민센터,477,319,158,0,45,69,93,152,118,0,15,35,60,103,106,0,30,34,33,49,12
20231,A,골목상권,3110307,길음역 7번,119,62,57,0,17,25,41,19,17,0,7,17,18,10,10,0,10,8,23,9,7
20231,A,골목상권,3110310,길음역 10번,45,14,31,0,12,8,5,15,5,0,4,1,2,4,3,0,8,7,3,11,2
20231,A,골목상권,3110288,동구여중,216,139,77,1,19,49,52,55,40,0,9,22,35,40,33,1,10,27,17,15,7
20231,A,골목상권,3110313,안암역 3번,2069,1344,725,2,208,552,670,474,163,0,95,310,444,355,140,2,113,242,226,119,23
20231,A,골목상권,3110326,장위동성당,84,40,44,0,2,9,16,13,44,0,1,2,6,5,26,0,1,7,10,8,18
20231,A,골목상권,3110282,국민대학교앞,980,789,191,13,185,388,206,75,113,12,134,349,179,57,58,1,51,39,27,18,55
20231,A,골목상권,3110380,강북문화정보도서관,48,15,33,0,12,10,12,10,4,0,0,3,5,4,3,0,12,7,7,6,1
20231,A,골목상권,3110370,도봉세무서,367,255,112,0,17,61,76,105,108,0,11,31,42,80,91,0,6,30,34,25,17
20231,A,골목상권,3110358,인수동 우편취급국,549,295,254,0,18,34,67,210,220,0,2,18,23,91,161,0,16,16,44,119,59
20231,A,골목상권,3110359,수유시장옆,126,72,54,0,12,26,34,40,14,0,3,12,17,32,8,0,9,14,17,8,6
20231,A,골목상권,3110366,광산사거리,91,64,27,0,17,20,17,22,15,0,13,13,11,16,11,0,4,7,6,6,4
20231,A,골목상권,3110391,샘말어린이공원,219,118,101,0,22,44,64,45,44,0,12,26,37,23,20,0,10,18,27,22,24
20231,A,골목상권,3110386,연산군묘,124,114,10,0,4,3,10,44,63,0,1,3,7,40,63,0,3,0,3,4,0
20231,A,골목상권,3110385,효문고등학교,37,22,15,0,3,9,12,4,9,0,2,5,3,4,8,0,1,4,9,0,1
20231,A,골목상권,3110396,쌍문역1번(쌍리단길),259,94,165,2,41,49,52,76,39,0,13,15,22,29,15,2,28,34,30,47,24
20231,A,골목상권,3110404,신창초등학교,515,298,217,1,42,93,163,136,80,0,11,56,109,76,46,1,31,37,54,60,34
20231,A,골목상권,3110429,공릉동 국수거리,2074,916,1158,3,224,284,511,689,363,1,91,167,248,234,175,2,133,117,263,455,188
20231,A,골목상권,3110438,경춘선숲길 우측,230,110,120,0,26,54,83,52,15,0,12,21,38,30,9,0,14,33,45,22,6
20231,A,골목상권,3110458,선일여고,385,200,185,0,32,79,94,119,61,0,19,46,47,52,36,0,13,33,47,67,25
20231,A,골목상권,3110460,구산역 4번,969,582,387,0,57,184,248,234,246,0,18,124,133,121,186,0,39,60,115,113,60
20231,A,골목상권,3110450,시립서북병원,774,421,353,3,138,166,179,154,134,2,80,103,96,70,70,1,58,63,83,84,64
20231,A,골목상권,3110456,구산보건지소,967,544,423,3,284,226,177,147,130,1,123,112,94,97,117,2,161,114,83,50,13
20231,A,골목상권,3110486,은평구청,491,279,212,0,81,100,108,134,68,0,54,70,53,61,41,0,27,30,55,73,27
20231,A,골목상권,3110484,역촌역 3번,499,193,306,6,64,131,129,103,66,5,34,45,41,32,36,1,30,86,88,71,30
20231,A,골목상권,3110472,연신내역 4번,335,156,179,2,52,77,79,68,57,1,16,43,30,37,29,1,36,34,49,31,28
20231,A,골목상권,3110445,덕산중학교,71,53,18,0,18,15,16,8,14,0,10,9,13,7,14,0,8,6,3,1,0
20231,A,골목상권,3110446,내를건너서숲으로도서관,163,124,39,0,6,14,51,45,47,0,5,9,33,35,42,0,1,5,18,10,5
20231,A,골목상권,3110451,증산역 4번,1267,962,305,2,150,378,365,291,81,2,75,289,305,230,61,0,75,89,60,61,20
20231,A,골목상권,3110502,남가좌파출소,290,147,143,0,29,34,73,92,62,0,14,16,35,47,35,0,15,18,38,45,27
20231,A,골목상권,3110520,경의중앙 신촌역,105,57,48,0,31,22,32,12,8,0,10,15,16,10,6,0,21,7,16,2,2
20231,A,골목상권,3110526,봉원사,211,111,100,1,17,38,50,49,56,1,7,21,24,26,32,0,10,17,26,23,24
20231,A,골목상권,3110511,연희초등학교,3646,3286,360,2,420,731,640,1505,348,1,355,646,532,1425,327,1,65,85,108,80,21
20231,A,골목상권,3110504,명지전문대,170,46,124,1,21,19,35,41,53,0,5,4,10,13,14,1,16,15,25,28,39
20231,A,골목상권,3110587,공덕동주민센터,264,135,129,1,43,53,75,55,37,1,16,31,47,23,17,0,27,22,28,32,20
20231,A,골목상권,3110578,대흥역 2번,2091,1413,678,2,213,337,391,638,510,1,80,225,309,452,346,1,133,112,82,186,164
20231,A,골목상권,3110574,서강대학교,173,123,50,0,35,41,49,38,10,0,17,30,41,30,5,0,18,11,8,8,5
20231,A,골목상권,3110582,이대역 5번,56,17,39,0,6,11,16,13,10,0,0,4,4,4,5,0,6,7,12,9,5
20231,A,골목상권,3110544,망리단길,1203,718,485,1,179,248,331,253,191,1,107,153,171,147,139,0,72,95,160,106,52
20231,A,골목상권,3110566,경의선책거리,1690,934,756,2,359,547,406,290,86,1,137,328,252,157,59,1,222,219,154,133,27
20231,A,골목상권,3110557,홍대부속여중고앞,760,465,295,1,100,188,196,149,126,1,37,110,137,95,85,0,63,78,59,54,41
20231,A,골목상권,3110548,마포구청역 4번,795,475,320,5,130,185,210,136,129,3,57,95,122,89,109,2,73,90,88,47,20
20231,A,골목상권,3110543,중암중학교,38,25,13,0,6,8,14,7,3,0,3,5,8,6,3,0,3,3,6,1,0
20231,A,골목상권,3110585,마포경찰서,918,790,128,0,192,360,176,181,9,0,150,313,153,166,8,0,42,47,23,15,1
20231,A,골목상권,3110618,강서고등학교,193,135,58,0,19,38,52,52,32,0,10,29,36,34,26,0,9,9,16,18,6
20231,A,골목상권,3110599,신월1파출소,378,268,110,3,50,89,94,93,49,2,34,68,63,65,36,1,16,21,31,28,13
20231,A,골목상권,3110596,서서울호수공원,417,272,145,2,48,90,107,113,57,0,28,56,74,71,43,2,20,34,33,42,14
20231,A,골목상권,3110623,갈산공원,130,99,31,0,27,34,27,31,11,0,23,27,21,21,7,0,4,7,6,10,4
20231,A,골목상권,3110632,방화역 3번,1075,887,188,2,42,127,400,334,170,1,21,90,353,281,141,1,21,37,47,53,29
20231,A,골목상권,3110651,화원중학교,377,214,163,2,29,50,102,105,89,1,19,31,68,52,43,1,10,19,34,53,46
20231,A,골목상권,3110659,화곡역 4번,844,496,348,11,102,181,234,180,136,9,52,114,140,105,76,2,50,67,94,75,60
20231,A,골목상권,3110696,오류동역 1번,2424,1658,766,32,831,942,326,216,77,16,483,735,235,131,58,16,348,207,91,85,19
20231,A,골목상권,3110697,개봉3동주민센터,230,142,88,1,55,64,49,41,20,1,27,41,31,29,13,0,28,23,18,12,7
20231,A,골목상권,3110698,개웅초등학교(개웅중학교),276,176,100,3,50,50,53,63,57,3,25,32,31,39,46,0,25,18,22,24,11
20231,A,골목상권,3110722,G타워,837,574,263,4,152,296,249,99,37,4,95,205,191,55,24,0,57,91,58,44,13
20231,A,골목상권,3110682,온수역 8번,25,11,14,0,2,4,13,5,1,0,2,2,6,1,0,0,0,2,7,4,1
20231,A,골목상권,3110684,서울공연예술고등학교,251,136,115,2,50,78,61,36,24,0,19,54,34,19,10,2,31,24,27,17,14
20231,A,골목상권,3110688,오류지구대,169,59,110,1,18,18,40,59,33,0,7,10,15,19,8,1,11,8,25,40,25
20231,A,골목상권,3110730,서울축산농협 독산역지점(독산파출소),660,376,284,1,80,105,117,201,156,1,30,58,54,113,120,0,50,47,63,88,36
20231,A,골목상권,3110728,두산초등학교,4560,2778,1782,8,88,138,245,530,3551,8,64,86,123,279,2218,0,24,52,122,251,1333
20231,A,골목상권,3110752,한울중학교,269,117,152,2,25,46,81,79,36,2,13,16,34,33,19,0,12,30,47,46,17
20231,A,골목상권,3110743,시흥초등학교(시흥1동우체국),191,130,61,0,18,31,48,50,44,0,10,20,32,37,31,0,8,11,16,13,13
20231,A,골목상권,3110731,금천구청역 1번 출입구,1044,564,480,7,306,385,206,96,44,2,149,230,102,55,26,5,157,155,104,41,18
20231,A,골목상권,3110753,시흥동 은행나무사거리,617,387,230,0,69,100,149,166,133,0,28,68,90,96,105,0,41,32,59,70,28
20231,A,골목상권,3110764,문래역 3번,541,223,318,0,93,127,159,102,60,0,27,39,54,54,49,0,66,88,105,48,11
20231,A,골목상권,3110779,대림갑을명가아파트,33,24,9,0,2,5,13,7,6,0,1,4,10,4,5,0,1,1,3,3,1
20231,A,골목상권,3110765,문래동사거리,889,619,270,2,80,133,209,175,290,1,38,78,140,126,236,1,42,55,69,49,54
20231,A,골목상권,3110810,영신초등학교,403,183,220,0,58,147,59,78,61,0,24,67,27,43,22,0,34,80,32,35,39
20231,A,골목상권,3110813,보라매역 6번,286,167,119,3,22,37,50,74,100,3,15,21,24,39,65,0,7,16,26,35,35
20231,A,골목상권,3110782,영등포시장역 4번,127,87,40,1,13,24,48,27,14,1,5,16,36,17,12,0,8,8,12,10,2
20231,A,골목상권,3110809,장훈고등학교,112,61,51,0,7,15,30,23,37,0,3,5,11,17,25,0,4,10,19,6,12
20231,A,골목상권,3110834,동작구자원봉사센터,41,25,16,0,3,5,8,11,14,0,2,2,8,6,7,0,1,3,0,5,7
20231,A,골목상권,3110828,노량진역 6번,3010,2066,944,9,471,1047,854,467,162,3,252,711,639,357,104,6,219,336,215,110,58
20231,A,골목상권,3110824,대방역 3번,296,102,194,1,48,91,92,42,22,0,11,26,29,23,13,1,37,65,63,19,9
20231,A,골목상권,3110852,이수역 9번,198,121,77,0,26,35,54,38,45,0,12,20,30,23,36,0,14,15,24,15,9
20231,A,골목상권,3110851,경문고등학교(동작동성당),493,236,257,0,79,137,141,105,31,0,32,53,66,67,18,0,47,84,75,38,13
20231,A,골목상권,3110831,상도4동주민센터,72,40,32,0,3,13,14,29,13,0,3,6,6,18,7,0,0,7,8,11,6
20231,A,골목상권,3110827,NH농협은행 상도동지점,262,93,169,0,39,51,73,65,34,0,11,18,20,28,16,0,28,33,53,37,18
20231,A,골목상권,3110841,중대부중,75,34,41,0,7,12,14,23,19,0,4,7,5,10,8,0,3,5,9,13,11
20231,A,골목상권,3110900,낙성대역 1번(관악구민 종합체육센터),444,246,198,1,94,123,115,88,23,1,48,64,62,53,18,0,46,59,53,35,5
20231,A,골목상권,3110866,난우중학교,184,101,83,0,23,36,41,65,19,0,14,20,19,32,16,0,9,16,22,33,3
20231,A,골목상권,3110857,미성동주민센터,431,229,202,9,60,64,70,108,120,9,34,48,41,46,51,0,26,16,29,62,69
20231,A,골목상권,3110875,보라매동주민센터(당곡고등학교),19,15,4,0,4,2,5,6,2,0,2,2,3,6,2,0,2,0,2,0,0
20231,A,골목상권,3110873,당곡중학교,348,167,181,0,70,79,87,76,36,0,29,39,39,37,23,0,41,40,48,39,13
20231,A,골목상권,3110891,구암초등학교,47,22,25,0,5,1,22,16,3,0,1,0,11,8,2,0,4,1,11,8,1
20231,A,골목상권,3110892,관악구 중앙길,709,341,368,0,69,110,159,221,150,0,25,55,76,105,80,0,44,55,83,116,70
20231,A,골목상권,3110899,낙성대역 5번(관악중학교),681,442,239,0,167,178,164,123,49,0,107,130,95,71,39,0,60,48,69,52,10
20231,A,골목상권,3110689,오류동역 3번,287,200,87,3,44,47,56,75,62,3,25,32,41,52,47,0,19,15,15,23,15
20231,A,골목상권,3110690,오류2동버들시장,577,275,302,1,101,192,133,94,56,0,39,104,64,36,32,1,62,88,69,58,24
20231,A,골목상권,3110944,서울나래학교(염곡어린이공원),933,632,301,10,116,213,161,196,237,8,88,169,114,118,135,2,28,44,47,78,102
20231,A,골목상권,3110905,방배노인종합복지관(이수중학교),287,176,111,1,36,71,71,63,45,0,18,38,45,41,34,1,18,33,26,22,11
20231,A,골목상권,3110920,방배역 2번(백석예술대학교),359,205,154,0,23,53,125,118,40,0,5,29,65,75,31,0,18,24,60,43,9
20231,A,골목상권,3110910,내방역 5번,614,240,374,5,72,124,157,176,80,3,30,69,52,49,37,2,42,55,105,127,43
20231,A,골목상권,3110906,서문여고,683,362,321,2,217,106,119,106,133,0,59,58,72,62,111,2,158,48,47,44,22
20231,A,골목상권,3110932,서울시인재개발원,532,384,148,2,128,170,127,64,41,2,76,116,100,54,36,0,52,54,27,10,5
20231,A,골목상권,3110930,서초동성당,2178,1774,404,8,284,588,694,433,171,2,190,448,591,393,150,6,94,140,103,40,21
20231,A,골목상권,3110931,삼성전자서울R&D(서울우면초등학교),94,47,47,0,36,30,16,6,6,0,11,15,10,6,5,0,25,15,6,0,1
20231,A,골목상권,3110938,바우뫼공원,1522,927,595,0,253,457,423,297,92,0,147,314,251,143,72,0,106,143,172,154,20
20231,A,골목상권,3110942,염곡동 구룡사(포이동성당),3242,1952,1290,7,578,932,791,613,321,3,328,587,461,351,222,4,250,345,330,262,99
20231,A,골목상권,3110943,법제교육센터(버들어린이공원),1122,578,544,1,67,165,357,323,209,1,36,99,151,140,151,0,31,66,206,183,58
20231,A,골목상권,3110994,개포고등학교,494,382,112,7,65,161,123,110,28,4,47,134,103,73,21,3,18,27,20,37,7
20231,A,골목상권,3110988,청담역 3번,1594,1016,578,1,243,425,364,346,215,1,82,247,247,262,177,0,161,178,117,84,38
20231,A,골목상권,3111045,개미어린이공원,36,18,18,0,2,7,12,12,3,0,1,1,7,7,2,0,1,6,5,5,1
20231,A,골목상권,3111047,마천1치안센터,111,73,38,0,9,17,34,34,17,0,6,14,19,22,12,0,3,3,15,12,5
20231,A,골목상권,3111043,마천공원,32,13,19,0,1,3,7,12,9,0,0,0,1,6,6,0,1,3,6,6,3
20231,A,골목상권,3111012,석촌역 6번,732,332,400,2,91,127,180,183,149,2,23,56,83,93,75,0,68,71,97,90,74
20231,A,골목상권,3111035,오금공원(오주중학교),531,398,133,0,41,90,148,148,104,0,32,66,121,102,77,0,9,24,27,46,27
20231,A,골목상권,3111028,문현중학교(장지역 1번),424,194,230,0,54,66,132,116,56,0,29,36,49,50,30,0,25,30,83,66,26
20231,A,골목상권,3111087,고덕중학교(고덕2동주민센터),197,89,108,0,26,46,62,36,27,0,5,21,26,17,20,0,21,25,36,19,7
20231,A,골목상권,3111083,GS강동자이아파트,411,245,166,0,67,62,70,100,112,0,47,43,41,44,70,0,20,19,29,56,42
20231,A,골목상권,3111074,명일역 1번,147,77,70,2,31,38,40,16,20,1,9,23,23,10,11,1,22,15,17,6,9
20231,A,골목상권,3111053,성내천어린이공원(하니사랑길),6288,4564,1724,6,799,940,1025,1564,1954,3,542,693,750,1053,1523,3,257,247,275,511,431
20231,A,골목상권,3111061,암사역 1번,831,551,280,0,149,186,182,170,144,0,82,128,126,125,90,0,67,58,56,45,54
20231,A,골목상권,3111056,천호태영아파트,191,53,138,0,27,35,64,36,29,0,4,5,19,15,10,0,23,30,45,21,19
20231,A,골목상권,3110036,동묘앞역 3번,52,34,18,0,3,6,16,12,15,0,1,3,9,11,10,0,2,3,7,1,5
20231,A,골목상권,3110028,이화달팽이길,704,279,425,1,177,179,137,123,87,0,56,60,56,65,42,1,121,119,81,58,45
20231,A,골목상권,3110034,창신1동주민센터,41,35,6,0,2,1,14,13,11,0,2,1,10,11,11,0,0,0,4,2,0
20231,A,골목상권,3110014,경복고등학교,194,82,112,0,28,54,40,44,28,0,4,14,21,24,19,0,24,40,19,20,9
20231,A,골목상권,3110286,한성대입구역 5번,986,472,514,17,187,285,318,122,57,8,70,127,144,83,40,9,117,158,174,39,17
20231,A,골목상권,3110053,청구역 1번,281,166,115,0,52,69,69,54,37,0,23,45,43,27,28,0,29,24,26,27,9
20231,A,골목상권,3110040,중구회현체육센터(정화예술대남산캠퍼스),165,78,87,0,33,30,40,37,25,0,14,15,17,13,19,0,19,15,23,24,6
20231,A,골목상권,3110039,회현역 1번,49,26,23,0,2,8,12,14,13,0,0,4,9,8,5,0,2,4,3,6,8
20231,A,골목상권,3110072,열정도,374,244,130,6,108,96,78,51,35,0,51,71,62,37,23,6,57,25,16,14,12
20231,A,골목상권,3110059,새남터성지,385,307,78,0,38,71,113,138,25,0,21,48,99,124,15,0,17,23,14,14,10
20231,A,골목상권,3110069,숙대입구,825,291,534,3,200,296,163,87,76,3,34,92,77,40,45,0,166,204,86,47,31
20231,A,골목상권,3110095,한강진역 3번,1186,801,385,16,160,326,321,298,65,8,61,235,227,226,44,8,99,91,94,72,21
20231,A,골목상권,3110097,한남초등학교,7,4,3,0,2,3,2,0,0,0,0,2,2,0,0,0,2,1,0,0,0
20231,A,골목상권,3110077,삼광초등학교,385,317,68,0,37,86,148,98,16,0,21,66,130,88,12,0,16,20,18,10,4
20231,A,골목상권,3110103,옥수터널,13,11,2,1,0,2,2,6,2,0,0,2,2,5,2,1,0,0,0,1,0
20231,A,골목상권,3110137,성수초등학교,6605,4295,2310,31,1016,1740,1836,1344,638,22,557,1152,1250,828,486,9,459,588,586,516,152
20231,A,골목상권,3110138,송정체육공원,160,79,81,0,15,27,53,41,24,0,4,12,21,23,19,0,11,15,32,18,5
20231,A,골목상권,3110177,동의초등학교,112,81,31,0,6,25,28,32,21,0,3,14,19,26,19,0,3,11,9,6,2
20231,A,골목상권,3110175,푸른동산공원,367,233,134,0,41,73,108,86,59,0,24,48,69,53,39,0,17,25,39,33,20
20231,A,골목상권,3110146,신자초등학교,742,537,205,0,50,81,212,276,123,0,25,45,160,209,98,0,25,36,52,67,25
20231,A,골목상권,3110150,중곡1동 마을마당,1179,698,481,1,197,352,252,217,160,1,83,194,161,132,127,0,114,158,91,85,33
20231,A,골목상권,3110195,동대문구청,221,115,106,0,41,58,47,40,35,0,12,28,23,27,25,0,29,30,24,13,10
20231,A,골목상권,3110099,유엔빌리지길,12646,10311,2335,33,1746,2596,3298,4558,415,25,904,1899,2859,4264,360,8,842,697,439,294,55
20231,A,골목상권,3110189,제기동역 1번,1538,1086,452,1,233,490,342,167,305,0,98,349,286,136,217,1,135,141,56,31,88
20231,A,골목상권,3110214,경희대후문,86,42,44,0,18,17,24,17,10,0,6,6,13,10,7,0,12,11,11,7,3
20231,A,골목상권,3110224,외대앞역 2번,96,41,55,0,9,14,16,29,28,0,2,4,9,18,8,0,7,10,7,11,20
20231,A,골목상권,3110232,동대부고,579,413,166,0,41,71,119,175,173,0,14,38,80,134,147,0,27,33,39,41,26
20231,A,골목상권,3110201,전농119안전센터,27,11,16,0,2,1,9,10,5,0,1,0,3,4,3,0,1,1,6,6,2
20231,A,골목상권,3110190,고대앞사거리,195,92,103,0,22,34,34,45,60,0,4,18,22,19,29,0,18,16,12,26,31
20231,A,골목상권,3110196,홍릉근린공원,23,12,11,0,1,6,8,5,3,0,1,4,3,2,2,0,0,2,5,3,1
20231,A,골목상권,3110215,회기역 1번,28,18,10,0,3,4,9,7,5,0,3,2,6,3,4,0,0,2,3,4,1
20231,A,골목상권,3110222,회기역 2번,20,17,3,0,0,3,2,6,9,0,0,2,2,4,9,0,0,1,0,2,0
20231,A,골목상권,3110273,장스여성병원,610,446,164,7,31,37,75,209,251,0,4,8,37,168,229,7,27,29,38,41,22
20231,A,골목상권,3110260,면목역 3번,126,74,52,0,24,21,24,29,28,0,14,8,12,20,20,0,10,13,12,9,8
20231,A,골목상권,3110257,상봉역 7번,397,330,67,0,17,18,50,133,179,0,6,11,34,118,161,0,11,7,16,15,18
20231,A,골목상권,3110238,배꽃어린이공원,66,48,18,0,6,7,15,23,15,0,4,5,9,15,15,0,2,2,6,8,0
20231,A,골목상권,3110303,성신여대입구역 1번,139,98,41,1,7,35,44,27,25,0,2,22,28,25,21,1,5,13,16,2,4
20231,A,골목상권,3110305,보문역 5번,883,661,222,3,165,255,173,133,154,1,99,199,129,103,130,2,66,56,44,30,24
20232,A,골목상권,3110709,구로119안전센터,185,108,77,0,19,22,56,51,37,0,14,13,36,29,16,0,5,9,20,22,21
20232,A,골목상권,3110716,구로나눔길,666,398,268,1,132,256,164,77,36,0,39,154,115,60,30,1,93,102,49,17,6
20232,A,골목상권,3110693,오류동역 4번,17,9,8,0,1,3,5,4,4,0,1,3,2,2,1,0,0,0,3,2,3
20232,A,골목상권,3110741,독산2동주민센터,444,159,285,0,69,117,96,108,54,0,43,35,26,33,22,0,26,82,70,75,32
20232,A,골목상권,3110789,대림성모병원,491,182,309,0,104,137,115,93,42,0,16,44,49,43,30,0,88,93,66,50,12
20232,A,골목상권,3110769,대림차이나타운(대림역 12번),42,12,30,0,6,8,12,10,6,0,0,3,4,3,2,0,6,5,8,7,4
20232,A,골목상권,3110772,신우어린이공원,94,55,39,0,9,15,22,26,22,0,5,8,12,19,11,0,4,7,10,7,11
20232,A,골목상권,3110785,영등포푸르지오아파트,161,84,77,2,13,17,39,44,46,2,8,12,24,14,24,0,5,5,15,30,22
20232,A,골목상권,3110761,문래동남성맨션,180,106,74,0,13,43,45,41,38,0,8,17,26,25,30,0,5,26,19,16,8
20232,A,골목상권,3110758,문래소공원,296,221,75,1,44,77,70,67,37,0,32,60,46,52,31,1,12,17,24,15,6
20232,A,골목상권,3110815,공군호텔,2250,791,1459,4,426,519,477,509,315,0,88,197,168,172,166,4,338,322,309,337,149
20232,A,골목상권,3110787,신길3동주민센터,171,122,49,0,19,35,47,42,28,0,8,25,36,31,22,0,11,10,11,11,6
20232,A,골목상권,3110780,신길대성유니드아파트,223,171,52,0,22,42,71,56,32,0,18,34,51,41,27,0,4,8,20,15,5
20232,A,골목상권,3110804,신풍역 1번,312,187,125,0,15,37,62,63,135,0,4,15,29,35,104,0,11,22,33,28,31
20232,A,골목상권,3110808,신길역 1번,67,48,19,0,3,22,21,13,8,0,3,15,14,9,7,0,0,7,7,4,1
20232,A,골목상권,3110832,노량진초등학교,491,269,222,0,54,105,122,153,57,0,24,64,85,70,26,0,30,41,37,83,31
20232,A,골목상권,3110822,신대방삼거리역 4번(대림초등학교),313,131,182,0,57,71,68,76,41,0,13,28,34,35,21,0,44,43,34,41,20
20232,A,골목상권,3110850,사당역 10번,969,487,482,4,217,207,185,162,194,1,54,88,92,95,157,3,163,119,93,67,37
20232,A,골목상권,3110859,난향초등학교,182,113,69,0,11,32,42,52,45,0,0,21,27,30,35,0,11,11,15,22,10
20232,A,골목상권,3110886,관악해태어린이공원,184,103,81,1,38,50,41,34,20,1,18,28,21,23,12,0,20,22,20,11,8
20232,A,골목상권,3110880,신림역 1번,995,275,720,0,379,296,157,128,35,0,78,87,66,33,11,0,301,209,91,95,24
20232,A,골목상권,3110888,청룡동주민센터,94,53,41,0,5,9,11,22,47,0,3,2,4,6,38,0,2,7,7,16,9
20232,A,골목상권,3110896,관악우성아파트,202,49,153,0,41,37,44,47,33,0,5,7,11,13,13,0,36,30,33,34,20
20232,A,골목상권,3110948,헌인가구단지,57,27,30,0,5,24,14,11,3,0,4,12,6,2,3,0,1,12,8,9,0
20232,A,골목상권,3110921,서울프랑스학교,506,312,194,7,63,70,115,134,117,2,30,43,80,86,71,5,33,27,35,48,46
20232,A,골목상권,3110907,방배초등학교,775,476,299,8,119,165,211,143,129,5,54,100,118,95,104,3,65,65,93,48,25
20232,A,골목상권,3110912,방배동사이길,210,128,82,3,33,45,53,42,34,2,16,27,39,21,23,1,17,18,14,21,11
20232,A,골목상권,3110933,한국상담대학원대학교,679,60,619,0,344,156,86,63,30,0,10,15,15,5,15,0,334,141,71,58,15
20232,A,골목상권,3110935,한전아트센터,379,264,115,2,53,108,105,72,39,2,33,82,75,46,26,0,20,26,30,26,13
20232,A,골목상권,3110984,포이초등학교(개포목련어린이공원),1556,1046,510,2,236,342,331,306,339,0,140,241,211,199,255,2,96,101,120,107,84
20232,A,골목상권,3110975,매봉역 1번,10837,6932,3905,34,2175,2199,3202,3019,208,21,1010,1161,2184,2402,154,13,1165,1038,1018,617,54
20232,A,골목상권,3110978,도곡2동주민센터(대치중학교),331,186,145,0,46,70,72,114,29,0,20,41,47,62,16,0,26,29,25,52,13
20232,A,골목상권,3110974,언주중학교,278,168,110,3,58,66,85,43,23,3,25,39,59,27,15,0,33,27,26,16,8
20232,A,골목상권,3110971,선정릉역 4번,1542,900,642,11,278,455,380,254,164,6,140,270,245,120,119,5,138,185,135,134,45
20232,A,골목상권,3111026,문정역 2번,2257,1479,778,7,430,626,537,409,248,3,235,420,381,229,211,4,195,206,156,180,37
20232,A,골목상권,3111017,송파나루역 3번,272,183,89,0,40,62,62,63,45,0,14,42,42,45,40,0,26,20,20,18,5
20232,A,골목상권,3111010,석촌역 7번,1512,1031,481,3,181,309,376,339,304,1,98,190,261,234,247,2,83,119,115,105,57
20232,A,골목상권,3111040,거여초등학교,346,137,209,0,26,86,124,77,33,0,9,27,48,30,23,0,17,59,76,47,10
20232,A,골목상권,3111034,오동나무공원(송파레미니스1단지),1465,1038,427,3,253,373,355,322,159,3,163,257,267,226,122,0,90,116,88,96,37
20232,A,골목상권,3111030,방이역 2번,665,419,246,1,57,107,147,217,136,0,28,68,94,128,101,1,29,39,53,89,35
20232,A,골목상권,3111085,묘곡초등학교(고덕아이파크아파트),800,452,348,0,68,111,152,196,273,0,35,72,80,84,181,0,33,39,72,112,92
20232,A,골목상권,3111077,길동주민센터(강동도서관),1272,737,535,4,121,258,294,321,274,1,49,138,167,188,194,3,72,120,127,133,80
20232,A,골목상권,3111076,둔촌2동주민센터,297,174,123,0,25,49,61,86,76,0,14,24,34,39,63,0,11,25,27,47,13
20232,A,골목상권,3111080,굽은다리역 3번,434,235,199,0,44,77,100,110,103,0,12,52,63,58,50,0,32,25,37,52,53
20232,A,골목상권,3110037,신설동역 12번,208,124,84,0,16,46,51,61,34,0,6,20,32,41,25,0,10,26,19,20,9
20232,A,골목상권,3110029,동대문역 1번,247,68,179,0,11,34,64,82,56,0,1,8,25,21,13,0,10,26,39,61,43
20232,A,골목상권,3110021,성균관대학교,395,301,94,2,16,44,110,145,78,2,7,29,89,124,50,0,9,15,21,21,28
20232,A,골목상권,3110056,신당역 3번,514,293,221,0,62,129,118,115,90,0,31,63,69,72,58,0,31,66,49,43,32
20232,A,골목상권,3110050,약수역 7번,306,229,77,0,34,81,75,74,42,0,21,59,60,56,33,0,13,22,15,18,9
20232,A,골목상권,3110042,남산골공원옆,683,424,259,3,91,156,195,166,72,0,37,89,131,121,46,3,54,67,64,45,26
20232,A,골목상권,3110088,오산고등학교,101,51,50,0,22,20,19,15,25,0,9,9,8,8,17,0,13,11,11,7,8
20232,A,골목상권,3110090,한국폴리텍대학서울정수캠퍼스,3968,2447,1521,1,446,1358,1632,500,31,1,173,548,1231,467,27,0,273,810,401,33,4
20232,A,골목상권,3110063,효창공원앞역 5번,530,347,183,8,47,104,139,132,100,6,25,71,93,87,65,2,22,33,46,45,35
20232,A,골목상권,3110058,성심여자고등학교,1189,857,332,10,168,333,362,206,110,3,77,243,278,166,90,7,91,90,84,40,20
20232,A,골목상권,3110087,이태원엔틱가구거리,329,113,216,0,151,130,29,10,9,0,26,52,19,8,8,0,125,78,10,2,1
20232,A,골목상권,3110067,배문고등학교,1547,895,652,1,215,370,383,320,258,0,84,173,199,225,214,1,131,197,184,95,44
20232,A,골목상권,3110098,서울독일학교,242,91,151,0,57,85,68,23,9,0,15,22,34,15,5,0,42,63,34,8,4
20232,A,골목상권,3110096,한남힐사이드아파트,502,337,165,3,155,183,85,47,29,3,89,132,63,26,24,0,66,51,22,21,5
20232,A,골목상권,3110119,마장지하차도,127,89,38,0,17,26,32,26,26,0,12,22,19,18,18,0,5,4,13,8,8
20232,A,골목상권,3110131,성수동카페거리,4798,3110,1688,15,902,1536,1123,699,523,9,460,993,777,497,374,6,442,543,346,202,149
20232,A,골목상권,3110134,성수119안전센터,771,587,184,4,65,108,185,252,157,4,38,78,143,200,124,0,27,30,42,52,33
20232,A,골목상권,3110136,경수초등학교,4745,2743,2002,43,1169,1097,978,875,583,32,439,633,615,593,431,11,730,464,363,282,152
20232,A,골목상권,3110100,옥수동우편취급국,37,26,11,0,5,17,8,5,2,0,0,14,6,4,2,0,5,3,2,1,0
20232,A,골목상권,3110118,왕십리역 9번,697,487,210,1,90,182,204,129,91,0,62,110,144,93,78,1,28,72,60,36,13
20232,A,골목상권,3110149,세종대학교,122,72,50,0,15,21,31,23,32,0,8,13,19,7,25,0,7,8,12,16,7
20232,A,골목상권,3110155,광진구청,8356,7701,655,0,240,853,2408,4046,809,0,172,765,2256,3748,760,0,68,88,152,298,49
20232,A,골목상권,3110139,자양4동주민센터,204,116,88,0,13,28,53,51,59,0,3,14,32,25,42,0,10,14,21,26,17
20232,A,골목상권,3110167,용마초등학교,380,223,157,2,22,56,99,112,89,0,9,20,52,64,78,2,13,36,47,48,11
20232,A,골목상권,3110176,해오름공원,791,439,352,1,84,212,229,173,92,1,32,119,126,91,70,0,52,93,103,82,22
20232,A,골목상권,3110204,간데메공원,411,268,143,3,83,97,82,89,57,3,57,64,46,58,40,0,26,33,36,31,17
20232,A,골목상권,3110226,장안1동주민센터,1882,1005,877,2,147,247,333,512,641,2,87,148,213,253,302,0,60,99,120,259,339
20232,A,골목상권,3110211,전곡마을마당공원,626,445,181,1,66,101,170,194,94,0,45,73,129,143,55,1,21,28,41,51,39
20231,A,골목상권,3110941,언남고등학교,261,158,103,0,33,46,89,58,35,0,14,26,51,40,27,0,19,20,38,18,8
20232,A,골목상권,3110207,시립대앞사거리,33,21,12,0,4,10,6,5,8,0,2,8,3,3,5,0,2,2,3,2,3
20232,A,골목상권,3110198,동대문중앙새마을금고본점,67,26,41,0,1,0,18,37,11,0,0,0,8,10,8,0,1,0,10,27,3
20232,A,골목상권,3110200,동대문경찰서,74,50,24,0,1,6,21,13,33,0,0,1,11,6,32,0,1,5,10,7,1
20232,A,골목상권,3110256,면목2동체육관,477,321,156,2,56,66,82,140,131,1,21,35,45,109,110,1,35,31,37,31,21
20232,A,골목상권,3110266,면목동우체국,225,182,43,0,10,31,38,79,67,0,1,19,30,69,63,0,9,12,8,10,4
20232,A,골목상권,3110236,신묵초등학교,1015,836,179,0,185,302,228,255,45,0,135,246,194,228,33,0,50,56,34,27,12
20232,A,골목상권,3110267,망우역 2번,139,49,90,1,15,28,50,28,17,1,2,10,19,13,4,0,13,18,31,15,13
20232,A,골목상권,3110234,중랑역 4번,96,41,55,0,15,16,23,25,17,0,2,5,10,14,10,0,13,11,13,11,7
20232,A,골목상권,3110321,동덕여대,58,14,44,0,0,4,13,18,23,0,0,4,4,4,2,0,0,0,9,14,21
20232,A,골목상권,3110324,월곡역 4번,99,55,44,0,31,21,19,18,10,0,9,10,13,14,9,0,22,11,6,4,1
20232,A,골목상권,3110298,솔숲어린이공원,77,28,49,0,18,11,24,12,12,0,3,5,7,5,8,0,15,6,17,7,4
20232,A,골목상권,3110314,종암경찰서,949,699,250,1,127,271,223,286,41,0,72,206,162,231,28,1,55,65,61,55,13
20232,A,골목상권,3110365,미아역 5번,341,83,258,0,17,21,44,63,196,0,5,12,15,17,34,0,12,9,29,46,162
20232,A,골목상권,3110368,송천초등학교,199,178,21,0,9,16,39,71,64,0,5,11,34,66,62,0,4,5,5,5,2
20232,A,골목상권,3110352,수유1동주민센터,275,112,163,0,23,49,101,79,23,0,11,22,37,29,13,0,12,27,64,50,10
20232,A,골목상권,3110349,화계역 2번,83,67,16,0,6,4,21,33,19,0,5,3,12,28,19,0,1,1,9,5,0
20232,A,골목상권,3110367,강북구청,1943,976,967,5,195,512,483,522,226,4,64,205,237,340,126,1,131,307,246,182,100
20232,A,골목상권,3110339,국립4.19민주묘지,11,6,5,0,2,2,5,0,2,0,0,2,3,0,1,0,2,0,2,0,1
20232,A,골목상권,3110346,4.19민주묘지역 2번,96,48,48,0,12,13,19,19,33,0,3,7,8,7,23,0,9,6,11,12,10
20232,A,골목상권,3110395,신한은행 방학동지점,163,42,121,0,17,20,44,42,40,0,0,2,11,9,20,0,17,18,33,33,20
20232,A,골목상권,3110403,방학1동주민센터,316,167,149,1,44,56,63,78,74,1,30,37,36,36,27,0,14,19,27,42,47
20232,A,골목상권,3110393,국민은행방학지점,49,13,36,0,2,10,17,15,5,0,0,0,4,6,3,0,2,10,13,9,2
20232,A,골목상권,3110398,쌍문2동우체국,474,326,148,0,30,65,96,153,130,0,11,27,50,124,114,0,19,38,46,29,16
20232,A,골목상권,3110401,도봉구민회관,243,65,178,0,29,32,38,87,57,0,4,14,14,22,11,0,25,18,24,65,46
20232,A,골목상권,3110419,수락산디자인거리,695,462,233,5,94,131,159,180,126,5,49,76,108,130,94,0,45,55,51,50,32
20232,A,골목상권,3110425,계상초등학교,136,59,77,2,18,12,36,40,28,2,5,7,19,15,11,0,13,5,17,25,17
20232,A,골목상권,3110421,석계역 1번,249,109,140,0,22,37,78,65,47,0,8,16,31,26,28,0,14,21,47,39,19
20232,A,골목상권,3110473,구산역 1번,436,241,195,0,34,59,113,107,123,0,24,27,53,49,88,0,10,32,60,58,35
20232,A,골목상권,3110487,불광역 8번,63,35,28,0,11,22,15,8,7,0,6,11,7,8,3,0,5,11,8,0,4
20232,A,골목상권,3110480,연신내역 3번,161,51,110,0,16,35,52,35,23,0,3,9,17,12,10,0,13,26,35,23,13
20232,A,골목상권,3110474,세명컴퓨터고등학교,119,55,64,0,7,33,28,23,28,0,2,14,11,8,20,0,5,19,17,15,8
20232,A,골목상권,3110482,연신초등학교,11,7,4,0,0,0,4,6,1,0,0,0,3,3,1,0,0,0,1,3,0
20232,A,골목상권,3110455,역촌노인복지관,690,369,321,2,73,120,187,203,105,0,37,64,89,109,70,2,36,56,98,94,35
20232,A,골목상권,3110470,신진과학기술고등학교,93,65,28,0,7,17,34,25,10,0,5,10,26,19,5,0,2,7,8,6,5
20232,A,골목상권,3110475,백련산해모로아파트,245,127,118,1,23,44,76,70,31,1,10,24,44,29,19,0,13,20,32,41,12
20232,A,골목상권,3110532,아현역 2번,328,204,124,0,52,33,46,78,119,0,17,13,22,57,95,0,35,20,24,21,24
20232,A,골목상권,3110517,서대문소방서,884,634,250,8,197,216,203,177,83,5,99,170,163,146,51,3,98,46,40,31,32
20232,A,골목상권,3110512,연희지하차도,335,165,170,0,40,62,102,99,32,0,14,38,44,49,20,0,26,24,58,50,12
20232,A,골목상권,3110536,돈의문센트레빌아파트입구,141,105,36,0,12,23,61,32,13,0,7,17,50,21,10,0,5,6,11,11,3
20232,A,골목상권,3110534,경기대학교,157,88,69,0,10,29,28,42,48,0,7,20,14,19,28,0,3,9,14,23,20
20232,A,골목상권,3110516,정원여중,227,101,126,0,35,40,62,65,25,0,17,18,27,23,16,0,18,22,35,42,9
20232,A,골목상권,3110527,홍제역 2번,185,89,96,1,36,40,36,40,32,1,11,26,15,21,15,0,25,14,21,19,17
20232,A,골목상권,3110572,서강대역 1번,470,254,216,1,63,130,117,116,43,1,32,67,58,66,30,0,31,63,59,50,13
20232,A,골목상권,3110575,대흥동주민센터,208,157,51,2,25,48,36,49,48,2,11,35,25,41,43,0,14,13,11,8,5
20232,A,골목상권,3110547,KB국민은행 망원동지점,284,168,116,0,13,47,93,76,55,0,4,25,55,45,39,0,9,22,38,31,16
20232,A,골목상권,3110569,홍대땡땡거리,358,153,205,2,62,108,97,53,36,1,18,48,46,19,21,1,44,60,51,34,15
20232,A,골목상권,3110554,망원역 1번,1579,777,802,2,213,371,508,350,135,2,105,188,241,156,85,0,108,183,267,194,50
20232,A,골목상권,3110551,성서초등학교,803,387,416,1,110,164,235,172,121,1,42,90,114,81,59,0,68,74,121,91,62
20232,A,골목상권,3110550,합정역 8번,1578,740,838,1,240,411,414,333,179,0,84,165,221,171,99,1,156,246,193,162,80
20232,A,골목상권,3110546,양화대교북단,732,436,296,3,189,254,157,76,53,3,81,126,120,62,44,0,108,128,37,14,9
20232,A,골목상권,3110619,목4동주민센터,311,203,108,1,51,87,89,64,19,1,16,52,58,57,19,0,35,35,31,7,0
20232,A,골목상권,3110607,금빛새마을금고본점,47,29,18,0,1,10,11,14,11,0,1,4,5,10,9,0,0,6,6,4,2
20232,A,골목상권,3110608,신월2동주민센터,875,454,421,1,51,116,229,273,205,1,23,69,117,127,117,0,28,47,112,146,88
20232,A,골목상권,3110647,화곡역 5번,899,461,438,2,117,230,224,230,96,1,44,138,111,116,51,1,73,92,113,114,45
20232,A,골목상권,3110594,신월중학교,357,182,175,0,35,116,89,85,32,0,10,41,50,52,29,0,25,75,39,33,3
20232,A,골목상권,3110602,신월시영아파트중문,674,584,90,1,8,23,81,250,311,0,4,14,55,218,293,1,4,9,26,32,18
20232,A,골목상권,3110600,신월7동주민센터,350,263,87,0,32,30,66,101,121,0,17,14,38,79,115,0,15,16,28,22,6
20232,A,골목상권,3110610,계남근린공원,126,85,41,0,5,11,41,44,25,0,3,6,28,35,13,0,2,5,13,9,12
20232,A,골목상권,3110616,양목초등학교,161,103,58,0,3,23,19,40,76,0,2,18,14,32,37,0,1,5,5,8,39
20232,A,골목상권,3110611,신정역 1번,289,192,97,2,34,57,88,74,34,2,20,42,52,46,30,0,14,15,36,28,4
20232,A,골목상권,3110635,공항시장역 3번,1451,391,1060,4,64,82,162,479,660,1,43,58,63,33,193,3,21,24,99,446,467
20232,A,골목상권,3110638,신방화역 2번,372,202,170,3,53,75,88,87,66,3,22,40,44,43,50,0,31,35,44,44,16
20232,A,골목상권,3110650,우장산힐스테이트,143,116,27,0,23,30,51,20,19,0,15,25,42,17,17,0,8,5,9,3,2
20232,A,골목상권,3110702,개봉초등학교,131,93,38,1,15,18,33,34,30,1,10,13,23,24,22,0,5,5,10,10,8
20232,A,골목상권,3110699,덕의초등학교,136,79,57,0,14,22,29,43,28,0,7,14,13,24,21,0,7,8,16,19,7
20232,A,골목상권,3110712,남구로역 5번,233,108,125,1,32,36,66,64,34,0,10,17,24,32,25,1,22,19,42,32,9
20232,A,골목상권,3110720,대림역 2번,228,87,141,0,27,50,65,49,37,0,11,14,18,17,27,0,16,36,47,32,10
20232,A,골목상권,3110745,독산동정훈단지,251,191,60,0,11,20,33,86,101,0,3,12,22,64,90,0,8,8,11,22,11
20232,A,골목상권,3110755,동일여자고등학교,193,51,142,0,10,24,45,70,44,0,3,8,17,11,12,0,7,16,28,59,32
20232,A,골목상권,3110778,구로디지털단지역 4번,1596,862,734,0,248,459,484,224,181,0,122,281,192,136,131,0,126,178,292,88,50
20232,A,골목상권,3110771,대림역 11번,955,604,351,0,22,38,128,210,557,0,21,30,73,131,349,0,1,8,55,79,208
20232,A,골목상권,3110768,도림2동유수지내체육시설,294,155,139,0,20,43,63,73,95,0,7,22,32,41,53,0,13,21,31,32,42
20232,A,골목상권,3110759,문래예술촌(문래창작촌),4221,2168,2053,9,521,838,1001,1281,571,5,266,553,595,462,287,4,255,285,406,819,284
20232,A,골목상권,3110818,신대방역 3번,20,9,11,0,1,3,7,7,2,0,1,3,2,1,2,0,0,0,5,6,0
20232,A,골목상권,3110856,미성초등학교,538,295,243,3,58,85,170,150,72,1,28,44,99,71,52,2,30,41,71,79,20
20232,A,골목상권,3110874,원신초등학교(구세군관악영문교회),46,15,31,1,4,19,7,12,3,1,1,3,3,6,1,0,3,16,4,6,2
20232,A,골목상권,3110879,신림현대아파트,17,7,10,0,2,3,5,5,2,0,1,2,2,2,0,0,1,1,3,3,2
20232,A,골목상권,3110885,영락고등학교,339,213,126,0,37,58,94,88,62,0,18,33,61,56,45,0,19,25,33,32,17
20232,A,골목상권,3110858,신대방역 1번,66,33,33,0,5,9,17,7,28,0,0,1,6,2,24,0,5,8,11,5,4
20232,A,골목상권,3110872,신림초등학교,279,196,83,3,54,68,69,54,31,3,36,54,54,42,7,0,18,14,15,12,24
20232,A,골목상권,3110855,신대방역 2번,429,275,154,2,53,111,126,90,47,0,22,81,83,55,34,2,31,30,43,35,13
20232,A,골목상권,3110947,청계산입구역 2번(내곡동주민센터),112,45,67,0,18,17,27,18,32,0,8,9,14,7,7,0,10,8,13,11,25
20232,A,골목상권,3110913,방현초등학교(방배119안전센터),3293,2109,1184,7,571,1263,876,376,200,4,272,822,625,237,149,3,299,441,251,139,51
20232,A,골목상권,3110934,우면주공아파트,994,674,320,6,197,291,253,161,86,5,83,217,195,110,64,1,114,74,58,51,22
20232,A,골목상권,3110937,방아다리근린공원(횃불트리니티신학대학원대학교),2465,1270,1195,7,634,861,542,318,103,6,246,507,335,113,63,1,388,354,207,205,40
20232,A,골목상권,3110955,논현초등학교,3430,2238,1192,19,719,823,793,625,451,13,417,568,554,389,297,6,302,255,239,236,154
20232,A,골목상권,3110992,도곡초등학교,2179,1144,1035,3,269,440,484,524,459,1,108,253,258,260,264,2,161,187,226,264,195
20232,A,골목상권,3110991,삼성중앙역 5번,1246,794,452,1,111,415,339,275,105,1,28,243,229,216,77,0,83,172,110,59,28
20232,A,골목상권,3111000,대왕초등학교(세곡동사거리서남측),39,20,19,0,7,10,12,8,2,0,0,4,10,4,2,0,7,6,2,4,0
20232,A,골목상권,3110999,윗방죽마을공원,268,130,138,2,19,43,44,83,77,1,12,27,27,39,24,1,7,16,17,44,53
20232,A,골목상권,3110963,역삼월드메르디앙아파트,779,545,234,1,126,183,226,154,89,0,79,144,171,97,54,1,47,39,55,57,35
20232,A,골목상권,3110967,역삼역 8번,377,228,149,0,63,92,89,92,41,0,31,51,60,56,30,0,32,41,29,36,11
20232,A,골목상권,3110972,강남세브란스병원미래의학연구센터,2628,1440,1188,17,539,669,692,581,130,4,240,428,438,258,72,13,299,241,254,323,58
20232,A,골목상권,3110969,베르사이유1아파트,1546,1230,316,4,231,442,483,285,101,2,165,345,402,239,77,2,66,97,81,46,24
20231,A,골목상권,3110461,새절역 2번,39,21,18,0,2,8,11,10,8,0,2,2,6,6,5,0,0,6,5,4,3
20232,A,골목상권,3110990,청담역 12번,262,109,153,2,61,92,56,36,15,0,12,32,29,23,13,2,49,60,27,13,2
20232,A,골목상권,3110985,청담근린공원,1338,948,390,0,193,447,374,226,98,0,98,346,275,157,72,0,95,101,99,69,26
20232,A,골목상권,3111021,방이역 4번,7683,5874,1809,22,793,1329,1979,2137,1423,15,391,912,1552,1769,1235,7,402,417,427,368,188
20232,A,골목상권,3111008,석촌고분역 3번,1551,1177,374,1,182,286,280,382,420,1,148,237,208,248,335,0,34,49,72,134,85
20232,A,골목상권,3111015,석촌역 3번,1352,778,574,1,151,315,350,351,184,1,72,199,216,181,109,0,79,116,134,170,75
20232,A,골목상권,3111016,송파역 2번,3803,1601,2202,15,1126,1104,801,601,156,8,407,533,427,165,61,7,719,571,374,436,95
20232,A,골목상권,3111038,보인중학교,416,270,146,0,26,66,113,123,88,0,11,38,85,88,48,0,15,28,28,35,40
20232,A,골목상권,3111011,잠실나루역,9608,7747,1861,42,1275,3018,2795,2046,432,18,924,2492,2309,1674,330,24,351,526,486,372,102
20232,A,골목상권,3111003,삼전역 4번,1996,1337,659,6,249,412,549,437,343,1,160,278,332,308,258,5,89,134,217,129,85
20232,A,골목상권,3111088,고덕동성당,123,54,69,0,15,32,32,31,13,0,4,15,10,15,10,0,11,17,22,16,3
20232,A,골목상권,3111071,천동초등학교,76,52,24,0,4,15,21,25,11,0,4,6,18,16,8,0,0,9,3,9,3
20232,A,골목상권,3111079,둔촌고등학교(둔촌중학교),377,197,180,1,43,58,60,76,139,1,28,34,33,28,73,0,15,24,27,48,66
20232,A,골목상권,3111050,강동구청(강동구청역 2번),131,96,35,0,21,14,21,32,43,0,12,5,12,27,40,0,9,9,9,5,3
20232,A,골목상권,3111062,둔촌동역 3번(성내3동주민센터),751,501,250,5,134,198,194,144,76,5,81,139,126,91,59,0,53,59,68,53,17
20232,A,골목상권,3111066,암사동성당(효정하나플러스아파트),417,255,162,3,46,103,101,113,51,0,14,53,66,91,31,3,32,50,35,22,20
20232,A,골목상권,3111052,암사역 3번(천호동자전거거리),357,228,129,1,26,71,117,94,48,1,11,47,76,58,35,0,15,24,41,36,13
20232,A,골목상권,3111069,천호1동주민센터,79,54,25,0,8,17,17,26,11,0,4,12,14,14,10,0,4,5,3,12,1
20232,A,골목상권,3111048,천호역 1번(천호문구완구거리),183,101,82,3,18,52,44,42,24,2,10,24,26,23,16,1,8,28,18,19,8
20232,A,골목상권,3110003,세검정초등학교,607,337,270,7,78,120,167,167,68,6,35,45,103,96,52,1,43,75,64,71,16
20232,A,골목상권,3110032,수족관거리,30,15,15,0,3,5,4,13,5,0,2,1,2,7,3,0,1,4,2,6,2
20232,A,골목상권,3110049,장충단 고개,2303,1240,1063,4,566,582,448,431,272,2,174,314,281,257,212,2,392,268,167,174,60
20232,A,골목상권,3110041,남산케이블카,967,435,532,2,118,152,175,254,266,2,51,69,83,87,143,0,67,83,92,167,123
20232,A,골목상권,3110054,청구역 3번,1542,854,688,3,259,378,315,340,247,1,90,204,220,215,124,2,169,174,95,125,123
20232,A,골목상권,3110080,해방촌예술마을,311,168,143,0,53,71,88,58,41,0,18,40,52,31,27,0,35,31,36,27,14
20232,A,골목상권,3110065,남정초등학교,137,92,45,0,17,45,48,17,10,0,9,37,31,10,5,0,8,8,17,7,5
20232,A,골목상권,3110579,마포역 4번,750,563,187,2,54,162,247,219,66,1,37,124,188,165,48,1,17,38,59,54,18
20232,A,골목상권,3110123,마장역 3번,511,382,129,0,42,56,91,185,137,0,21,36,63,141,121,0,21,20,28,44,16
20232,A,골목상권,3110121,한양대역 4번,45,30,15,0,3,10,8,11,13,0,2,5,5,7,11,0,1,5,3,4,2
20232,A,골목상권,3110127,성수1가1동주민센터,290,157,133,0,31,55,56,100,48,0,11,40,31,47,28,0,20,15,25,53,20
20232,A,골목상권,3110114,왕십리파출소,33,19,14,0,3,2,8,14,6,0,1,1,4,8,5,0,2,1,4,6,1
20232,A,골목상권,3110174,아차산역 1번,432,305,127,1,49,80,115,104,83,1,25,57,76,69,77,0,24,23,39,35,6
20232,A,골목상권,3110140,건대입구역 6번,429,268,161,6,37,67,113,120,86,5,17,34,65,83,64,1,20,33,48,37,22
20232,A,골목상권,3110152,중곡어린이공원,340,300,40,0,17,29,64,121,109,0,10,21,55,109,105,0,7,8,9,12,4
20232,A,골목상권,3110161,중곡역 3번,236,135,101,3,11,33,58,65,66,0,2,16,37,40,40,3,9,17,21,25,26
20232,A,골목상권,3110141,건대입구역 1번,213,138,75,1,23,49,67,48,25,1,11,27,51,32,16,0,12,22,16,16,9
20232,A,골목상권,3110144,어린이대공원역 4번,104,49,55,0,35,17,21,19,12,0,9,10,11,10,9,0,26,7,10,9,3
20232,A,골목상권,3110209,답십리 장령당공원,83,52,31,0,3,11,28,19,22,0,1,5,16,15,15,0,2,6,12,4,7
20232,A,골목상권,3110186,종암초등학교,114,86,28,0,9,21,16,34,34,0,3,18,10,26,29,0,6,3,6,8,5
20232,A,골목상권,3110221,의릉,95,69,26,0,10,12,36,29,8,0,6,10,24,22,7,0,4,2,12,7,1
20232,A,골목상권,3110202,전농1동주민센터(전농시장),111,68,43,0,14,35,31,20,11,0,9,19,21,14,5,0,5,16,10,6,6
20232,A,골목상권,3110206,텃골근린공원,92,37,55,0,8,14,25,24,21,0,4,7,8,8,10,0,4,7,17,16,11
20232,A,골목상권,3110199,홍릉시장,65,41,24,0,11,15,18,14,7,0,8,8,10,9,6,0,3,7,8,5,1
20232,A,골목상권,3110219,삼육보건대학교,251,146,105,0,18,42,70,81,40,0,11,20,32,52,31,0,7,22,38,29,9
20232,A,골목상권,3110268,망우3동주민센터,60,30,30,0,10,13,10,18,9,0,1,5,7,10,7,0,9,8,3,8,2
20232,A,골목상권,3110237,메가박스 상봉,274,152,122,0,30,67,97,54,26,0,13,37,48,36,18,0,17,30,49,18,8
20232,A,골목상권,3110258,면동초등학교,260,99,161,0,32,49,79,66,34,0,1,20,28,34,16,0,31,29,51,32,18
20232,A,골목상권,3110254,오거리공원,259,90,169,1,19,75,79,53,32,0,6,15,35,22,12,1,13,60,44,31,20
20232,A,골목상권,3110264,면목역 2번,358,170,188,1,52,75,93,80,57,0,21,40,40,37,32,1,31,35,53,43,25
20232,A,골목상권,3110248,먹골파출소,85,47,38,1,19,23,20,12,10,0,7,14,12,4,10,1,12,9,8,8,0
20232,A,골목상권,3110279,신내역 2번,9,8,1,0,0,1,4,4,0,0,0,1,3,4,0,0,0,0,1,0,0
20232,A,골목상권,3110245,KB국민은행 중화동지점,156,81,75,0,8,36,52,40,20,0,5,16,26,19,15,0,3,20,26,21,5
20232,A,골목상권,3110308,길음역 8번,174,85,89,0,17,36,56,41,24,0,8,17,26,20,14,0,9,19,30,21,10
20232,A,골목상권,3110300,삼선동주민센터,2735,1587,1148,3,248,710,769,844,161,2,97,300,444,629,115,1,151,410,325,215,46
20232,A,골목상권,3110301,성신여대입구역 7번,484,209,275,1,73,84,96,134,96,0,31,37,39,62,40,1,42,47,57,72,56
20232,A,골목상권,3110328,상월곡역 3번,235,157,78,1,38,75,62,37,22,1,26,58,33,24,15,0,12,17,29,13,7
20232,A,골목상권,3110323,상월곡역 1번,109,30,79,2,25,24,28,18,12,0,4,5,11,5,5,2,21,19,17,13,7
20232,A,골목상권,3110325,장곡초등학교,57,18,39,0,0,14,20,17,6,0,0,3,7,4,4,0,0,11,13,13,2
20232,A,골목상권,3110329,우리은행체육관,34,27,7,1,1,5,6,14,7,1,0,5,5,10,6,0,1,0,1,4,1
20232,A,골목상권,3110418,광운대학교 남단,100,45,55,0,11,17,23,26,23,0,5,5,13,16,6,0,6,12,10,10,17
20232,A,골목상권,3110292,정릉역 2번,33,14,19,0,1,5,16,6,5,0,1,3,5,3,2,0,0,2,11,3,3
20232,A,골목상권,3110289,북한산보국문역 2번,144,105,39,0,9,28,49,32,26,0,6,23,30,24,22,0,3,5,19,8,4
20232,A,골목상권,3110320,KB국민은행 종암동지점,79,51,28,0,2,11,27,24,15,0,1,5,15,17,13,0,1,6,12,7,2
20232,A,골목상권,3110369,성신여대운정그린캠퍼스,518,214,304,1,49,46,131,131,160,1,10,16,44,53,90,0,39,30,87,78,70
20232,A,골목상권,3110376,수송초등학교,224,142,82,0,26,47,62,60,29,0,12,29,38,41,22,0,14,18,24,19,7
20232,A,골목상권,3110362,우이천 계성교,205,110,95,1,24,34,61,63,22,0,11,19,28,35,17,1,13,15,33,28,5
20232,A,골목상권,3110356,덕수교,228,114,114,0,13,34,55,60,66,0,4,17,22,30,41,0,9,17,33,30,25
20232,A,골목상권,3110343,무너미어린이공원,100,74,26,0,7,21,28,32,12,0,4,14,22,25,9,0,3,7,6,7,3
20232,A,골목상권,3110351,수유북부시장옆,214,93,121,0,27,45,51,59,32,0,9,17,20,25,22,0,18,28,31,34,10
20232,A,골목상권,3110413,누원고등학교,54,33,21,0,8,11,12,11,12,0,5,8,5,5,10,0,3,3,7,6,2
20232,A,골목상권,3110382,솔밭공원역 1번,32,25,7,0,1,9,8,7,7,0,0,5,6,7,7,0,1,4,2,0,0
20232,A,골목상권,3110422,노원역 9번,277,221,56,0,27,70,94,54,32,0,24,59,79,37,22,0,3,11,15,17,10
20232,A,골목상권,3110417,월계역 3번,19,10,9,0,10,6,0,3,0,0,3,5,0,2,0,0,7,1,0,1,0
20232,A,골목상권,3110430,중계초등학교,275,100,175,0,18,28,58,96,75,0,8,7,19,25,41,0,10,21,39,71,34
20232,A,골목상권,3110441,영신여고,138,72,66,0,12,28,33,41,24,0,7,20,15,21,9,0,5,8,18,20,15
20232,A,골목상권,3110427,노원 을지대학교병원,363,281,82,0,27,27,62,126,121,0,12,14,31,109,115,0,15,13,31,17,6
20232,A,골목상권,3110477,은평세무서,434,205,229,0,43,62,106,141,82,0,15,23,49,71,47,0,28,39,57,70,35
20232,A,골목상권,3110476,역촌역 2번,56,26,30,0,2,8,22,17,7,0,1,3,9,7,6,0,1,5,13,10,1
20232,A,골목상권,3110499,연가초등학교,263,119,144,0,42,42,74,65,40,0,8,20,31,35,25,0,34,22,43,30,15
20232,A,골목상권,3110503,명지대학교교회,230,123,107,0,27,52,59,64,28,0,9,30,26,36,22,0,18,22,33,28,6
20232,A,골목상권,3110533,충정로역 7번,22,11,11,0,5,5,3,5,4,0,0,2,2,4,3,0,5,3,1,1,1
20232,A,골목상권,3110537,충정로현대아파트,1514,848,666,1,362,525,328,177,121,0,150,263,215,134,86,1,212,262,113,43,35
20232,A,골목상권,3110522,홍제역 3번,46,12,34,0,14,7,12,6,7,0,2,2,2,2,4,0,12,5,10,4,3
20232,A,골목상권,3110541,동교초등학교,377,221,156,0,43,59,101,96,78,0,23,37,63,50,48,0,20,22,38,46,30
20232,A,골목상권,3110555,홍익지구대,284,147,137,1,49,53,55,37,89,0,14,28,31,16,58,1,35,25,24,21,31
20231,A,골목상권,3110001,이북5도청사,1048,625,423,4,130,286,237,257,134,0,48,170,160,167,80,4,82,116,77,90,54
20232,A,골목상권,3110558,경성고등학교,2362,1593,769,11,308,568,571,513,391,10,153,351,408,384,287,1,155,217,163,129,104
20232,A,골목상권,3110571,신수동주민센터,635,358,277,5,109,159,187,126,49,5,57,88,98,74,36,0,52,71,89,52,13
20232,A,골목상권,3110628,신목동역,469,307,162,0,52,85,114,113,105,0,28,56,79,85,59,0,24,29,35,28,46
20232,A,골목상권,3110627,신정롯데캐슬아파트,548,318,230,24,129,136,102,93,64,13,69,81,62,49,44,11,60,55,40,44,20
20232,A,골목상권,3110612,신정역 5번,644,303,341,1,85,88,143,197,130,0,44,62,74,70,53,1,41,26,69,127,77
20232,A,골목상권,3110629,송정역 4번,190,107,83,0,26,52,54,35,23,0,9,34,28,24,12,0,17,18,26,11,11
20232,A,골목상권,3110679,염창역 2번,574,404,170,3,89,206,152,80,44,2,49,148,111,58,36,1,40,58,41,22,8
20232,A,골목상권,3110649,우장산역 1번,358,191,167,0,41,91,82,93,51,0,12,49,38,59,33,0,29,42,44,34,18
20232,A,골목상권,3110670,신곡초등학교,489,320,169,6,79,118,121,90,75,3,45,77,71,59,65,3,34,41,50,31,10
20232,A,골목상권,3110666,KC대학교,176,60,116,0,19,35,52,57,13,0,10,10,20,13,7,0,9,25,32,44,6
20232,A,골목상권,3110669,화곡보람2차아파트,13,3,10,0,0,2,4,2,5,0,0,1,2,0,0,0,0,1,2,2,5
20232,A,골목상권,3110700,고척초등학교,3249,2648,601,3,209,680,974,1176,207,2,119,533,803,1021,170,1,90,147,171,155,37
20232,A,골목상권,3110689,오류동역 3번,287,200,87,3,44,47,56,75,62,3,25,32,41,52,47,0,19,15,15,23,15
20232,A,골목상권,3110690,오류2동버들시장,577,275,302,1,101,192,133,94,56,0,39,104,64,36,32,1,62,88,69,58,24
20232,A,골목상권,3110725,가산동주민센터,85,59,26,0,6,20,22,20,17,0,3,15,16,12,13,0,3,5,6,8,4
20232,A,골목상권,3110735,말미고개,520,330,190,0,64,115,140,140,61,0,31,79,94,79,47,0,33,36,46,61,14
20231,A,골목상권,3110331,돌곶이역 8번,441,297,144,3,54,146,113,78,47,0,17,105,83,55,37,3,37,41,30,23,10
20231,A,골목상권,3110334,석관중앙교회,170,105,65,0,21,43,31,41,34,0,8,19,19,29,30,0,13,24,12,12,4
20231,A,골목상권,3110293,삼선중학교,1730,860,870,4,248,467,527,319,165,3,116,277,268,111,85,1,132,190,259,208,80
20231,A,골목상권,3110283,성북초등학교앞,203,78,125,0,16,33,56,80,18,0,8,10,23,27,10,0,8,23,33,53,8
20231,A,골목상권,3110285,홍대부중,814,559,255,9,219,220,210,100,56,6,118,172,163,69,31,3,101,48,47,31,25
20231,A,골목상권,3110312,안암역 2번,150,81,69,0,13,19,47,46,25,0,7,14,24,22,14,0,6,5,23,24,11
20231,A,골목상권,3110316,숭곡초등학교,439,217,222,2,68,114,129,88,38,2,19,58,73,42,23,0,49,56,56,46,15
20231,A,골목상권,3110322,장위1동주민센터,319,224,95,1,33,37,59,95,94,0,25,31,44,66,58,1,8,6,15,29,36
20231,A,골목상권,3110294,서경대학교,391,262,129,0,35,30,93,120,113,0,18,14,46,87,97,0,17,16,47,33,16
20231,A,골목상권,3110319,종암동주민센터,454,111,343,1,46,51,89,146,121,0,8,19,24,32,28,1,38,32,65,114,93
20231,A,골목상권,3110364,미아역 8번,146,75,71,0,9,26,51,39,21,0,3,9,25,23,15,0,6,17,26,16,6
20231,A,골목상권,3110381,번동주공2단지,171,88,83,5,31,28,38,55,14,4,11,14,21,30,8,1,20,14,17,25,6
20231,A,골목상권,3110374,송중초등학교,491,272,219,5,33,60,145,140,108,5,9,29,73,70,86,0,24,31,72,70,22
20231,A,골목상권,3110371,삼양입구사거리,49,23,26,0,2,7,10,19,11,0,0,3,5,10,5,0,2,4,5,9,6
20231,A,골목상권,3110363,송천동주민센터,19,12,7,0,0,4,3,7,5,0,0,3,1,4,4,0,0,1,2,3,1
20231,A,골목상권,3110361,삼양사거리역 1번,101,29,72,0,9,12,19,28,33,0,2,4,3,7,13,0,7,8,16,21,20
20231,A,골목상권,3110360,수유초등학교,321,222,99,0,34,61,63,67,96,0,7,43,42,44,86,0,27,18,21,23,10
20231,A,골목상권,3110357,가오리역 1번,725,611,114,0,25,36,171,340,153,0,4,18,146,310,133,0,21,18,25,30,20
20231,A,골목상권,3110340,인수중학교,176,99,77,0,24,55,50,29,18,0,8,43,31,7,10,0,16,12,19,22,8
20231,A,골목상권,3110341,북한산우이역 2번,496,411,85,0,15,25,80,258,118,0,4,10,52,237,108,0,11,15,28,21,10
20231,A,골목상권,3110390,방학초등학교,231,110,121,0,18,63,68,58,24,0,7,36,28,27,12,0,11,27,40,31,12
20231,A,골목상권,3110408,가인초등학교,355,105,250,0,66,70,100,85,34,0,12,24,32,21,16,0,54,46,68,64,18
20231,A,골목상권,3110433,공릉역 2번,401,137,264,1,30,41,46,46,237,1,17,30,25,18,46,0,13,11,21,28,191
20231,A,골목상권,3110423,석계역 2번,280,104,176,0,27,29,65,73,86,0,9,15,31,29,20,0,18,14,34,44,66
20231,A,골목상권,3110462,갈현건영아파트,335,216,119,1,40,61,100,72,61,1,23,36,61,48,47,0,17,25,39,24,14
20231,A,골목상권,3110481,불광역 7번,199,89,110,0,13,44,41,60,41,0,2,23,11,25,28,0,11,21,30,35,13
20231,A,골목상권,3110443,수색역 1번,20,12,8,0,1,2,7,6,4,0,0,2,2,4,4,0,1,0,5,2,0
20231,A,골목상권,3110459,응암역 2번,547,198,349,1,50,105,159,154,78,0,9,38,77,41,33,1,41,67,82,113,45
20231,A,골목상권,3110468,응암역 3번,1202,526,676,2,142,266,324,272,196,0,45,119,142,116,104,2,97,147,182,156,92
20231,A,골목상권,3110478,응암1동주민센터,355,220,135,2,26,37,56,56,178,2,16,23,28,32,119,0,10,14,28,24,59
20231,A,골목상권,3110463,응암3동주민센터,123,54,69,0,7,23,36,26,31,0,3,6,14,11,20,0,4,17,22,15,11
20231,A,골목상권,3110507,명지대학교,1537,1156,381,29,392,636,318,129,33,26,257,481,282,83,27,3,135,155,36,46,6
20231,A,골목상권,3110495,북가좌2동주민센터,501,372,129,0,28,67,125,185,96,0,11,45,88,152,76,0,17,22,37,33,20
20231,A,골목상권,3110528,서울여자간호대학교,324,160,164,0,11,25,38,72,178,0,10,14,20,24,92,0,1,11,18,48,86
20231,A,골목상권,3110580,양원초등학교,78,20,58,0,3,6,16,25,28,0,0,1,3,11,5,0,3,5,13,14,23
20231,A,골목상권,3110568,광흥창역 1번,67,32,35,0,12,21,14,15,5,0,4,10,6,9,3,0,8,11,8,6,2
20231,A,골목상권,3110545,마포구청역 1번,789,460,329,1,64,151,210,235,128,1,24,92,106,146,91,0,40,59,104,89,37
20231,A,골목상권,3110584,아현역 4번,49,13,36,0,4,7,14,13,11,0,0,0,2,5,6,0,4,7,12,8,5
20231,A,골목상권,3110556,절두산순교성지,176,112,64,3,17,42,58,39,17,3,8,27,39,24,11,0,9,15,19,15,6
20231,A,골목상권,3110622,달마을공원,458,261,197,0,58,90,102,138,70,0,26,47,63,65,60,0,32,43,39,73,10
20231,A,골목상권,3110601,신월1동우편취급국,1200,814,386,3,116,180,274,437,190,1,61,115,183,309,145,2,55,65,91,128,45
20231,A,골목상권,3110598,신월문화체육센터,381,174,207,0,16,50,101,131,83,0,4,22,40,60,48,0,12,28,61,71,35
20231,A,골목상권,3110609,신정네거리역 2번,1377,1358,19,0,14,15,52,171,1125,0,10,11,45,168,1124,0,4,4,7,3,1
20231,A,골목상권,3110652,양천향교역 2번,643,483,160,0,70,131,146,169,127,0,32,102,104,139,106,0,38,29,42,30,21
20231,A,골목상권,3110675,화곡4동주민센터,235,161,74,0,13,45,60,59,58,0,6,28,34,46,47,0,7,17,26,13,11
20231,A,골목상권,3110672,백석중학교,168,91,77,1,26,41,35,49,16,1,19,23,14,23,11,0,7,18,21,26,5
20231,A,골목상권,3110660,등촌3동주민센터,4614,2039,2575,10,469,707,766,1291,1371,5,197,427,424,447,539,5,272,280,342,844,832
20231,A,골목상권,3110645,우장산역 4번,782,381,401,0,63,120,238,219,142,0,32,60,86,88,115,0,31,60,152,131,27
20231,A,골목상권,3110630,공항시장역 1번,1472,1008,464,0,157,294,298,328,395,0,67,180,202,240,319,0,90,114,96,88,76
20231,A,골목상권,3110640,방화역 1번,1019,638,381,3,139,292,240,195,150,3,62,119,167,158,129,0,77,173,73,37,21
20231,A,골목상권,3110655,발산역 5번,589,356,233,0,97,156,148,113,75,0,29,94,98,77,58,0,68,62,50,36,17
20231,A,골목상권,3110692,큰굴다리,233,148,85,0,12,52,54,66,49,0,7,19,35,49,38,0,5,33,19,17,11
20231,A,골목상권,3110695,개봉1동주민센터,537,312,225,1,56,150,140,121,69,1,31,97,72,64,47,0,25,53,68,57,22
20231,A,골목상권,3110714,구로4동주민센터,261,149,112,0,32,43,54,76,56,0,7,18,31,50,43,0,25,25,23,26,13
20231,A,골목상권,3110708,화원어린이공원,71,33,38,0,10,12,15,24,10,0,3,4,7,10,9,0,7,8,8,14,1
20231,A,골목상권,3110715,구로구민회관,84,59,25,0,12,13,29,23,7,0,5,10,19,19,6,0,7,3,10,4,1
20231,A,골목상권,3110713,구로보건소,2668,1817,851,5,474,650,706,533,300,3,323,472,514,332,173,2,151,178,192,201,127
20231,A,골목상권,3110718,한국SGI본부,1614,1061,553,3,308,462,397,336,108,3,167,313,292,220,66,0,141,149,105,116,42
20231,A,골목상권,3110707,구로창업지원센터,1045,760,285,4,141,266,246,253,135,3,78,195,185,186,113,1,63,71,61,67,22
20231,A,골목상권,3110726,금천철쭉어린이공원(금하마을),222,172,50,0,19,25,41,62,75,0,17,16,22,45,72,0,2,9,19,17,3
20231,A,골목상권,3110727,독산역 1번 출입구,659,514,145,4,72,152,169,191,71,4,48,118,128,165,51,0,24,34,41,26,20
20231,A,골목상권,3110738,문성초등학교,249,125,124,0,17,27,65,90,50,0,12,14,34,40,25,0,5,13,31,50,25
20231,A,골목상권,3110744,독산동성당,486,292,194,0,31,86,125,152,92,0,22,53,69,89,59,0,9,33,56,63,33
20231,A,골목상권,3110734,금천파출소,92,47,45,0,7,11,21,29,24,0,3,5,14,13,12,0,4,6,7,16,12
20231,A,골목상권,3110747,석수역 1번 출입구,813,612,201,0,46,81,166,224,296,0,27,52,102,165,266,0,19,29,64,59,30
20231,A,골목상권,3110754,삼성산자연공원(서울금천초등학교),202,76,126,1,21,41,48,41,50,0,6,18,29,10,13,1,15,23,19,31,37
20231,A,골목상권,3110781,대림한신아파트,182,112,70,0,23,29,51,38,41,0,8,16,34,23,31,0,15,13,17,15,10
20231,A,골목상권,3110776,도신초등학교,168,106,62,0,12,20,48,63,25,0,11,10,35,34,16,0,1,10,13,29,9
20231,A,골목상권,3110792,영등포역 2번,3343,1737,1606,28,554,856,830,851,224,11,223,385,459,526,133,17,331,471,371,325,91
20231,A,골목상권,3110812,신길6동주민센터,363,245,118,0,69,115,106,50,23,0,34,78,85,29,19,0,35,37,21,21,4
20231,A,골목상권,3110798,신풍역 2번,53,20,33,0,2,13,14,13,11,0,0,3,3,6,8,0,2,10,11,7,3
20231,A,골목상권,3110811,보라매역 4번,187,94,93,0,22,41,49,52,23,0,8,22,18,27,19,0,14,19,31,25,4
20231,A,골목상권,3110756,문래중학교,275,179,96,0,48,79,78,35,35,0,21,58,52,21,27,0,27,21,26,14,8
20231,A,골목상권,3110800,영등포동성당,227,153,74,0,26,34,61,66,40,0,13,22,37,46,35,0,13,12,24,20,5
20231,A,골목상권,3110806,서울시립영등포장애인복지관,76,42,34,0,18,30,13,13,2,0,5,16,9,11,1,0,13,14,4,2,1
20231,A,골목상권,3110820,성남고등학교,3101,2470,631,1,651,742,555,991,161,0,438,581,448,879,124,1,213,161,107,112,37
20231,A,골목상권,3110839,숭실대입구역 4번,187,67,120,0,10,51,57,46,23,0,2,14,22,11,18,0,8,37,35,35,5
20231,A,골목상권,3110833,상도역 2번,255,163,92,2,20,61,74,74,24,0,17,49,47,34,16,2,3,12,27,40,8
20231,A,골목상권,3110819,신대방역 4번,456,226,230,0,62,93,114,73,114,0,14,33,50,48,81,0,48,60,64,25,33
20231,A,골목상권,3110876,서원동주민센터(신관중학교),49,29,20,0,5,9,16,9,10,0,2,4,10,4,9,0,3,5,6,5,1
20231,A,골목상권,3110889,봉천역 6번,376,317,59,0,29,36,69,136,106,0,18,20,47,130,102,0,11,16,22,6,4
20231,A,골목상권,3110901,인헌고등학교(인헌중학교),245,143,102,3,39,58,73,51,21,3,21,35,38,30,16,0,18,23,35,21,5
20231,A,골목상권,3110908,구반포역,1517,376,1141,0,66,110,396,804,141,0,42,53,71,141,69,0,24,57,325,663,72
20231,A,골목상권,3110916,내방역 4번,1152,592,560,9,216,272,301,208,146,6,58,167,187,91,83,3,158,105,114,117,63
20231,A,골목상권,3110914,내방역 6번,146,116,30,0,26,31,37,26,26,0,17,26,26,24,23,0,9,5,11,2,3
20231,A,골목상권,3110919,내방역 8번,1289,936,353,3,122,279,365,332,188,1,51,165,297,279,143,2,71,114,68,53,45
20231,A,골목상권,3110981,국악고교사거리,361,216,145,2,57,77,110,81,34,0,27,36,72,56,25,2,30,41,38,25,9
20231,A,골목상권,3110952,논현목련공원,117,65,52,0,21,23,27,22,24,0,9,13,13,14,16,0,12,10,14,8,8
20231,A,골목상권,3110953,학동근린공원,2487,1583,904,15,679,891,571,218,113,0,336,572,409,180,86,15,343,319,162,38,27
20231,A,골목상권,3110968,강남구청역 2번,1023,596,427,7,327,204,133,121,231,4,177,117,81,68,149,3,150,87,52,53,82
20231,A,골목상권,3110966,논현2동주민센터,1634,1016,618,18,470,498,299,216,133,7,256,298,200,146,109,11,214,200,99,70,24
20231,A,골목상권,3110996,대치2동주민센터,1940,1218,722,2,81,274,345,337,901,0,47,206,276,245,444,2,34,68,69,92,457
20231,A,골목상권,3110982,강남구보훈회관,166,74,92,0,31,34,41,41,19,0,7,13,25,14,15,0,24,21,16,27,4
20231,A,골목상권,3111002,한국교통안전공단 강남자동차검사소,317,115,202,0,22,63,65,96,71,0,7,31,21,26,30,0,15,32,44,70,41
20231,A,골목상권,3110973,강남구청역 4번,1448,784,664,4,275,332,289,269,279,1,146,203,162,128,144,3,129,129,127,141,135
20231,A,골목상권,3110987,영동대교남단,410,201,209,1,80,64,74,101,90,1,40,36,31,40,53,0,40,28,43,61,37
20231,A,골목상권,3111022,석촌중학교(방이육교),686,344,342,1,59,145,176,222,83,0,37,95,98,70,44,1,22,50,78,152,39
20231,A,골목상권,3111041,거여역 8번,411,336,75,1,102,118,81,62,47,1,84,93,67,50,41,0,18,25,14,12,6
20231,A,골목상권,3111014,송파나루역 2번,521,273,248,1,42,75,119,190,94,0,21,42,67,83,60,1,21,33,52,107,34
20231,A,골목상권,3111031,장지동주민센터(한림연예예술고교),3127,2317,810,8,263,415,651,857,933,2,170,330,497,648,670,6,93,85,154,209,263
20231,A,골목상권,3111084,길동신동아아파트,169,104,65,2,27,32,37,58,13,2,21,23,24,25,9,0,6,9,13,33,4
20231,A,골목상권,3111073,둔촌동역 1번(한산중학교),973,578,395,1,134,224,250,206,158,1,58,122,160,124,113,0,76,102,90,82,45
20231,A,골목상권,3111072,굽은다리역 1번(십자성마을),747,473,274,1,59,119,201,187,180,0,20,70,116,127,140,1,39,49,85,60,40
20231,A,골목상권,3110017,정독도서관,650,322,328,0,133,273,152,58,34,0,26,130,93,43,30,0,107,143,59,15,4
20231,A,골목상권,3110004,대신고등학교,32,14,18,0,3,4,8,14,3,0,1,0,3,8,2,0,2,4,5,6,1
20231,A,골목상권,3110002,독립문역 1번,475,121,354,1,146,140,118,44,26,1,25,25,41,14,15,0,121,115,77,30,11
20231,A,골목상권,3110025,충신시장옆,213,129,84,2,17,46,63,56,29,0,6,23,43,33,24,2,11,23,20,23,5
20231,A,골목상권,3110026,종로5가역 4번,190,120,70,0,22,41,73,27,27,0,9,28,47,14,22,0,13,13,26,13,5
20231,A,골목상권,3110031,창신역 1번,72,57,15,0,11,17,12,21,11,0,8,11,11,17,10,0,3,6,1,4,1
20231,A,골목상권,3110016,평창동동측,2303,1051,1252,9,318,614,663,433,266,4,126,304,354,163,100,5,192,310,309,270,166
20231,A,골목상권,3110020,서울국제고등학교,593,291,302,1,141,279,101,49,22,1,41,139,70,26,14,0,100,140,31,23,8
20231,A,골목상권,3110048,장충동주민센터,5315,2706,2609,21,867,1339,1513,1367,208,5,338,768,756,707,132,16,529,571,757,660,76
20231,A,골목상권,3110046,버티고개,104,74,30,0,6,23,40,28,7,0,3,17,28,20,6,0,3,6,12,8,1
20231,A,골목상권,3110047,다산성곽길,160,89,71,0,36,43,36,27,18,0,23,29,21,7,9,0,13,14,15,20,9
20231,A,골목상권,3110110,상왕십리역 6번,87,54,33,1,12,16,24,18,16,1,7,11,13,10,12,0,5,5,11,8,4
20231,A,골목상권,3110591,충정로역 6번,87,48,39,0,15,19,21,28,4,0,9,9,11,16,3,0,6,10,10,12,1
20231,A,골목상권,3110086,이태원역 북측,9244,3609,5635,12,3187,3891,1654,428,72,3,733,1558,905,355,55,9,2454,2333,749,73,17
20231,A,골목상권,3110085,경리단길남측,532,260,272,4,98,163,148,67,52,2,40,59,78,41,40,2,58,104,70,26,12
20231,A,골목상권,3110066,서울역 15번,748,467,281,6,152,227,156,125,82,3,81,151,104,66,62,3,71,76,52,59,20
20231,A,골목상권,3110105,금동어린이공원,38,17,21,0,1,7,11,10,9,0,0,2,3,6,6,0,1,5,8,4,3
20231,A,골목상권,3110116,청계천박물관,4825,3644,1181,29,323,769,1077,1762,865,26,206,565,875,1315,657,3,117,204,202,447,208
20231,A,골목상권,3110128,성원중학교,911,573,338,1,98,165,255,266,126,1,53,94,157,170,98,0,45,71,98,96,28
20231,A,골목상권,3110120,서울숲카페거리,79,49,30,0,8,12,35,18,6,0,3,8,23,10,5,0,5,4,12,8,1
20231,A,골목상권,3110124,뚝섬역교차로,1253,1006,247,7,170,155,222,312,387,6,94,111,169,268,358,1,76,44,53,44,29
20231,A,골목상권,3110129,성원어린이공원,640,405,235,1,65,118,131,180,145,0,35,70,86,107,107,1,30,48,45,73,38
20231,A,골목상권,3110132,성수2가3동주민센터,786,521,265,0,97,182,220,197,90,0,67,133,145,108,68,0,30,49,75,89,22
20231,A,골목상권,3110111,대현산장미원,51,40,11,0,6,7,6,17,15,0,6,4,4,13,13,0,0,3,2,4,2
20231,A,골목상권,3110166,구의1동주민센터,552,292,260,1,70,121,177,115,68,1,20,59,99,60,53,0,50,62,78,55,15
20231,A,골목상권,3110160,광진경찰서,819,680,139,0,149,322,180,157,11,0,110,261,150,149,10,0,39,61,30,8,1
20231,A,골목상권,3110145,장안초등학교,7,4,3,0,0,1,2,3,1,0,0,0,1,3,0,0,0,1,1,0,1
20231,A,골목상권,3110164,아차산역 5번,731,494,237,3,111,126,143,164,184,0,61,77,101,112,143,3,50,49,42,52,41
20231,A,골목상권,3110158,중곡3동주민센터,715,518,197,1,113,210,184,138,69,0,73,168,123,104,50,1,40,42,61,34,19
20231,A,골목상권,3110227,답십리공원,229,93,136,0,16,30,77,84,22,0,13,16,27,23,14,0,3,14,50,61,8
20231,A,골목상권,3110181,신설동역 9번,1864,1212,652,12,209,232,286,440,685,12,150,162,188,282,418,0,59,70,98,158,267
20231,A,골목상권,3110192,동의보감타워,70,45,25,0,7,10,25,16,12,0,2,6,17,10,10,0,5,4,8,6,2
20231,A,골목상권,3110182,용두희망어린이공원,370,249,121,0,38,71,108,87,66,0,20,47,67,64,51,0,18,24,41,23,15
20231,A,골목상권,3110223,군자초등학교,94,56,38,0,13,17,26,24,14,0,4,10,17,15,10,0,9,7,9,9,4
20231,A,골목상권,3110191,고려대역 6번,48,41,7,0,1,12,14,9,12,0,1,10,11,8,11,0,0,2,3,1,1
20231,A,골목상권,3110193,고려대역 4번,48,37,11,0,5,11,11,10,11,0,3,5,10,10,9,0,2,6,1,0,2
20231,A,골목상권,3110208,시조사삼거리,75,56,19,0,2,14,7,17,35,0,1,7,2,11,35,0,1,7,5,6,0
20231,A,골목상권,3110270,혜원여고,168,148,20,0,4,5,7,70,82,0,4,3,6,59,76,0,0,2,1,11,6
20231,A,골목상권,3110274,서일대학교,523,360,163,0,46,59,135,146,137,0,8,37,89,115,111,0,38,22,46,31,26
20231,A,골목상권,3110277,러스크서울병원,145,78,67,0,12,30,29,43,31,0,4,13,16,23,22,0,8,17,13,20,9
20231,A,골목상권,3110253,중곡초등학교,181,106,75,0,31,31,44,49,26,0,10,17,23,35,21,0,21,14,21,14,5
20231,A,골목상권,3110249,중화역 1번,764,479,285,0,68,129,205,203,159,0,31,61,105,139,143,0,37,68,100,64,16
20231,A,골목상권,3110250,화랑대역 7번,111,69,42,0,7,20,32,34,18,0,5,12,15,23,14,0,2,8,17,11,4
20231,A,골목상권,3110235,세화어린이공원,17,12,5,0,6,3,1,5,2,0,5,1,1,3,2,0,1,2,0,2,0
20231,A,골목상권,3110306,미아초등학교,317,218,99,2,13,50,81,77,94,0,3,29,53,50,83,2,10,21,28,27,11
20231,A,골목상권,3110304,보문역 4번,248,146,102,0,40,77,61,48,22,0,10,46,35,37,18,0,30,31,26,11,4
20231,A,골목상권,3110291,한성대입구역 3번,342,172,170,2,27,49,94,91,79,0,14,24,49,51,34,2,13,25,45,40,45
20231,A,골목상권,3110336,석관고등학교,94,84,10,0,3,17,16,37,21,0,3,15,13,34,19,0,0,2,3,3,2
20231,A,골목상권,3110335,석계역 7번,249,172,77,1,19,32,66,64,67,0,13,18,34,45,62,1,6,14,32,19,5
20231,A,골목상권,3110327,상월곡역 2번,118,60,58,0,8,17,42,31,20,0,3,8,24,14,11,0,5,9,18,17,9
20231,A,골목상권,3110330,돌곶이역 1번,220,172,48,0,12,18,33,31,126,0,4,12,20,23,113,0,8,6,13,8,13
20231,A,골목상권,3110332,돌곶이역 3번,164,63,101,0,28,29,42,47,18,0,6,18,19,14,6,0,22,11,23,33,12
20231,A,골목상권,3110347,구세군강북종합사회복지관,38,17,21,0,10,7,5,9,7,0,1,5,1,5,5,0,9,2,4,4,2
20231,A,골목상권,3110344,화계중학교,12,10,2,0,7,1,1,2,1,0,5,1,1,2,1,0,2,0,0,0,0
20231,A,골목상권,3110353,수유동우체국,187,91,96,0,4,18,48,60,57,0,1,12,33,27,18,0,3,6,15,33,39
20231,A,골목상권,3110337,아카데미하우스,512,368,144,6,70,69,94,159,114,6,43,58,60,98,103,0,27,11,34,61,11
20231,A,골목상권,3110397,도봉산입구,469,257,212,0,31,56,101,131,150,0,6,34,39,73,105,0,25,22,62,58,45
20231,A,골목상권,3110406,도봉산역 1번,634,573,61,0,10,29,139,292,164,0,3,17,126,276,151,0,7,12,13,16,13
20231,A,골목상권,3110387,쌍문초등학교,307,169,138,0,37,47,91,75,57,0,13,24,49,39,44,0,24,23,42,36,13
20231,A,골목상권,3110389,한일병원,209,120,89,0,23,37,57,53,39,0,10,19,35,30,26,0,13,18,22,23,13
20231,A,골목상권,3110435,서울과학기술대,73,40,33,0,5,12,18,25,13,0,3,4,8,14,11,0,2,8,10,11,2
20231,A,골목상권,3110415,수락산역 4번,635,386,249,5,82,110,155,174,109,5,46,71,85,110,69,0,36,39,70,64,40
20231,A,골목상권,3110436,상계제일중학교,93,60,33,0,15,21,33,20,4,0,5,13,23,15,4,0,10,8,10,5,0
20231,A,골목상권,3110432,대진고등학교,894,734,160,0,55,146,248,343,102,0,27,96,214,311,86,0,28,50,34,32,16
20231,A,골목상권,3110483,연천초등학교,119,74,45,0,11,16,34,17,41,0,3,9,26,10,26,0,8,7,8,7,15
20231,A,골목상권,3110491,불광중학교,43,14,29,0,3,5,13,9,13,0,1,1,5,3,4,0,2,4,8,6,9
20231,A,골목상권,3110452,새절역 3번,373,317,56,1,10,36,63,123,140,1,7,25,47,107,130,0,3,11,16,16,10
20231,A,골목상권,3110471,응암동우체국,263,117,146,0,34,61,73,70,25,0,11,21,28,35,22,0,23,40,45,35,3
20231,A,골목상권,3110469,응암정보도서관,344,188,156,1,38,58,104,104,39,0,11,29,61,57,30,1,27,29,43,47,9
20231,A,골목상권,3110497,가좌역 3번,325,253,72,0,17,43,89,123,53,0,3,17,75,115,43,0,14,26,14,8,10
20231,A,골목상권,3110500,남가좌동현대아파트,74,54,20,0,12,13,23,22,4,0,8,9,17,17,3,0,4,4,6,5,1
20231,A,골목상권,3110494,증산3교남측,31,24,7,0,1,8,7,9,6,0,0,7,5,7,5,0,1,1,2,2,1
20231,A,골목상권,3110530,아현역 1번,36,20,16,0,5,5,7,15,4,0,2,5,4,6,3,0,3,0,3,9,1
20231,A,골목상권,3110509,연희대우아파트앞,391,210,181,0,39,105,101,88,58,0,13,52,51,53,41,0,26,53,50,35,17
20231,A,골목상권,3110524,연희세브란스병원,51,23,28,0,10,13,15,8,5,0,5,6,6,3,3,0,5,7,9,5,2
20231,A,골목상권,3110501,연희어린이공원,214,82,132,0,12,33,40,75,54,0,3,20,15,18,26,0,9,13,25,57,28
20231,A,골목상권,3110539,미근동,2792,1821,971,13,225,688,889,822,155,9,167,550,547,424,124,4,58,138,342,398,31
20231,A,골목상권,3110519,서대문구보건소별관,341,156,185,0,42,73,79,94,53,0,14,33,44,37,28,0,28,40,35,57,25
20231,A,골목상권,3110576,대흥역 3번,1605,1112,493,71,503,480,308,163,80,27,310,365,253,111,46,44,193,115,55,52,34
20231,A,골목상권,3110573,신촌역 6번,28,10,18,0,7,3,6,6,6,0,2,0,3,1,4,0,5,3,3,5,2
20231,A,골목상권,3110563,상수역 3번,309,246,63,11,75,122,61,17,23,9,60,95,50,13,19,2,15,27,11,4,4
20231,A,골목상권,3110564,홍대입구역 3번,471,211,260,0,54,125,161,78,53,0,19,47,103,22,20,0,35,78,58,56,33
20231,A,골목상권,3110621,목동역 5번,163,78,85,0,19,44,33,45,22,0,1,21,19,23,14,0,18,23,14,22,8
20231,A,골목상권,3110592,서울금융고등학교,431,337,94,0,18,34,71,147,161,0,9,13,44,124,147,0,9,21,27,23,14
20231,A,골목상권,3110604,신월4동주민센터,635,526,109,0,13,50,120,232,220,0,6,29,87,191,213,0,7,21,33,41,7
20231,A,골목상권,3110595,메디힐병원,731,459,272,0,80,148,163,185,155,0,34,85,86,136,118,0,46,63,77,49,37
20231,A,골목상권,3110603,지향초등학교,187,104,83,0,12,54,55,38,28,0,5,28,33,19,19,0,7,26,22,19,9
20231,A,골목상권,3110625,신정2동주민센터,726,454,272,2,98,196,215,155,60,0,51,124,146,94,39,2,47,72,69,61,21
20231,A,골목상권,3110694,세곡초등학교,438,243,195,2,55,148,88,96,49,0,24,75,49,59,36,2,31,73,39,37,13
20231,A,골목상권,3110614,목동로데오거리,596,292,304,0,69,85,114,216,112,0,42,44,58,103,45,0,27,41,56,113,67
20231,A,골목상권,3110643,강서구다솔마을,653,413,240,1,97,165,199,139,52,0,47,101,136,93,36,1,50,64,63,46,16
20231,A,골목상권,3110667,가양역 10번,177,126,51,0,33,32,56,36,20,0,21,20,38,29,18,0,12,12,18,7,2
20231,A,골목상권,3110639,신방화역 8번,534,376,158,1,76,67,89,155,146,1,18,26,52,140,139,0,58,41,37,15,7
20231,A,골목상권,3110641,공항고등학교,345,236,109,2,46,95,100,79,23,1,30,72,61,52,20,1,16,23,39,27,3
20231,A,골목상권,3110633,개화산역 1번,28,14,14,0,0,6,10,7,5,0,0,1,5,3,5,0,0,5,5,4,0
20231,A,골목상권,3110642,정곡초등학교,193,163,30,2,8,14,35,69,65,1,4,10,30,58,60,1,4,4,5,11,5
20231,A,골목상권,3110678,염창무학아파트,285,214,71,1,34,65,92,60,33,1,17,53,72,47,24,0,17,12,20,13,9
20231,A,골목상권,3110653,화곡역 2번,917,494,423,1,191,273,240,171,41,0,79,137,119,135,24,1,112,136,121,36,17
20231,A,골목상권,3110661,강서새말어린이공원,126,48,78,0,3,13,30,38,42,0,2,8,10,9,19,0,1,5,20,29,23
20231,A,골목상권,3110664,강서구청옆,111,48,63,0,14,10,31,43,13,0,11,7,10,9,11,0,3,3,21,34,2
20231,A,골목상권,3110663,우장산롯데캐슬아파트앞,279,217,62,0,6,19,48,106,100,0,3,13,26,82,93,0,3,6,22,24,7
20231,A,골목상권,3110710,남구로역 3번,606,370,236,3,83,96,105,121,198,3,46,63,63,68,127,0,37,33,42,53,71
20231,A,골목상권,3110683,오류고등학교,75,46,29,0,12,15,23,18,7,0,9,8,14,8,7,0,3,7,9,10,0
20231,A,골목상권,3110687,"천왕역 3번(오류2동주민센터, 서울오류남초등학교)",21,16,5,0,2,3,5,6,5,0,1,3,4,4,4,0,1,0,1,2,1
20231,A,골목상권,3110740,금천해태공원,646,280,366,1,135,134,136,170,70,1,47,54,56,71,51,0,88,80,80,99,19
20231,A,골목상권,3110733,금천어울림복지센터,374,293,81,3,34,89,74,90,84,3,22,67,59,66,76,0,12,22,15,24,8
20231,A,골목상권,3110739,시흥3동 우편취급국,99,77,22,0,4,22,30,27,16,0,1,16,26,21,13,0,3,6,4,6,3
20231,A,골목상권,3110794,영동초등학교,622,482,140,0,72,112,182,170,86,0,37,84,150,136,75,0,35,28,32,34,11
20231,A,골목상권,3110775,대동초등학교,59,28,31,0,4,13,20,14,8,0,1,6,6,9,6,0,3,7,14,5,2
20231,A,골목상권,3110814,서울지방병무청,673,364,309,1,51,117,155,236,113,1,23,79,97,104,60,0,28,38,58,132,53
20231,A,골목상권,3110802,신길동홍어거리,336,159,177,1,59,113,86,61,16,0,18,45,44,40,12,1,41,68,42,21,4
20231,A,골목상권,3110791,신풍역 3번,25,17,8,0,1,5,9,9,1,0,0,2,6,8,1,0,1,3,3,1,0
20231,A,골목상권,3110773,당산역 13번,161,127,34,0,24,40,31,22,44,0,20,33,19,18,37,0,4,7,12,4,7
20231,A,골목상권,3110796,한림대학교한강성심병원,87,52,35,1,7,19,26,19,15,0,4,11,17,9,11,1,3,8,9,10,4
20231,A,골목상권,3110849,이수역 10번,220,130,90,1,37,52,58,40,32,0,12,33,34,25,26,1,25,19,24,15,6
20231,A,골목상권,3110845,사당종합체육관,101,50,51,0,8,17,35,26,15,0,5,8,19,9,9,0,3,9,16,17,6
20231,A,골목상권,3110846,남성역 1번,535,290,245,1,66,120,146,135,67,0,25,59,78,74,54,1,41,61,68,61,13
20231,A,골목상권,3110838,상도1동주민센터앞,131,122,9,0,3,32,30,35,31,0,3,27,27,35,30,0,0,5,3,0,1
20231,A,골목상권,3110826,장승배기역 4번,366,149,217,2,20,37,57,103,147,1,8,22,28,38,52,1,12,15,29,65,95
20231,A,골목상권,3110842,흑리단길,53,22,31,0,10,9,10,16,8,0,4,3,5,5,5,0,6,6,5,11,3
20231,A,골목상권,3110895,샤로수길,1796,1222,574,3,307,721,360,233,172,2,170,534,234,152,130,1,137,187,126,81,42
20231,A,골목상권,3110862,난곡초등학교(난곡동벽화마을),84,41,43,0,4,13,14,34,19,0,2,6,11,15,7,0,2,7,3,19,12
20231,A,골목상권,3110881,구립대학경로당(관악산샘말공원),1580,1288,292,1,317,450,449,266,97,1,225,374,391,229,68,0,92,76,58,37,29
20231,A,골목상권,3110868,남부초등학교,232,126,106,0,20,29,45,49,89,0,11,23,22,28,42,0,9,6,23,21,47
20231,A,골목상권,3110884,봉천역 4번(봉천110안전센터),372,284,88,1,17,30,61,98,165,0,1,8,49,84,142,1,16,22,12,14,23
20231,A,골목상권,3110945,본마을노인복지센터(서초구립내곡도서관),191,114,77,3,44,57,37,33,17,3,14,31,25,28,13,0,30,26,12,5,4
20231,A,골목상권,3110904,이수역 5번,835,468,367,4,167,217,239,139,69,1,90,125,135,59,58,3,77,92,104,80,11
20231,A,골목상권,3110911,방배배수지체육공원,29,22,7,0,6,3,7,5,8,0,6,2,4,4,6,0,0,1,3,1,2
20231,A,골목상권,3110923,방배역 1번,210,153,57,0,34,56,55,41,24,0,21,38,42,34,18,0,13,18,13,7,6
20231,A,골목상권,3110925,서초중학교,874,497,377,0,104,137,244,222,167,0,38,65,146,132,116,0,66,72,98,90,51
20231,A,골목상권,3110939,양재역 8번(양재동우체국),5949,4099,1850,23,970,1420,1461,1174,901,15,499,989,1053,799,744,8,471,431,408,375,157
20231,A,골목상권,3110957,언북중학교,1251,831,420,1,262,379,317,147,145,1,146,241,215,109,119,0,116,138,102,38,26
20231,A,골목상권,3110989,대치동아우편취급국,444,270,174,9,90,148,75,68,54,0,43,102,43,44,38,9,47,46,32,24,16
20231,A,골목상권,3110965,언주역 6번,1139,788,351,1,174,379,378,142,65,1,104,276,284,74,49,0,70,103,94,68,16
20231,A,골목상권,3110976,언북초등학교,578,332,246,1,111,188,126,86,66,0,41,115,83,49,44,1,70,73,43,37,22
20231,A,골목상권,3111036,투구봉어린이공원,209,119,90,1,22,40,55,62,29,1,7,20,26,39,26,0,15,20,29,23,3
20231,A,골목상권,3111009,송파책박물관,130,94,36,1,13,38,28,24,26,0,11,32,18,15,18,1,2,6,10,9,8
20231,A,골목상권,3111013,송파나루역 1번(송리단길),2234,1456,778,8,320,568,650,435,253,3,160,384,445,290,174,5,160,184,205,145,79
20231,A,골목상권,3111039,벌말어린이공원,485,353,132,8,85,125,121,94,52,8,51,89,88,72,45,0,34,36,33,22,7
20231,A,골목상권,3111058,성내중학교,451,317,134,0,51,92,129,121,58,0,37,63,90,82,45,0,14,29,39,39,13
20231,A,골목상권,3111055,선사초등학교,673,29,644,0,14,28,137,373,121,0,4,7,8,6,4,0,10,21,129,367,117
20231,A,골목상권,3111075,굽은다리역 2번,193,114,79,0,14,42,54,52,31,0,14,28,24,31,17,0,0,14,30,21,14
20231,A,골목상권,3111063,강동구립 천호도서관,368,182,186,0,25,44,81,85,133,0,5,15,21,30,111,0,20,29,60,55,22
20231,A,골목상권,3110009,자하문터널,930,456,474,0,207,326,226,121,50,0,91,162,105,63,35,0,116,164,121,58,15
20231,A,골목상권,3110033,창신역 4번,166,89,77,0,26,42,35,40,23,0,6,22,17,25,19,0,20,20,18,15,4
20231,A,골목상권,3110023,서울대병원,92,33,59,0,9,24,23,20,16,0,3,7,10,5,8,0,6,17,13,15,8
20231,A,골목상권,3110022,경신고등학교,506,385,121,11,133,157,117,54,34,10,99,119,89,42,26,1,34,38,28,12,8
20231,A,골목상권,3110044,관성묘,405,300,105,0,50,135,145,51,24,0,24,90,125,44,17,0,26,45,20,7,7
20231,A,골목상권,3110074,서울역 12번,8149,1751,6398,152,5985,1340,330,181,161,9,598,652,233,134,125,143,5387,688,97,47,36
20231,A,골목상권,3110081,해방촌 남동측,231,122,109,0,45,63,54,42,27,0,14,35,27,23,23,0,31,28,27,19,4
20231,A,골목상권,3110084,경리단길북측,315,168,147,0,47,85,84,57,42,0,23,36,39,36,34,0,24,49,45,21,8
20231,A,골목상권,3110071,한강미주맨션아파트,315,191,124,0,42,85,69,57,62,0,21,46,40,42,42,0,21,39,29,15,20
20231,A,골목상권,3110590,만리재,97,50,47,0,19,23,23,25,7,0,6,12,11,16,5,0,13,11,12,9,2
20231,A,골목상권,3110070,용산세무서,184,130,54,0,21,54,55,24,30,0,8,37,41,18,26,0,13,17,14,6,4
20231,A,골목상권,3110062,한강로동땡땡거리(은행나무길),1506,884,622,9,319,423,319,208,228,6,142,225,216,138,157,3,177,198,103,70,71
20231,A,골목상권,3110079,후암동주민센터,1084,584,500,4,223,262,267,196,132,3,73,156,156,105,91,1,150,106,111,91,41
20231,A,골목상권,3110101,옥정중학교,218,121,97,0,55,51,65,31,16,0,24,34,43,13,7,0,31,17,22,18,9
20231,A,골목상권,3110102,옥수역 6번,175,116,59,0,22,39,48,41,25,0,11,21,31,31,22,0,11,18,17,10,3
20231,A,골목상권,3110179,광나루역 1번,911,620,291,0,142,209,188,233,139,0,82,160,157,154,67,0,60,49,31,79,72
20231,A,골목상권,3110180,광진정보도서관,5440,3602,1838,17,1593,2056,1086,499,189,5,872,1464,782,331,148,12,721,592,304,168,41
20231,A,골목상권,3110159,구의역 4번,663,391,272,1,125,115,158,132,132,1,58,62,85,87,98,0,67,53,73,45,34
20231,A,골목상권,3110153,중곡1동주민센터,241,83,158,1,42,57,67,57,17,0,14,22,22,17,8,1,28,35,45,40,9
20231,A,골목상권,3110142,화양사거리,215,108,107,1,37,47,45,53,32,1,20,25,24,17,21,0,17,22,21,36,11
20231,A,골목상권,3110148,어린이대공원역 3번,17,12,5,0,3,3,6,5,0,0,0,2,5,5,0,0,3,1,1,0,0
20231,A,골목상권,3110183,한국의류시험연구원,839,447,392,3,238,307,149,75,67,1,88,162,81,58,57,2,150,145,68,17,10
20231,A,골목상권,3110228,장안근린공원,1992,1184,808,40,1381,313,92,101,65,24,788,223,60,54,35,16,593,90,32,47,30
20231,A,골목상권,3110210,서울시립대,341,253,88,1,9,19,24,34,254,1,4,12,10,21,205,0,5,7,14,13,49
20231,A,골목상권,3110197,세종대왕기념관교차로,67,46,21,0,8,19,26,9,5,0,4,15,19,7,1,0,4,4,7,2,4
20231,A,골목상권,3110243,중랑노인종합복지관,298,114,184,1,30,49,74,104,40,0,5,21,37,31,20,1,25,28,37,73,20
20231,A,골목상권,3110259,사가정역 1번,543,425,118,2,48,108,172,159,54,2,29,73,131,140,50,0,19,35,41,19,4
20231,A,골목상권,3110269,용마문화복지센터,169,98,71,0,19,53,52,28,17,0,13,32,30,19,4,0,6,21,22,9,13
20231,A,골목상권,3110252,장안제일시장,712,505,207,1,64,101,159,195,192,1,42,73,87,131,171,0,22,28,72,64,21
20231,A,골목상권,3110247,먹골역 1번,381,176,205,0,54,79,123,81,44,0,21,30,55,39,31,0,33,49,68,42,13
20231,A,골목상권,3110255,상봉역 4번,327,208,119,0,39,52,78,92,66,0,20,24,46,62,56,0,19,28,32,30,10
20231,A,골목상권,3110262,상봉역 3번,1530,878,652,2,221,447,542,268,50,0,119,337,281,107,34,2,102,110,261,161,16
20231,A,골목상권,3110271,신내역 1번,97,74,23,0,8,17,25,29,18,0,5,14,18,23,14,0,3,3,7,6,4
20231,A,골목상권,3110251,장안중학교,147,104,43,0,8,34,46,39,20,0,3,23,34,27,17,0,5,11,12,12,3
20231,A,골목상권,3110244,중화역 4번,250,175,75,1,8,26,49,44,122,1,4,11,32,30,97,0,4,15,17,14,25
20231,A,골목상권,3110296,성신여대입구역 4번,77,39,38,1,7,12,30,11,16,1,3,7,15,8,5,0,4,5,15,3,11
20231,A,골목상권,3110297,경동고등학교,654,311,343,0,74,123,156,164,137,0,31,65,74,79,62,0,43,58,82,85,75
20231,A,골목상권,3110280,북정마을,73,38,35,0,7,10,22,23,11,0,3,3,9,15,8,0,4,7,13,8,3
20231,A,골목상권,3110287,정릉3동주민센터,70,50,20,0,9,12,18,19,12,0,5,8,15,12,10,0,4,4,3,7,2
20231,A,골목상권,3110317,종암중학교,411,206,205,0,33,120,153,85,20,0,14,47,78,58,9,0,19,73,75,27,11
20231,A,골목상권,3110375,서울북부고용노동지청,110,55,55,1,12,20,31,32,14,0,8,15,16,11,5,1,4,5,15,21,9
20231,A,골목상권,3110354,삼각산119안전센터,22,5,17,0,2,3,10,5,2,0,0,0,2,1,2,0,2,3,8,4,0
20231,A,골목상권,3110378,송중동주민센터,23,13,10,0,1,4,6,9,3,0,1,2,2,6,2,0,0,2,4,3,1
20231,A,골목상권,3110350,가오리역 2번,148,77,71,0,11,27,37,49,24,0,5,11,18,26,17,0,6,16,19,23,7
20231,A,골목상권,3110410,방학역 2번,957,833,124,3,75,187,185,224,283,2,61,162,154,194,260,1,14,25,31,30,23
20231,A,골목상권,3110411,도봉역 3번,421,379,42,0,13,31,61,141,175,0,11,20,48,133,167,0,2,11,13,8,8
20231,A,골목상권,3110400,도봉구보건소,191,111,80,0,20,35,53,51,32,0,9,22,32,26,22,0,11,13,21,25,10
20231,A,골목상권,3110399,창2동주민센터,849,516,333,8,110,207,262,192,70,8,69,157,137,97,48,0,41,50,125,95,22
20231,A,골목상권,3110409,창동역 2번,396,202,194,0,33,43,83,109,128,0,12,29,59,45,57,0,21,14,24,64,71
20231,A,골목상권,3110434,태릉입구역 4번,121,62,59,0,13,11,24,35,38,0,3,2,12,22,23,0,10,9,12,13,15
20231,A,골목상권,3110426,상계2동주민센터,337,169,168,0,32,57,83,96,69,0,15,30,39,45,40,0,17,27,44,51,29
20231,A,골목상권,3110414,장석교회,66,51,15,0,7,16,15,20,8,0,5,13,11,17,5,0,2,3,4,3,3
20231,A,골목상권,3110465,연신내역 7번,240,119,121,3,38,52,57,54,36,2,12,29,25,25,26,1,26,23,32,29,10
20231,A,골목상권,3110490,녹번동근린공원,311,170,141,0,30,65,86,76,54,0,11,31,48,45,35,0,19,34,38,31,19
20231,A,골목상권,3110489,불광역 3번,35,25,10,0,3,7,10,10,5,0,3,4,7,6,5,0,0,3,3,4,0
20231,A,골목상권,3110479,연신내역 2번,318,181,137,1,50,84,68,69,46,0,28,71,35,32,15,1,22,13,33,37,31
20231,A,골목상권,3110492,하나고등학교,238,38,200,1,5,13,11,95,113,0,0,7,7,8,16,1,5,6,4,87,97
20231,A,골목상권,3110493,북가좌초등학교,892,830,62,0,2,19,27,80,764,0,0,12,22,68,728,0,2,7,5,12,36
20231,A,골목상권,3110514,서대문우체국,86,19,67,0,26,26,17,9,8,0,0,4,7,4,4,0,26,22,10,5,4
20231,A,골목상권,3110508,서연중학교,947,425,522,9,139,241,158,245,155,3,62,148,74,76,62,6,77,93,84,169,93
20231,A,골목상권,3110513,연희파출소,457,241,216,0,51,87,110,130,79,0,17,46,58,69,51,0,34,41,52,61,28
20231,A,골목상권,3110518,서대문구청,129,72,57,0,22,38,30,23,16,0,6,19,22,15,10,0,16,19,8,8,6
20231,A,골목상권,3110535,영천시장입구,488,333,155,2,36,65,112,164,109,2,19,35,78,130,69,0,17,30,34,34,40
20231,A,골목상권,3110538,충정로역 3번,284,178,106,0,12,42,56,66,108,0,5,27,35,42,69,0,7,15,21,24,39
20231,A,골목상권,3110525,홍은종합사회복지관,61,17,44,0,10,12,15,10,14,0,1,3,0,4,9,0,9,9,15,6,5
20231,A,골목상권,3110515,홍은중학교,396,312,84,1,45,118,119,68,45,1,33,93,94,52,39,0,12,25,25,16,6
20231,A,골목상권,3110583,공덕래미안3차아파트,12,7,5,0,2,3,1,1,5,0,1,2,1,0,3,0,1,1,0,1,2
20231,A,골목상권,3110562,연트럴파크(연남동주민센터),426,237,189,1,73,118,96,94,44,1,29,76,55,44,32,0,44,42,41,50,12
20231,A,골목상권,3110577,용강동주민센터,145,105,40,0,15,42,47,31,10,0,12,31,38,17,7,0,3,11,9,14,3
20231,A,골목상권,3110559,성산중학교,757,474,283,4,102,187,203,167,94,3,54,102,127,118,70,1,48,85,76,49,24
20231,A,골목상권,3110593,신월3동주민센터,304,157,147,0,38,65,76,87,38,0,12,32,45,44,24,0,26,33,31,43,14
20231,A,골목상권,3110605,목동센트럴아이파크앞,155,89,66,0,15,22,26,47,45,0,5,15,11,27,31,0,10,7,15,20,14
20231,A,골목상권,3110634,송정역 3번,664,434,230,0,64,143,178,145,134,0,33,90,116,101,94,0,31,53,62,44,40
20231,A,골목상권,3110637,송정역 2번,560,358,202,4,67,121,116,154,98,0,34,74,81,100,69,4,33,47,35,54,29
20231,A,골목상권,3110644,신광명마을,336,288,48,1,26,28,58,105,118,1,8,17,51,97,114,0,18,11,7,8,4
20231,A,골목상권,3110673,뜸부기어린이공원,253,143,110,0,37,52,62,64,38,0,21,29,31,34,28,0,16,23,31,30,10
20231,A,골목상권,3110717,남구로역 2번,570,271,299,0,108,155,142,104,61,0,49,84,75,34,29,0,59,71,67,70,32
20231,A,골목상권,3110704,고척중학교,62,36,26,0,12,23,10,12,5,0,7,12,3,11,3,0,5,11,7,1,2
20231,A,골목상권,3110711,구로초등학교,815,329,486,4,62,122,165,287,175,2,26,70,81,74,76,2,36,52,84,213,99
20231,A,골목상권,3110719,영서중학교,19,15,4,0,0,4,2,3,10,0,0,2,2,3,8,0,0,2,0,0,2
20231,A,골목상권,3110681,온수역 1번,94,70,24,0,6,30,30,17,11,0,5,22,21,12,10,0,1,8,9,5,1
20231,A,골목상권,3110686,수궁동주민센터,406,211,195,0,34,67,104,115,86,0,16,31,64,55,45,0,18,36,40,60,41
20231,A,골목상권,3110724,금천구립가산도서관,364,254,110,1,42,76,120,89,36,1,33,60,90,45,25,0,9,16,30,44,11
20231,A,골목상권,3110737,금천세무서,502,323,179,8,77,85,96,116,120,0,28,49,51,91,104,8,49,36,45,25,16
20231,A,골목상권,3110751,난곡중학교,733,399,334,2,48,217,242,177,47,2,21,117,128,91,40,0,27,100,114,86,7
20231,A,골목상권,3110770,영등포구청역 6번,263,191,72,1,45,49,77,45,46,1,24,41,54,28,43,0,21,8,23,17,3
20231,A,골목상권,3110774,당산반도유보라팰리스아파트,472,355,117,0,59,119,131,96,67,0,34,81,109,80,51,0,25,38,22,16,16
20231,A,골목상권,3110784,신대림초등학교,76,42,34,0,3,11,18,36,8,0,0,7,12,18,5,0,3,4,6,18,3
20231,A,골목상권,3110790,대림1동주민센터,741,337,404,1,74,163,282,161,60,1,46,71,89,77,53,0,28,92,193,84,7
20231,A,골목상권,3110767,도림동주민센터,11,0,11,0,4,3,3,1,0,0,0,0,0,0,0,0,4,3,3,1,0
20231,A,골목상권,3110816,대방역 6번,517,401,116,1,72,136,153,67,88,1,49,108,114,49,80,0,23,28,39,18,8
20231,A,골목상권,3110795,도림초등학교,533,356,177,0,20,49,80,128,256,0,8,36,48,74,190,0,12,13,32,54,66
20231,A,골목상권,3110805,신길새마을금고신길4동지점,45,27,18,0,6,12,12,8,7,0,2,7,6,5,7,0,4,5,6,3,0
20231,A,골목상권,3110797,KT대방빌딩,47,8,39,1,6,8,12,10,10,0,0,0,1,2,5,1,6,8,11,8,5
20231,A,골목상권,3110760,선유도역 6번,1792,1091,701,8,273,444,499,376,192,6,170,256,275,219,165,2,103,188,224,157,27
20231,A,골목상권,3110829,장승배기역 5번,534,416,118,0,195,137,78,52,72,0,177,106,49,39,45,0,18,31,29,13,27
20231,A,골목상권,3110848,양지어린이공원,486,307,179,0,36,68,152,132,98,0,6,39,85,93,84,0,30,29,67,39,14
20231,A,골목상권,3110837,숭실대입구역 1번,360,184,176,1,39,72,80,79,89,0,19,29,39,32,65,1,20,43,41,47,24
20231,A,골목상권,3110825,신대방삼거리역 1번,319,207,112,0,33,63,96,72,55,0,23,41,58,47,38,0,10,22,38,25,17
20231,A,골목상권,3110823,신대방삼거리역 3번,472,242,230,0,30,45,83,121,193,0,17,26,40,42,117,0,13,19,43,79,76
20231,A,골목상권,3110844,흑석2치안센터,11,7,4,0,2,2,4,0,3,0,1,2,2,0,2,0,1,0,2,0,1
20231,A,골목상권,3110865,남강고등학교(남강중학교),270,116,154,4,57,53,59,61,36,2,10,23,23,31,27,2,47,30,36,30,9
20231,A,골목상권,3110902,사당역 4번,1184,729,455,1,189,266,295,248,185,0,82,168,204,156,119,1,107,98,91,92,66
20231,A,골목상권,3110887,서울산업정보학교(서울삼성초등학교),12,5,7,0,1,3,4,4,0,0,0,0,1,4,0,0,1,3,3,0,0
20231,A,골목상권,3110860,호림박물관(성보고등학교),410,314,96,1,57,102,66,110,74,1,44,84,47,78,60,0,13,18,19,32,14
20231,A,골목상권,3110883,은천초등학교(은천교앞),208,124,84,2,21,43,70,48,24,1,12,25,42,28,16,1,9,18,28,20,8
20231,A,골목상권,3110894,관악동부센트레빌아파트(은천로35라길),20,8,12,0,2,4,3,6,5,0,0,2,1,2,3,0,2,2,2,4,2
20231,A,골목상권,3110869,"신림역 5번(신림동주민센터, 신림동별빛거리)",1026,681,345,1,79,136,248,233,329,1,36,73,143,155,273,0,43,63,105,78,56
20231,A,골목상권,3110877,신림역 8번,319,154,165,2,23,63,86,80,65,0,10,30,36,39,39,2,13,33,50,41,26
20231,A,골목상권,3110853,KT구로지사,217,130,87,0,21,49,65,51,31,0,9,27,44,28,22,0,12,22,21,23,9
20231,A,골목상권,3110897,서울대입구역 8번,219,139,80,0,16,45,69,64,25,0,7,24,40,44,24,0,9,21,29,20,1
20231,A,골목상권,3110924,반포4동주민센터(몽마르뜨공원),1071,732,339,5,171,236,323,252,84,1,78,150,243,200,60,4,93,86,80,52,24
20231,A,골목상권,3110922,내방역 1번,219,112,107,1,42,47,47,42,40,0,13,23,27,23,26,1,29,24,20,19,14
20231,A,골목상권,3110909,남태령역(서울전자고등학교),132,97,35,1,11,29,23,34,34,1,4,19,16,29,28,0,7,10,7,5,6
20231,A,골목상권,3110929,남부터미널역 1번,21130,10703,10427,21,4446,4558,3912,7143,1050,4,1209,1890,1718,5123,759,17,3237,2668,2194,2020,291
20231,A,골목상권,3110946,청계산원터골,41,21,20,0,2,4,8,13,14,0,2,2,6,3,8,0,0,2,2,10,6
20231,A,골목상권,3110980,개포지구대옆,663,482,181,0,90,198,202,111,62,0,45,142,168,72,55,0,45,56,34,39,7
20231,A,골목상권,3110951,신사은행나무공원,267,70,197,0,35,83,95,47,7,0,6,24,26,12,2,0,29,59,69,35,5
20231,A,골목상권,3111024,경찰병원역 4번(건너말공원),240,150,90,0,27,53,63,68,29,0,16,33,45,35,21,0,11,20,18,33,8
20231,A,골목상권,3111046,마천역(마천초등학교),708,400,308,1,76,146,171,195,119,0,46,85,84,95,90,1,30,61,87,100,29
20231,A,골목상권,3111044,남천초등학교,557,264,293,1,95,146,167,113,35,0,35,71,76,56,26,1,60,75,91,57,9
20231,A,골목상권,3111019,한성백제역 3번,1458,963,495,2,199,428,415,246,168,2,101,294,294,157,115,0,98,134,121,89,53
20231,A,골목상권,3111007,석촌고분역 4번,936,480,456,0,107,215,255,242,117,0,43,116,142,109,70,0,64,99,113,133,47
20231,A,골목상권,3111004,삼전역 1번,2036,1331,705,13,263,407,504,376,473,0,108,261,337,239,386,13,155,146,167,137,87
20231,A,골목상권,3111033,문정동성당,70,30,40,0,5,4,16,16,29,0,2,3,8,9,8,0,3,1,8,7,21
20231,A,골목상권,3111018,풍납초등학교(풍납백제문화공원),26,23,3,0,1,5,10,6,4,0,1,4,8,6,4,0,0,1,2,0,0
20231,A,골목상권,3111078,굽은다리역 4번,1753,1022,731,1,135,300,379,488,450,1,75,186,215,270,275,0,60,114,164,218,175
20231,A,골목상권,3111082,중앙보훈병원,64,44,20,0,3,9,11,23,18,0,1,3,5,18,17,0,2,6,6,5,1
20231,A,골목상권,3111086,한영중고,297,202,95,1,27,45,73,101,50,1,17,22,52,69,41,0,10,23,21,32,9
20231,A,골목상권,3111051,천호역 6번,394,242,152,2,65,77,85,88,77,1,44,54,54,47,42,1,21,23,31,41,35
20231,A,골목상권,3111064,둔촌동역 4번,157,98,59,0,13,34,47,40,23,0,3,21,30,28,16,0,10,13,17,12,7
20231,A,골목상권,3111070,천호초등학교,121,70,51,1,7,20,39,27,27,0,3,9,23,16,19,1,4,11,16,11,8
20231,A,골목상권,3111057,천호공원(해공체육문화센터),254,112,142,2,53,50,64,60,25,2,15,19,30,32,14,0,38,31,34,28,11
20231,A,골목상권,3110018,중앙고등학교,829,408,421,0,92,166,209,160,202,0,27,55,100,80,146,0,65,111,109,80,56
20231,A,골목상권,3110006,부암동주민센터,27,16,11,0,2,7,7,5,6,0,2,5,2,3,4,0,0,2,5,2,2
20231,A,골목상권,3110012,성곡미술관,1042,489,553,0,260,329,260,111,82,0,70,152,149,69,49,0,190,177,111,42,33
20231,A,골목상권,3110019,창덕궁,325,215,110,0,47,91,82,71,34,0,21,65,53,49,27,0,26,26,29,22,7
20231,A,골목상권,3110052,장충초등학교,484,281,203,0,43,100,132,130,79,0,16,63,75,82,45,0,27,37,57,48,34
20231,A,골목상권,3110038,경향신문사,1096,759,337,0,195,395,283,181,42,0,63,266,227,165,38,0,132,129,56,16,4
20231,A,골목상권,3110092,NH농협은행 보광동지점,468,168,300,0,90,111,103,94,70,0,11,47,34,33,43,0,79,64,69,61,27
20231,A,골목상권,3110083,서빙고역 1번,149,109,40,0,26,53,42,14,14,0,13,42,29,12,13,0,13,11,13,2,1
20231,A,골목상권,3110060,효창공원앞역 6번,287,170,117,0,28,62,80,73,44,0,10,34,48,47,31,0,18,28,32,26,13
20231,A,골목상권,3110068,남영역 1번,1090,615,475,8,161,257,250,224,190,6,60,135,151,138,125,2,101,122,99,86,65
20231,A,골목상권,3110091,리움미술관,1106,810,296,0,216,345,343,155,47,0,117,236,293,128,36,0,99,109,50,27,11
20231,A,골목상권,3110061,효창동주민센터,478,306,172,1,61,91,154,113,58,1,38,53,100,67,47,0,23,38,54,46,11
20231,A,골목상권,3110122,마장역 2번,461,270,191,1,60,87,116,112,85,1,32,59,68,60,50,0,28,28,48,52,35
20231,A,골목상권,3110125,사근동살곶이상점가,135,83,52,2,25,39,35,21,13,2,13,21,24,13,10,0,12,18,11,8,3
20231,A,골목상권,3110178,장로회신학대학교,165,108,57,0,21,38,33,47,26,0,13,31,16,34,14,0,8,7,17,13,12
20231,A,골목상권,3110147,능동우편취급국,815,464,351,4,120,172,160,137,222,2,56,88,104,77,137,2,64,84,56,60,85
20231,A,골목상권,3110154,광진정말공원,255,146,109,1,31,54,61,65,43,1,16,34,30,34,31,0,15,20,31,31,12
20231,A,골목상권,3110151,자양한강도서관,249,175,74,4,35,52,63,66,29,3,24,37,49,41,21,1,11,15,14,25,8
20231,A,골목상권,3110162,군자역 4번,618,370,248,0,127,163,133,111,84,0,98,119,77,43,33,0,29,44,56,68,51
20231,A,골목상권,3110171,중곡4동주민센터,59,36,23,0,4,8,7,22,18,0,1,2,3,15,15,0,3,6,4,7,3
20231,A,골목상권,3110217,자동차부품상가,506,391,115,1,34,105,144,124,98,1,25,88,116,84,77,0,9,17,28,40,21
20231,A,골목상권,3110225,촬영소사거리,330,204,126,0,22,36,68,83,121,0,9,25,42,55,73,0,13,11,26,28,48
20231,A,골목상권,3110218,답십리사거리,158,83,75,0,14,25,45,60,14,0,5,12,22,33,11,0,9,13,23,27,3
20231,A,골목상권,3110188,용두동신동아아파트,807,607,200,8,104,178,229,191,97,2,68,150,181,132,74,6,36,28,48,59,23
20231,A,골목상권,3110184,용두사거리,398,205,193,0,77,135,72,64,50,0,37,51,33,45,39,0,40,84,39,19,11
20231,A,골목상권,3110213,청량초등학교,124,81,43,0,19,57,17,15,16,0,7,41,13,7,13,0,12,16,4,8,3
20231,A,골목상권,3110220,외대앞역 1번,193,111,82,0,28,37,54,47,27,0,7,18,33,34,19,0,21,19,21,13,8
20231,A,골목상권,3110230,장안현대홈타운1차아파트,161,101,60,0,15,32,52,45,17,0,6,22,33,28,12,0,9,10,19,17,5
20231,A,골목상권,3110216,전농중학교,208,68,140,1,32,48,62,50,15,1,11,14,18,18,6,0,21,34,44,32,9
20231,A,골목상권,3110275,하나은행 망우동지점,63,33,30,0,4,9,19,16,15,0,3,6,9,5,10,0,1,3,10,11,5
20231,A,골목상권,3110276,신내IC북측,29,18,11,0,1,4,8,9,7,0,0,3,5,6,4,0,1,1,3,3,3
20231,A,골목상권,3110240,태릉시장 특화거리,97,39,58,2,20,13,28,16,18,1,3,8,7,8,12,1,17,5,21,8,6
20231,A,골목상권,3110299,정릉역 1번,372,241,131,1,33,49,83,95,111,0,9,12,40,74,106,1,24,37,43,21,5
20231,A,골목상권,3110302,보문역 8번,3797,3177,620,1,364,1434,710,823,465,1,252,1274,656,702,292,0,112,160,54,121,173
20231,A,골목상권,3110333,돌곶이역 5번,988,746,242,0,15,23,38,74,838,0,2,13,20,42,669,0,13,10,18,32,169
20231,A,골목상권,3110295,정릉우체국,679,248,431,0,166,178,163,119,53,0,36,67,49,52,44,0,130,111,114,67,9
20231,A,골목상권,3110290,북한산보국문역 1번,96,78,18,0,2,9,29,37,19,0,1,8,23,30,16,0,1,1,6,7,3
20231,A,골목상권,3110284,정릉북한산국립공원입구,562,506,56,0,5,59,181,229,88,0,4,49,161,211,81,0,1,10,20,18,7
20231,A,골목상권,3110315,종암아이파크2차,124,78,46,0,11,17,41,38,17,0,4,9,27,25,13,0,7,8,14,13,4
20231,A,골목상권,3110311,종암아이파크2차후문,18,9,9,0,0,2,8,3,5,0,0,1,3,1,4,0,0,1,5,2,1
20231,A,골목상권,3110355,삼양사거리역 2번,306,254,52,0,8,26,44,103,125,0,1,10,31,94,118,0,7,16,13,9,7
20231,A,골목상권,3110372,강북중학교,188,100,88,0,21,43,50,48,26,0,17,25,18,20,20,0,4,18,32,28,6
20231,A,골목상권,3110405,방학역 1번,1123,365,758,3,130,176,308,427,79,3,67,109,82,70,34,0,63,67,226,357,45
20231,A,골목상권,3110407,도봉역 2번,560,337,223,1,32,75,115,203,134,1,8,40,57,126,105,0,24,35,58,77,29
20231,A,골목상권,3110412,창동중학교,25,23,2,0,4,7,3,4,7,0,3,7,3,3,7,0,1,0,0,1,0
20231,A,골목상권,3110394,방학중학교,214,133,81,0,19,35,50,54,56,0,12,20,26,35,40,0,7,15,24,19,16
20231,A,골목상권,3110384,문이교,261,139,122,0,38,20,56,85,62,0,12,8,21,51,47,0,26,12,35,34,15
20231,A,골목상권,3110388,도봉우체국,35,23,12,0,4,3,10,14,4,0,2,2,7,8,4,0,2,1,3,6,0
20231,A,골목상권,3110442,화랑대철도공원,76,20,56,0,1,4,14,49,8,0,0,2,4,10,4,0,1,2,10,39,4
20231,A,골목상권,3110424,상계초등학교,388,157,231,2,42,50,96,106,92,2,18,32,32,42,31,0,24,18,64,64,61
20231,A,골목상권,3110437,당고개역 2번,116,40,76,0,16,23,25,41,11,0,5,11,9,10,5,0,11,12,16,31,6
20231,A,골목상권,3110439,당고개역 5번,96,45,51,0,4,14,12,32,34,0,0,10,6,16,13,0,4,4,6,16,21
20231,A,골목상권,3110440,상계3동4동주민센터,49,16,33,0,8,6,15,10,10,0,1,1,4,2,8,0,7,5,11,8,2
20231,A,골목상권,3110420,광운대역 1번,796,472,324,7,233,310,184,40,22,0,114,234,89,21,14,7,119,76,95,19,8
20231,A,골목상권,3110431,상계역,124,72,52,1,16,24,28,37,18,0,2,13,17,27,13,1,14,11,11,10,5
20231,A,골목상권,3110467,은평요양병원,487,284,203,3,90,154,110,68,62,2,46,100,61,37,38,1,44,54,49,31,24
20231,A,골목상권,3110454,선정중학교,481,268,213,3,56,71,142,108,101,2,42,35,53,66,70,1,14,36,89,42,31
20231,A,골목상권,3110447,구산초등학교,48,43,5,0,5,15,10,5,13,0,4,15,8,5,11,0,1,0,2,0,2
20231,A,골목상권,3110453,신사1동주민센터,515,288,227,0,43,81,121,155,115,0,20,25,65,85,93,0,23,56,56,70,22
20231,A,골목상권,3110448,상신초등학교입구,120,76,44,1,20,27,26,26,20,1,17,17,12,14,15,0,3,10,14,12,5
20231,A,골목상권,3110466,구산역 2번,87,46,41,0,12,17,26,24,8,0,4,5,16,15,6,0,8,12,10,9,2
20231,A,골목상권,3110498,증산역 1번,222,102,120,0,15,32,75,68,32,0,7,9,31,32,23,0,8,23,44,36,9
20231,A,골목상권,3110444,수색성당,157,57,100,0,17,39,47,45,9,0,6,14,14,16,7,0,11,25,33,29,2
20231,A,골목상권,3110496,모래내우체국,611,333,278,2,88,190,160,89,82,2,20,100,117,42,52,0,68,90,43,47,30
20231,A,골목상권,3110506,연희임광아파트,110,66,44,0,5,12,39,29,25,0,1,8,20,19,18,0,4,4,19,10,7
20231,A,골목상권,3110505,홍남교남측,14,9,5,0,1,0,3,7,3,0,0,0,2,5,2,0,1,0,1,2,1
20232,A,골목상권,3110736,독산119안전센터,461,199,262,0,46,55,76,118,166,0,21,32,35,42,69,0,25,23,41,76,97
20232,A,골목상권,3110746,금천금빛공원(은행나무사거리서측),76,53,23,0,5,11,23,22,15,0,3,9,13,16,12,0,2,2,10,6,3
20232,A,골목상권,3110766,대림역 5번,360,205,155,0,30,82,85,99,64,0,15,54,42,56,38,0,15,28,43,43,26
20232,A,골목상권,3110777,구로세무서,282,210,72,0,36,41,47,83,75,0,13,30,32,66,69,0,23,11,15,17,6
20232,A,골목상권,3110788,영등포시장역 3번,28,22,6,0,4,5,7,9,3,0,3,5,6,6,2,0,1,0,1,3,1
20232,A,골목상권,3110783,영등포시장역 1번,292,154,138,1,26,37,35,67,126,1,19,27,16,33,58,0,7,10,19,34,68
20232,A,골목상권,3110799,영등포본동주민센터,119,86,33,5,21,16,11,22,44,3,12,10,6,15,40,2,9,6,5,7,4
20232,A,골목상권,3110821,보라매역 2번,599,356,243,0,73,109,142,137,138,0,34,65,80,89,88,0,39,44,62,48,50
20232,A,골목상권,3110836,상도역 5번,3057,1846,1211,9,550,798,701,647,352,2,238,486,453,447,220,7,312,312,248,200,132
20232,A,골목상권,3110840,중앙대학교,175,99,76,0,24,25,57,45,24,0,12,13,37,22,15,0,12,12,20,23,9
20232,A,골목상권,3110878,미림여고,368,218,150,3,43,114,101,78,29,0,19,63,68,43,25,3,24,51,33,35,4
20232,A,골목상권,3110861,관악구신사동주민센터,1168,598,570,1,215,376,261,204,111,1,71,194,161,101,70,0,144,182,100,103,41
20232,A,골목상권,3110893,관악소방서(문영여고),353,303,50,0,39,110,66,113,25,0,29,96,57,99,22,0,10,14,9,14,3
20232,A,골목상권,3110890,봉천역 1번(관악초등학교),249,148,101,1,17,43,92,67,29,0,4,22,58,43,21,1,13,21,34,24,8
20232,A,골목상권,3110936,더케이호텔(양재리본타워2단지아파트),832,552,280,3,109,260,215,175,70,0,53,154,159,131,55,3,56,106,56,44,15
20232,A,골목상권,3110940,양재근린공원(양재2동주민센터),956,699,257,8,168,323,238,137,82,8,109,243,178,97,64,0,59,80,60,40,18
20232,A,골목상권,3110993,개포지하차도 북측,70,53,17,0,3,9,19,23,16,0,2,7,16,18,10,0,1,2,3,5,6
20232,A,골목상권,3110983,국립국악고등학교,783,534,249,6,126,212,125,145,169,2,44,137,94,111,146,4,82,75,31,34,23
20232,A,골목상권,3110950,논현역 7번,2981,1929,1052,1,829,1305,518,230,98,0,418,886,383,173,69,1,411,419,135,57,29
20232,A,골목상권,3110960,은광여고,1601,749,852,5,219,282,389,522,184,4,60,131,203,227,124,1,159,151,186,295,60
20232,A,골목상권,3110964,싸리고개근린공원,217,124,93,0,29,60,59,34,35,0,8,32,36,23,25,0,21,28,23,11,10
20232,A,골목상권,3110995,봉은사역 4번,5085,3711,1374,9,978,2002,1271,637,188,2,575,1477,990,523,144,7,403,525,281,114,44
20232,A,골목상권,3110998,은곡마을(은곡마을공원),17,11,6,0,2,6,4,3,2,0,0,4,3,3,1,0,2,2,1,0,1
20232,A,골목상권,3111001,아래방죽마을공원(율현초등학교),58,43,15,0,2,9,14,18,15,0,1,7,12,13,10,0,1,2,2,5,5
20232,A,골목상권,3110949,한남IC,1683,1193,490,5,288,565,435,305,85,2,112,398,347,261,73,3,176,167,88,44,12
20232,A,골목상권,3110959,신구중학교,271,140,131,0,14,66,82,79,30,0,7,36,49,29,19,0,7,30,33,50,11
20232,A,골목상권,3110962,도산공원북측,53,27,26,0,20,11,10,8,4,0,11,7,6,3,0,0,9,4,4,5,4
20232,A,골목상권,3110954,국기원,636,445,191,0,89,142,187,94,124,0,35,97,161,74,78,0,54,45,26,20,46
20232,A,골목상권,3110997,대청초등학교,1724,959,765,4,230,291,391,383,425,2,111,162,200,210,274,2,119,129,191,173,151
20232,A,골목상권,3110979,청담초등학교,3004,1918,1086,4,525,926,768,568,213,4,230,632,535,343,174,0,295,294,233,225,39
20232,A,골목상권,3111027,문정초등학교,1393,771,622,3,146,285,323,246,390,1,67,159,209,125,210,2,79,126,114,121,180
20232,A,골목상권,3111020,방이동고분군(방산고등학교),304,225,79,1,20,103,84,54,42,0,7,73,64,48,33,1,13,30,20,6,9
20232,A,골목상권,3111005,삼전역 3번,1865,1358,507,0,320,617,459,302,167,0,215,449,339,222,133,0,105,168,120,80,34
20232,A,골목상권,3111037,Sh수협은행 오금동금융센터(아랫말어린이공원),373,243,130,0,37,103,90,93,50,0,25,84,60,43,31,0,12,19,30,50,19
20232,A,골목상권,3111032,방이역 1번,3878,2552,1326,4,235,340,599,718,1982,3,139,237,411,469,1293,1,96,103,188,249,689
20232,A,골목상권,3111081,둔촌푸르지오아파트,78,50,28,0,8,17,18,18,17,0,4,12,13,6,15,0,4,5,5,12,2
20232,A,골목상권,3111089,상일여고(상일초등학교),750,505,245,0,50,131,180,233,156,0,31,81,127,154,112,0,19,50,53,79,44
20232,A,골목상권,3111059,강동역 4번(강풀만화거리),774,420,354,3,87,144,177,164,199,1,47,73,92,91,116,2,40,71,85,73,83
20232,A,골목상권,3111067,강동구립성내도서관,746,414,332,2,73,149,192,177,153,1,36,98,107,84,88,1,37,51,85,93,65
20232,A,골목상권,3110005,세검정,1057,542,515,6,132,305,306,202,106,2,40,143,167,124,66,4,92,162,139,78,40
20232,A,골목상권,3110008,배화여자대학교(박노수미술관),507,350,157,1,50,79,121,161,95,0,15,45,93,121,76,1,35,34,28,40,19
20232,A,골목상권,3110035,동묘앞역 2번,276,161,115,2,18,43,75,88,50,0,5,18,42,65,31,2,13,25,33,23,19
20232,A,골목상권,3110027,혜화역 1번,598,358,240,1,67,108,127,97,198,0,25,70,64,54,145,1,42,38,63,43,53
20232,A,골목상권,3110030,동대문역 3번,7,3,4,0,2,2,2,1,0,0,0,2,1,0,0,0,2,0,1,1,0
20232,A,골목상권,3110015,청와대사랑채,578,345,233,0,64,147,166,126,75,0,16,63,110,91,65,0,48,84,56,35,10
20232,A,골목상권,3110011,청운초등학교,263,188,75,0,21,105,79,43,15,0,21,95,44,16,12,0,0,10,35,27,3
20232,A,골목상권,3110024,혜회동주민센터,928,263,665,0,135,264,294,184,51,0,17,64,90,55,37,0,118,200,204,129,14
20232,A,골목상권,3110045,동대문역사문화공원역 5번,234,174,60,0,24,54,64,55,37,0,11,38,46,47,32,0,13,16,18,8,5
20232,A,골목상권,3110043,충무초등학교,1202,670,532,12,212,307,331,223,117,7,97,155,169,152,90,5,115,152,162,71,27
20232,A,골목상권,3110057,황학코아루아파트,64,44,20,0,8,13,20,10,13,0,4,6,17,8,9,0,4,7,3,2,4
20232,A,골목상권,3110055,황학동벼룩시장,29,19,10,0,1,4,6,11,7,0,1,3,5,6,4,0,0,1,1,5,3
20232,A,골목상권,3110078,이촌동점보아파트,69,29,40,0,12,15,17,13,12,0,3,8,7,5,6,0,9,7,10,8,6
20232,A,골목상권,3110082,용산구청,1618,809,809,5,175,461,427,442,108,4,53,155,206,304,87,1,122,306,221,138,21
20232,A,골목상권,3110073,삼각지역 3번,7975,2387,5588,56,2508,2886,1913,505,107,25,861,919,424,119,39,31,1647,1967,1489,386,68
20232,A,골목상권,3110076,삼각지역 14번,537,175,362,0,46,143,158,153,37,0,11,49,61,45,9,0,35,94,97,108,28
20232,A,골목상권,3110099,유엔빌리지길,12646,10311,2335,33,1746,2596,3298,4558,415,25,904,1899,2859,4264,360,8,842,697,439,294,55
20232,A,골목상권,3110588,한겨레신문사,169,92,77,0,34,44,41,33,17,0,14,22,20,21,15,0,20,22,21,12,2
20232,A,골목상권,3110107,금호사거리,37,30,7,0,4,8,4,11,10,0,3,5,4,9,9,0,1,3,0,2,1
20232,A,골목상권,3110117,성동구보건소,103,73,30,1,14,27,19,33,9,1,10,20,11,25,6,0,4,7,8,8,3
20232,A,골목상권,3110113,응봉산,77,43,34,0,14,15,14,16,18,0,4,11,7,6,15,0,10,4,7,10,3
20232,A,골목상권,3110112,행당역 2번,207,101,106,0,37,37,38,53,42,0,14,19,16,26,26,0,23,18,22,27,16
20232,A,골목상권,3110169,성동초등학교,253,139,114,1,28,41,73,68,42,0,15,21,36,39,28,1,13,20,37,29,14
20232,A,골목상권,3110156,군자역 5번,621,363,258,0,96,181,173,112,59,0,41,114,101,67,40,0,55,67,72,45,19
20232,A,골목상권,3110157,자양동우체국,1097,891,206,10,352,279,244,141,71,7,300,237,180,106,61,3,52,42,64,35,10
20232,A,골목상권,3110163,성자초등학교,284,143,141,0,39,46,67,77,55,0,14,27,32,31,39,0,25,19,35,46,16
20232,A,골목상권,3110168,대원고등학교,524,374,150,0,64,95,121,160,84,0,36,69,87,110,72,0,28,26,34,50,12
20232,A,골목상권,3110212,답십리초등학교,204,144,60,0,26,37,42,67,32,0,18,26,27,50,23,0,8,11,15,17,9
20232,A,골목상권,3110187,제기동역 6번,3124,2222,902,15,559,867,746,552,385,7,387,605,531,394,298,8,172,262,215,158,87
20232,A,골목상권,3110229,장평중학교,1332,862,470,0,145,164,190,318,515,0,81,103,125,211,342,0,64,61,65,107,173
20232,A,골목상권,3110231,장안교,11,8,3,0,0,1,4,5,1,0,0,1,3,4,0,0,0,0,1,1,1
20232,A,골목상권,3110194,홍파초등학교,112,85,27,0,6,32,24,36,14,0,4,20,20,31,10,0,2,12,4,5,4
20232,A,골목상권,3110203,떡전교사거리,99,63,36,1,9,15,32,29,13,1,0,7,26,20,9,0,9,8,6,9,4
20232,A,골목상권,3110278,망우본동주민센터,276,166,110,1,32,46,77,81,39,0,10,25,43,56,32,1,22,21,34,25,7
20232,A,골목상권,3110246,월드순복음교회,431,312,119,0,27,97,158,95,54,0,12,69,122,65,44,0,15,28,36,30,10
20232,A,골목상권,3110261,사가정역 4번,167,90,77,1,16,29,49,50,22,1,8,15,25,26,15,0,8,14,24,24,7
20232,A,골목상권,3110242,면목5동주민센터,164,112,52,0,21,28,56,30,29,0,12,23,31,22,24,0,9,5,25,8,5
20232,A,골목상권,3110241,먹골역 5번,415,213,202,0,61,87,97,117,53,0,17,49,46,63,38,0,44,38,51,54,15
20232,A,골목상권,3110233,중랑역 1번,142,46,96,1,23,27,50,35,6,1,6,7,16,11,5,0,17,20,34,24,1
20232,A,골목상권,3110281,길상사,13818,12089,1729,12,1418,3093,4061,4964,270,1,960,2426,3678,4823,201,11,458,667,383,141,69
20232,A,골목상권,3110309,대광초등학교,376,266,110,0,38,63,108,103,64,0,19,44,71,78,54,0,19,19,37,25,10
20232,A,골목상권,3110318,KT월곡지사,148,78,70,0,21,29,45,36,17,0,10,19,22,14,13,0,11,10,23,22,4
20232,A,골목상권,3110379,KT&G 북부지사,12,3,9,1,1,1,3,3,3,0,0,0,1,1,1,1,1,1,2,2,2
20232,A,골목상권,3110373,수유역 2번,891,705,186,0,129,255,172,236,99,0,90,208,134,205,68,0,39,47,38,31,31
20232,A,골목상권,3110377,미아사거리역 3번,21,14,7,0,2,2,2,9,6,0,2,2,1,4,5,0,0,0,1,5,1
20232,A,골목상권,3110345,솔밭공원역 2번,114,47,67,1,14,18,26,37,18,0,3,6,8,17,13,1,11,12,18,20,5
20232,A,골목상권,3110342,국립재활원,60,45,15,0,5,11,20,15,9,0,3,8,14,13,7,0,2,3,6,2,2
20232,A,골목상권,3110348,강북문화예술회관,343,174,169,0,27,59,108,96,53,0,4,31,63,43,33,0,23,28,45,53,20
20232,A,골목상권,3110338,인수초등학교,263,192,71,0,34,67,61,63,38,0,18,49,44,48,33,0,16,18,17,15,5
20232,A,골목상권,3110402,도봉구 정병원,471,221,250,1,85,98,98,106,83,0,24,38,54,59,46,1,61,60,44,47,37
20232,A,골목상권,3110383,덕성여대시반거리,33,21,12,0,0,3,13,10,7,0,0,2,9,5,5,0,0,1,4,5,2
20232,A,골목상권,3110392,발바닥공원,43,17,26,0,2,8,7,10,16,0,0,0,3,3,11,0,2,8,4,7,5
20232,A,골목상권,3110416,노원초등학교,468,244,224,4,61,110,118,126,49,2,24,73,58,58,29,2,37,37,60,68,20
20232,A,골목상권,3110428,상계5동주민센터,491,217,274,1,43,52,106,158,131,0,14,25,45,70,63,1,29,27,61,88,68
20232,A,골목상권,3110464,연신내역 5번,301,170,131,4,32,53,93,85,34,4,18,28,44,49,27,0,14,25,49,36,7
20232,A,골목상권,3110457,예일여고,482,283,199,1,60,88,88,132,113,0,27,46,47,71,92,1,33,42,41,61,21
20232,A,골목상권,3110485,연신내우체국,1259,678,581,0,7,24,35,160,1033,0,4,5,15,70,584,0,3,19,20,90,449
20232,A,골목상권,3110488,우리은행응암동지점,174,104,70,1,14,24,41,38,56,0,8,16,19,15,46,1,6,8,22,23,10
20232,A,골목상권,3110449,증산역 3번,709,410,299,0,104,160,182,147,116,0,47,98,96,84,85,0,57,62,86,63,31
20232,A,골목상권,3110523,홍제성원아파트,21,9,12,0,0,4,5,7,5,0,0,0,2,5,2,0,0,4,3,2,3
20232,A,골목상권,3110586,서울서부지방법원,1855,953,902,2,423,499,464,293,174,1,233,283,196,130,110,1,190,216,268,163,64
20232,A,골목상권,3110540,망원나들목체육관,238,107,131,0,39,63,70,47,19,0,19,28,26,23,11,0,20,35,44,24,8
20232,A,골목상권,3110567,광흥창역 6번,91,61,30,0,16,26,27,12,10,0,8,20,13,11,9,0,8,6,14,1,1
20232,A,골목상권,3110565,홍익대,110,66,44,0,16,34,34,19,7,0,8,16,23,13,6,0,8,18,11,6,1
20232,A,골목상권,3110560,마포FM,292,140,152,0,26,64,87,77,38,0,10,26,40,36,28,0,16,38,47,41,10
20232,A,골목상권,3110549,새터산,357,165,192,1,57,79,100,64,56,1,24,39,47,22,32,0,33,40,53,42,24
20232,A,골목상권,3110581,염리초등학교,16,11,5,0,0,0,2,6,8,0,0,0,2,3,6,0,0,0,0,3,2
20232,A,골목상권,3110617,등촌역 4번,262,188,74,0,47,75,73,48,19,0,37,55,50,31,15,0,10,20,23,17,4
20232,A,골목상권,3110597,신월1동주민센터,517,302,215,0,30,68,111,150,158,0,14,36,54,84,114,0,16,32,57,66,44
20232,A,골목상권,3110615,신서초등학교,87,63,24,0,20,21,27,13,6,0,14,18,18,8,5,0,6,3,9,5,1
20232,A,골목상권,3110674,강서구청가양동별관,260,189,71,0,21,55,61,47,76,0,14,46,35,29,65,0,7,9,26,18,11
20232,A,골목상권,3110677,등촌역 1번,410,321,89,1,50,80,83,91,105,1,24,51,70,76,99,0,26,29,13,15,6
20232,A,골목상권,3110676,등촌역 7번,228,138,90,0,31,34,61,56,46,0,13,20,36,37,32,0,18,14,25,19,14
20232,A,골목상권,3110636,방화역 2번,152,76,76,1,25,49,41,21,15,0,9,26,27,4,10,1,16,23,14,17,5
20232,A,골목상권,3110631,방화초등학교,335,161,174,2,32,63,68,100,70,2,19,34,37,37,32,0,13,29,31,63,38
20232,A,골목상권,3110656,까치산역 3번,829,493,336,13,89,206,249,190,82,12,52,128,151,91,59,1,37,78,98,99,23
20232,A,골목상권,3110654,까치산역 4번,1027,687,340,2,68,149,252,380,176,1,38,81,139,281,147,1,30,68,113,99,29
20232,A,골목상권,3110665,곰달래도서관,469,285,184,0,36,92,123,138,80,0,25,60,79,74,47,0,11,32,44,64,33
20232,A,골목상권,3110662,까치산역 1번,1480,885,595,4,245,501,396,234,100,4,129,301,207,171,73,0,116,200,189,63,27
20232,A,골목상권,3110691,개봉중학교,395,205,190,0,37,65,119,115,59,0,20,38,49,52,46,0,17,27,70,63,13
20232,A,골목상권,3110705,고산초등학교,33,19,14,0,3,2,8,7,13,0,3,1,8,2,5,0,0,1,0,5,8
20232,A,골목상권,3110680,온수역 5번(온수산업단지),901,770,131,15,129,129,157,274,197,15,105,106,127,234,183,0,24,23,30,40,14
20232,A,골목상권,3110685,금강수목원아파트,56,39,17,0,10,12,12,11,11,0,7,10,5,7,10,0,3,2,7,4,1
20232,A,골목상권,3110732,가산초등학교(세일중학교),362,258,104,1,42,68,107,79,65,0,23,39,78,64,54,1,19,29,29,15,11
20232,A,골목상권,3110729,가산동우체국,151,112,39,0,19,30,40,39,23,0,14,19,30,30,19,0,5,11,10,9,4
20232,A,골목상권,3110723,가산디지털단지역 1번 출입구,286,247,39,0,6,10,37,130,103,0,6,5,26,113,97,0,0,5,11,17,6
20232,A,골목상권,3110742,KT금천빌딩(금천구시설관리공단),426,237,189,0,42,83,106,125,70,0,21,57,71,54,34,0,21,26,35,71,36
20232,A,골목상권,3110748,백산초등학교,102,64,38,0,6,19,21,26,30,0,2,9,11,22,20,0,4,10,10,4,10
20232,A,골목상권,3110749,금산초등학교(금천고등학교),418,255,163,0,51,99,100,118,50,0,26,61,51,81,36,0,25,38,49,37,14
20232,A,골목상권,3110750,시흥4동주민센터(서울신흥초등학교),397,221,176,4,78,83,80,104,48,4,47,62,43,33,32,0,31,21,37,71,16
20232,A,골목상권,3110763,영등포구청역 2번,480,353,127,2,84,147,107,84,56,0,53,100,79,72,49,2,31,47,28,12,7
20232,A,골목상권,3110786,당산역 8번,271,179,92,2,20,41,60,51,97,2,8,21,42,38,68,0,12,20,18,13,29
20232,A,골목상권,3110817,대방역 4번,26,19,7,0,2,6,6,6,6,0,0,4,4,6,5,0,2,2,2,0,1
20232,A,골목상권,3110757,양평역 2번,1501,1114,387,1,111,230,356,424,379,0,51,176,286,314,287,1,60,54,70,110,92
20232,A,골목상권,3110762,선유도역 1번,3139,2286,853,6,392,669,739,809,524,4,217,459,529,629,448,2,175,210,210,180,76
20232,A,골목상권,3110807,신길역 3번,102,70,32,0,6,16,23,27,30,0,4,8,18,19,21,0,2,8,5,8,9
20232,A,골목상권,3110803,신길2동우편취급국,312,224,88,0,17,27,58,67,143,0,6,14,33,43,128,0,11,13,25,24,15
20232,A,골목상권,3110847,예술인마을,443,216,227,3,52,135,137,77,39,3,13,60,74,37,29,0,39,75,63,40,10
20232,A,골목상권,3110843,사당5동주민센터,181,135,46,1,22,25,55,52,26,0,16,17,34,44,24,1,6,8,21,8,2
20232,A,골목상권,3110835,상도역 1번,296,170,126,0,81,95,59,38,23,0,32,61,37,19,21,0,49,34,22,19,2
20232,A,골목상권,3110830,상도초등학교,281,152,129,0,22,61,73,85,40,0,7,29,36,54,26,0,15,32,37,31,14
20232,A,골목상권,3110863,난우초등학교,319,179,140,6,40,61,63,79,70,5,23,30,38,36,47,1,17,31,25,43,23
20232,A,골목상권,3110867,국제신학대학원대학교(남서울중학교),202,117,85,0,8,34,39,53,68,0,2,15,21,32,47,0,6,19,18,21,21
20232,A,골목상권,3110882,신성초등학교,733,444,289,1,95,131,215,168,123,0,52,67,122,109,94,1,43,64,93,59,29
20232,A,골목상권,3110864,신림우방아파트,236,161,75,0,31,48,53,60,44,0,21,31,37,43,29,0,10,17,16,17,15
20232,A,골목상권,3110871,신원동주민센터,64,32,32,1,6,13,19,12,13,0,4,6,8,7,7,1,2,7,11,5,6
20232,A,골목상권,3110854,조원동주민센터,55,39,16,0,4,5,17,21,8,0,3,5,9,15,7,0,1,0,8,6,1
20232,A,골목상권,3110898,청림동주민센터(상도중학교),66,27,39,0,16,14,14,16,6,0,5,3,8,7,4,0,11,11,6,9,2
20232,A,골목상권,3110917,서초소방서,1505,939,566,6,157,432,402,355,153,2,72,281,295,181,108,4,85,151,107,174,45
20232,A,골목상권,3110918,방배역 3번,682,438,244,3,98,127,164,142,148,2,59,85,108,86,98,1,39,42,56,56,50
20232,A,골목상권,3110903,방배아이파크아파트,7222,2653,4569,7,1242,1778,2487,1322,386,1,333,597,951,599,172,6,909,1181,1536,723,214
20232,A,골목상권,3110915,서래초등학교,3011,2335,676,14,441,940,1066,421,129,11,286,683,868,373,114,3,155,257,198,48,15
20232,A,골목상권,3110926,신중초등학교,1610,1175,435,6,193,359,463,382,207,3,114,263,355,292,148,3,79,96,108,90,59
20232,A,골목상권,3110928,서초우방유쉘아파트,596,491,105,1,57,109,125,205,99,1,29,76,109,190,86,0,28,33,16,15,13
20232,A,골목상권,3110941,언남고등학교,261,158,103,0,33,46,89,58,35,0,14,26,51,40,27,0,19,20,38,18,8
20232,A,골목상권,3110927,잠원역,745,553,192,2,93,342,198,98,12,2,82,218,159,81,11,0,11,124,39,17,1
20232,A,골목상권,3110977,논현로18길,148,102,46,0,22,32,45,29,20,0,14,20,33,20,15,0,8,12,12,9,5
20232,A,골목상권,3110961,언주역 3번,962,673,289,5,172,286,248,140,111,3,97,184,187,112,90,2,75,102,61,28,21
20232,A,골목상권,3110970,학동초등학교,378,236,142,1,66,98,102,65,46,0,27,49,66,57,37,1,39,49,36,8,9
20232,A,골목상권,3110986,삼성중앙역 7번,90,59,31,0,9,18,36,19,8,0,3,6,29,15,6,0,6,12,7,4,2
20232,A,골목상권,3110958,역삼역 4번,997,760,237,1,96,197,300,298,105,1,46,133,254,241,85,0,50,64,46,57,20
20232,A,골목상권,3110956,언주역 8번,1199,758,441,4,361,471,199,87,77,2,158,307,163,70,58,2,203,164,36,17,19
20232,A,골목상권,3111025,경찰병원역 3번,686,412,274,1,84,164,149,157,131,0,45,102,103,88,74,1,39,62,46,69,57
20232,A,골목상권,3111029,오금역 4번,427,314,113,3,71,108,91,79,75,1,51,81,67,55,59,2,20,27,24,24,16
20232,A,골목상권,3111042,거여역 1번(거여공원),872,597,275,3,147,186,251,200,85,3,121,134,159,130,50,0,26,52,92,70,35
20232,A,골목상권,3111023,문정역 1번,939,576,363,2,133,202,263,204,135,0,86,139,184,100,67,2,47,63,79,104,68
20232,A,골목상권,3111006,석촌고분역 1번,1112,721,391,0,127,292,337,203,153,0,56,169,242,135,119,0,71,123,95,68,34
20232,A,골목상권,3111090,강일동주민센터,91,35,56,0,15,30,23,17,6,0,1,10,10,10,4,0,14,20,13,7,2
20232,A,골목상권,3111068,강동성심병원,1570,605,965,0,532,392,271,203,172,0,126,134,114,101,130,0,406,258,157,102,42
20232,A,골목상권,3111054,암사역 4번(삼성광나루아파트),104,42,62,0,14,18,19,12,41,0,4,12,7,5,14,0,10,6,12,7,27
20232,A,골목상권,3111065,천일초등학교,79,38,41,2,6,21,18,23,9,2,5,11,7,6,7,0,1,10,11,17,2
20232,A,골목상권,3111049,천호지구대(천호동자전거거리),507,277,230,2,75,90,96,118,126,0,36,50,40,68,83,2,39,40,56,50,43
20232,A,골목상권,3111060,암사역 2번(서울강동초등학교),872,458,414,1,101,211,241,202,116,1,41,97,131,107,81,0,60,114,110,95,35
20232,A,골목상권,3110007,사직공원(한국사회과학도서관),283,185,98,2,58,88,63,41,31,2,30,62,44,27,20,0,28,26,19,14,11
20232,A,골목상권,3110531,홍지문,141,61,80,0,16,26,24,56,19,0,13,19,13,9,7,0,3,7,11,47,12
20232,A,골목상권,3110013,체부동홍종문가옥,125,71,54,0,8,28,31,26,32,0,2,11,18,14,26,0,6,17,13,12,6
20232,A,골목상권,3110010,평창동서측,5240,2651,2589,1,324,1250,2239,1231,195,0,76,342,1157,943,133,1,248,908,1082,288,62
20232,A,골목상권,3110051,한양공고앞 교차로,111,82,29,0,17,23,33,26,12,0,12,16,24,20,10,0,5,7,9,6,2
20232,A,골목상권,3110075,숙대입구역 1번,1630,736,894,9,270,506,417,289,139,5,69,188,182,181,111,4,201,318,235,108,28
20232,A,골목상권,3110094,오산중학교,26,12,14,0,0,1,4,13,8,0,0,0,2,6,4,0,0,1,2,7,4
20232,A,골목상권,3110093,우사단길,2647,1632,1015,2,331,1035,757,359,163,1,106,546,562,321,96,1,225,489,195,38,67
20232,A,골목상권,3110089,서빙고동주민센터,752,503,249,1,94,230,220,107,100,0,33,136,159,88,87,1,61,94,61,19,13
20232,A,골목상권,3110064,효창공원앞역 2번,923,525,398,2,126,275,261,160,99,1,49,160,160,88,67,1,77,115,101,72,32
20232,A,골목상권,3110109,금호삼성래미안아파트,92,39,53,0,7,10,12,42,21,0,2,6,3,15,13,0,5,4,9,27,8
20232,A,골목상권,3110108,성동구립금호도서관,6,1,5,0,0,1,4,1,0,0,0,0,0,1,0,0,0,1,4,0,0
20232,A,골목상권,3110104,신금호역 4번,213,141,72,0,22,33,35,54,69,0,6,17,21,37,60,0,16,16,14,17,9
20232,A,골목상권,3110126,서울숲역 1번,27,18,9,0,0,7,2,12,6,0,0,6,0,7,5,0,0,1,2,5,1
20232,A,골목상권,3110135,성동세무서,401,208,193,0,41,84,107,78,91,0,7,43,49,38,71,0,34,41,58,40,20
20232,A,골목상권,3110115,상왕십리역 3번,945,362,583,10,392,218,156,113,56,0,76,84,93,75,34,10,316,134,63,38,22
20232,A,골목상권,3110133,서울교통공사,122,93,29,0,19,25,33,21,24,0,12,18,29,17,17,0,7,7,4,4,7
20232,A,골목상권,3110130,답십리역 6번,105,89,16,0,20,24,38,15,8,0,17,20,35,10,7,0,3,4,3,5,1
20232,A,골목상권,3110170,동대부여고,223,128,95,1,37,51,67,45,22,0,17,21,42,32,16,1,20,30,25,13,6
20232,A,골목상권,3110172,광진초등학교,344,227,117,0,42,72,92,91,47,0,17,48,61,65,36,0,25,24,31,26,11
20232,A,골목상권,3110173,구남초등학교,195,106,89,0,34,50,46,44,21,0,16,28,21,25,16,0,18,22,25,19,5
20232,A,골목상권,3110143,뚝섬유원지역 1번,44,18,26,1,4,13,9,13,4,1,0,3,5,6,3,0,4,10,4,7,1
20232,A,골목상권,3110165,국립정신건강센터,243,175,68,0,12,32,69,76,54,0,7,23,42,59,44,0,5,9,27,17,10
20232,A,골목상권,3110185,용두초등학교,122,77,45,0,13,22,31,32,24,0,5,13,18,22,19,0,8,9,13,10,5
20232,A,골목상권,3110205,경희대삼거리,82,48,34,0,4,13,23,23,19,0,2,10,7,17,12,0,2,3,16,6,7
20232,A,골목상권,3110265,망우역 1번,198,91,107,1,23,43,54,57,20,0,7,18,21,32,13,1,16,25,33,25,7
20232,A,골목상권,3110263,면목역 1번,130,71,59,0,13,27,35,24,31,0,7,12,12,14,26,0,6,15,23,10,5
20232,A,골목상권,3110272,신내1동주민센터,477,319,158,0,45,69,93,152,118,0,15,35,60,103,106,0,30,34,33,49,12
20232,A,골목상권,3110307,길음역 7번,119,62,57,0,17,25,41,19,17,0,7,17,18,10,10,0,10,8,23,9,7
20232,A,골목상권,3110310,길음역 10번,45,14,31,0,12,8,5,15,5,0,4,1,2,4,3,0,8,7,3,11,2
20232,A,골목상권,3110288,동구여중,216,139,77,1,19,49,52,55,40,0,9,22,35,40,33,1,10,27,17,15,7
20232,A,골목상권,3110313,안암역 3번,2069,1344,725,2,208,552,670,474,163,0,95,310,444,355,140,2,113,242,226,119,23
20232,A,골목상권,3110326,장위동성당,84,40,44,0,2,9,16,13,44,0,1,2,6,5,26,0,1,7,10,8,18
20232,A,골목상권,3110282,국민대학교앞,980,789,191,13,185,388,206,75,113,12,134,349,179,57,58,1,51,39,27,18,55
20232,A,골목상권,3110380,강북문화정보도서관,48,15,33,0,12,10,12,10,4,0,0,3,5,4,3,0,12,7,7,6,1
20232,A,골목상권,3110370,도봉세무서,367,255,112,0,17,61,76,105,108,0,11,31,42,80,91,0,6,30,34,25,17
20232,A,골목상권,3110358,인수동 우편취급국,549,295,254,0,18,34,67,210,220,0,2,18,23,91,161,0,16,16,44,119,59
20232,A,골목상권,3110359,수유시장옆,126,72,54,0,12,26,34,40,14,0,3,12,17,32,8,0,9,14,17,8,6
20232,A,골목상권,3110366,광산사거리,91,64,27,0,17,20,17,22,15,0,13,13,11,16,11,0,4,7,6,6,4
20232,A,골목상권,3110391,샘말어린이공원,219,118,101,0,22,44,64,45,44,0,12,26,37,23,20,0,10,18,27,22,24
20232,A,골목상권,3110386,연산군묘,124,114,10,0,4,3,10,44,63,0,1,3,7,40,63,0,3,0,3,4,0
20232,A,골목상권,3110385,효문고등학교,37,22,15,0,3,9,12,4,9,0,2,5,3,4,8,0,1,4,9,0,1
20232,A,골목상권,3110396,쌍문역1번(쌍리단길),259,94,165,2,41,49,52,76,39,0,13,15,22,29,15,2,28,34,30,47,24
20232,A,골목상권,3110404,신창초등학교,515,298,217,1,42,93,163,136,80,0,11,56,109,76,46,1,31,37,54,60,34
20232,A,골목상권,3110429,공릉동 국수거리,2074,916,1158,3,224,284,511,689,363,1,91,167,248,234,175,2,133,117,263,455,188
20232,A,골목상권,3110438,경춘선숲길 우측,230,110,120,0,26,54,83,52,15,0,12,21,38,30,9,0,14,33,45,22,6
20232,A,골목상권,3110458,선일여고,385,200,185,0,32,79,94,119,61,0,19,46,47,52,36,0,13,33,47,67,25
20232,A,골목상권,3110460,구산역 4번,969,582,387,0,57,184,248,234,246,0,18,124,133,121,186,0,39,60,115,113,60
20232,A,골목상권,3110450,시립서북병원,774,421,353,3,138,166,179,154,134,2,80,103,96,70,70,1,58,63,83,84,64
20232,A,골목상권,3110456,구산보건지소,967,544,423,3,284,226,177,147,130,1,123,112,94,97,117,2,161,114,83,50,13
20232,A,골목상권,3110486,은평구청,491,279,212,0,81,100,108,134,68,0,54,70,53,61,41,0,27,30,55,73,27
20232,A,골목상권,3110484,역촌역 3번,499,193,306,6,64,131,129,103,66,5,34,45,41,32,36,1,30,86,88,71,30
20232,A,골목상권,3110472,연신내역 4번,335,156,179,2,52,77,79,68,57,1,16,43,30,37,29,1,36,34,49,31,28
20232,A,골목상권,3110445,덕산중학교,71,53,18,0,18,15,16,8,14,0,10,9,13,7,14,0,8,6,3,1,0
20232,A,골목상권,3110446,내를건너서숲으로도서관,163,124,39,0,6,14,51,45,47,0,5,9,33,35,42,0,1,5,18,10,5
20232,A,골목상권,3110461,새절역 2번,39,21,18,0,2,8,11,10,8,0,2,2,6,6,5,0,0,6,5,4,3
20232,A,골목상권,3110451,증산역 4번,1267,962,305,2,150,378,365,291,81,2,75,289,305,230,61,0,75,89,60,61,20
20232,A,골목상권,3110502,남가좌파출소,290,147,143,0,29,34,73,92,62,0,14,16,35,47,35,0,15,18,38,45,27
20232,A,골목상권,3110520,경의중앙 신촌역,105,57,48,0,31,22,32,12,8,0,10,15,16,10,6,0,21,7,16,2,2
20232,A,골목상권,3110526,봉원사,211,111,100,1,17,38,50,49,56,1,7,21,24,26,32,0,10,17,26,23,24
20232,A,골목상권,3110511,연희초등학교,3646,3286,360,2,420,731,640,1505,348,1,355,646,532,1425,327,1,65,85,108,80,21
20232,A,골목상권,3110504,명지전문대,170,46,124,1,21,19,35,41,53,0,5,4,10,13,14,1,16,15,25,28,39
20232,A,골목상권,3110587,공덕동주민센터,264,135,129,1,43,53,75,55,37,1,16,31,47,23,17,0,27,22,28,32,20
20232,A,골목상권,3110578,대흥역 2번,2091,1413,678,2,213,337,391,638,510,1,80,225,309,452,346,1,133,112,82,186,164
20232,A,골목상권,3110574,서강대학교,173,123,50,0,35,41,49,38,10,0,17,30,41,30,5,0,18,11,8,8,5
20232,A,골목상권,3110582,이대역 5번,56,17,39,0,6,11,16,13,10,0,0,4,4,4,5,0,6,7,12,9,5
20232,A,골목상권,3110544,망리단길,1203,718,485,1,179,248,331,253,191,1,107,153,171,147,139,0,72,95,160,106,52
20232,A,골목상권,3110566,경의선책거리,1690,934,756,2,359,547,406,290,86,1,137,328,252,157,59,1,222,219,154,133,27
20232,A,골목상권,3110557,홍대부속여중고앞,760,465,295,1,100,188,196,149,126,1,37,110,137,95,85,0,63,78,59,54,41
20232,A,골목상권,3110548,마포구청역 4번,795,475,320,5,130,185,210,136,129,3,57,95,122,89,109,2,73,90,88,47,20
20232,A,골목상권,3110543,중암중학교,38,25,13,0,6,8,14,7,3,0,3,5,8,6,3,0,3,3,6,1,0
20232,A,골목상권,3110585,마포경찰서,918,790,128,0,192,360,176,181,9,0,150,313,153,166,8,0,42,47,23,15,1
20232,A,골목상권,3110618,강서고등학교,193,135,58,0,19,38,52,52,32,0,10,29,36,34,26,0,9,9,16,18,6
20232,A,골목상권,3110599,신월1파출소,378,268,110,3,50,89,94,93,49,2,34,68,63,65,36,1,16,21,31,28,13
20232,A,골목상권,3110596,서서울호수공원,417,272,145,2,48,90,107,113,57,0,28,56,74,71,43,2,20,34,33,42,14
20232,A,골목상권,3110623,갈산공원,130,99,31,0,27,34,27,31,11,0,23,27,21,21,7,0,4,7,6,10,4
20232,A,골목상권,3110632,방화역 3번,1075,887,188,2,42,127,400,334,170,1,21,90,353,281,141,1,21,37,47,53,29
20232,A,골목상권,3110651,화원중학교,377,214,163,2,29,50,102,105,89,1,19,31,68,52,43,1,10,19,34,53,46
20232,A,골목상권,3110659,화곡역 4번,844,496,348,11,102,181,234,180,136,9,52,114,140,105,76,2,50,67,94,75,60
20232,A,골목상권,3110696,오류동역 1번,2424,1658,766,32,831,942,326,216,77,16,483,735,235,131,58,16,348,207,91,85,19
20232,A,골목상권,3110697,개봉3동주민센터,230,142,88,1,55,64,49,41,20,1,27,41,31,29,13,0,28,23,18,12,7
20232,A,골목상권,3110698,개웅초등학교(개웅중학교),276,176,100,3,50,50,53,63,57,3,25,32,31,39,46,0,25,18,22,24,11
20232,A,골목상권,3110722,G타워,837,574,263,4,152,296,249,99,37,4,95,205,191,55,24,0,57,91,58,44,13
20232,A,골목상권,3110682,온수역 8번,25,11,14,0,2,4,13,5,1,0,2,2,6,1,0,0,0,2,7,4,1
20232,A,골목상권,3110684,서울공연예술고등학교,251,136,115,2,50,78,61,36,24,0,19,54,34,19,10,2,31,24,27,17,14
20232,A,골목상권,3110688,오류지구대,169,59,110,1,18,18,40,59,33,0,7,10,15,19,8,1,11,8,25,40,25
20232,A,골목상권,3110730,서울축산농협 독산역지점(독산파출소),660,376,284,1,80,105,117,201,156,1,30,58,54,113,120,0,50,47,63,88,36
20232,A,골목상권,3110728,두산초등학교,4560,2778,1782,8,88,138,245,530,3551,8,64,86,123,279,2218,0,24,52,122,251,1333
20232,A,골목상권,3110752,한울중학교,269,117,152,2,25,46,81,79,36,2,13,16,34,33,19,0,12,30,47,46,17
20232,A,골목상권,3110743,시흥초등학교(시흥1동우체국),191,130,61,0,18,31,48,50,44,0,10,20,32,37,31,0,8,11,16,13,13
20232,A,골목상권,3110731,금천구청역 1번 출입구,1044,564,480,7,306,385,206,96,44,2,149,230,102,55,26,5,157,155,104,41,18
20232,A,골목상권,3110753,시흥동 은행나무사거리,617,387,230,0,69,100,149,166,133,0,28,68,90,96,105,0,41,32,59,70,28
20232,A,골목상권,3110764,문래역 3번,541,223,318,0,93,127,159,102,60,0,27,39,54,54,49,0,66,88,105,48,11
20232,A,골목상권,3110779,대림갑을명가아파트,33,24,9,0,2,5,13,7,6,0,1,4,10,4,5,0,1,1,3,3,1
20232,A,골목상권,3110765,문래동사거리,889,619,270,2,80,133,209,175,290,1,38,78,140,126,236,1,42,55,69,49,54
20232,A,골목상권,3110810,영신초등학교,403,183,220,0,58,147,59,78,61,0,24,67,27,43,22,0,34,80,32,35,39
20232,A,골목상권,3110813,보라매역 6번,286,167,119,3,22,37,50,74,100,3,15,21,24,39,65,0,7,16,26,35,35
20232,A,골목상권,3110782,영등포시장역 4번,127,87,40,1,13,24,48,27,14,1,5,16,36,17,12,0,8,8,12,10,2
20232,A,골목상권,3110809,장훈고등학교,112,61,51,0,7,15,30,23,37,0,3,5,11,17,25,0,4,10,19,6,12
20232,A,골목상권,3110834,동작구자원봉사센터,41,25,16,0,3,5,8,11,14,0,2,2,8,6,7,0,1,3,0,5,7
20232,A,골목상권,3110828,노량진역 6번,3010,2066,944,9,471,1047,854,467,162,3,252,711,639,357,104,6,219,336,215,110,58
20232,A,골목상권,3110824,대방역 3번,296,102,194,1,48,91,92,42,22,0,11,26,29,23,13,1,37,65,63,19,9
20232,A,골목상권,3110852,이수역 9번,198,121,77,0,26,35,54,38,45,0,12,20,30,23,36,0,14,15,24,15,9
20232,A,골목상권,3110851,경문고등학교(동작동성당),493,236,257,0,79,137,141,105,31,0,32,53,66,67,18,0,47,84,75,38,13
20232,A,골목상권,3110831,상도4동주민센터,72,40,32,0,3,13,14,29,13,0,3,6,6,18,7,0,0,7,8,11,6
20232,A,골목상권,3110827,NH농협은행 상도동지점,262,93,169,0,39,51,73,65,34,0,11,18,20,28,16,0,28,33,53,37,18
20232,A,골목상권,3110841,중대부중,75,34,41,0,7,12,14,23,19,0,4,7,5,10,8,0,3,5,9,13,11
20232,A,골목상권,3110900,낙성대역 1번(관악구민 종합체육센터),444,246,198,1,94,123,115,88,23,1,48,64,62,53,18,0,46,59,53,35,5
20232,A,골목상권,3110866,난우중학교,184,101,83,0,23,36,41,65,19,0,14,20,19,32,16,0,9,16,22,33,3
20232,A,골목상권,3110857,미성동주민센터,431,229,202,9,60,64,70,108,120,9,34,48,41,46,51,0,26,16,29,62,69
20232,A,골목상권,3110875,보라매동주민센터(당곡고등학교),19,15,4,0,4,2,5,6,2,0,2,2,3,6,2,0,2,0,2,0,0
20232,A,골목상권,3110873,당곡중학교,348,167,181,0,70,79,87,76,36,0,29,39,39,37,23,0,41,40,48,39,13
20232,A,골목상권,3110891,구암초등학교,47,22,25,0,5,1,22,16,3,0,1,0,11,8,2,0,4,1,11,8,1
20232,A,골목상권,3110892,관악구 중앙길,709,341,368,0,69,110,159,221,150,0,25,55,76,105,80,0,44,55,83,116,70
20232,A,골목상권,3110899,낙성대역 5번(관악중학교),681,442,239,0,167,178,164,123,49,0,107,130,95,71,39,0,60,48,69,52,10
20232,A,골목상권,3110944,서울나래학교(염곡어린이공원),933,632,301,10,116,213,161,196,237,8,88,169,114,118,135,2,28,44,47,78,102
20232,A,골목상권,3110905,방배노인종합복지관(이수중학교),287,176,111,1,36,71,71,63,45,0,18,38,45,41,34,1,18,33,26,22,11
20232,A,골목상권,3110920,방배역 2번(백석예술대학교),359,205,154,0,23,53,125,118,40,0,5,29,65,75,31,0,18,24,60,43,9
20232,A,골목상권,3110910,내방역 5번,614,240,374,5,72,124,157,176,80,3,30,69,52,49,37,2,42,55,105,127,43
20232,A,골목상권,3110906,서문여고,683,362,321,2,217,106,119,106,133,0,59,58,72,62,111,2,158,48,47,44,22
20232,A,골목상권,3110932,서울시인재개발원,532,384,148,2,128,170,127,64,41,2,76,116,100,54,36,0,52,54,27,10,5
20232,A,골목상권,3110930,서초동성당,2178,1774,404,8,284,588,694,433,171,2,190,448,591,393,150,6,94,140,103,40,21
20232,A,골목상권,3110931,삼성전자서울R&D(서울우면초등학교),94,47,47,0,36,30,16,6,6,0,11,15,10,6,5,0,25,15,6,0,1
20232,A,골목상권,3110938,바우뫼공원,1522,927,595,0,253,457,423,297,92,0,147,314,251,143,72,0,106,143,172,154,20
20232,A,골목상권,3110942,염곡동 구룡사(포이동성당),3242,1952,1290,7,578,932,791,613,321,3,328,587,461,351,222,4,250,345,330,262,99
20232,A,골목상권,3110943,법제교육센터(버들어린이공원),1122,578,544,1,67,165,357,323,209,1,36,99,151,140,151,0,31,66,206,183,58
20232,A,골목상권,3110994,개포고등학교,494,382,112,7,65,161,123,110,28,4,47,134,103,73,21,3,18,27,20,37,7
20232,A,골목상권,3110988,청담역 3번,1594,1016,578,1,243,425,364,346,215,1,82,247,247,262,177,0,161,178,117,84,38
20232,A,골목상권,3111045,개미어린이공원,36,18,18,0,2,7,12,12,3,0,1,1,7,7,2,0,1,6,5,5,1
20232,A,골목상권,3111047,마천1치안센터,111,73,38,0,9,17,34,34,17,0,6,14,19,22,12,0,3,3,15,12,5
20232,A,골목상권,3111043,마천공원,32,13,19,0,1,3,7,12,9,0,0,0,1,6,6,0,1,3,6,6,3
20232,A,골목상권,3111012,석촌역 6번,732,332,400,2,91,127,180,183,149,2,23,56,83,93,75,0,68,71,97,90,74
20232,A,골목상권,3111035,오금공원(오주중학교),531,398,133,0,41,90,148,148,104,0,32,66,121,102,77,0,9,24,27,46,27
20232,A,골목상권,3111028,문현중학교(장지역 1번),424,194,230,0,54,66,132,116,56,0,29,36,49,50,30,0,25,30,83,66,26
20232,A,골목상권,3111087,고덕중학교(고덕2동주민센터),197,89,108,0,26,46,62,36,27,0,5,21,26,17,20,0,21,25,36,19,7
20232,A,골목상권,3111083,GS강동자이아파트,411,245,166,0,67,62,70,100,112,0,47,43,41,44,70,0,20,19,29,56,42
20232,A,골목상권,3111074,명일역 1번,147,77,70,2,31,38,40,16,20,1,9,23,23,10,11,1,22,15,17,6,9
20232,A,골목상권,3111053,성내천어린이공원(하니사랑길),6288,4564,1724,6,799,940,1025,1564,1954,3,542,693,750,1053,1523,3,257,247,275,511,431
20232,A,골목상권,3111061,암사역 1번,831,551,280,0,149,186,182,170,144,0,82,128,126,125,90,0,67,58,56,45,54
20232,A,골목상권,3111056,천호태영아파트,191,53,138,0,27,35,64,36,29,0,4,5,19,15,10,0,23,30,45,21,19
20232,A,골목상권,3110036,동묘앞역 3번,52,34,18,0,3,6,16,12,15,0,1,3,9,11,10,0,2,3,7,1,5
20232,A,골목상권,3110028,이화달팽이길,704,279,425,1,177,179,137,123,87,0,56,60,56,65,42,1,121,119,81,58,45
20232,A,골목상권,3110034,창신1동주민센터,41,35,6,0,2,1,14,13,11,0,2,1,10,11,11,0,0,0,4,2,0
20232,A,골목상권,3110014,경복고등학교,194,82,112,0,28,54,40,44,28,0,4,14,21,24,19,0,24,40,19,20,9
20232,A,골목상권,3110001,이북5도청사,1048,625,423,4,130,286,237,257,134,0,48,170,160,167,80,4,82,116,77,90,54
20232,A,골목상권,3110286,한성대입구역 5번,986,472,514,17,187,285,318,122,57,8,70,127,144,83,40,9,117,158,174,39,17
20232,A,골목상권,3110053,청구역 1번,281,166,115,0,52,69,69,54,37,0,23,45,43,27,28,0,29,24,26,27,9
20232,A,골목상권,3110040,중구회현체육센터(정화예술대남산캠퍼스),165,78,87,0,33,30,40,37,25,0,14,15,17,13,19,0,19,15,23,24,6
20232,A,골목상권,3110039,회현역 1번,49,26,23,0,2,8,12,14,13,0,0,4,9,8,5,0,2,4,3,6,8
20232,A,골목상권,3110072,열정도,374,244,130,6,108,96,78,51,35,0,51,71,62,37,23,6,57,25,16,14,12
20232,A,골목상권,3110059,새남터성지,385,307,78,0,38,71,113,138,25,0,21,48,99,124,15,0,17,23,14,14,10
20232,A,골목상권,3110069,숙대입구,825,291,534,3,200,296,163,87,76,3,34,92,77,40,45,0,166,204,86,47,31
20232,A,골목상권,3110095,한강진역 3번,1186,801,385,16,160,326,321,298,65,8,61,235,227,226,44,8,99,91,94,72,21
20232,A,골목상권,3110097,한남초등학교,7,4,3,0,2,3,2,0,0,0,0,2,2,0,0,0,2,1,0,0,0
20232,A,골목상권,3110077,삼광초등학교,385,317,68,0,37,86,148,98,16,0,21,66,130,88,12,0,16,20,18,10,4
20232,A,골목상권,3110103,옥수터널,13,11,2,1,0,2,2,6,2,0,0,2,2,5,2,1,0,0,0,1,0
20232,A,골목상권,3110137,성수초등학교,6605,4295,2310,31,1016,1740,1836,1344,638,22,557,1152,1250,828,486,9,459,588,586,516,152
20232,A,골목상권,3110138,송정체육공원,160,79,81,0,15,27,53,41,24,0,4,12,21,23,19,0,11,15,32,18,5
20232,A,골목상권,3110177,동의초등학교,112,81,31,0,6,25,28,32,21,0,3,14,19,26,19,0,3,11,9,6,2
20232,A,골목상권,3110175,푸른동산공원,367,233,134,0,41,73,108,86,59,0,24,48,69,53,39,0,17,25,39,33,20
20232,A,골목상권,3110146,신자초등학교,742,537,205,0,50,81,212,276,123,0,25,45,160,209,98,0,25,36,52,67,25
20232,A,골목상권,3110150,중곡1동 마을마당,1179,698,481,1,197,352,252,217,160,1,83,194,161,132,127,0,114,158,91,85,33
20232,A,골목상권,3110195,동대문구청,221,115,106,0,41,58,47,40,35,0,12,28,23,27,25,0,29,30,24,13,10
20232,A,골목상권,3110189,제기동역 1번,1538,1086,452,1,233,490,342,167,305,0,98,349,286,136,217,1,135,141,56,31,88
20232,A,골목상권,3110214,경희대후문,86,42,44,0,18,17,24,17,10,0,6,6,13,10,7,0,12,11,11,7,3
20232,A,골목상권,3110224,외대앞역 2번,96,41,55,0,9,14,16,29,28,0,2,4,9,18,8,0,7,10,7,11,20
20232,A,골목상권,3110232,동대부고,579,413,166,0,41,71,119,175,173,0,14,38,80,134,147,0,27,33,39,41,26
20232,A,골목상권,3110201,전농119안전센터,27,11,16,0,2,1,9,10,5,0,1,0,3,4,3,0,1,1,6,6,2
20232,A,골목상권,3110190,고대앞사거리,195,92,103,0,22,34,34,45,60,0,4,18,22,19,29,0,18,16,12,26,31
20232,A,골목상권,3110196,홍릉근린공원,23,12,11,0,1,6,8,5,3,0,1,4,3,2,2,0,0,2,5,3,1
20232,A,골목상권,3110215,회기역 1번,28,18,10,0,3,4,9,7,5,0,3,2,6,3,4,0,0,2,3,4,1
20232,A,골목상권,3110222,회기역 2번,20,17,3,0,0,3,2,6,9,0,0,2,2,4,9,0,0,1,0,2,0
20232,A,골목상권,3110273,장스여성병원,610,446,164,7,31,37,75,209,251,0,4,8,37,168,229,7,27,29,38,41,22
20232,A,골목상권,3110260,면목역 3번,126,74,52,0,24,21,24,29,28,0,14,8,12,20,20,0,10,13,12,9,8
20232,A,골목상권,3110257,상봉역 7번,397,330,67,0,17,18,50,133,179,0,6,11,34,118,161,0,11,7,16,15,18
20232,A,골목상권,3110238,배꽃어린이공원,66,48,18,0,6,7,15,23,15,0,4,5,9,15,15,0,2,2,6,8,0
20232,A,골목상권,3110303,성신여대입구역 1번,139,98,41,1,7,35,44,27,25,0,2,22,28,25,21,1,5,13,16,2,4
20232,A,골목상권,3110305,보문역 5번,883,661,222,3,165,255,173,133,154,1,99,199,129,103,130,2,66,56,44,30,24
20232,A,골목상권,3110331,돌곶이역 8번,441,297,144,3,54,146,113,78,47,0,17,105,83,55,37,3,37,41,30,23,10
20232,A,골목상권,3110334,석관중앙교회,170,105,65,0,21,43,31,41,34,0,8,19,19,29,30,0,13,24,12,12,4
20232,A,골목상권,3110293,삼선중학교,1730,860,870,4,248,467,527,319,165,3,116,277,268,111,85,1,132,190,259,208,80
20232,A,골목상권,3110283,성북초등학교앞,203,78,125,0,16,33,56,80,18,0,8,10,23,27,10,0,8,23,33,53,8
20232,A,골목상권,3110285,홍대부중,814,559,255,9,219,220,210,100,56,6,118,172,163,69,31,3,101,48,47,31,25
20232,A,골목상권,3110312,안암역 2번,150,81,69,0,13,19,47,46,25,0,7,14,24,22,14,0,6,5,23,24,11
20232,A,골목상권,3110316,숭곡초등학교,439,217,222,2,68,114,129,88,38,2,19,58,73,42,23,0,49,56,56,46,15
20232,A,골목상권,3110322,장위1동주민센터,319,224,95,1,33,37,59,95,94,0,25,31,44,66,58,1,8,6,15,29,36
20232,A,골목상권,3110294,서경대학교,391,262,129,0,35,30,93,120,113,0,18,14,46,87,97,0,17,16,47,33,16
20232,A,골목상권,3110319,종암동주민센터,454,111,343,1,46,51,89,146,121,0,8,19,24,32,28,1,38,32,65,114,93
20232,A,골목상권,3110364,미아역 8번,146,75,71,0,9,26,51,39,21,0,3,9,25,23,15,0,6,17,26,16,6
20232,A,골목상권,3110381,번동주공2단지,171,88,83,5,31,28,38,55,14,4,11,14,21,30,8,1,20,14,17,25,6
20232,A,골목상권,3110374,송중초등학교,491,272,219,5,33,60,145,140,108,5,9,29,73,70,86,0,24,31,72,70,22
20232,A,골목상권,3110371,삼양입구사거리,49,23,26,0,2,7,10,19,11,0,0,3,5,10,5,0,2,4,5,9,6
20232,A,골목상권,3110363,송천동주민센터,19,12,7,0,0,4,3,7,5,0,0,3,1,4,4,0,0,1,2,3,1
20232,A,골목상권,3110361,삼양사거리역 1번,101,29,72,0,9,12,19,28,33,0,2,4,3,7,13,0,7,8,16,21,20
20232,A,골목상권,3110360,수유초등학교,321,222,99,0,34,61,63,67,96,0,7,43,42,44,86,0,27,18,21,23,10
20232,A,골목상권,3110357,가오리역 1번,725,611,114,0,25,36,171,340,153,0,4,18,146,310,133,0,21,18,25,30,20
20232,A,골목상권,3110340,인수중학교,176,99,77,0,24,55,50,29,18,0,8,43,31,7,10,0,16,12,19,22,8
20232,A,골목상권,3110341,북한산우이역 2번,496,411,85,0,15,25,80,258,118,0,4,10,52,237,108,0,11,15,28,21,10
20232,A,골목상권,3110390,방학초등학교,231,110,121,0,18,63,68,58,24,0,7,36,28,27,12,0,11,27,40,31,12
20232,A,골목상권,3110408,가인초등학교,355,105,250,0,66,70,100,85,34,0,12,24,32,21,16,0,54,46,68,64,18
20232,A,골목상권,3110433,공릉역 2번,401,137,264,1,30,41,46,46,237,1,17,30,25,18,46,0,13,11,21,28,191
20232,A,골목상권,3110423,석계역 2번,280,104,176,0,27,29,65,73,86,0,9,15,31,29,20,0,18,14,34,44,66
20232,A,골목상권,3110462,갈현건영아파트,335,216,119,1,40,61,100,72,61,1,23,36,61,48,47,0,17,25,39,24,14
20232,A,골목상권,3110481,불광역 7번,199,89,110,0,13,44,41,60,41,0,2,23,11,25,28,0,11,21,30,35,13
20232,A,골목상권,3110443,수색역 1번,20,12,8,0,1,2,7,6,4,0,0,2,2,4,4,0,1,0,5,2,0
20232,A,골목상권,3110459,응암역 2번,547,198,349,1,50,105,159,154,78,0,9,38,77,41,33,1,41,67,82,113,45
20232,A,골목상권,3110468,응암역 3번,1202,526,676,2,142,266,324,272,196,0,45,119,142,116,104,2,97,147,182,156,92
20232,A,골목상권,3110478,응암1동주민센터,355,220,135,2,26,37,56,56,178,2,16,23,28,32,119,0,10,14,28,24,59
20232,A,골목상권,3110463,응암3동주민센터,123,54,69,0,7,23,36,26,31,0,3,6,14,11,20,0,4,17,22,15,11
20232,A,골목상권,3110507,명지대학교,1537,1156,381,29,392,636,318,129,33,26,257,481,282,83,27,3,135,155,36,46,6
20232,A,골목상권,3110495,북가좌2동주민센터,501,372,129,0,28,67,125,185,96,0,11,45,88,152,76,0,17,22,37,33,20
20232,A,골목상권,3110528,서울여자간호대학교,324,160,164,0,11,25,38,72,178,0,10,14,20,24,92,0,1,11,18,48,86
20232,A,골목상권,3110580,양원초등학교,78,20,58,0,3,6,16,25,28,0,0,1,3,11,5,0,3,5,13,14,23
20232,A,골목상권,3110568,광흥창역 1번,67,32,35,0,12,21,14,15,5,0,4,10,6,9,3,0,8,11,8,6,2
20232,A,골목상권,3110545,마포구청역 1번,789,460,329,1,64,151,210,235,128,1,24,92,106,146,91,0,40,59,104,89,37
20232,A,골목상권,3110584,아현역 4번,49,13,36,0,4,7,14,13,11,0,0,0,2,5,6,0,4,7,12,8,5
20232,A,골목상권,3110556,절두산순교성지,176,112,64,3,17,42,58,39,17,3,8,27,39,24,11,0,9,15,19,15,6
20232,A,골목상권,3110622,달마을공원,458,261,197,0,58,90,102,138,70,0,26,47,63,65,60,0,32,43,39,73,10
20232,A,골목상권,3110601,신월1동우편취급국,1200,814,386,3,116,180,274,437,190,1,61,115,183,309,145,2,55,65,91,128,45
20232,A,골목상권,3110598,신월문화체육센터,381,174,207,0,16,50,101,131,83,0,4,22,40,60,48,0,12,28,61,71,35
20232,A,골목상권,3110609,신정네거리역 2번,1377,1358,19,0,14,15,52,171,1125,0,10,11,45,168,1124,0,4,4,7,3,1
20232,A,골목상권,3110652,양천향교역 2번,643,483,160,0,70,131,146,169,127,0,32,102,104,139,106,0,38,29,42,30,21
20232,A,골목상권,3110675,화곡4동주민센터,235,161,74,0,13,45,60,59,58,0,6,28,34,46,47,0,7,17,26,13,11
20232,A,골목상권,3110672,백석중학교,168,91,77,1,26,41,35,49,16,1,19,23,14,23,11,0,7,18,21,26,5
20232,A,골목상권,3110660,등촌3동주민센터,4614,2039,2575,10,469,707,766,1291,1371,5,197,427,424,447,539,5,272,280,342,844,832
20232,A,골목상권,3110645,우장산역 4번,782,381,401,0,63,120,238,219,142,0,32,60,86,88,115,0,31,60,152,131,27
20232,A,골목상권,3110630,공항시장역 1번,1472,1008,464,0,157,294,298,328,395,0,67,180,202,240,319,0,90,114,96,88,76
20232,A,골목상권,3110640,방화역 1번,1019,638,381,3,139,292,240,195,150,3,62,119,167,158,129,0,77,173,73,37,21
20232,A,골목상권,3110655,발산역 5번,589,356,233,0,97,156,148,113,75,0,29,94,98,77,58,0,68,62,50,36,17
20232,A,골목상권,3110692,큰굴다리,233,148,85,0,12,52,54,66,49,0,7,19,35,49,38,0,5,33,19,17,11
20232,A,골목상권,3110695,개봉1동주민센터,537,312,225,1,56,150,140,121,69,1,31,97,72,64,47,0,25,53,68,57,22
20232,A,골목상권,3110714,구로4동주민센터,261,149,112,0,32,43,54,76,56,0,7,18,31,50,43,0,25,25,23,26,13
20232,A,골목상권,3110708,화원어린이공원,71,33,38,0,10,12,15,24,10,0,3,4,7,10,9,0,7,8,8,14,1
20232,A,골목상권,3110715,구로구민회관,84,59,25,0,12,13,29,23,7,0,5,10,19,19,6,0,7,3,10,4,1
20232,A,골목상권,3110713,구로보건소,2668,1817,851,5,474,650,706,533,300,3,323,472,514,332,173,2,151,178,192,201,127
20232,A,골목상권,3110718,한국SGI본부,1614,1061,553,3,308,462,397,336,108,3,167,313,292,220,66,0,141,149,105,116,42
20232,A,골목상권,3110707,구로창업지원센터,1045,760,285,4,141,266,246,253,135,3,78,195,185,186,113,1,63,71,61,67,22
20232,A,골목상권,3110726,금천철쭉어린이공원(금하마을),222,172,50,0,19,25,41,62,75,0,17,16,22,45,72,0,2,9,19,17,3
20232,A,골목상권,3110727,독산역 1번 출입구,659,514,145,4,72,152,169,191,71,4,48,118,128,165,51,0,24,34,41,26,20
20232,A,골목상권,3110738,문성초등학교,249,125,124,0,17,27,65,90,50,0,12,14,34,40,25,0,5,13,31,50,25
20232,A,골목상권,3110744,독산동성당,486,292,194,0,31,86,125,152,92,0,22,53,69,89,59,0,9,33,56,63,33
20232,A,골목상권,3110734,금천파출소,92,47,45,0,7,11,21,29,24,0,3,5,14,13,12,0,4,6,7,16,12
20232,A,골목상권,3110747,석수역 1번 출입구,813,612,201,0,46,81,166,224,296,0,27,52,102,165,266,0,19,29,64,59,30
20232,A,골목상권,3110754,삼성산자연공원(서울금천초등학교),202,76,126,1,21,41,48,41,50,0,6,18,29,10,13,1,15,23,19,31,37
20232,A,골목상권,3110781,대림한신아파트,182,112,70,0,23,29,51,38,41,0,8,16,34,23,31,0,15,13,17,15,10
20232,A,골목상권,3110776,도신초등학교,168,106,62,0,12,20,48,63,25,0,11,10,35,34,16,0,1,10,13,29,9
20232,A,골목상권,3110792,영등포역 2번,3343,1737,1606,28,554,856,830,851,224,11,223,385,459,526,133,17,331,471,371,325,91
20232,A,골목상권,3110812,신길6동주민센터,363,245,118,0,69,115,106,50,23,0,34,78,85,29,19,0,35,37,21,21,4
20232,A,골목상권,3110798,신풍역 2번,53,20,33,0,2,13,14,13,11,0,0,3,3,6,8,0,2,10,11,7,3
20232,A,골목상권,3110811,보라매역 4번,187,94,93,0,22,41,49,52,23,0,8,22,18,27,19,0,14,19,31,25,4
20232,A,골목상권,3110756,문래중학교,275,179,96,0,48,79,78,35,35,0,21,58,52,21,27,0,27,21,26,14,8
20232,A,골목상권,3110800,영등포동성당,227,153,74,0,26,34,61,66,40,0,13,22,37,46,35,0,13,12,24,20,5
20232,A,골목상권,3110806,서울시립영등포장애인복지관,76,42,34,0,18,30,13,13,2,0,5,16,9,11,1,0,13,14,4,2,1
20232,A,골목상권,3110820,성남고등학교,3101,2470,631,1,651,742,555,991,161,0,438,581,448,879,124,1,213,161,107,112,37
20232,A,골목상권,3110839,숭실대입구역 4번,187,67,120,0,10,51,57,46,23,0,2,14,22,11,18,0,8,37,35,35,5
20232,A,골목상권,3110833,상도역 2번,255,163,92,2,20,61,74,74,24,0,17,49,47,34,16,2,3,12,27,40,8
20232,A,골목상권,3110819,신대방역 4번,456,226,230,0,62,93,114,73,114,0,14,33,50,48,81,0,48,60,64,25,33
20232,A,골목상권,3110876,서원동주민센터(신관중학교),49,29,20,0,5,9,16,9,10,0,2,4,10,4,9,0,3,5,6,5,1
20232,A,골목상권,3110889,봉천역 6번,376,317,59,0,29,36,69,136,106,0,18,20,47,130,102,0,11,16,22,6,4
20232,A,골목상권,3110901,인헌고등학교(인헌중학교),245,143,102,3,39,58,73,51,21,3,21,35,38,30,16,0,18,23,35,21,5
20232,A,골목상권,3110908,구반포역,1517,376,1141,0,66,110,396,804,141,0,42,53,71,141,69,0,24,57,325,663,72
20232,A,골목상권,3110916,내방역 4번,1152,592,560,9,216,272,301,208,146,6,58,167,187,91,83,3,158,105,114,117,63
20232,A,골목상권,3110914,내방역 6번,146,116,30,0,26,31,37,26,26,0,17,26,26,24,23,0,9,5,11,2,3
20232,A,골목상권,3110919,내방역 8번,1289,936,353,3,122,279,365,332,188,1,51,165,297,279,143,2,71,114,68,53,45
20232,A,골목상권,3110981,국악고교사거리,361,216,145,2,57,77,110,81,34,0,27,36,72,56,25,2,30,41,38,25,9
20232,A,골목상권,3110952,논현목련공원,117,65,52,0,21,23,27,22,24,0,9,13,13,14,16,0,12,10,14,8,8
20232,A,골목상권,3110953,학동근린공원,2487,1583,904,15,679,891,571,218,113,0,336,572,409,180,86,15,343,319,162,38,27
20232,A,골목상권,3110968,강남구청역 2번,1023,596,427,7,327,204,133,121,231,4,177,117,81,68,149,3,150,87,52,53,82
20232,A,골목상권,3110966,논현2동주민센터,1634,1016,618,18,470,498,299,216,133,7,256,298,200,146,109,11,214,200,99,70,24
20232,A,골목상권,3110996,대치2동주민센터,1940,1218,722,2,81,274,345,337,901,0,47,206,276,245,444,2,34,68,69,92,457
20232,A,골목상권,3110982,강남구보훈회관,166,74,92,0,31,34,41,41,19,0,7,13,25,14,15,0,24,21,16,27,4
20232,A,골목상권,3111002,한국교통안전공단 강남자동차검사소,317,115,202,0,22,63,65,96,71,0,7,31,21,26,30,0,15,32,44,70,41
20232,A,골목상권,3110973,강남구청역 4번,1448,784,664,4,275,332,289,269,279,1,146,203,162,128,144,3,129,129,127,141,135
20232,A,골목상권,3110987,영동대교남단,410,201,209,1,80,64,74,101,90,1,40,36,31,40,53,0,40,28,43,61,37
20232,A,골목상권,3111022,석촌중학교(방이육교),686,344,342,1,59,145,176,222,83,0,37,95,98,70,44,1,22,50,78,152,39
20232,A,골목상권,3111041,거여역 8번,411,336,75,1,102,118,81,62,47,1,84,93,67,50,41,0,18,25,14,12,6
20232,A,골목상권,3111014,송파나루역 2번,521,273,248,1,42,75,119,190,94,0,21,42,67,83,60,1,21,33,52,107,34
20232,A,골목상권,3111031,장지동주민센터(한림연예예술고교),3127,2317,810,8,263,415,651,857,933,2,170,330,497,648,670,6,93,85,154,209,263
20232,A,골목상권,3111084,길동신동아아파트,169,104,65,2,27,32,37,58,13,2,21,23,24,25,9,0,6,9,13,33,4
20232,A,골목상권,3111073,둔촌동역 1번(한산중학교),973,578,395,1,134,224,250,206,158,1,58,122,160,124,113,0,76,102,90,82,45
20232,A,골목상권,3111072,굽은다리역 1번(십자성마을),747,473,274,1,59,119,201,187,180,0,20,70,116,127,140,1,39,49,85,60,40
20232,A,골목상권,3110017,정독도서관,650,322,328,0,133,273,152,58,34,0,26,130,93,43,30,0,107,143,59,15,4
20232,A,골목상권,3110004,대신고등학교,32,14,18,0,3,4,8,14,3,0,1,0,3,8,2,0,2,4,5,6,1
20232,A,골목상권,3110002,독립문역 1번,475,121,354,1,146,140,118,44,26,1,25,25,41,14,15,0,121,115,77,30,11
20232,A,골목상권,3110025,충신시장옆,213,129,84,2,17,46,63,56,29,0,6,23,43,33,24,2,11,23,20,23,5
20232,A,골목상권,3110026,종로5가역 4번,190,120,70,0,22,41,73,27,27,0,9,28,47,14,22,0,13,13,26,13,5
20232,A,골목상권,3110031,창신역 1번,72,57,15,0,11,17,12,21,11,0,8,11,11,17,10,0,3,6,1,4,1
20232,A,골목상권,3110016,평창동동측,2303,1051,1252,9,318,614,663,433,266,4,126,304,354,163,100,5,192,310,309,270,166
20232,A,골목상권,3110020,서울국제고등학교,593,291,302,1,141,279,101,49,22,1,41,139,70,26,14,0,100,140,31,23,8
20232,A,골목상권,3110048,장충동주민센터,5315,2706,2609,21,867,1339,1513,1367,208,5,338,768,756,707,132,16,529,571,757,660,76
20232,A,골목상권,3110046,버티고개,104,74,30,0,6,23,40,28,7,0,3,17,28,20,6,0,3,6,12,8,1
20232,A,골목상권,3110047,다산성곽길,160,89,71,0,36,43,36,27,18,0,23,29,21,7,9,0,13,14,15,20,9
20232,A,골목상권,3110110,상왕십리역 6번,87,54,33,1,12,16,24,18,16,1,7,11,13,10,12,0,5,5,11,8,4
20232,A,골목상권,3110591,충정로역 6번,87,48,39,0,15,19,21,28,4,0,9,9,11,16,3,0,6,10,10,12,1
20232,A,골목상권,3110086,이태원역 북측,9244,3609,5635,12,3187,3891,1654,428,72,3,733,1558,905,355,55,9,2454,2333,749,73,17
20232,A,골목상권,3110085,경리단길남측,532,260,272,4,98,163,148,67,52,2,40,59,78,41,40,2,58,104,70,26,12
20232,A,골목상권,3110066,서울역 15번,748,467,281,6,152,227,156,125,82,3,81,151,104,66,62,3,71,76,52,59,20
20232,A,골목상권,3110105,금동어린이공원,38,17,21,0,1,7,11,10,9,0,0,2,3,6,6,0,1,5,8,4,3
20232,A,골목상권,3110116,청계천박물관,4825,3644,1181,29,323,769,1077,1762,865,26,206,565,875,1315,657,3,117,204,202,447,208
20232,A,골목상권,3110128,성원중학교,911,573,338,1,98,165,255,266,126,1,53,94,157,170,98,0,45,71,98,96,28
20232,A,골목상권,3110120,서울숲카페거리,79,49,30,0,8,12,35,18,6,0,3,8,23,10,5,0,5,4,12,8,1
20232,A,골목상권,3110124,뚝섬역교차로,1253,1006,247,7,170,155,222,312,387,6,94,111,169,268,358,1,76,44,53,44,29
20232,A,골목상권,3110129,성원어린이공원,640,405,235,1,65,118,131,180,145,0,35,70,86,107,107,1,30,48,45,73,38
20232,A,골목상권,3110132,성수2가3동주민센터,786,521,265,0,97,182,220,197,90,0,67,133,145,108,68,0,30,49,75,89,22
20232,A,골목상권,3110111,대현산장미원,51,40,11,0,6,7,6,17,15,0,6,4,4,13,13,0,0,3,2,4,2
20232,A,골목상권,3110166,구의1동주민센터,552,292,260,1,70,121,177,115,68,1,20,59,99,60,53,0,50,62,78,55,15
20232,A,골목상권,3110160,광진경찰서,819,680,139,0,149,322,180,157,11,0,110,261,150,149,10,0,39,61,30,8,1
20232,A,골목상권,3110145,장안초등학교,7,4,3,0,0,1,2,3,1,0,0,0,1,3,0,0,0,1,1,0,1
20232,A,골목상권,3110164,아차산역 5번,731,494,237,3,111,126,143,164,184,0,61,77,101,112,143,3,50,49,42,52,41
20232,A,골목상권,3110158,중곡3동주민센터,715,518,197,1,113,210,184,138,69,0,73,168,123,104,50,1,40,42,61,34,19
20232,A,골목상권,3110227,답십리공원,229,93,136,0,16,30,77,84,22,0,13,16,27,23,14,0,3,14,50,61,8
20232,A,골목상권,3110181,신설동역 9번,1864,1212,652,12,209,232,286,440,685,12,150,162,188,282,418,0,59,70,98,158,267
20232,A,골목상권,3110192,동의보감타워,70,45,25,0,7,10,25,16,12,0,2,6,17,10,10,0,5,4,8,6,2
20232,A,골목상권,3110182,용두희망어린이공원,370,249,121,0,38,71,108,87,66,0,20,47,67,64,51,0,18,24,41,23,15
20232,A,골목상권,3110223,군자초등학교,94,56,38,0,13,17,26,24,14,0,4,10,17,15,10,0,9,7,9,9,4
20232,A,골목상권,3110191,고려대역 6번,48,41,7,0,1,12,14,9,12,0,1,10,11,8,11,0,0,2,3,1,1
20232,A,골목상권,3110193,고려대역 4번,48,37,11,0,5,11,11,10,11,0,3,5,10,10,9,0,2,6,1,0,2
20232,A,골목상권,3110208,시조사삼거리,75,56,19,0,2,14,7,17,35,0,1,7,2,11,35,0,1,7,5,6,0
20232,A,골목상권,3110270,혜원여고,168,148,20,0,4,5,7,70,82,0,4,3,6,59,76,0,0,2,1,11,6
20232,A,골목상권,3110274,서일대학교,523,360,163,0,46,59,135,146,137,0,8,37,89,115,111,0,38,22,46,31,26
20232,A,골목상권,3110277,러스크서울병원,145,78,67,0,12,30,29,43,31,0,4,13,16,23,22,0,8,17,13,20,9
20232,A,골목상권,3110253,중곡초등학교,181,106,75,0,31,31,44,49,26,0,10,17,23,35,21,0,21,14,21,14,5
20232,A,골목상권,3110249,중화역 1번,764,479,285,0,68,129,205,203,159,0,31,61,105,139,143,0,37,68,100,64,16
20232,A,골목상권,3110250,화랑대역 7번,111,69,42,0,7,20,32,34,18,0,5,12,15,23,14,0,2,8,17,11,4
20232,A,골목상권,3110235,세화어린이공원,17,12,5,0,6,3,1,5,2,0,5,1,1,3,2,0,1,2,0,2,0
20232,A,골목상권,3110306,미아초등학교,317,218,99,2,13,50,81,77,94,0,3,29,53,50,83,2,10,21,28,27,11
20232,A,골목상권,3110304,보문역 4번,248,146,102,0,40,77,61,48,22,0,10,46,35,37,18,0,30,31,26,11,4
20232,A,골목상권,3110291,한성대입구역 3번,342,172,170,2,27,49,94,91,79,0,14,24,49,51,34,2,13,25,45,40,45
20232,A,골목상권,3110336,석관고등학교,94,84,10,0,3,17,16,37,21,0,3,15,13,34,19,0,0,2,3,3,2
20232,A,골목상권,3110335,석계역 7번,249,172,77,1,19,32,66,64,67,0,13,18,34,45,62,1,6,14,32,19,5
20232,A,골목상권,3110327,상월곡역 2번,118,60,58,0,8,17,42,31,20,0,3,8,24,14,11,0,5,9,18,17,9
20232,A,골목상권,3110330,돌곶이역 1번,220,172,48,0,12,18,33,31,126,0,4,12,20,23,113,0,8,6,13,8,13
20232,A,골목상권,3110332,돌곶이역 3번,164,63,101,0,28,29,42,47,18,0,6,18,19,14,6,0,22,11,23,33,12
20232,A,골목상권,3110347,구세군강북종합사회복지관,38,17,21,0,10,7,5,9,7,0,1,5,1,5,5,0,9,2,4,4,2
20232,A,골목상권,3110344,화계중학교,12,10,2,0,7,1,1,2,1,0,5,1,1,2,1,0,2,0,0,0,0
20232,A,골목상권,3110353,수유동우체국,187,91,96,0,4,18,48,60,57,0,1,12,33,27,18,0,3,6,15,33,39
20232,A,골목상권,3110337,아카데미하우스,512,368,144,6,70,69,94,159,114,6,43,58,60,98,103,0,27,11,34,61,11
20232,A,골목상권,3110397,도봉산입구,469,257,212,0,31,56,101,131,150,0,6,34,39,73,105,0,25,22,62,58,45
20232,A,골목상권,3110406,도봉산역 1번,634,573,61,0,10,29,139,292,164,0,3,17,126,276,151,0,7,12,13,16,13
20232,A,골목상권,3110387,쌍문초등학교,307,169,138,0,37,47,91,75,57,0,13,24,49,39,44,0,24,23,42,36,13
20232,A,골목상권,3110389,한일병원,209,120,89,0,23,37,57,53,39,0,10,19,35,30,26,0,13,18,22,23,13
20232,A,골목상권,3110435,서울과학기술대,73,40,33,0,5,12,18,25,13,0,3,4,8,14,11,0,2,8,10,11,2
20232,A,골목상권,3110415,수락산역 4번,635,386,249,5,82,110,155,174,109,5,46,71,85,110,69,0,36,39,70,64,40
20232,A,골목상권,3110436,상계제일중학교,93,60,33,0,15,21,33,20,4,0,5,13,23,15,4,0,10,8,10,5,0
20232,A,골목상권,3110432,대진고등학교,894,734,160,0,55,146,248,343,102,0,27,96,214,311,86,0,28,50,34,32,16
20232,A,골목상권,3110483,연천초등학교,119,74,45,0,11,16,34,17,41,0,3,9,26,10,26,0,8,7,8,7,15
20232,A,골목상권,3110491,불광중학교,43,14,29,0,3,5,13,9,13,0,1,1,5,3,4,0,2,4,8,6,9
20232,A,골목상권,3110452,새절역 3번,373,317,56,1,10,36,63,123,140,1,7,25,47,107,130,0,3,11,16,16,10
20232,A,골목상권,3110471,응암동우체국,263,117,146,0,34,61,73,70,25,0,11,21,28,35,22,0,23,40,45,35,3
20232,A,골목상권,3110469,응암정보도서관,344,188,156,1,38,58,104,104,39,0,11,29,61,57,30,1,27,29,43,47,9
20232,A,골목상권,3110497,가좌역 3번,325,253,72,0,17,43,89,123,53,0,3,17,75,115,43,0,14,26,14,8,10
20232,A,골목상권,3110500,남가좌동현대아파트,74,54,20,0,12,13,23,22,4,0,8,9,17,17,3,0,4,4,6,5,1
20232,A,골목상권,3110494,증산3교남측,31,24,7,0,1,8,7,9,6,0,0,7,5,7,5,0,1,1,2,2,1
20232,A,골목상권,3110530,아현역 1번,36,20,16,0,5,5,7,15,4,0,2,5,4,6,3,0,3,0,3,9,1
20232,A,골목상권,3110509,연희대우아파트앞,391,210,181,0,39,105,101,88,58,0,13,52,51,53,41,0,26,53,50,35,17
20232,A,골목상권,3110524,연희세브란스병원,51,23,28,0,10,13,15,8,5,0,5,6,6,3,3,0,5,7,9,5,2
20232,A,골목상권,3110501,연희어린이공원,214,82,132,0,12,33,40,75,54,0,3,20,15,18,26,0,9,13,25,57,28
20232,A,골목상권,3110539,미근동,2792,1821,971,13,225,688,889,822,155,9,167,550,547,424,124,4,58,138,342,398,31
20232,A,골목상권,3110519,서대문구보건소별관,341,156,185,0,42,73,79,94,53,0,14,33,44,37,28,0,28,40,35,57,25
20232,A,골목상권,3110576,대흥역 3번,1605,1112,493,71,503,480,308,163,80,27,310,365,253,111,46,44,193,115,55,52,34
20232,A,골목상권,3110573,신촌역 6번,28,10,18,0,7,3,6,6,6,0,2,0,3,1,4,0,5,3,3,5,2
20232,A,골목상권,3110563,상수역 3번,309,246,63,11,75,122,61,17,23,9,60,95,50,13,19,2,15,27,11,4,4
20232,A,골목상권,3110564,홍대입구역 3번,471,211,260,0,54,125,161,78,53,0,19,47,103,22,20,0,35,78,58,56,33
20232,A,골목상권,3110621,목동역 5번,163,78,85,0,19,44,33,45,22,0,1,21,19,23,14,0,18,23,14,22,8
20232,A,골목상권,3110592,서울금융고등학교,431,337,94,0,18,34,71,147,161,0,9,13,44,124,147,0,9,21,27,23,14
20232,A,골목상권,3110604,신월4동주민센터,635,526,109,0,13,50,120,232,220,0,6,29,87,191,213,0,7,21,33,41,7
20232,A,골목상권,3110595,메디힐병원,731,459,272,0,80,148,163,185,155,0,34,85,86,136,118,0,46,63,77,49,37
20232,A,골목상권,3110603,지향초등학교,187,104,83,0,12,54,55,38,28,0,5,28,33,19,19,0,7,26,22,19,9
20232,A,골목상권,3110625,신정2동주민센터,726,454,272,2,98,196,215,155,60,0,51,124,146,94,39,2,47,72,69,61,21
20232,A,골목상권,3110694,세곡초등학교,438,243,195,2,55,148,88,96,49,0,24,75,49,59,36,2,31,73,39,37,13
20232,A,골목상권,3110614,목동로데오거리,596,292,304,0,69,85,114,216,112,0,42,44,58,103,45,0,27,41,56,113,67
20232,A,골목상권,3110643,강서구다솔마을,653,413,240,1,97,165,199,139,52,0,47,101,136,93,36,1,50,64,63,46,16
20232,A,골목상권,3110667,가양역 10번,177,126,51,0,33,32,56,36,20,0,21,20,38,29,18,0,12,12,18,7,2
20232,A,골목상권,3110639,신방화역 8번,534,376,158,1,76,67,89,155,146,1,18,26,52,140,139,0,58,41,37,15,7
20232,A,골목상권,3110641,공항고등학교,345,236,109,2,46,95,100,79,23,1,30,72,61,52,20,1,16,23,39,27,3
20232,A,골목상권,3110633,개화산역 1번,28,14,14,0,0,6,10,7,5,0,0,1,5,3,5,0,0,5,5,4,0
20232,A,골목상권,3110642,정곡초등학교,193,163,30,2,8,14,35,69,65,1,4,10,30,58,60,1,4,4,5,11,5
20232,A,골목상권,3110678,염창무학아파트,285,214,71,1,34,65,92,60,33,1,17,53,72,47,24,0,17,12,20,13,9
20232,A,골목상권,3110653,화곡역 2번,917,494,423,1,191,273,240,171,41,0,79,137,119,135,24,1,112,136,121,36,17
20232,A,골목상권,3110661,강서새말어린이공원,126,48,78,0,3,13,30,38,42,0,2,8,10,9,19,0,1,5,20,29,23
20232,A,골목상권,3110664,강서구청옆,111,48,63,0,14,10,31,43,13,0,11,7,10,9,11,0,3,3,21,34,2
20232,A,골목상권,3110663,우장산롯데캐슬아파트앞,279,217,62,0,6,19,48,106,100,0,3,13,26,82,93,0,3,6,22,24,7
20232,A,골목상권,3110710,남구로역 3번,606,370,236,3,83,96,105,121,198,3,46,63,63,68,127,0,37,33,42,53,71
20232,A,골목상권,3110683,오류고등학교,75,46,29,0,12,15,23,18,7,0,9,8,14,8,7,0,3,7,9,10,0
20232,A,골목상권,3110687,"천왕역 3번(오류2동주민센터, 서울오류남초등학교)",21,16,5,0,2,3,5,6,5,0,1,3,4,4,4,0,1,0,1,2,1
20232,A,골목상권,3110740,금천해태공원,646,280,366,1,135,134,136,170,70,1,47,54,56,71,51,0,88,80,80,99,19
20232,A,골목상권,3110733,금천어울림복지센터,374,293,81,3,34,89,74,90,84,3,22,67,59,66,76,0,12,22,15,24,8
20232,A,골목상권,3110739,시흥3동 우편취급국,99,77,22,0,4,22,30,27,16,0,1,16,26,21,13,0,3,6,4,6,3
20232,A,골목상권,3110794,영동초등학교,622,482,140,0,72,112,182,170,86,0,37,84,150,136,75,0,35,28,32,34,11
20232,A,골목상권,3110775,대동초등학교,59,28,31,0,4,13,20,14,8,0,1,6,6,9,6,0,3,7,14,5,2
20232,A,골목상권,3110814,서울지방병무청,673,364,309,1,51,117,155,236,113,1,23,79,97,104,60,0,28,38,58,132,53
20232,A,골목상권,3110802,신길동홍어거리,336,159,177,1,59,113,86,61,16,0,18,45,44,40,12,1,41,68,42,21,4
20232,A,골목상권,3110791,신풍역 3번,25,17,8,0,1,5,9,9,1,0,0,2,6,8,1,0,1,3,3,1,0
20232,A,골목상권,3110773,당산역 13번,161,127,34,0,24,40,31,22,44,0,20,33,19,18,37,0,4,7,12,4,7
20232,A,골목상권,3110796,한림대학교한강성심병원,87,52,35,1,7,19,26,19,15,0,4,11,17,9,11,1,3,8,9,10,4
20232,A,골목상권,3110849,이수역 10번,220,130,90,1,37,52,58,40,32,0,12,33,34,25,26,1,25,19,24,15,6
20232,A,골목상권,3110845,사당종합체육관,101,50,51,0,8,17,35,26,15,0,5,8,19,9,9,0,3,9,16,17,6
20232,A,골목상권,3110846,남성역 1번,535,290,245,1,66,120,146,135,67,0,25,59,78,74,54,1,41,61,68,61,13
20232,A,골목상권,3110838,상도1동주민센터앞,131,122,9,0,3,32,30,35,31,0,3,27,27,35,30,0,0,5,3,0,1
20232,A,골목상권,3110826,장승배기역 4번,366,149,217,2,20,37,57,103,147,1,8,22,28,38,52,1,12,15,29,65,95
20232,A,골목상권,3110842,흑리단길,53,22,31,0,10,9,10,16,8,0,4,3,5,5,5,0,6,6,5,11,3
20232,A,골목상권,3110895,샤로수길,1796,1222,574,3,307,721,360,233,172,2,170,534,234,152,130,1,137,187,126,81,42
20232,A,골목상권,3110862,난곡초등학교(난곡동벽화마을),84,41,43,0,4,13,14,34,19,0,2,6,11,15,7,0,2,7,3,19,12
20232,A,골목상권,3110881,구립대학경로당(관악산샘말공원),1580,1288,292,1,317,450,449,266,97,1,225,374,391,229,68,0,92,76,58,37,29
20232,A,골목상권,3110868,남부초등학교,232,126,106,0,20,29,45,49,89,0,11,23,22,28,42,0,9,6,23,21,47
20232,A,골목상권,3110884,봉천역 4번(봉천110안전센터),372,284,88,1,17,30,61,98,165,0,1,8,49,84,142,1,16,22,12,14,23
20232,A,골목상권,3110945,본마을노인복지센터(서초구립내곡도서관),191,114,77,3,44,57,37,33,17,3,14,31,25,28,13,0,30,26,12,5,4
20232,A,골목상권,3110904,이수역 5번,835,468,367,4,167,217,239,139,69,1,90,125,135,59,58,3,77,92,104,80,11
20232,A,골목상권,3110911,방배배수지체육공원,29,22,7,0,6,3,7,5,8,0,6,2,4,4,6,0,0,1,3,1,2
20232,A,골목상권,3110923,방배역 1번,210,153,57,0,34,56,55,41,24,0,21,38,42,34,18,0,13,18,13,7,6
20232,A,골목상권,3110925,서초중학교,874,497,377,0,104,137,244,222,167,0,38,65,146,132,116,0,66,72,98,90,51
20232,A,골목상권,3110939,양재역 8번(양재동우체국),5949,4099,1850,23,970,1420,1461,1174,901,15,499,989,1053,799,744,8,471,431,408,375,157
20232,A,골목상권,3110957,언북중학교,1251,831,420,1,262,379,317,147,145,1,146,241,215,109,119,0,116,138,102,38,26
20232,A,골목상권,3110989,대치동아우편취급국,444,270,174,9,90,148,75,68,54,0,43,102,43,44,38,9,47,46,32,24,16
20232,A,골목상권,3110965,언주역 6번,1139,788,351,1,174,379,378,142,65,1,104,276,284,74,49,0,70,103,94,68,16
20232,A,골목상권,3110976,언북초등학교,578,332,246,1,111,188,126,86,66,0,41,115,83,49,44,1,70,73,43,37,22
20232,A,골목상권,3111036,투구봉어린이공원,209,119,90,1,22,40,55,62,29,1,7,20,26,39,26,0,15,20,29,23,3
20232,A,골목상권,3111009,송파책박물관,130,94,36,1,13,38,28,24,26,0,11,32,18,15,18,1,2,6,10,9,8
20232,A,골목상권,3111013,송파나루역 1번(송리단길),2234,1456,778,8,320,568,650,435,253,3,160,384,445,290,174,5,160,184,205,145,79
20232,A,골목상권,3111039,벌말어린이공원,485,353,132,8,85,125,121,94,52,8,51,89,88,72,45,0,34,36,33,22,7
20232,A,골목상권,3111058,성내중학교,451,317,134,0,51,92,129,121,58,0,37,63,90,82,45,0,14,29,39,39,13
20232,A,골목상권,3111055,선사초등학교,673,29,644,0,14,28,137,373,121,0,4,7,8,6,4,0,10,21,129,367,117
20232,A,골목상권,3111075,굽은다리역 2번,193,114,79,0,14,42,54,52,31,0,14,28,24,31,17,0,0,14,30,21,14
20232,A,골목상권,3111063,강동구립 천호도서관,368,182,186,0,25,44,81,85,133,0,5,15,21,30,111,0,20,29,60,55,22
20232,A,골목상권,3110009,자하문터널,930,456,474,0,207,326,226,121,50,0,91,162,105,63,35,0,116,164,121,58,15
20232,A,골목상권,3110033,창신역 4번,166,89,77,0,26,42,35,40,23,0,6,22,17,25,19,0,20,20,18,15,4
20232,A,골목상권,3110023,서울대병원,92,33,59,0,9,24,23,20,16,0,3,7,10,5,8,0,6,17,13,15,8
20232,A,골목상권,3110022,경신고등학교,506,385,121,11,133,157,117,54,34,10,99,119,89,42,26,1,34,38,28,12,8
20232,A,골목상권,3110044,관성묘,405,300,105,0,50,135,145,51,24,0,24,90,125,44,17,0,26,45,20,7,7
20232,A,골목상권,3110074,서울역 12번,8149,1751,6398,152,5985,1340,330,181,161,9,598,652,233,134,125,143,5387,688,97,47,36
20232,A,골목상권,3110081,해방촌 남동측,231,122,109,0,45,63,54,42,27,0,14,35,27,23,23,0,31,28,27,19,4
20232,A,골목상권,3110084,경리단길북측,315,168,147,0,47,85,84,57,42,0,23,36,39,36,34,0,24,49,45,21,8
20232,A,골목상권,3110071,한강미주맨션아파트,315,191,124,0,42,85,69,57,62,0,21,46,40,42,42,0,21,39,29,15,20
20232,A,골목상권,3110590,만리재,97,50,47,0,19,23,23,25,7,0,6,12,11,16,5,0,13,11,12,9,2
20232,A,골목상권,3110070,용산세무서,184,130,54,0,21,54,55,24,30,0,8,37,41,18,26,0,13,17,14,6,4
20232,A,골목상권,3110062,한강로동땡땡거리(은행나무길),1506,884,622,9,319,423,319,208,228,6,142,225,216,138,157,3,177,198,103,70,71
20232,A,골목상권,3110079,후암동주민센터,1084,584,500,4,223,262,267,196,132,3,73,156,156,105,91,1,150,106,111,91,41
20232,A,골목상권,3110101,옥정중학교,218,121,97,0,55,51,65,31,16,0,24,34,43,13,7,0,31,17,22,18,9
20232,A,골목상권,3110102,옥수역 6번,175,116,59,0,22,39,48,41,25,0,11,21,31,31,22,0,11,18,17,10,3
20232,A,골목상권,3110179,광나루역 1번,911,620,291,0,142,209,188,233,139,0,82,160,157,154,67,0,60,49,31,79,72
20232,A,골목상권,3110180,광진정보도서관,5440,3602,1838,17,1593,2056,1086,499,189,5,872,1464,782,331,148,12,721,592,304,168,41
20232,A,골목상권,3110159,구의역 4번,663,391,272,1,125,115,158,132,132,1,58,62,85,87,98,0,67,53,73,45,34
20232,A,골목상권,3110153,중곡1동주민센터,241,83,158,1,42,57,67,57,17,0,14,22,22,17,8,1,28,35,45,40,9
20232,A,골목상권,3110142,화양사거리,215,108,107,1,37,47,45,53,32,1,20,25,24,17,21,0,17,22,21,36,11
20232,A,골목상권,3110148,어린이대공원역 3번,17,12,5,0,3,3,6,5,0,0,0,2,5,5,0,0,3,1,1,0,0
20232,A,골목상권,3110183,한국의류시험연구원,839,447,392,3,238,307,149,75,67,1,88,162,81,58,57,2,150,145,68,17,10
20232,A,골목상권,3110228,장안근린공원,1992,1184,808,40,1381,313,92,101,65,24,788,223,60,54,35,16,593,90,32,47,30
20232,A,골목상권,3110210,서울시립대,341,253,88,1,9,19,24,34,254,1,4,12,10,21,205,0,5,7,14,13,49
20232,A,골목상권,3110197,세종대왕기념관교차로,67,46,21,0,8,19,26,9,5,0,4,15,19,7,1,0,4,4,7,2,4
20232,A,골목상권,3110243,중랑노인종합복지관,298,114,184,1,30,49,74,104,40,0,5,21,37,31,20,1,25,28,37,73,20
20232,A,골목상권,3110259,사가정역 1번,543,425,118,2,48,108,172,159,54,2,29,73,131,140,50,0,19,35,41,19,4
20232,A,골목상권,3110269,용마문화복지센터,169,98,71,0,19,53,52,28,17,0,13,32,30,19,4,0,6,21,22,9,13
20232,A,골목상권,3110252,장안제일시장,712,505,207,1,64,101,159,195,192,1,42,73,87,131,171,0,22,28,72,64,21
20232,A,골목상권,3110247,먹골역 1번,381,176,205,0,54,79,123,81,44,0,21,30,55,39,31,0,33,49,68,42,13
20232,A,골목상권,3110255,상봉역 4번,327,208,119,0,39,52,78,92,66,0,20,24,46,62,56,0,19,28,32,30,10
20232,A,골목상권,3110262,상봉역 3번,1530,878,652,2,221,447,542,268,50,0,119,337,281,107,34,2,102,110,261,161,16
20232,A,골목상권,3110271,신내역 1번,97,74,23,0,8,17,25,29,18,0,5,14,18,23,14,0,3,3,7,6,4
20232,A,골목상권,3110251,장안중학교,147,104,43,0,8,34,46,39,20,0,3,23,34,27,17,0,5,11,12,12,3
20232,A,골목상권,3110244,중화역 4번,250,175,75,1,8,26,49,44,122,1,4,11,32,30,97,0,4,15,17,14,25
20232,A,골목상권,3110296,성신여대입구역 4번,77,39,38,1,7,12,30,11,16,1,3,7,15,8,5,0,4,5,15,3,11
20232,A,골목상권,3110297,경동고등학교,654,311,343,0,74,123,156,164,137,0,31,65,74,79,62,0,43,58,82,85,75
20232,A,골목상권,3110280,북정마을,73,38,35,0,7,10,22,23,11,0,3,3,9,15,8,0,4,7,13,8,3
20232,A,골목상권,3110287,정릉3동주민센터,70,50,20,0,9,12,18,19,12,0,5,8,15,12,10,0,4,4,3,7,2
20232,A,골목상권,3110317,종암중학교,411,206,205,0,33,120,153,85,20,0,14,47,78,58,9,0,19,73,75,27,11
20232,A,골목상권,3110375,서울북부고용노동지청,110,55,55,1,12,20,31,32,14,0,8,15,16,11,5,1,4,5,15,21,9
20232,A,골목상권,3110354,삼각산119안전센터,22,5,17,0,2,3,10,5,2,0,0,0,2,1,2,0,2,3,8,4,0
20232,A,골목상권,3110378,송중동주민센터,23,13,10,0,1,4,6,9,3,0,1,2,2,6,2,0,0,2,4,3,1
20232,A,골목상권,3110350,가오리역 2번,148,77,71,0,11,27,37,49,24,0,5,11,18,26,17,0,6,16,19,23,7
20232,A,골목상권,3110410,방학역 2번,957,833,124,3,75,187,185,224,283,2,61,162,154,194,260,1,14,25,31,30,23
20232,A,골목상권,3110411,도봉역 3번,421,379,42,0,13,31,61,141,175,0,11,20,48,133,167,0,2,11,13,8,8
20232,A,골목상권,3110400,도봉구보건소,191,111,80,0,20,35,53,51,32,0,9,22,32,26,22,0,11,13,21,25,10
20232,A,골목상권,3110399,창2동주민센터,849,516,333,8,110,207,262,192,70,8,69,157,137,97,48,0,41,50,125,95,22
20232,A,골목상권,3110409,창동역 2번,396,202,194,0,33,43,83,109,128,0,12,29,59,45,57,0,21,14,24,64,71
20232,A,골목상권,3110434,태릉입구역 4번,121,62,59,0,13,11,24,35,38,0,3,2,12,22,23,0,10,9,12,13,15
20232,A,골목상권,3110426,상계2동주민센터,337,169,168,0,32,57,83,96,69,0,15,30,39,45,40,0,17,27,44,51,29
20232,A,골목상권,3110414,장석교회,66,51,15,0,7,16,15,20,8,0,5,13,11,17,5,0,2,3,4,3,3
20232,A,골목상권,3110465,연신내역 7번,240,119,121,3,38,52,57,54,36,2,12,29,25,25,26,1,26,23,32,29,10
20232,A,골목상권,3110490,녹번동근린공원,311,170,141,0,30,65,86,76,54,0,11,31,48,45,35,0,19,34,38,31,19
20232,A,골목상권,3110489,불광역 3번,35,25,10,0,3,7,10,10,5,0,3,4,7,6,5,0,0,3,3,4,0
20232,A,골목상권,3110479,연신내역 2번,318,181,137,1,50,84,68,69,46,0,28,71,35,32,15,1,22,13,33,37,31
20232,A,골목상권,3110492,하나고등학교,238,38,200,1,5,13,11,95,113,0,0,7,7,8,16,1,5,6,4,87,97
20232,A,골목상권,3110493,북가좌초등학교,892,830,62,0,2,19,27,80,764,0,0,12,22,68,728,0,2,7,5,12,36
20232,A,골목상권,3110514,서대문우체국,86,19,67,0,26,26,17,9,8,0,0,4,7,4,4,0,26,22,10,5,4
20232,A,골목상권,3110508,서연중학교,947,425,522,9,139,241,158,245,155,3,62,148,74,76,62,6,77,93,84,169,93
20232,A,골목상권,3110513,연희파출소,457,241,216,0,51,87,110,130,79,0,17,46,58,69,51,0,34,41,52,61,28
20232,A,골목상권,3110518,서대문구청,129,72,57,0,22,38,30,23,16,0,6,19,22,15,10,0,16,19,8,8,6
20232,A,골목상권,3110535,영천시장입구,488,333,155,2,36,65,112,164,109,2,19,35,78,130,69,0,17,30,34,34,40
20232,A,골목상권,3110538,충정로역 3번,284,178,106,0,12,42,56,66,108,0,5,27,35,42,69,0,7,15,21,24,39
20232,A,골목상권,3110525,홍은종합사회복지관,61,17,44,0,10,12,15,10,14,0,1,3,0,4,9,0,9,9,15,6,5
20232,A,골목상권,3110515,홍은중학교,396,312,84,1,45,118,119,68,45,1,33,93,94,52,39,0,12,25,25,16,6
20232,A,골목상권,3110583,공덕래미안3차아파트,12,7,5,0,2,3,1,1,5,0,1,2,1,0,3,0,1,1,0,1,2
20232,A,골목상권,3110562,연트럴파크(연남동주민센터),426,237,189,1,73,118,96,94,44,1,29,76,55,44,32,0,44,42,41,50,12
20232,A,골목상권,3110577,용강동주민센터,145,105,40,0,15,42,47,31,10,0,12,31,38,17,7,0,3,11,9,14,3
20232,A,골목상권,3110559,성산중학교,757,474,283,4,102,187,203,167,94,3,54,102,127,118,70,1,48,85,76,49,24
20232,A,골목상권,3110593,신월3동주민센터,304,157,147,0,38,65,76,87,38,0,12,32,45,44,24,0,26,33,31,43,14
20232,A,골목상권,3110605,목동센트럴아이파크앞,155,89,66,0,15,22,26,47,45,0,5,15,11,27,31,0,10,7,15,20,14
20232,A,골목상권,3110634,송정역 3번,664,434,230,0,64,143,178,145,134,0,33,90,116,101,94,0,31,53,62,44,40
20232,A,골목상권,3110637,송정역 2번,560,358,202,4,67,121,116,154,98,0,34,74,81,100,69,4,33,47,35,54,29
20232,A,골목상권,3110644,신광명마을,336,288,48,1,26,28,58,105,118,1,8,17,51,97,114,0,18,11,7,8,4
20232,A,골목상권,3110673,뜸부기어린이공원,253,143,110,0,37,52,62,64,38,0,21,29,31,34,28,0,16,23,31,30,10
20232,A,골목상권,3110717,남구로역 2번,570,271,299,0,108,155,142,104,61,0,49,84,75,34,29,0,59,71,67,70,32
20232,A,골목상권,3110704,고척중학교,62,36,26,0,12,23,10,12,5,0,7,12,3,11,3,0,5,11,7,1,2
20232,A,골목상권,3110711,구로초등학교,815,329,486,4,62,122,165,287,175,2,26,70,81,74,76,2,36,52,84,213,99
20232,A,골목상권,3110719,영서중학교,19,15,4,0,0,4,2,3,10,0,0,2,2,3,8,0,0,2,0,0,2
20232,A,골목상권,3110681,온수역 1번,94,70,24,0,6,30,30,17,11,0,5,22,21,12,10,0,1,8,9,5,1
20232,A,골목상권,3110686,수궁동주민센터,406,211,195,0,34,67,104,115,86,0,16,31,64,55,45,0,18,36,40,60,41
20232,A,골목상권,3110724,금천구립가산도서관,364,254,110,1,42,76,120,89,36,1,33,60,90,45,25,0,9,16,30,44,11
20232,A,골목상권,3110737,금천세무서,502,323,179,8,77,85,96,116,120,0,28,49,51,91,104,8,49,36,45,25,16
20232,A,골목상권,3110751,난곡중학교,733,399,334,2,48,217,242,177,47,2,21,117,128,91,40,0,27,100,114,86,7
20232,A,골목상권,3110770,영등포구청역 6번,263,191,72,1,45,49,77,45,46,1,24,41,54,28,43,0,21,8,23,17,3
20232,A,골목상권,3110774,당산반도유보라팰리스아파트,472,355,117,0,59,119,131,96,67,0,34,81,109,80,51,0,25,38,22,16,16
20232,A,골목상권,3110784,신대림초등학교,76,42,34,0,3,11,18,36,8,0,0,7,12,18,5,0,3,4,6,18,3
20232,A,골목상권,3110790,대림1동주민센터,741,337,404,1,74,163,282,161,60,1,46,71,89,77,53,0,28,92,193,84,7
20232,A,골목상권,3110767,도림동주민센터,11,0,11,0,4,3,3,1,0,0,0,0,0,0,0,0,4,3,3,1,0
20232,A,골목상권,3110816,대방역 6번,517,401,116,1,72,136,153,67,88,1,49,108,114,49,80,0,23,28,39,18,8
20232,A,골목상권,3110795,도림초등학교,533,356,177,0,20,49,80,128,256,0,8,36,48,74,190,0,12,13,32,54,66
20232,A,골목상권,3110805,신길새마을금고신길4동지점,45,27,18,0,6,12,12,8,7,0,2,7,6,5,7,0,4,5,6,3,0
20232,A,골목상권,3110797,KT대방빌딩,47,8,39,1,6,8,12,10,10,0,0,0,1,2,5,1,6,8,11,8,5
20232,A,골목상권,3110760,선유도역 6번,1792,1091,701,8,273,444,499,376,192,6,170,256,275,219,165,2,103,188,224,157,27
20232,A,골목상권,3110829,장승배기역 5번,534,416,118,0,195,137,78,52,72,0,177,106,49,39,45,0,18,31,29,13,27
20232,A,골목상권,3110848,양지어린이공원,486,307,179,0,36,68,152,132,98,0,6,39,85,93,84,0,30,29,67,39,14
20232,A,골목상권,3110837,숭실대입구역 1번,360,184,176,1,39,72,80,79,89,0,19,29,39,32,65,1,20,43,41,47,24
20232,A,골목상권,3110825,신대방삼거리역 1번,319,207,112,0,33,63,96,72,55,0,23,41,58,47,38,0,10,22,38,25,17
20232,A,골목상권,3110823,신대방삼거리역 3번,472,242,230,0,30,45,83,121,193,0,17,26,40,42,117,0,13,19,43,79,76
20232,A,골목상권,3110844,흑석2치안센터,11,7,4,0,2,2,4,0,3,0,1,2,2,0,2,0,1,0,2,0,1
20232,A,골목상권,3110865,남강고등학교(남강중학교),270,116,154,4,57,53,59,61,36,2,10,23,23,31,27,2,47,30,36,30,9
20232,A,골목상권,3110902,사당역 4번,1184,729,455,1,189,266,295,248,185,0,82,168,204,156,119,1,107,98,91,92,66
20232,A,골목상권,3110887,서울산업정보학교(서울삼성초등학교),12,5,7,0,1,3,4,4,0,0,0,0,1,4,0,0,1,3,3,0,0
20232,A,골목상권,3110860,호림박물관(성보고등학교),410,314,96,1,57,102,66,110,74,1,44,84,47,78,60,0,13,18,19,32,14
20232,A,골목상권,3110883,은천초등학교(은천교앞),208,124,84,2,21,43,70,48,24,1,12,25,42,28,16,1,9,18,28,20,8
20232,A,골목상권,3110897,서울대입구역 8번,219,139,80,0,16,45,69,64,25,0,7,24,40,44,24,0,9,21,29,20,1
20232,A,골목상권,3110924,반포4동주민센터(몽마르뜨공원),1071,732,339,5,171,236,323,252,84,1,78,150,243,200,60,4,93,86,80,52,24
20232,A,골목상권,3110922,내방역 1번,219,112,107,1,42,47,47,42,40,0,13,23,27,23,26,1,29,24,20,19,14
20232,A,골목상권,3110909,남태령역(서울전자고등학교),132,97,35,1,11,29,23,34,34,1,4,19,16,29,28,0,7,10,7,5,6
20232,A,골목상권,3110929,남부터미널역 1번,21130,10703,10427,21,4446,4558,3912,7143,1050,4,1209,1890,1718,5123,759,17,3237,2668,2194,2020,291
20232,A,골목상권,3110946,청계산원터골,41,21,20,0,2,4,8,13,14,0,2,2,6,3,8,0,0,2,2,10,6
20232,A,골목상권,3110980,개포지구대옆,663,482,181,0,90,198,202,111,62,0,45,142,168,72,55,0,45,56,34,39,7
20232,A,골목상권,3110951,신사은행나무공원,267,70,197,0,35,83,95,47,7,0,6,24,26,12,2,0,29,59,69,35,5
20232,A,골목상권,3110894,관악동부센트레빌아파트(은천로35라길),20,8,12,0,2,4,3,6,5,0,0,2,1,2,3,0,2,2,2,4,2
20232,A,골목상권,3110869,"신림역 5번(신림동주민센터, 신림동별빛거리)",1026,681,345,1,79,136,248,233,329,1,36,73,143,155,273,0,43,63,105,78,56
20232,A,골목상권,3110877,신림역 8번,319,154,165,2,23,63,86,80,65,0,10,30,36,39,39,2,13,33,50,41,26
20232,A,골목상권,3110853,KT구로지사,217,130,87,0,21,49,65,51,31,0,9,27,44,28,22,0,12,22,21,23,9
20232,A,골목상권,3111024,경찰병원역 4번(건너말공원),240,150,90,0,27,53,63,68,29,0,16,33,45,35,21,0,11,20,18,33,8
20232,A,골목상권,3111046,마천역(마천초등학교),708,400,308,1,76,146,171,195,119,0,46,85,84,95,90,1,30,61,87,100,29
20232,A,골목상권,3111044,남천초등학교,557,264,293,1,95,146,167,113,35,0,35,71,76,56,26,1,60,75,91,57,9
20232,A,골목상권,3111019,한성백제역 3번,1458,963,495,2,199,428,415,246,168,2,101,294,294,157,115,0,98,134,121,89,53
20232,A,골목상권,3111007,석촌고분역 4번,936,480,456,0,107,215,255,242,117,0,43,116,142,109,70,0,64,99,113,133,47
20232,A,골목상권,3111004,삼전역 1번,2036,1331,705,13,263,407,504,376,473,0,108,261,337,239,386,13,155,146,167,137,87
20232,A,골목상권,3111033,문정동성당,70,30,40,0,5,4,16,16,29,0,2,3,8,9,8,0,3,1,8,7,21
20232,A,골목상권,3111018,풍납초등학교(풍납백제문화공원),26,23,3,0,1,5,10,6,4,0,1,4,8,6,4,0,0,1,2,0,0
20232,A,골목상권,3111078,굽은다리역 4번,1753,1022,731,1,135,300,379,488,450,1,75,186,215,270,275,0,60,114,164,218,175
20232,A,골목상권,3111082,중앙보훈병원,64,44,20,0,3,9,11,23,18,0,1,3,5,18,17,0,2,6,6,5,1
20232,A,골목상권,3111086,한영중고,297,202,95,1,27,45,73,101,50,1,17,22,52,69,41,0,10,23,21,32,9
20232,A,골목상권,3111051,천호역 6번,394,242,152,2,65,77,85,88,77,1,44,54,54,47,42,1,21,23,31,41,35
20232,A,골목상권,3111064,둔촌동역 4번,157,98,59,0,13,34,47,40,23,0,3,21,30,28,16,0,10,13,17,12,7
20232,A,골목상권,3111070,천호초등학교,121,70,51,1,7,20,39,27,27,0,3,9,23,16,19,1,4,11,16,11,8
20232,A,골목상권,3111057,천호공원(해공체육문화센터),254,112,142,2,53,50,64,60,25,2,15,19,30,32,14,0,38,31,34,28,11
20233,A,골목상권,3110720,대림역 2번,228,87,141,0,27,50,65,49,37,0,11,14,18,17,27,0,16,36,47,32,10
20233,A,골목상권,3110094,오산중학교,26,12,14,0,0,1,4,13,8,0,0,0,2,6,4,0,0,1,2,7,4
20233,A,골목상권,3110072,열정도,374,244,130,6,108,96,78,51,35,0,51,71,62,37,23,6,57,25,16,14,12
20233,A,골목상권,3110859,난향초등학교,182,113,69,0,11,32,42,52,45,0,0,21,27,30,35,0,11,11,15,22,10
20233,A,골목상권,3110886,관악해태어린이공원,184,103,81,1,38,50,41,34,20,1,18,28,21,23,12,0,20,22,20,11,8
20233,A,골목상권,3110880,신림역 1번,995,275,720,0,379,296,157,128,35,0,78,87,66,33,11,0,301,209,91,95,24
20233,A,골목상권,3110888,청룡동주민센터,94,53,41,0,5,9,11,22,47,0,3,2,4,6,38,0,2,7,7,16,9
20233,A,골목상권,3110896,관악우성아파트,202,49,153,0,41,37,44,47,33,0,5,7,11,13,13,0,36,30,33,34,20
20233,A,골목상권,3110948,헌인가구단지,57,27,30,0,5,24,14,11,3,0,4,12,6,2,3,0,1,12,8,9,0
20233,A,골목상권,3110921,서울프랑스학교,506,312,194,7,63,70,115,134,117,2,30,43,80,86,71,5,33,27,35,48,46
20233,A,골목상권,3110907,방배초등학교,775,476,299,8,119,165,211,143,129,5,54,100,118,95,104,3,65,65,93,48,25
20233,A,골목상권,3110912,방배동사이길,210,128,82,3,33,45,53,42,34,2,16,27,39,21,23,1,17,18,14,21,11
20233,A,골목상권,3110933,한국상담대학원대학교,679,60,619,0,344,156,86,63,30,0,10,15,15,5,15,0,334,141,71,58,15
20233,A,골목상권,3110935,한전아트센터,379,264,115,2,53,108,105,72,39,2,33,82,75,46,26,0,20,26,30,26,13
20233,A,골목상권,3110984,포이초등학교(개포목련어린이공원),1556,1046,510,2,236,342,331,306,339,0,140,241,211,199,255,2,96,101,120,107,84
