기준_년분기_코드,상권_구분_코드,상권_구분_코드_명,상권배후지_코드,상권배후지_코드_명,총_직장_인구_수,남성_직장_인구_수,여성_직장_인구_수,연령대_10_직장_인구_수,연령대_20_직장_인구_수,연령대_30_직장_인구_수,연령대_40_직장_인구_수,연령대_50_직장_인구_수,연령대_60_이상_직장_인구_수,남성연령대_10_직장_인구_수,남성연령대_20_직장_인구_수,남성연령대_30_직장_인구_수,남성연령대_40_직장_인구_수,남성연령대_50_직장_인구_수,남성연령대_60_이상_직장_인구_수,여성연령대_10_직장_인구_수,여성연령대_20_직장_인구_수,여성연령대_30_직장_인구_수,여성연령대_40_직장_인구_수,여성연령대_50_직장_인구_수,여성연령대_60_이상_직장_인구_수
20191,A,골목상권,3110010,평창동서측,1081,500,581,3,175,223,214,250,216,3,64,110,112,108,103,0,111,113,102,142,113
20191,A,골목상권,3110001,이북5도청사,467,241,226,1,31,72,120,124,119,0,14,35,64,60,68,1,17,37,56,64,51
20191,A,골목상권,3110013,체부동홍종문가옥,2098,1085,1013,8,325,542,510,401,312,3,136,287,251,207,201,5,189,255,259,194,111
20191,A,골목상권,3110309,대광초등학교,2773,1558,1215,9,383,624,725,588,444,0,159,345,434,339,281,9,224,279,291,249,163
20191,A,골목상권,3110023,서울대병원,14276,5065,9211,21,3512,5012,2979,2036,716,7,827,1541,1219,1014,457,14,2685,3471,1760,1022,259
20191,A,골목상권,3110014,경복고등학교,2130,1293,837,2,361,559,406,669,133,1,181,293,219,516,83,1,180,266,187,153,50
20191,A,골목상권,3110021,성균관대학교,2568,1318,1250,10,525,686,603,465,279,4,208,318,326,286,176,6,317,368,277,179,103
20191,A,골목상권,3110020,서울국제고등학교,2085,1058,1027,5,335,545,527,461,212,2,110,238,295,261,152,3,225,307,232,200,60
20191,A,골목상권,3110051,한양공고앞 교차로,3155,1520,1635,12,477,710,789,766,401,2,195,362,381,369,211,10,282,348,408,397,190
20191,A,골목상권,3110039,회현역 1번,23283,11622,11661,86,3863,8536,7011,3385,402,36,1333,3913,3432,2649,259,50,2530,4623,3579,736,143
20191,A,골목상권,3110539,미근동,38583,20343,18240,88,6305,12128,11083,7366,1613,17,2181,6079,5724,5260,1082,71,4124,6049,5359,2106,531
20191,A,골목상권,3110589,애오개역 3번,1109,452,657,1,164,320,311,211,102,0,33,104,145,107,63,1,131,216,166,104,39
20191,A,골목상권,3110533,충정로역 7번,9179,5938,3241,8,1649,3198,2162,1258,904,2,891,2004,1548,838,655,6,758,1194,614,420,249
20191,A,골목상권,3110042,남산골공원옆,5549,3369,2180,33,953,1358,1530,1227,448,17,508,848,1015,690,291,16,445,510,515,537,157
20191,A,골목상권,3110075,숙대입구역 1번,16025,6209,9816,207,7281,3375,2261,1794,1107,44,1284,1994,1459,803,625,163,5997,1381,802,991,482
20191,A,골목상권,3110063,효창공원앞역 5번,5661,3542,2119,18,760,1714,1543,901,725,8,420,1211,982,504,417,10,340,503,561,397,308
20191,A,골목상권,3110061,효창동주민센터,2578,1496,1082,4,334,600,717,587,336,0,122,333,452,344,245,4,212,267,265,243,91
20191,A,골목상권,3110080,해방촌예술마을,1751,855,896,3,271,429,507,382,159,2,80,185,300,210,78,1,191,244,207,172,81
20191,A,골목상권,3110073,삼각지역 3번,15432,5717,9715,128,3715,4474,4159,1962,994,53,1293,1445,1281,992,653,75,2422,3029,2878,970,341
20191,A,골목상권,3110102,옥수역 6번,1381,590,791,7,277,318,333,275,171,2,98,133,134,119,104,5,179,185,199,156,67
20191,A,골목상권,3110117,성동구보건소,3479,1992,1487,4,420,859,915,852,429,2,215,552,565,442,216,2,205,307,350,410,213
20191,A,골목상권,3110116,청계천박물관,9791,6325,3466,15,985,2107,2347,2906,1431,13,514,1380,1639,1869,910,2,471,727,708,1037,521
20191,A,골목상권,3110128,성원중학교,34305,13537,20768,154,5130,7785,10628,10056,552,113,3352,5616,3305,838,313,41,1778,2169,7323,9218,239
20191,A,골목상권,3110132,성수2가3동주민센터,9271,5233,4038,47,1835,2580,2405,1602,802,15,731,1471,1410,1014,592,32,1104,1109,995,588,210
20191,A,골목상권,3110136,경수초등학교,53156,25315,27841,203,9119,12759,14833,13591,2651,141,5517,9048,6164,2885,1560,62,3602,3711,8669,10706,1091
20191,A,골목상권,3110140,건대입구역 6번,8106,4948,3158,47,1742,2048,1772,1513,984,29,982,1363,1094,831,649,18,760,685,678,682,335
20191,A,골목상권,3110130,답십리역 6번,3614,1884,1730,13,553,879,888,740,541,5,260,485,444,345,345,8,293,394,444,395,196
20191,A,골목상권,3110209,답십리 장령당공원,1524,888,636,2,175,312,398,385,252,0,85,183,232,212,176,2,90,129,166,173,76
20191,A,골목상권,3110178,장로회신학대학교,1561,846,715,9,166,342,421,374,249,8,68,180,235,180,175,1,98,162,186,194,74
20191,A,골목상권,3110159,구의역 4번,7934,4179,3755,27,1173,1740,1757,1759,1478,8,430,796,896,1002,1047,19,743,944,861,757,431
20191,A,골목상권,3110169,성동초등학교,4467,2789,1678,22,536,962,1154,1006,787,10,281,570,767,626,535,12,255,392,387,380,252
20191,A,골목상권,3110143,뚝섬유원지역 1번,992,484,508,3,128,199,268,223,171,1,41,92,127,104,119,2,87,107,141,119,52
20191,A,골목상권,3110202,전농1동주민센터(전농시장),1071,503,568,15,232,211,245,217,151,7,115,109,121,91,60,8,117,102,124,126,91
20191,A,골목상권,3110215,회기역 1번,1561,781,780,5,251,319,342,312,332,1,90,169,152,139,230,4,161,150,190,173,102
20191,A,골목상권,3110220,외대앞역 1번,2601,1363,1238,6,305,581,756,660,293,4,96,288,386,403,186,2,209,293,370,257,107
20191,A,골목상권,3110214,경희대후문,4866,2645,2221,8,563,1222,1436,1125,512,3,164,523,798,766,391,5,399,699,638,359,121
20191,A,골목상권,3110231,장안교,1357,934,423,2,253,293,342,239,228,1,170,211,228,162,162,1,83,82,114,77,66
20191,A,골목상권,3110216,전농중학교,1536,632,904,2,199,410,409,368,148,1,53,161,177,156,84,1,146,249,232,212,64
20191,A,골목상권,3110206,텃골근린공원,1418,645,773,17,249,281,375,330,166,8,111,132,186,138,70,9,138,149,189,192,96
20191,A,골목상권,3110190,고대앞사거리,2407,1198,1209,13,446,578,626,495,249,2,187,321,316,247,125,11,259,257,310,248,124
20191,A,골목상권,3110274,서일대학교,2789,1461,1328,5,308,435,695,802,544,2,107,186,368,461,337,3,201,249,327,341,207
20191,A,골목상권,3110270,혜원여고,1264,654,610,3,111,190,306,362,292,1,24,83,150,203,193,2,87,107,156,159,99
20191,A,골목상권,3110268,망우3동주민센터,1702,942,760,1,128,257,373,481,462,0,44,126,197,243,332,1,84,131,176,238,130
20191,A,골목상권,3110264,면목역 2번,2542,1167,1375,7,281,437,655,761,401,3,98,202,342,322,200,4,183,235,313,439,201
20191,A,골목상권,3110256,면목2동체육관,5023,2717,2306,13,615,1127,1444,1175,649,6,268,692,726,589,436,7,347,435,718,586,213
20191,A,골목상권,3110247,먹골역 1번,2482,1171,1311,7,374,546,624,590,341,2,129,260,289,287,204,5,245,286,335,303,137
20191,A,골목상권,3110429,공릉동 국수거리,8205,4171,4034,28,899,1393,1718,1986,2181,14,394,838,938,909,1078,14,505,555,780,1077,1103
20191,A,골목상권,3110305,보문역 5번,2683,1438,1245,15,418,539,671,604,436,4,159,298,370,335,272,11,259,241,301,269,164
20191,A,골목상권,3110421,석계역 1번,1423,735,688,7,195,236,344,351,290,1,68,124,156,193,193,6,127,112,188,158,97
20191,A,골목상권,3110378,송중동주민센터,1274,559,715,4,135,247,374,285,229,2,49,108,156,114,130,2,86,139,218,171,99
20191,A,골목상권,3110325,장곡초등학교,892,431,461,4,98,147,245,228,170,3,29,70,115,113,101,1,69,77,130,115,69
20191,A,골목상권,3110290,북한산보국문역 1번,844,430,414,2,117,121,207,226,171,1,35,51,107,137,99,1,82,70,100,89,72
20191,A,골목상권,3110284,정릉북한산국립공원입구,795,669,126,1,20,83,246,314,131,0,5,67,213,268,116,1,15,16,33,46,15
20191,A,골목상권,3110320,KB국민은행 종암동지점,1272,528,744,3,216,302,320,283,148,1,68,134,131,109,85,2,148,168,189,174,63
20191,A,골목상권,3110365,미아역 5번,2350,1034,1316,7,275,434,514,611,509,5,85,188,218,246,292,2,190,246,296,365,217
20191,A,골목상권,3110372,강북중학교,2258,922,1336,4,459,487,512,545,251,3,95,215,219,252,138,1,364,272,293,293,113
20191,A,골목상권,3110348,강북문화예술회관,1440,603,837,2,122,248,368,412,288,1,36,122,171,150,123,1,86,126,197,262,165
20191,A,골목상권,3110382,솔밭공원역 1번,1053,395,658,2,134,160,249,321,187,1,27,59,85,101,122,1,107,101,164,220,65
20191,A,골목상권,3110406,도봉산역 1번,1717,1184,533,2,91,197,433,631,363,2,37,119,275,481,270,0,54,78,158,150,93
20191,A,골목상권,3110412,창동중학교,1597,1228,369,3,78,132,258,577,549,0,30,58,153,459,528,3,48,74,105,118,21
20191,A,골목상권,3110394,방학중학교,1603,676,927,2,167,275,409,399,351,2,60,130,177,143,164,0,107,145,232,256,187
20191,A,골목상권,3110409,창동역 2번,3912,1979,1933,9,516,1014,1020,986,367,7,169,497,520,561,225,2,347,517,500,425,142
20191,A,골목상권,3110419,수락산디자인거리,3910,2309,1601,11,307,602,905,884,1201,6,139,351,470,474,869,5,168,251,435,410,332
20191,A,골목상권,3110436,상계제일중학교,1499,561,938,10,142,276,370,418,283,3,45,114,142,145,112,7,97,162,228,273,171
20191,A,골목상권,3110440,상계3동4동주민센터,418,174,244,1,47,82,127,107,54,0,13,48,47,37,29,1,34,34,80,70,25
20191,A,골목상권,3110427,노원 을지대학교병원,2095,774,1321,10,535,509,455,390,196,8,130,168,163,180,125,2,405,341,292,210,71
20191,A,골목상권,3110454,선정중학교,2288,1298,990,2,178,368,511,890,339,0,42,142,254,626,234,2,136,226,257,264,105
20191,A,골목상권,3110447,구산초등학교,1439,1010,429,2,47,90,258,644,398,0,19,32,162,533,264,2,28,58,96,111,134
20191,A,골목상권,3110479,연신내역 2번,1689,653,1036,6,232,311,448,392,300,4,68,122,183,142,134,2,164,189,265,250,166
20191,A,골목상권,3110461,새절역 2번,1687,825,862,4,238,330,377,397,341,2,97,158,180,184,204,2,141,172,197,213,137
20191,A,골목상권,3110469,응암정보도서관,3154,1551,1603,7,305,540,796,886,620,3,101,218,344,463,422,4,204,322,452,423,198
20191,A,골목상권,3110449,증산역 3번,2060,1177,883,5,196,360,529,569,401,3,79,181,293,347,274,2,117,179,236,222,127
20191,A,골목상권,3110501,연희어린이공원,2082,1236,846,7,447,603,459,332,234,0,200,385,303,192,156,7,247,218,156,140,78
20191,A,골목상권,3110543,중암중학교,1310,968,342,1,64,105,239,463,438,1,23,50,142,344,408,0,41,55,97,119,30
20191,A,골목상권,3110584,아현역 4번,998,375,623,3,166,252,270,183,124,0,31,78,110,79,77,3,135,174,160,104,47
20191,A,골목상권,3110514,서대문우체국,6211,3196,3015,34,1304,1294,1696,1408,475,19,758,803,836,553,227,15,546,491,860,855,248
20191,A,골목상권,3110564,홍대입구역 3번,6283,3293,2990,39,1549,1835,1577,868,415,13,686,1035,905,411,243,26,863,800,672,457,172
20191,A,골목상권,3110526,봉원사,430,208,222,0,95,123,98,89,25,0,28,56,57,53,14,0,67,67,41,36,11
20191,A,골목상권,3110513,연희파출소,2083,1180,903,2,404,506,467,408,296,1,182,310,269,228,190,1,222,196,198,180,106
20191,A,골목상권,3110512,연희지하차도,3678,1710,1968,3,416,862,951,973,473,2,143,316,406,567,276,1,273,546,545,406,197
20191,A,골목상권,3110515,홍은중학교,563,347,216,1,81,153,168,117,43,0,26,91,111,85,34,1,55,62,57,32,9
20191,A,골목상권,3110574,서강대학교,1393,736,657,5,189,310,385,306,198,1,65,162,222,155,131,4,124,148,163,151,67
20191,A,골목상권,3110540,망원나들목체육관,836,510,326,0,98,174,212,206,146,0,45,111,142,106,106,0,53,63,70,100,40
20191,A,골목상권,3110547,KB국민은행 망원동지점,6465,3658,2807,36,1147,1264,1428,1356,1234,27,522,719,802,655,933,9,625,545,626,701,301
20191,A,골목상권,3110559,성산중학교,6995,3882,3113,44,2036,2080,1487,908,440,22,785,1212,957,610,296,22,1251,868,530,298,144
20191,A,골목상권,3110568,광흥창역 1번,1984,1061,923,11,354,507,462,348,302,3,104,263,297,217,177,8,250,244,165,131,125
20191,A,골목상권,3110624,목동문화체육센터,445,201,244,2,36,79,150,107,71,2,20,35,56,56,32,0,16,44,94,51,39
20191,A,골목상권,3110628,신목동역,1940,1278,662,4,297,660,549,289,141,1,121,446,393,205,112,3,176,214,156,84,29
20191,A,골목상권,3110618,강서고등학교,2557,1208,1349,3,266,490,631,662,505,3,111,227,292,295,280,0,155,263,339,367,225
20191,A,골목상권,3110672,백석중학교,1194,490,704,7,155,248,321,321,142,5,42,92,138,139,74,2,113,156,183,182,68
20191,A,골목상권,3110601,신월1동우편취급국,2979,1808,1171,4,255,491,736,938,555,3,126,299,433,574,373,1,129,192,303,364,182
20191,A,골목상권,3110596,서서울호수공원,1984,1100,884,3,171,328,526,587,369,2,78,165,250,341,264,1,93,163,276,246,105
20191,A,골목상권,3110647,화곡역 5번,4129,1846,2283,19,608,858,1047,971,626,9,163,383,485,451,355,10,445,475,562,520,271
20191,A,골목상권,3110592,서울금융고등학교,2963,1965,998,1,179,351,510,690,1232,0,47,139,246,420,1113,1,132,212,264,270,119
20191,A,골목상권,3110615,신서초등학교,2901,1579,1322,10,337,647,802,665,440,1,143,334,466,372,263,9,194,313,336,293,177
20191,A,골목상권,3110625,신정2동주민센터,3314,1678,1636,38,596,839,766,709,366,32,336,467,338,304,201,6,260,372,428,405,165
20191,A,골목상권,3110614,목동로데오거리,3968,1744,2224,16,612,831,969,905,635,9,191,383,463,362,336,7,421,448,506,543,299
20191,A,골목상권,3110629,송정역 4번,1418,793,625,5,169,258,337,364,285,1,72,159,175,211,175,4,97,99,162,153,110
20191,A,골목상권,3110663,우장산롯데캐슬아파트앞,3860,2027,1833,12,719,899,977,824,429,5,272,469,573,436,272,7,447,430,404,388,157
20191,A,골목상권,3110636,방화역 2번,2349,1008,1341,5,285,459,570,582,448,0,107,232,273,202,194,5,178,227,297,380,254
20191,A,골목상권,3110659,화곡역 4번,2820,1007,1813,8,418,662,769,591,372,2,97,248,295,191,174,6,321,414,474,400,198
20191,A,골목상권,3110662,까치산역 1번,2605,973,1632,13,334,508,669,657,424,7,100,220,254,193,199,6,234,288,415,464,225
20191,A,골목상권,3110717,남구로역 2번,25345,14487,10858,210,5072,6379,5816,4902,2966,136,2565,4278,3750,2198,1560,74,2507,2101,2066,2704,1406
20191,A,골목상권,3110712,남구로역 5번,1777,715,1062,4,200,335,478,431,329,3,61,151,185,156,159,1,139,184,293,275,170
20191,A,골목상권,3110690,오류2동버들시장,3792,1627,2165,17,415,729,908,1018,705,10,128,322,346,383,438,7,287,407,562,635,267
20191,A,골목상권,3110709,구로119안전센터,3693,1097,2596,1,1045,1093,675,592,287,0,195,355,246,178,123,1,850,738,429,414,164
20191,A,골목상권,3110720,대림역 2번,2908,1614,1294,4,308,526,788,808,474,3,97,227,413,535,339,1,211,299,375,273,135
20191,A,골목상권,3110715,구로구민회관,5073,2561,2512,11,561,1212,1277,1307,705,10,200,535,590,796,430,1,361,677,687,511,275
20191,A,골목상권,3110680,온수역 5번(온수산업단지),1850,1386,464,7,209,357,364,511,402,7,114,248,252,398,367,0,95,109,112,113,35
20191,A,골목상권,3110686,수궁동주민센터,1519,893,626,2,139,258,357,431,332,0,53,131,221,254,234,2,86,127,136,177,98
20191,A,골목상권,3110707,구로창업지원센터,3254,2040,1214,9,347,618,776,887,617,7,182,353,464,587,447,2,165,265,312,300,170
20191,A,골목상권,3110728,두산초등학교,6271,4118,2153,21,750,1390,1610,1631,869,8,458,986,1001,1029,636,13,292,404,609,602,233
20191,A,골목상권,3110770,영등포구청역 6번,6903,3402,3501,16,833,1444,1643,1453,1514,5,340,762,826,678,791,11,493,682,817,775,723
20191,A,골목상권,3110786,당산역 8번,9419,5854,3565,53,1126,1574,2076,2311,2279,22,641,1102,1348,1298,1443,31,485,472,728,1013,836
20191,A,골목상권,3110797,KT대방빌딩,1694,539,1155,2,587,427,341,228,109,0,106,158,100,96,79,2,481,269,241,132,30
20191,A,골목상권,3110757,양평역 2번,4330,2607,1723,17,649,1098,1066,804,696,12,320,716,614,455,490,5,329,382,452,349,206
20191,A,골목상권,3110812,신길6동주민센터,3044,1548,1496,8,358,581,659,657,781,6,129,289,311,308,505,2,229,292,348,349,276
20191,A,골목상권,3110821,보라매역 2번,4887,2744,2143,43,630,1038,1119,1038,1019,6,231,633,666,564,644,37,399,405,453,474,375
20191,A,골목상권,3110760,선유도역 6번,21968,14287,7681,59,3909,7478,6336,3204,982,17,1965,5065,4385,2142,713,42,1944,2413,1951,1062,269
20191,A,골목상권,3110834,동작구자원봉사센터,928,380,548,1,116,156,214,258,183,0,42,83,90,92,73,1,74,73,124,166,110
20191,A,골목상권,3110833,상도역 2번,1787,825,962,5,213,367,467,507,228,2,69,164,222,255,113,3,144,203,245,252,115
20191,A,골목상권,3110831,상도4동주민센터,958,454,504,0,94,191,259,274,140,0,46,79,118,128,83,0,48,112,141,146,57
20191,A,골목상권,3110881,구립대학경로당(관악산샘말공원),2649,1462,1187,10,322,523,694,698,402,5,136,288,390,404,239,5,186,235,304,294,163
20191,A,골목상권,3110884,봉천역 4번(봉천110안전센터),3285,1577,1708,3,450,636,766,836,594,3,140,316,370,393,355,0,310,320,396,443,239
20191,A,골목상권,3110876,서원동주민센터(신관중학교),1024,491,533,1,167,202,209,214,231,1,60,90,95,83,162,0,107,112,114,131,69
20191,A,골목상권,3110894,관악동부센트레빌아파트(은천로35라길),667,306,361,2,85,128,147,143,162,1,32,61,56,66,90,1,53,67,91,77,72
20191,A,골목상권,3110917,서초소방서,2631,1756,875,5,382,788,728,491,237,1,172,535,520,357,171,4,210,253,208,134,66
20191,A,골목상권,3110915,서래초등학교,2528,1650,878,6,395,884,629,354,260,3,159,637,440,224,187,3,236,247,189,130,73
20191,A,골목상권,3110913,방현초등학교(방배119안전센터),7673,3830,3843,28,1282,1748,1479,1696,1440,10,467,1028,993,738,594,18,815,720,486,958,846
20191,A,골목상권,3110923,방배역 1번,4367,2467,1900,57,979,1087,832,678,734,8,363,632,541,367,556,49,616,455,291,311,178
20191,A,골목상권,3110911,방배배수지체육공원,5394,2659,2735,15,674,1030,915,1425,1335,8,281,599,619,602,550,7,393,431,296,823,785
20191,A,골목상권,3110914,내방역 6번,6957,3758,3199,31,1233,1707,1894,1352,740,11,540,973,1006,667,561,20,693,734,888,685,179
20191,A,골목상권,3110935,한전아트센터,5687,3977,1710,16,1083,1565,1445,876,702,7,610,1117,1063,647,533,9,473,448,382,229,169
20191,A,골목상권,3110943,법제교육센터(버들어린이공원),10203,5329,4874,30,1302,2263,2694,2346,1568,18,561,1335,1444,1058,913,12,741,928,1250,1288,655
20191,A,골목상권,3110950,논현역 7번,16452,8367,8085,55,3947,5727,4088,1720,915,13,1349,3036,2409,977,583,42,2598,2691,1679,743,332
20191,A,골목상권,3110980,개포지구대옆,8336,4537,3799,13,1101,2053,1666,1461,2042,6,499,1346,969,725,992,7,602,707,697,736,1050
20191,A,골목상권,3110978,도곡2동주민센터(대치중학교),5783,3091,2692,25,844,1253,1037,957,1667,11,413,778,654,531,704,14,431,475,383,426,963
20191,A,골목상권,3110965,언주역 6번,21413,12333,9080,76,4504,5703,4762,3603,2765,35,1951,3486,3312,1983,1566,41,2553,2217,1450,1620,1199
20191,A,골목상권,3110991,삼성중앙역 5번,21702,12589,9113,47,4992,7940,5589,2360,774,18,1910,4282,4010,1843,526,29,3082,3658,1579,517,248
20191,A,골목상권,3110995,봉은사역 4번,19336,13922,5414,39,3742,5747,4053,3270,2485,13,2432,4288,3068,2248,1873,26,1310,1459,985,1022,612
20191,A,골목상권,3110988,청담역 3번,5152,2570,2582,29,1152,1656,1119,778,418,8,376,861,638,426,261,21,776,795,481,352,157
20191,A,골목상권,3111002,한국교통안전공단 강남자동차검사소,666,394,272,0,36,149,207,162,112,0,19,88,120,93,74,0,17,61,87,69,38
20191,A,골목상권,3110979,청담초등학교,7731,2351,5380,53,3013,2652,1200,530,283,13,709,842,405,211,171,40,2304,1810,795,319,112
20191,A,골목상권,3111008,석촌고분역 3번,4341,2478,1863,10,605,978,1115,1025,608,5,240,571,711,566,385,5,365,407,404,459,223
20191,A,골목상권,3111044,남천초등학교,2520,1325,1195,9,274,430,643,727,437,4,116,225,313,372,295,5,158,205,330,355,142
20191,A,골목상권,3111020,방이동고분군(방산고등학교),1515,876,639,0,118,250,377,366,404,0,53,118,210,191,304,0,65,132,167,175,100
20191,A,골목상권,3111015,석촌역 3번,8705,4741,3964,27,1164,1907,1977,1932,1698,10,486,1082,1106,992,1065,17,678,825,871,940,633
20191,A,골목상권,3111007,석촌고분역 4번,3553,2095,1458,10,525,876,902,785,455,6,268,538,566,417,300,4,257,338,336,368,155
20191,A,골목상권,3111010,석촌역 7번,8297,4734,3563,41,1444,1770,1665,1495,1882,11,545,1038,929,733,1478,30,899,732,736,762,404
20191,A,골목상권,3111034,오동나무공원(송파레미니스1단지),3696,2216,1480,11,429,808,982,996,470,1,206,545,630,542,292,10,223,263,352,454,178
20191,A,골목상권,3111088,고덕동성당,613,264,349,1,49,80,129,172,182,0,21,47,53,83,60,1,28,33,76,89,122
20191,A,골목상권,3111068,강동성심병원,4468,2057,2411,13,1017,1219,995,753,471,7,312,527,521,383,307,6,705,692,474,370,164
20191,A,골목상권,3111075,굽은다리역 2번,2920,1350,1570,13,352,544,647,699,665,9,123,238,293,306,381,4,229,306,354,393,284
20191,A,골목상권,3111060,암사역 2번(서울강동초등학교),4424,1905,2519,10,548,894,1122,1130,720,6,222,423,482,408,364,4,326,471,640,722,356
20191,A,골목상권,3111057,천호공원(해공체육문화센터),1979,754,1225,4,301,401,485,526,262,2,80,158,181,179,154,2,221,243,304,347,108
20191,A,골목상권,3111049,천호지구대(천호동자전거거리),3353,1659,1694,7,466,659,775,747,699,3,160,323,380,341,452,4,306,336,395,406,247
20191,A,골목상권,3110038,경향신문사,39519,21493,18026,89,7780,13148,11157,6845,500,13,2365,6579,6541,5607,388,76,5415,6569,4616,1238,112
20191,A,골목상권,3110037,신설동역 12번,4308,2178,2130,14,357,613,781,926,1617,3,143,315,389,402,926,11,214,298,392,524,691
20191,A,골목상권,3110028,이화달팽이길,7303,3841,3462,30,1238,1955,1840,1444,796,13,435,943,1060,865,525,17,803,1012,780,579,271
20191,A,골목상권,3110019,창덕궁,7177,3521,3656,48,2493,1822,1388,794,632,13,815,882,850,488,473,35,1678,940,538,306,159
20191,A,골목상권,3110022,경신고등학교,2741,1460,1281,8,409,604,699,622,399,3,128,297,387,372,273,5,281,307,312,250,126
20191,A,골목상권,3110043,충무초등학교,11137,6407,4730,45,1637,2950,2994,2295,1216,22,605,1530,1835,1559,856,23,1032,1420,1159,736,360
20191,A,골목상권,3110050,약수역 7번,3386,1448,1938,22,738,835,779,574,438,11,236,346,358,254,243,11,502,489,421,320,195
20191,A,골목상권,3110047,다산성곽길,9862,4687,5175,71,3196,2660,1787,1321,827,32,1149,1300,1059,675,472,39,2047,1360,728,646,355
20191,A,골목상권,3110041,남산케이블카,11060,5482,5578,27,2148,4177,2622,1322,764,8,653,2171,1561,659,430,19,1495,2006,1061,663,334
20191,A,골목상권,3110587,공덕동주민센터,6468,3005,3463,20,1280,1679,1834,1197,458,5,443,763,850,650,294,15,837,916,984,547,164
20191,A,골목상권,3110089,서빙고동주민센터,1334,760,574,3,161,425,386,217,142,0,70,227,213,134,116,3,91,198,173,83,26
20191,A,골목상권,3110090,한국폴리텍대학서울정수캠퍼스,1904,986,918,9,465,492,376,297,265,0,189,241,194,174,188,9,276,251,182,123,77
20191,A,골목상권,3110093,우사단길,7328,3520,3808,20,1784,2359,1661,966,538,7,614,1163,932,530,274,13,1170,1196,729,436,264
20191,A,골목상권,3110081,해방촌 남동측,1196,633,563,6,207,315,257,226,185,4,116,181,133,102,97,2,91,134,124,124,88
20191,A,골목상권,3110071,한강미주맨션아파트,833,394,439,0,127,214,227,141,124,0,27,88,116,77,86,0,100,126,111,64,38
20191,A,골목상권,3110086,이태원역 북측,5059,2861,2198,29,1323,1385,825,647,850,11,724,832,452,344,498,18,599,553,373,303,352
20191,A,골목상권,3110588,한겨레신문사,1835,959,876,0,211,398,535,468,223,0,54,184,312,287,122,0,157,214,223,181,101
20191,A,골목상권,3110076,삼각지역 14번,2453,1336,1117,6,239,588,630,599,391,3,95,311,355,320,252,3,144,277,275,279,139
20191,A,골목상권,3110108,성동구립금호도서관,729,270,459,0,91,169,201,159,109,0,19,60,64,56,71,0,72,109,137,103,38
20191,A,골목상권,3110103,옥수터널,793,335,458,6,155,208,170,151,103,1,50,89,75,61,59,5,105,119,95,90,44
20191,A,골목상권,3110119,마장지하차도,2141,1346,795,2,227,538,621,479,274,1,127,365,396,294,163,1,100,173,225,185,111
20191,A,골목상권,3110114,왕십리파출소,1983,913,1070,0,272,426,453,555,277,0,109,226,259,208,111,0,163,200,194,347,166
20191,A,골목상권,3110142,화양사거리,4716,2778,1938,12,807,1096,1139,985,677,6,386,696,703,518,469,6,421,400,436,467,208
20191,A,골목상권,3110147,능동우편취급국,4256,2420,1836,6,620,1061,1124,897,548,4,279,641,686,507,303,2,341,420,438,390,245
20191,A,골목상권,3110113,응봉산,339,132,207,1,42,72,84,84,56,1,12,24,16,31,48,0,30,48,68,53,8
20191,A,골목상권,3110174,아차산역 1번,2590,1237,1353,10,294,409,615,704,558,4,105,197,275,321,335,6,189,212,340,383,223
20191,A,골목상권,3110153,중곡1동주민센터,4313,2388,1925,5,426,823,1052,1159,848,3,189,498,650,614,434,2,237,325,402,545,414
20191,A,골목상권,3110225,촬영소사거리,2367,1349,1018,2,318,514,582,556,395,1,178,300,324,310,236,1,140,214,258,246,159
20191,A,골목상권,3110185,용두초등학교,11381,5695,5686,18,1500,3131,3649,2348,735,2,613,1873,1839,1002,366,16,887,1258,1810,1346,369
20191,A,골목상권,3110230,장안현대홈타운1차아파트,4370,2206,2164,31,639,1035,1157,906,602,11,221,514,625,462,373,20,418,521,532,444,229
20191,A,골목상권,3110208,시조사삼거리,1539,783,756,8,189,357,384,411,190,5,60,185,218,204,111,3,129,172,166,207,79
20191,A,골목상권,3110261,사가정역 4번,2220,974,1246,7,359,454,509,572,319,1,104,169,223,251,226,6,255,285,286,321,93
20191,A,골목상권,3110259,사가정역 1번,2705,1300,1405,8,422,572,697,680,326,0,112,238,371,377,202,8,310,334,326,303,124
20191,A,골목상권,3110241,먹골역 5번,3108,1649,1459,9,345,571,669,694,820,3,124,286,348,347,541,6,221,285,321,347,279
20191,A,골목상권,3110257,상봉역 7번,2369,1394,975,6,311,341,437,724,550,4,98,153,233,472,434,2,213,188,204,252,116
20191,A,골목상권,3110267,망우역 2번,3162,1480,1682,12,389,544,722,893,602,7,128,241,311,416,377,5,261,303,411,477,225
20191,A,골목상권,3110233,중랑역 1번,1879,1004,875,16,357,369,440,437,260,10,146,180,238,255,175,6,211,189,202,182,85
20191,A,골목상권,3110310,길음역 10번,1406,529,877,8,137,223,355,352,331,2,32,106,134,106,149,6,105,117,221,246,182
20191,A,골목상권,3110303,성신여대입구역 1번,3737,1580,2157,12,832,851,832,728,482,3,213,389,402,337,236,9,619,462,430,391,246
20191,A,골목상권,3110300,삼선동주민센터,8656,4287,4369,39,1469,1931,2049,2066,1102,11,461,913,1088,1219,595,28,1008,1018,961,847,507
20191,A,골목상권,3110331,돌곶이역 8번,1654,753,901,7,227,337,472,383,228,1,82,152,225,162,131,6,145,185,247,221,97
20191,A,골목상권,3110330,돌곶이역 1번,1349,675,674,6,167,280,347,346,203,0,70,138,185,155,127,6,97,142,162,191,76
20191,A,골목상권,3110281,길상사,466,214,252,1,86,93,91,117,78,0,32,40,42,57,43,1,54,53,49,60,35
20191,A,골목상권,3110361,삼양사거리역 1번,1309,596,713,5,136,240,337,341,250,4,49,119,145,154,125,1,87,121,192,187,125
20191,A,골목상권,3110379,KT&G 북부지사,1661,1179,482,3,103,197,388,687,283,2,50,105,251,540,231,1,53,92,137,147,52
20191,A,골목상권,3110393,국민은행방학지점,986,375,611,3,92,150,245,244,252,3,24,55,103,79,111,0,68,95,142,165,141
20191,A,골목상권,3110345,솔밭공원역 2번,1230,465,765,2,140,206,296,369,217,1,28,85,99,115,137,1,112,121,197,254,80
20191,A,골목상권,3110407,도봉역 2번,3228,1797,1431,6,233,598,773,910,708,4,88,245,391,554,515,2,145,353,382,356,193
20191,A,골목상권,3110402,도봉구 정병원,2585,1357,1228,10,332,439,602,724,478,6,132,273,328,362,256,4,200,166,274,362,222
20191,A,골목상권,3110390,방학초등학교,1802,673,1129,3,162,301,448,509,379,3,56,118,181,156,159,0,106,183,267,353,220
20191,A,골목상권,3110391,샘말어린이공원,1091,503,588,0,110,196,246,336,203,0,42,88,106,129,138,0,68,108,140,207,65
20191,A,골목상권,3110442,화랑대철도공원,344,117,227,2,39,62,90,108,43,2,15,26,24,28,22,0,24,36,66,80,21
20191,A,골목상권,3110426,상계2동주민센터,3073,1255,1818,6,396,560,744,843,524,4,132,245,300,320,254,2,264,315,444,523,270
20191,A,골목상권,3110417,월계역 3번,1276,589,687,5,163,191,337,394,186,5,70,105,156,177,76,0,93,86,181,217,110
20191,A,골목상권,3110472,연신내역 4번,2879,1124,1755,28,517,597,736,613,388,13,146,257,293,221,194,15,371,340,443,392,194
20191,A,골목상권,3110462,갈현건영아파트,1031,520,511,6,129,198,253,268,177,2,74,105,107,121,111,4,55,93,146,147,66
20191,A,골목상권,3110473,구산역 1번,3167,1246,1921,13,438,628,802,759,527,7,127,274,345,264,229,6,311,354,457,495,298
20191,A,골목상권,3110455,역촌노인복지관,2580,1268,1312,7,283,456,601,657,576,3,117,224,282,295,347,4,166,232,319,362,229
20191,A,골목상권,3110486,은평구청,5168,2408,2760,14,526,1055,1387,1346,840,6,193,396,580,701,532,8,333,659,807,645,308
20191,A,골목상권,3110444,수색성당,1306,820,486,5,129,234,281,341,316,2,46,118,161,219,274,3,83,116,120,122,42
20191,A,골목상권,3110446,내를건너서숲으로도서관,778,351,427,0,54,87,170,202,265,0,22,39,74,100,116,0,32,48,96,102,149
20191,A,골목상권,3110493,북가좌초등학교,1805,1283,522,4,122,210,370,550,549,4,38,110,232,413,486,0,84,100,138,137,63
20191,A,골목상권,3110572,서강대역 1번,5496,2741,2755,27,964,1327,1313,1051,814,9,321,659,731,535,486,18,643,668,582,516,328
20191,A,골목상권,3110575,대흥동주민센터,3966,2066,1900,9,614,1039,923,905,476,4,212,508,514,538,290,5,402,531,409,367,186
20191,A,골목상권,3110509,연희대우아파트앞,5421,2816,2605,21,1229,1591,1419,815,346,2,544,889,800,374,207,19,685,702,619,441,139
20191,A,골목상권,3110516,정원여중,1237,606,631,0,213,275,318,311,120,0,60,126,171,167,82,0,153,149,147,144,38
20191,A,골목상권,3110522,홍제역 3번,1545,611,934,3,221,338,401,363,219,2,59,124,152,142,132,1,162,214,249,221,87
20191,A,골목상권,3110586,서울서부지방법원,16139,8453,7686,43,2828,4343,3795,3503,1627,10,1110,2444,2224,1786,879,33,1718,1899,1571,1717,748
20191,A,골목상권,3110578,대흥역 2번,8633,5857,2776,90,1376,2232,2247,1624,1064,35,872,1587,1670,980,713,55,504,645,577,644,351
20191,A,골목상권,3110565,홍익대,6299,3955,2344,29,1544,1697,1345,976,708,11,687,1092,951,691,523,18,857,605,394,285,185
20191,A,골목상권,3110560,마포FM,7733,4132,3601,27,1577,2079,1746,1450,854,14,591,1182,1152,803,390,13,986,897,594,647,464
20191,A,골목상권,3110552,성미산체육관,3832,2094,1738,9,650,921,952,814,486,4,240,514,580,452,304,5,410,407,372,362,182
20191,A,골목상권,3110627,신정롯데캐슬아파트,2246,948,1298,8,296,429,606,548,359,3,94,176,244,216,215,5,202,253,362,332,144
20191,A,골목상권,3110675,화곡4동주민센터,2246,979,1267,2,249,479,569,608,339,2,82,221,237,250,187,0,167,258,332,358,152
20191,A,골목상권,3110602,신월시영아파트중문,2583,1597,986,7,164,289,555,828,740,5,58,166,267,530,571,2,106,123,288,298,169
20191,A,골목상권,3110616,양목초등학교,3255,1646,1609,9,377,704,892,787,486,1,138,341,486,385,295,8,239,363,406,402,191
20191,A,골목상권,3110701,고척동성당,1787,926,861,5,184,283,403,428,484,0,67,152,193,221,293,5,117,131,210,207,191
20191,A,골목상권,3110634,송정역 3번,3916,2427,1489,9,422,781,1040,986,678,1,181,442,649,634,520,8,241,339,391,352,158
20191,A,골목상권,3110637,송정역 2번,2347,1479,868,5,222,399,564,630,527,0,93,203,345,416,422,5,129,196,219,214,105
20191,A,골목상권,3110631,방화초등학교,2503,1381,1122,3,295,463,612,582,548,0,117,256,322,309,377,3,178,207,290,273,171
20191,A,골목상권,3110641,공항고등학교,1650,686,964,8,131,258,373,393,487,5,55,138,181,161,146,3,76,120,192,232,341
20191,A,골목상권,3110642,정곡초등학교,629,447,182,2,29,83,164,184,167,0,15,40,112,141,139,2,14,43,52,43,28
20191,A,골목상권,3110678,염창무학아파트,1849,1274,575,13,268,469,389,422,288,12,168,352,255,265,222,1,100,117,134,157,66
20191,A,골목상권,3110703,개봉역,3075,1537,1538,14,378,532,821,793,537,9,153,266,378,395,336,5,225,266,443,398,201
20191,A,골목상권,3110696,오류동역 1번,1026,439,587,6,154,169,278,256,163,4,39,55,115,119,107,2,115,114,163,137,56
20191,A,골목상권,3110692,큰굴다리,1275,664,611,8,195,232,303,315,222,4,114,140,127,142,137,4,81,92,176,173,85
20191,A,골목상권,3110702,개봉초등학교,4772,2544,2228,3,167,309,458,712,3123,0,47,118,184,299,1896,3,120,191,274,413,1227
20191,A,골목상권,3110705,고산초등학교,2261,1283,978,2,279,441,461,502,576,0,107,249,244,229,454,2,172,192,217,273,122
20191,A,골목상권,3110714,구로4동주민센터,6618,2982,3636,6,1355,1742,1447,1424,644,2,325,715,682,823,435,4,1030,1027,765,601,209
20191,A,골목상권,3110740,금천해태공원,3692,1512,2180,6,489,592,749,833,1023,4,188,313,325,297,385,2,301,279,424,536,638
20191,A,골목상권,3110738,문성초등학교,3134,1548,1586,10,468,622,791,808,435,6,178,306,395,393,270,4,290,316,396,415,165
20191,A,골목상권,3110854,조원동주민센터,3608,2609,999,6,268,543,575,730,1486,2,140,328,346,443,1350,4,128,215,229,287,136
20191,A,골목상권,3110742,KT금천빌딩(금천구시설관리공단),1667,960,707,2,192,338,457,444,234,1,98,198,243,257,163,1,94,140,214,187,71
20191,A,골목상권,3110748,백산초등학교,1836,980,856,3,206,401,517,486,223,1,93,238,280,236,132,2,113,163,237,250,91
20191,A,골목상권,3110734,금천파출소,3272,1461,1811,30,1003,1071,563,395,210,10,430,560,207,139,115,20,573,511,356,256,95
20191,A,골목상권,3110764,문래역 3번,4792,2614,2178,10,652,1080,991,925,1134,4,291,651,595,498,575,6,361,429,396,427,559
20191,A,골목상권,3110796,한림대학교한강성심병원,7039,4989,2050,10,786,1202,1389,1316,2336,7,357,764,949,973,1939,3,429,438,440,343,397
20191,A,골목상권,3110773,당산역 13번,6852,4256,2596,37,952,1213,1336,1348,1966,16,532,833,831,748,1296,21,420,380,505,600,670
20191,A,골목상권,3110775,대동초등학교,1203,579,624,1,113,251,336,302,200,1,39,117,165,155,102,0,74,134,171,147,98
20191,A,골목상권,3110798,신풍역 2번,1099,427,672,1,110,202,283,294,209,0,34,89,99,108,97,1,76,113,184,186,112
20191,A,골목상권,3110795,도림초등학교,1970,871,1099,3,209,410,471,494,383,1,66,198,239,203,164,2,143,212,232,291,219
20191,A,골목상권,3110802,신길동홍어거리,1402,599,803,2,131,303,336,332,298,1,47,142,151,157,101,1,84,161,185,175,197
20191,A,골목상권,3110759,문래예술촌(문래창작촌),27379,15100,12279,128,5373,7191,6992,4690,3005,48,2277,3989,3946,2775,2065,80,3096,3202,3046,1915,940
20191,A,골목상권,3110817,대방역 4번,4144,2067,2077,6,680,885,953,866,754,1,241,428,521,418,458,5,439,457,432,448,296
20191,A,골목상권,3110805,신길새마을금고신길4동지점,1072,505,567,1,151,224,258,250,188,1,61,116,123,107,97,0,90,108,135,143,91
20191,A,골목상권,3110791,신풍역 3번,879,420,459,1,111,149,189,239,190,0,63,91,88,94,84,1,48,58,101,145,106
20191,A,골목상권,3110820,성남고등학교,2020,1026,994,5,217,406,470,603,319,4,94,198,214,311,205,1,123,208,256,292,114
20191,A,골목상권,3110828,노량진역 6번,7487,4104,3383,15,946,2358,1898,1520,750,5,414,1202,1083,914,486,10,532,1156,815,606,264
20191,A,골목상권,3110840,중앙대학교,5096,2284,2812,6,1094,1424,1200,972,400,3,276,530,614,585,276,3,818,894,586,387,124
20191,A,골목상권,3110826,장승배기역 4번,2576,1084,1492,15,395,481,612,574,499,6,156,240,258,218,206,9,239,241,354,356,293
20191,A,골목상권,3110903,방배아이파크아파트,4358,2344,2014,11,485,839,1066,1092,865,7,202,542,619,508,466,4,283,297,447,584,399
20191,A,골목상권,3110845,사당종합체육관,211,94,117,0,16,27,56,42,70,0,5,11,19,15,44,0,11,16,37,27,26
20191,A,골목상권,3110909,남태령역(서울전자고등학교),4004,1995,2009,5,1154,1737,843,205,60,0,304,874,620,151,46,5,850,863,223,54,14
20191,A,골목상권,3110836,상도역 5번,2397,1153,1244,10,438,516,593,463,377,3,195,252,288,227,188,7,243,264,305,236,189
20191,A,골목상권,3110818,신대방역 3번,2751,1859,892,8,448,706,748,502,339,7,289,522,515,307,219,1,159,184,233,195,120
20191,A,골목상권,3110900,낙성대역 1번(관악구민 종합체육센터),3402,1868,1534,18,538,771,728,640,707,9,188,400,359,359,553,9,350,371,369,281,154
20191,A,골목상권,3110874,원신초등학교(구세군관악영문교회),1085,468,617,1,116,232,256,275,205,0,35,104,126,91,112,1,81,128,130,184,93
20191,A,골목상권,3110879,신림현대아파트,1468,803,665,2,138,201,355,408,364,2,54,101,186,220,240,0,84,100,169,188,124
20191,A,골목상권,3110861,관악구신사동주민센터,3635,1806,1829,6,413,733,857,942,684,0,133,394,420,444,415,6,280,339,437,498,269
20191,A,골목상권,3110877,신림역 8번,4013,1740,2273,19,859,919,902,820,494,8,277,412,420,334,289,11,582,507,482,486,205
20191,A,골목상권,3110896,관악우성아파트,1944,919,1025,7,304,395,446,403,389,2,115,215,243,181,163,5,189,180,203,222,226
20191,A,골목상권,3110926,신중초등학교,12031,7604,4427,37,2375,3986,3256,1611,766,12,969,2548,2412,1114,549,25,1406,1438,844,497,217
20191,A,골목상권,3110929,남부터미널역 1번,19633,11838,7795,67,4061,5864,4906,2944,1791,25,1633,3542,3428,1909,1301,42,2428,2322,1478,1035,490
20191,A,골목상권,3110960,은광여고,12498,8045,4453,75,2293,3629,2924,1885,1692,39,1138,2371,2111,1272,1114,36,1155,1258,813,613,578
20191,A,골목상권,3110934,우면주공아파트,3419,2397,1022,3,337,532,627,1074,846,0,144,368,474,762,649,3,193,164,153,312,197
20191,A,골목상권,3110938,바우뫼공원,7713,5075,2638,37,1353,2379,1847,1241,856,20,676,1642,1386,797,554,17,677,737,461,444,302
20191,A,골목상권,3110940,양재근린공원(양재2동주민센터),7238,4552,2686,27,1155,1923,1825,1350,958,5,532,1188,1184,888,755,22,623,735,641,462,203
20191,A,골목상권,3110955,논현초등학교,18009,10079,7930,77,4520,5208,3873,2349,1982,26,1735,3025,2584,1424,1285,51,2785,2183,1289,925,697
20191,A,골목상권,3110966,논현2동주민센터,28357,15867,12490,102,5879,8843,6622,4107,2804,22,2099,4841,4488,2683,1734,80,3780,4002,2134,1424,1070
20191,A,골목상권,3110963,역삼월드메르디앙아파트,13252,7502,5750,44,2594,3825,3187,2052,1550,12,910,2097,2116,1309,1058,32,1684,1728,1071,743,492
20191,A,골목상권,3110998,은곡마을(은곡마을공원),1049,601,448,1,197,267,208,191,185,0,83,132,106,118,162,1,114,135,102,73,23
20191,A,골목상권,3111001,아래방죽마을공원(율현초등학교),458,168,290,1,59,116,136,86,60,1,10,39,43,38,37,0,49,77,93,48,23
20191,A,골목상권,3110962,도산공원북측,7125,3279,3846,56,2401,2604,1184,521,359,15,857,1312,674,238,183,41,1544,1292,510,283,176
20191,A,골목상권,3110958,역삼역 4번,22939,13983,8956,80,5124,7512,5308,3356,1559,30,2207,4654,3859,2153,1080,50,2917,2858,1449,1203,479
20191,A,골목상권,3110985,청담근린공원,10136,5419,4717,76,2423,3312,2237,1355,733,16,828,1798,1458,807,512,60,1595,1514,779,548,221
20191,A,골목상권,3111009,송파책박물관,1910,1164,746,7,240,372,458,512,321,3,90,231,305,328,207,4,150,141,153,184,114
20191,A,골목상권,3111026,문정역 2번,15216,9339,5877,51,2572,3984,3896,2932,1781,11,1166,2507,2513,1800,1342,40,1406,1477,1383,1132,439
20191,A,골목상권,3111019,한성백제역 3번,5494,3123,2371,15,755,1348,1377,1189,810,9,300,754,813,707,540,6,455,594,564,482,270
20191,A,골목상권,3111014,송파나루역 2번,5964,3416,2548,28,896,1349,1430,1391,870,18,435,850,861,682,570,10,461,499,569,709,300
20191,A,골목상권,3111005,삼전역 3번,4787,2751,2036,15,635,982,990,1154,1011,5,281,603,577,601,684,10,354,379,413,553,327
20191,A,골목상권,3111006,석촌고분역 1번,7491,4328,3163,19,963,1531,1570,1580,1828,8,418,881,874,737,1410,11,545,650,696,843,418
20191,A,골목상권,3111076,둔촌2동주민센터,4201,2274,1927,7,670,1042,867,896,719,3,258,551,493,497,472,4,412,491,374,399,247
20191,A,골목상권,3111063,강동구립 천호도서관,3140,1842,1298,11,317,821,859,664,468,5,123,490,541,367,316,6,194,331,318,297,152
20191,A,골목상권,3111069,천호1동주민센터,1851,788,1063,5,183,428,487,502,246,5,70,180,190,217,126,0,113,248,297,285,120
20191,A,골목상권,3111086,한영중고,1348,780,568,3,115,266,333,432,199,1,54,136,179,284,126,2,61,130,154,148,73
20191,A,골목상권,3111066,암사동성당(효정하나플러스아파트),1699,835,864,3,125,375,424,470,302,3,44,184,191,246,167,0,81,191,233,224,135
20191,A,골목상권,3110009,자하문터널,1335,787,548,3,288,395,341,209,99,3,86,233,253,142,70,0,202,162,88,67,29
20191,A,골목상권,3110531,홍지문,687,257,430,2,111,201,165,130,78,2,29,81,75,39,31,0,82,120,90,91,47
20194,A,골목상권,3110221,의릉,731,443,288,0,69,158,210,196,98,0,28,92,111,132,80,0,41,66,99,64,18
20191,A,골목상권,3110182,용두희망어린이공원,3509,1881,1628,9,518,818,938,698,528,0,214,431,553,363,320,9,304,387,385,335,208
20191,A,골목상권,3110030,동대문역 3번,2480,962,1518,8,394,569,669,508,332,2,120,220,222,209,189,6,274,349,447,299,143
20191,A,골목상권,3110016,평창동동측,800,315,485,2,136,210,174,132,146,1,26,83,91,48,66,1,110,127,83,84,80
20191,A,골목상권,3110049,장충단 고개,9444,4809,4635,71,2482,2591,1907,1485,908,33,959,1441,1121,737,518,38,1523,1150,786,748,390
20191,A,골목상권,3110074,서울역 12번,37515,18663,18852,351,13138,11662,7584,3292,1488,90,4462,6873,4674,1652,912,261,8676,4789,2910,1640,576
20191,A,골목상권,3110067,배문고등학교,7142,3824,3318,27,1174,1714,1473,1469,1285,18,392,778,842,795,999,9,782,936,631,674,286
20191,A,골목상권,3110077,삼광초등학교,3412,2098,1314,14,442,850,882,838,386,6,232,597,607,418,238,8,210,253,275,420,148
20191,A,골목상권,3110094,오산중학교,485,238,247,0,37,94,154,120,80,0,11,45,81,50,51,0,26,49,73,70,29
20191,A,골목상권,3110087,이태원엔틱가구거리,4177,2366,1811,15,754,1098,944,876,490,8,402,586,485,576,309,7,352,512,459,300,181
20191,A,골목상권,3110078,이촌동점보아파트,918,411,507,3,108,163,228,193,223,1,38,59,68,85,160,2,70,104,160,108,63
20191,A,골목상권,3110097,한남초등학교,3334,2090,1244,14,713,1224,787,401,195,7,328,783,554,279,139,7,385,441,233,122,56
20191,A,골목상권,3110101,옥정중학교,911,369,542,4,190,212,216,176,113,1,65,81,74,74,74,3,125,131,142,102,39
20191,A,골목상권,3110105,금동어린이공원,1140,448,692,6,176,243,255,254,206,2,51,103,108,86,98,4,125,140,147,168,108
20191,A,골목상권,3110124,뚝섬역교차로,6564,3670,2894,21,1464,1803,1521,1079,676,9,434,1012,956,717,542,12,1030,791,565,362,134
20191,A,골목상권,3110172,광진초등학교,2735,1403,1332,21,352,545,595,700,522,8,131,272,308,361,323,13,221,273,287,339,199
20191,A,골목상권,3110156,군자역 5번,5675,2578,3097,20,1183,1312,1245,1187,728,9,509,668,579,424,389,11,674,644,666,763,339
20191,A,골목상권,3110167,용마초등학교,4650,2365,2285,9,548,956,1178,1124,835,3,227,490,597,546,502,6,321,466,581,578,333
20191,A,골목상권,3110162,군자역 4번,3818,2018,1800,8,545,877,992,812,584,3,238,459,524,425,369,5,307,418,468,387,215
20191,A,골목상권,3110157,자양동우체국,1600,751,849,4,221,318,388,359,310,1,77,158,174,162,179,3,144,160,214,197,131
20191,A,골목상권,3110218,답십리사거리,1842,879,963,8,240,371,451,464,308,8,81,173,225,213,179,0,159,198,226,251,129
20191,A,골목상권,3110226,장안1동주민센터,9237,4978,4259,28,1280,2019,2197,2065,1648,11,533,1110,1277,1108,939,17,747,909,920,957,709
20191,A,골목상권,3110227,답십리공원,2274,1027,1247,3,270,453,624,596,328,0,125,239,276,238,149,3,145,214,348,358,179
20191,A,골목상권,3110187,제기동역 6번,8644,5245,3399,21,1581,2517,2047,1401,1077,3,670,1496,1363,951,762,18,911,1021,684,450,315
20191,A,골목상권,3110317,종암중학교,1050,456,594,1,186,233,276,240,114,0,68,108,114,96,70,1,118,125,162,144,44
20191,A,골목상권,3110222,회기역 2번,987,498,489,6,135,187,207,161,291,2,47,84,102,73,190,4,88,103,105,88,101
20191,A,골목상권,3110269,용마문화복지센터,1973,1148,825,1,228,288,459,600,397,0,95,131,281,368,273,1,133,157,178,232,124
20191,A,골목상권,3110265,망우역 1번,4668,2440,2228,19,659,815,932,1276,967,8,208,336,448,730,710,11,451,479,484,546,257
20191,A,골목상권,3110252,장안제일시장,1542,883,659,1,145,281,367,445,303,0,47,151,204,261,220,1,98,130,163,184,83
20191,A,골목상권,3110258,면동초등학교,2162,890,1272,6,340,479,544,529,264,3,71,194,228,227,167,3,269,285,316,302,97
20191,A,골목상권,3110294,서경대학교,2681,1501,1180,4,324,440,641,791,481,1,97,207,345,498,353,3,227,233,296,293,128
20191,A,골목상권,3110377,미아사거리역 3번,1978,893,1085,9,332,498,494,380,265,5,139,255,208,155,131,4,193,243,286,225,134
20191,A,골목상권,3110373,수유역 2번,4505,2207,2298,19,658,902,999,1093,834,8,224,512,500,547,416,11,434,390,499,546,418
20191,A,골목상권,3110297,경동고등학교,7572,3737,3835,24,963,1670,1868,1971,1076,14,334,762,945,1114,568,10,629,908,923,857,508
20191,A,골목상권,3110332,돌곶이역 3번,2853,1813,1040,4,261,346,455,573,1214,0,97,168,241,326,981,4,164,178,214,247,233
20191,A,골목상권,3110364,미아역 8번,2110,967,1143,5,297,441,536,510,321,4,97,188,256,245,177,1,200,253,280,265,144
20191,A,골목상권,3110358,인수동 우편취급국,2844,1457,1387,4,308,430,599,816,687,1,114,245,297,383,417,3,194,185,302,433,270
20191,A,골목상권,3110354,삼각산119안전센터,877,302,575,2,123,191,266,176,119,0,24,72,86,63,57,2,99,119,180,113,62
20191,A,골목상권,3110353,수유동우체국,1242,518,724,10,131,210,324,349,218,4,47,110,135,126,96,6,84,100,189,223,122
20191,A,골목상권,3110405,방학역 1번,3112,1643,1469,16,386,547,717,834,612,8,163,281,360,440,391,8,223,266,357,394,221
20191,A,골목상권,3110386,연산군묘,335,204,131,0,22,33,62,120,98,0,6,14,32,67,85,0,16,19,30,53,13
20191,A,골목상권,3110437,당고개역 2번,2299,1497,802,3,127,229,547,839,554,2,43,126,337,590,399,1,84,103,210,249,155
20191,A,골목상권,3110441,영신여고,1094,421,673,0,87,238,300,302,167,0,25,73,112,112,99,0,62,165,188,190,68
20191,A,골목상권,3110432,대진고등학교,2867,1211,1656,10,607,692,674,627,257,8,168,274,285,328,148,2,439,418,389,299,109
20191,A,골목상권,3110467,은평요양병원,1152,562,590,5,163,219,288,296,181,1,82,111,123,139,106,4,81,108,165,157,75
20191,A,골목상권,3110457,예일여고,3403,1597,1806,11,308,518,807,1199,560,4,81,213,362,642,295,7,227,305,445,557,265
20191,A,골목상권,3110460,구산역 4번,3862,1870,1992,8,384,593,931,1270,676,5,111,277,435,701,341,3,273,316,496,569,335
20191,A,골목상권,3110456,구산보건지소,1989,846,1143,9,214,369,499,539,359,2,80,148,216,196,204,7,134,221,283,343,155
20191,A,골목상권,3110490,녹번동근린공원,4794,2405,2389,9,492,1034,1341,1309,609,4,185,442,632,767,375,5,307,592,709,542,234
20191,A,골목상권,3110468,응암역 3번,4596,2187,2409,15,584,895,1095,1116,891,8,206,438,538,499,498,7,378,457,557,617,393
20191,A,골목상권,3110484,역촌역 3번,2940,1286,1654,8,326,526,813,799,468,3,116,218,375,337,237,5,210,308,438,462,231
20191,A,골목상권,3110481,불광역 7번,2428,935,1493,11,300,481,622,614,400,3,114,201,254,202,161,8,186,280,368,412,239
20191,A,골목상권,3110452,새절역 3번,1963,979,984,4,225,339,402,483,510,1,97,167,208,235,271,3,128,172,194,248,239
20191,A,골목상권,3110475,백련산해모로아파트,1370,604,766,12,205,294,364,283,212,4,79,148,150,104,119,8,126,146,214,179,93
20191,A,골목상권,3110471,응암동우체국,1654,658,996,4,229,306,450,398,267,2,79,122,171,158,126,2,150,184,279,240,141
20191,A,골목상권,3110495,북가좌2동주민센터,2904,1394,1510,10,334,550,779,761,470,4,133,275,388,346,248,6,201,275,391,415,222
20191,A,골목상권,3110492,하나고등학교,425,123,302,0,34,66,80,140,105,0,13,31,31,27,21,0,21,35,49,113,84
20191,A,골목상권,3110553,가좌역 2번,2952,1858,1094,7,313,477,532,574,1049,3,100,243,269,323,920,4,213,234,263,251,129
20191,A,골목상권,3110532,아현역 2번,2680,1478,1202,3,297,458,523,692,707,0,82,179,288,408,521,3,215,279,235,284,186
20191,A,골목상권,3110569,홍대땡땡거리,8129,3998,4131,41,1878,1892,2112,1567,639,21,903,1068,1056,633,317,20,975,824,1056,934,322
20191,A,골목상권,3110583,공덕래미안3차아파트,10862,6037,4825,19,1776,3095,2518,2591,863,3,723,1833,1632,1357,489,16,1053,1262,886,1234,374
20191,A,골목상권,3110554,망원역 1번,10949,5751,5198,65,2419,2944,2456,1651,1414,31,1018,1530,1426,766,980,34,1401,1414,1030,885,434
20191,A,골목상권,3110548,마포구청역 4번,4520,2635,1885,16,682,966,1150,960,746,10,256,529,725,583,532,6,426,437,425,377,214
20191,A,골목상권,3110545,마포구청역 1번,7164,3009,4155,11,710,1209,1344,2121,1769,5,252,497,712,872,671,6,458,712,632,1249,1098
20191,A,골목상권,3110619,목4동주민센터,1323,679,644,3,156,199,289,314,362,3,63,97,148,153,215,0,93,102,141,161,147
20191,A,골목상권,3110622,달마을공원,2492,1361,1131,5,278,597,798,621,193,0,91,286,525,351,108,5,187,311,273,270,85
20191,A,골목상권,3110656,까치산역 3번,3526,1818,1708,10,384,663,808,1049,612,7,178,371,450,500,312,3,206,292,358,549,300
20191,A,골목상권,3110651,화원중학교,2232,944,1288,7,240,467,601,563,354,5,82,210,252,224,171,2,158,257,349,339,183
20191,A,골목상권,3110644,신광명마을,1482,1050,432,5,84,216,322,467,388,3,38,119,201,345,344,2,46,97,121,122,44
20191,A,골목상권,3110694,세곡초등학교,1378,569,809,4,133,241,390,433,177,4,47,99,133,188,98,0,86,142,257,245,79
20191,A,골목상권,3110706,그라운드 고척,2564,1346,1218,5,309,494,626,666,464,3,107,287,358,357,234,2,202,207,268,309,230
20191,A,골목상권,3110668,화곡2동주민센터,2568,1044,1524,4,297,507,667,684,409,2,102,246,264,226,204,2,195,261,403,458,205
20191,A,골목상권,3110732,가산초등학교(세일중학교),3918,2315,1603,6,502,767,954,1040,649,3,239,453,540,610,470,3,263,314,414,430,179
20191,A,골목상권,3110710,남구로역 3번,23677,13797,9880,70,5795,7471,5435,3204,1702,43,2578,4535,3553,1922,1166,27,3217,2936,1882,1282,536
20191,A,골목상권,3110693,오류동역 4번,1747,925,822,16,224,259,358,459,431,10,128,146,140,187,314,6,96,113,218,272,117
20191,A,골목상권,3110691,개봉중학교,1060,400,660,3,127,176,264,313,177,2,39,78,85,110,86,1,88,98,179,203,91
20191,A,골목상권,3110853,KT구로지사,3902,1973,1929,10,541,807,934,930,680,4,201,412,488,438,430,6,340,395,446,492,250
20191,A,골목상권,3110778,구로디지털단지역 4번,12133,6720,5413,48,2992,3644,2776,1570,1103,26,1113,2244,1723,920,694,22,1879,1400,1053,650,409
20191,A,골목상권,3110719,영서중학교,18534,9838,8696,173,3683,4745,4081,3711,2141,104,1844,2964,2472,1480,974,69,1839,1781,1609,2231,1167
20191,A,골목상권,3110685,금강수목원아파트,1121,803,318,0,116,158,258,317,272,0,55,103,184,222,239,0,61,55,74,95,33
20191,A,골목상권,3110731,금천구청역 1번 출입구,7419,3272,4147,35,1327,1896,1435,1418,1308,11,554,890,580,679,558,24,773,1006,855,739,750
20191,A,골목상권,3110743,시흥초등학교(시흥1동우체국),2486,807,1679,4,413,447,566,676,380,3,106,174,205,180,139,1,307,273,361,496,241
20191,A,골목상권,3110747,석수역 1번 출입구,1245,870,375,6,93,211,350,371,214,1,60,138,227,268,176,5,33,73,123,103,38
20191,A,골목상권,3110774,당산반도유보라팰리스아파트,20581,10905,9676,136,4891,5816,4824,3058,1856,50,1864,3125,2524,1929,1413,86,3027,2691,2300,1129,443
20191,A,골목상권,3110771,대림역 11번,1426,714,712,1,148,309,419,361,188,1,45,148,193,204,123,0,103,161,226,157,65
20191,A,골목상권,3110799,영등포본동주민센터,1098,618,480,3,98,197,263,250,287,2,41,121,144,149,161,1,57,76,119,101,126
20191,A,골목상권,3110758,문래소공원,13070,8687,4383,35,2599,3145,2807,2018,2466,13,1428,2073,1825,1371,1977,22,1171,1072,982,647,489
20191,A,골목상권,3110810,영신초등학교,3443,1783,1660,4,330,633,813,890,773,4,116,310,439,455,459,0,214,323,374,435,314
20191,A,골목상권,3110808,신길역 1번,1820,980,840,16,284,409,320,372,419,11,136,239,169,170,255,5,148,170,151,202,164
20191,A,골목상권,3110800,영등포동성당,6274,4016,2258,5,815,1347,1461,1417,1229,3,333,803,1012,1035,830,2,482,544,449,382,399
20191,A,골목상권,3110852,이수역 9번,3890,2088,1802,8,619,994,1114,688,467,3,253,547,625,346,314,5,366,447,489,342,153
20191,A,골목상권,3110907,방배초등학교,7461,4278,3183,23,1388,1915,1872,1211,1052,14,578,1087,1135,755,709,9,810,828,737,456,343
20191,A,골목상권,3110839,숭실대입구역 4번,2425,1231,1194,10,317,570,647,589,292,4,121,256,305,335,210,6,196,314,342,254,82
20191,A,골목상권,3110842,흑리단길,958,383,575,2,114,185,251,236,170,1,39,72,92,83,96,1,75,113,159,153,74
20191,A,골목상권,3110895,샤로수길,10406,6002,4404,45,1593,2395,2313,2360,1700,14,721,1363,1284,1438,1182,31,872,1032,1029,922,518
20191,A,골목상권,3110893,관악소방서(문영여고),2119,1575,544,1,299,666,486,479,188,0,193,509,362,378,133,1,106,157,124,101,55
20191,A,골목상권,3110899,낙성대역 5번(관악중학교),3198,1885,1313,18,566,864,691,556,503,9,229,539,433,305,370,9,337,325,258,251,133
20191,A,골목상권,3110897,서울대입구역 8번,4637,2222,2415,17,778,989,1061,947,845,4,281,489,523,441,484,13,497,500,538,506,361
20191,A,골목상권,3110862,난곡초등학교(난곡동벽화마을),1083,399,684,5,186,226,276,255,135,1,45,82,116,91,64,4,141,144,160,164,71
20191,A,골목상권,3110946,청계산원터골,367,230,137,1,66,88,95,70,47,1,32,60,66,40,31,0,34,28,29,30,16
20191,A,골목상권,3110868,남부초등학교,1786,820,966,2,234,336,405,464,345,1,100,177,181,189,172,1,134,159,224,275,173
20191,A,골목상권,3110880,신림역 1번,2548,968,1580,8,653,604,506,483,294,3,173,235,221,174,162,5,480,369,285,309,132
20191,A,골목상권,3110901,인헌고등학교(인헌중학교),1493,637,856,6,205,347,405,348,182,2,55,167,166,142,105,4,150,180,239,206,77
20191,A,골목상권,3110919,내방역 8번,7077,3763,3314,22,1463,2086,1801,1079,626,9,508,1094,1080,638,434,13,955,992,721,441,192
20191,A,골목상권,3110916,내방역 4번,10985,5332,5653,31,2027,2785,3074,2030,1038,18,842,1497,1449,843,683,13,1185,1288,1625,1187,355
20191,A,골목상권,3110910,내방역 5번,7015,3875,3140,23,1039,1551,1951,1426,1025,11,449,913,998,732,772,12,590,638,953,694,253
20191,A,골목상권,3110933,한국상담대학원대학교,4147,2923,1224,12,797,1402,1078,588,270,8,426,1004,842,438,205,4,371,398,236,150,65
20191,A,골목상권,3110925,서초중학교,9422,5643,3779,69,2453,2903,2016,1132,849,34,1056,1810,1352,740,651,35,1397,1093,664,392,198
20191,A,골목상권,3110937,방아다리근린공원(횃불트리니티신학대학원대학교),8460,5400,3060,27,1533,2565,1983,1395,957,10,731,1693,1444,914,608,17,802,872,539,481,349
20191,A,골목상권,3110939,양재역 8번(양재동우체국),32926,18655,14271,149,6348,8993,7025,5526,4885,56,2725,5554,4367,3095,2858,93,3623,3439,2658,2431,2027
20191,A,골목상권,3110971,선정릉역 4번,30506,18029,12477,102,5746,8496,7236,4806,4120,46,2342,5280,4994,3001,2366,56,3404,3216,2242,1805,1754
20191,A,골목상권,3110973,강남구청역 4번,12958,6575,6383,26,2063,3583,3243,2631,1412,10,667,1774,1797,1423,904,16,1396,1809,1446,1208,508
20191,A,골목상권,3110992,도곡초등학교,8335,3823,4512,34,1626,2335,2045,1426,869,14,465,1032,1036,709,567,20,1161,1303,1009,717,302
20191,A,골목상권,3110996,대치2동주민센터,8661,5224,3437,24,1570,2693,2288,1335,751,7,617,1655,1601,827,517,17,953,1038,687,508,234
20191,A,골목상권,3110990,청담역 12번,8859,5524,3335,27,1561,2740,2348,1202,981,12,607,1691,1803,823,588,15,954,1049,545,379,393
20191,A,골목상권,3111000,대왕초등학교(세곡동사거리서남측),298,107,191,0,34,78,81,51,54,0,8,14,18,20,47,0,26,64,63,31,7
20191,A,골목상권,3110967,역삼역 8번,45232,29501,15731,234,9530,13083,10994,8305,3086,92,4939,9616,8198,4924,1732,142,4591,3467,2796,3381,1354
20191,A,골목상권,3111023,문정역 1번,11411,7156,4255,30,2244,3395,3053,1724,965,14,1080,2179,2087,1082,714,16,1164,1216,966,642,251
20191,A,골목상권,3111043,마천공원,2661,1695,966,10,325,502,612,771,441,8,177,333,373,488,316,2,148,169,239,283,125
20191,A,골목상권,3111039,벌말어린이공원,3201,1906,1295,8,394,750,826,857,366,3,207,494,492,504,206,5,187,256,334,353,160
20191,A,골목상권,3111032,방이역 1번,10122,6465,3657,13,557,1060,1198,1378,5916,7,247,657,715,689,4150,6,310,403,483,689,1766
20191,A,골목상권,3111051,천호역 6번,6186,2716,3470,36,1450,1640,1395,1030,635,12,505,815,645,404,335,24,945,825,750,626,300
20191,A,골목상권,3111090,강일동주민센터,1437,924,513,8,130,244,384,468,203,5,49,126,232,353,159,3,81,118,152,115,44
20191,A,골목상권,3111074,명일역 1번,1520,727,793,2,151,288,351,404,324,1,52,129,147,204,194,1,99,159,204,200,130
20191,A,골목상권,3111058,성내중학교,2343,1265,1078,4,234,489,621,635,360,2,101,275,319,327,241,2,133,214,302,308,119
20191,A,골목상권,3110006,부암동주민센터,274,96,178,2,60,80,52,48,32,2,13,27,19,20,15,0,47,53,33,28,17
20191,A,골목상권,3110003,세검정초등학교,1225,546,679,3,162,278,296,249,237,2,59,111,139,123,112,1,103,167,157,126,125
20191,A,골목상권,3110035,동묘앞역 2번,4685,2365,2320,8,406,674,889,1030,1678,5,165,344,424,445,982,3,241,330,465,585,696
20191,A,골목상권,3110280,북정마을,528,221,307,1,81,108,120,153,65,0,24,37,50,75,35,1,57,71,70,78,30
20191,A,골목상권,3110283,성북초등학교앞,1700,826,874,6,276,391,485,336,206,2,91,179,243,182,129,4,185,212,242,154,77
20191,A,골목상권,3110052,장충초등학교,6383,3557,2826,21,1429,1861,1441,1078,553,10,614,1136,896,574,327,11,815,725,545,504,226
20191,A,골목상권,3110110,상왕십리역 6번,2664,1464,1200,2,351,560,597,645,509,0,120,327,381,365,271,2,231,233,216,280,238
20191,A,골목상권,3110057,황학코아루아파트,3715,1821,1894,13,720,982,777,768,455,4,299,507,417,353,241,9,421,475,360,415,214
20191,A,골목상권,3110069,숙대입구,6505,3310,3195,64,1381,1695,1531,1151,683,34,485,800,811,685,495,30,896,895,720,466,188
20191,A,골목상권,3110058,성심여자고등학교,7584,5054,2530,54,1116,2159,1955,1190,1110,33,620,1498,1377,788,738,21,496,661,578,402,372
20191,A,골목상권,3110091,리움미술관,5078,2668,2410,20,1307,1974,980,415,382,10,556,1041,631,233,197,10,751,933,349,182,185
20191,A,골목상권,3110107,금호사거리,858,327,531,4,105,185,193,199,172,2,28,71,80,65,81,2,77,114,113,134,91
20191,A,골목상권,3110111,대현산장미원,116,52,64,0,18,25,35,26,12,0,4,12,14,11,11,0,14,13,21,15,1
20191,A,골목상권,3110104,신금호역 4번,1211,461,750,3,183,269,279,285,192,1,50,104,103,99,104,2,133,165,176,186,88
20191,A,골목상권,3110150,중곡1동 마을마당,5003,2858,2145,11,557,1045,1207,1218,965,5,236,660,760,671,526,6,321,385,447,547,439
20191,A,골목상권,3110148,어린이대공원역 3번,832,418,414,6,174,214,176,168,94,3,77,132,82,69,55,3,97,82,94,99,39
20191,A,골목상권,3110154,광진정말공원,2461,1171,1290,5,310,502,594,596,454,1,113,244,267,280,266,4,197,258,327,316,188
20191,A,골목상권,3110146,신자초등학교,1626,749,877,2,160,322,458,393,291,1,59,145,205,167,172,1,101,177,253,226,119
20191,A,골목상권,3110189,제기동역 1번,4196,2363,1833,10,674,903,926,837,846,3,259,461,495,509,636,7,415,442,431,328,210
20191,A,골목상권,3110186,종암초등학교,1329,727,602,4,206,268,365,274,212,0,92,143,212,140,140,4,114,125,153,134,72
20191,A,골목상권,3110205,경희대삼거리,2242,990,1252,10,355,525,490,477,385,3,135,265,223,185,179,7,220,260,267,292,206
20191,A,골목상권,3110207,시립대앞사거리,1892,945,947,31,443,421,422,323,252,16,197,208,207,151,166,15,246,213,215,172,86
20191,A,골목상권,3110194,홍파초등학교,2231,1278,953,7,188,406,606,624,400,5,110,250,362,331,220,2,78,156,244,293,180
20191,A,골목상권,3110200,동대문경찰서,1758,1189,569,2,236,456,412,396,256,2,144,335,301,261,146,0,92,121,111,135,110
20191,A,골목상권,3110193,고려대역 4번,1481,817,664,1,199,374,337,383,187,1,85,234,178,208,111,0,114,140,159,175,76
20191,A,골목상권,3110275,하나은행 망우동지점,2340,1157,1183,14,292,392,509,622,511,3,67,158,240,332,357,11,225,234,269,290,154
20191,A,골목상권,3110279,신내역 2번,791,616,175,2,84,153,200,197,155,1,65,125,152,140,133,1,19,28,48,57,22
20191,A,골목상권,3110243,중랑노인종합복지관,2247,1076,1171,4,241,416,579,615,392,3,73,184,275,293,248,1,168,232,304,322,144
20191,A,골목상권,3110237,메가박스 상봉,4450,2927,1523,20,594,965,1251,1162,458,12,295,598,827,877,318,8,299,367,424,285,140
20191,A,골목상권,3110246,월드순복음교회,2004,921,1083,6,309,428,517,455,289,5,102,196,251,214,153,1,207,232,266,241,136
20191,A,골목상권,3110255,상봉역 4번,5662,2939,2723,19,843,1304,1560,1228,708,10,327,765,768,619,450,9,516,539,792,609,258
20191,A,골목상권,3110266,면목동우체국,2219,1274,945,4,228,325,575,731,356,0,81,152,333,465,243,4,147,173,242,266,113
20191,A,골목상권,3110248,먹골파출소,1325,647,678,5,226,297,311,303,183,3,93,160,140,129,122,2,133,137,171,174,61
20191,A,골목상권,3110276,신내IC북측,1372,1137,235,0,194,358,356,331,133,0,148,300,287,296,106,0,46,58,69,35,27
20191,A,골목상권,3110307,길음역 7번,2078,750,1328,17,273,354,496,527,411,7,59,156,170,167,191,10,214,198,326,360,220
20191,A,골목상권,3110295,정릉우체국,1928,1006,922,7,230,312,470,550,359,3,77,140,213,328,245,4,153,172,257,222,114
20191,A,골목상권,3110314,종암경찰서,2628,1341,1287,9,357,550,675,693,344,3,136,324,370,370,138,6,221,226,305,323,206
20191,A,골목상권,3110293,삼선중학교,5067,2201,2866,27,686,848,934,1003,1569,10,203,446,464,428,650,17,483,402,470,575,919
20191,A,골목상권,3110423,석계역 2번,1609,735,874,8,234,292,458,360,257,3,72,131,212,167,150,5,162,161,246,193,107
20191,A,골목상권,3110329,우리은행체육관,1019,485,534,3,92,170,269,299,186,1,32,83,119,145,105,2,60,87,150,154,81
20191,A,골목상권,3110376,수송초등학교,3035,1380,1655,12,367,534,706,862,554,5,113,256,301,391,314,7,254,278,405,471,240
20191,A,골목상권,3110381,번동주공2단지,1023,488,535,8,147,175,240,266,187,3,53,59,121,127,125,5,94,116,119,139,62
20191,A,골목상권,3110367,강북구청,5330,2606,2724,27,691,1214,1217,1260,921,16,262,569,603,680,476,11,429,645,614,580,445
20191,A,골목상권,3110399,창2동주민센터,1939,891,1048,8,217,350,557,528,279,2,87,154,221,236,191,6,130,196,336,292,88
20191,A,골목상권,3110389,한일병원,2435,1150,1285,5,506,509,537,593,285,3,141,240,256,325,185,2,365,269,281,268,100
20191,A,골목상권,3110363,송천동주민센터,751,300,451,5,106,157,237,157,89,4,30,72,89,59,46,1,76,85,148,98,43
20191,A,골목상권,3110374,송중초등학교,3323,1439,1884,13,310,519,732,770,979,8,107,212,310,356,446,5,203,307,422,414,533
20191,A,골목상권,3110350,가오리역 2번,1603,725,878,2,122,238,359,520,362,1,35,114,162,201,212,1,87,124,197,319,150
20191,A,골목상권,3110343,무너미어린이공원,1114,494,620,9,136,224,300,270,175,3,43,108,127,112,101,6,93,116,173,158,74
20191,A,골목상권,3110383,덕성여대시반거리,1116,354,762,5,232,205,281,273,120,1,28,66,109,95,55,4,204,139,172,178,65
20191,A,골목상권,3110337,아카데미하우스,1340,683,657,2,148,183,280,347,380,1,51,89,150,204,188,1,97,94,130,143,192
20191,A,골목상권,3110341,북한산우이역 2번,482,422,60,2,10,25,76,259,110,0,4,16,57,244,101,2,6,9,19,15,9
20191,A,골목상권,3110410,방학역 2번,5515,2845,2670,25,613,828,1066,1216,1767,11,254,372,462,595,1151,14,359,456,604,621,616
20191,A,골목상권,3110411,도봉역 3번,2841,1483,1358,2,204,540,708,729,658,1,76,227,361,420,398,1,128,313,347,309,260
20191,A,골목상권,3110392,발바닥공원,520,167,353,1,43,87,134,128,127,0,6,26,36,36,63,1,37,61,98,92,64
20191,A,골목상권,3110396,쌍문역1번(쌍리단길),1646,701,945,8,286,360,397,396,199,5,82,152,174,169,119,3,204,208,223,227,80
20191,A,골목상권,3110416,노원초등학교,2011,1019,992,11,205,355,532,561,347,6,88,201,221,277,226,5,117,154,311,284,121
20191,A,골목상권,3110431,상계역,2063,759,1304,5,224,339,504,577,414,1,81,160,193,182,142,4,143,179,311,395,272
20191,A,골목상권,3110464,연신내역 5번,2127,865,1262,13,371,434,540,475,294,7,126,210,216,180,126,6,245,224,324,295,168
20191,A,골목상권,3110488,우리은행응암동지점,4927,2299,2628,14,502,1018,1311,1281,801,6,185,369,550,681,508,8,317,649,761,600,293
20191,A,골목상권,3110443,수색역 1번,866,289,577,6,197,221,198,139,105,2,27,62,94,60,44,4,170,159,104,79,61
20191,A,골목상권,3110453,신사1동주민센터,2248,980,1268,5,347,483,530,541,342,4,125,232,244,218,157,1,222,251,286,323,185
20191,A,골목상권,3110448,상신초등학교입구,427,184,243,0,45,75,143,99,65,0,15,31,52,44,42,0,30,44,91,55,23
20191,A,골목상권,3110459,응암역 2번,2737,1307,1430,3,395,546,613,656,524,3,132,288,293,302,289,0,263,258,320,354,235
20191,A,골목상권,3110504,명지전문대,1176,668,508,2,158,200,289,333,194,2,62,79,158,215,152,0,96,121,131,118,42
20191,A,골목상권,3110507,명지대학교,1923,1104,819,4,235,358,473,550,303,2,92,197,281,326,206,2,143,161,192,224,97
20191,A,골목상권,3110496,모래내우체국,1543,618,925,7,209,318,457,338,214,3,76,138,169,127,105,4,133,180,288,211,109
20191,A,골목상권,3110530,아현역 1번,1129,428,701,3,178,283,313,203,149,0,40,86,121,85,96,3,138,197,192,118,53
20191,A,골목상권,3110562,연트럴파크(연남동주민센터),4338,2419,1919,21,1119,1219,915,619,445,13,532,697,545,338,294,8,587,522,370,281,151
20191,A,골목상권,3110517,서대문소방서,1543,857,686,2,259,410,366,307,199,1,100,261,209,179,107,1,159,149,157,128,92
20191,A,골목상권,3110527,홍제역 2번,2156,768,1388,6,291,377,545,543,394,4,70,127,179,191,197,2,221,250,366,352,197
20191,A,골목상권,3110585,마포경찰서,5102,2896,2206,28,973,1435,1183,878,605,9,479,896,658,555,299,19,494,539,525,323,306
20191,A,골목상권,3110580,양원초등학교,689,297,392,0,142,178,170,105,94,0,39,70,81,56,51,0,103,108,89,49,43
20191,A,골목상권,3110542,마포구청역 7번,3577,2027,1550,13,571,781,892,745,575,8,226,427,528,433,405,5,345,354,364,312,170
20191,A,골목상권,3110557,홍대부속여중고앞,8817,4959,3858,21,1820,2517,2212,1479,768,14,690,1367,1426,943,519,7,1130,1150,786,536,249
20191,A,골목상권,3110549,새터산,4503,2796,1707,5,577,739,905,902,1375,2,204,401,531,517,1141,3,373,338,374,385,234
20191,A,골목상권,3110621,목동역 5번,1458,593,865,10,316,332,335,294,171,4,99,138,149,115,88,6,217,194,186,179,83
20191,A,골목상권,3110612,신정역 5번,4718,2138,2580,19,561,895,1102,1217,924,9,214,446,496,518,455,10,347,449,606,699,469
20191,A,골목상권,3110646,푸른들청소년도서관,4170,1631,2539,16,651,833,986,1025,659,5,166,352,387,391,330,11,485,481,599,634,329
20191,A,골목상권,3110623,갈산공원,782,440,342,6,83,186,198,188,121,4,46,112,94,103,81,2,37,74,104,85,40
20191,A,골목상권,3110660,등촌3동주민센터,13479,6989,6490,61,1963,2622,2825,3673,2335,37,1048,1620,1681,1524,1079,24,915,1002,1144,2149,1256
20191,A,골목상권,3110649,우장산역 1번,2064,769,1295,9,375,483,514,436,247,6,82,184,185,173,139,3,293,299,329,263,108
20191,A,골목상권,3110638,신방화역 2번,5063,2355,2708,12,703,1147,1253,1143,805,2,255,590,641,469,398,10,448,557,612,674,407
20191,A,골목상권,3110664,강서구청옆,5676,3235,2441,9,690,1443,1453,1466,615,4,311,783,846,924,367,5,379,660,607,542,248
20191,A,골목상권,3110729,가산동우체국,3893,2079,1814,16,549,839,942,955,592,9,264,473,536,466,331,7,285,366,406,489,261
20191,A,골목상권,3110689,오류동역 3번,2974,1426,1548,19,421,509,682,754,589,12,185,261,267,307,394,7,236,248,415,447,195
20191,A,골목상권,3110699,덕의초등학교,1376,650,726,4,152,248,347,356,269,1,63,122,137,167,160,3,89,126,210,189,109
20191,A,골목상권,3110716,구로나눔길,5300,2840,2460,11,575,1317,1258,1414,725,9,235,655,647,910,384,2,340,662,611,504,341
20191,A,골목상권,3110766,대림역 5번,6333,3698,2635,23,686,1391,1677,1483,1073,15,358,913,1064,772,576,8,328,478,613,711,497
20191,A,골목상권,3110727,독산역 1번 출입구,5522,3550,1972,26,913,1394,1430,1182,577,13,542,992,877,705,421,13,371,402,553,477,156
20191,A,골목상권,3110730,서울축산농협 독산역지점(독산파출소),4706,2944,1762,15,543,990,1168,1259,731,8,291,662,703,761,519,7,252,328,465,498,212
20191,A,골목상권,3110752,한울중학교,1419,551,868,1,122,225,365,433,273,1,35,78,115,163,159,0,87,147,250,270,114
20191,A,골목상권,3110745,독산동정훈단지,1264,487,777,2,122,184,326,383,247,1,27,65,107,144,143,1,95,119,219,239,104
20191,A,골목상권,3110744,독산동성당,1902,792,1110,2,186,276,487,577,374,0,54,113,170,226,229,2,132,163,317,351,145
20191,A,골목상권,3110746,금천금빛공원(은행나무사거리서측),2071,878,1193,8,252,389,511,559,352,5,105,195,228,204,141,3,147,194,283,355,211
20191,A,골목상권,3110755,동일여자고등학교,2378,1100,1278,7,215,397,584,771,404,3,51,136,291,385,234,4,164,261,293,386,170
20191,A,골목상권,3110763,영등포구청역 2번,16612,7657,8955,56,3125,4063,3316,3453,2599,26,1080,1887,1584,1635,1445,30,2045,2176,1732,1818,1154
20191,A,골목상권,3110762,선유도역 1번,22369,14565,7804,74,3906,7202,6502,3341,1344,26,1879,4810,4522,2300,1028,48,2027,2392,1980,1041,316
20191,A,골목상권,3110779,대림갑을명가아파트,593,292,301,6,93,116,146,129,103,4,36,57,70,64,61,2,57,59,76,65,42
20191,A,골목상권,3110772,신우어린이공원,1739,872,867,4,261,387,435,432,220,1,80,206,237,226,122,3,181,181,198,206,98
20191,A,골목상권,3110768,도림2동유수지내체육시설,1556,962,594,4,164,318,440,378,252,3,68,190,263,235,203,1,96,128,177,143,49
20191,A,골목상권,3110792,영등포역 2번,3135,1576,1559,15,352,484,626,905,753,6,148,266,339,408,409,9,204,218,287,497,344
20191,A,골목상권,3110777,구로세무서,15772,7836,7936,88,3204,4225,4035,2448,1772,36,1237,2149,2063,1238,1113,52,1967,2076,1972,1210,659
20191,A,골목상권,3110807,신길역 3번,1751,1009,742,14,290,381,289,356,421,10,145,234,168,187,265,4,145,147,121,169,156
20191,A,골목상권,3110801,신풍역 6번(신길6동공영주차장),495,192,303,2,61,93,119,133,87,0,18,39,36,51,48,2,43,54,83,82,39
20191,A,골목상권,3110811,보라매역 4번,2837,1514,1323,9,333,544,590,600,761,5,126,287,302,296,498,4,207,257,288,304,263
20191,A,골목상권,3110813,보라매역 6번,4360,2280,2080,44,559,830,939,1044,944,9,182,456,478,545,610,35,377,374,461,499,334
20191,A,골목상권,3110851,경문고등학교(동작동성당),2883,1182,1701,17,325,598,694,835,414,10,102,328,300,258,184,7,223,270,394,577,230
20191,A,골목상권,3110858,신대방역 1번,894,404,490,1,124,202,214,206,147,0,38,91,89,95,91,1,86,111,125,111,56
20191,A,골목상권,3110870,신림주공2단지(광신고등학교),345,149,196,3,33,69,84,94,62,2,5,24,37,50,31,1,28,45,47,44,31
20191,A,골목상권,3110887,서울산업정보학교(서울삼성초등학교),1447,881,566,5,126,270,381,467,198,2,52,141,213,323,150,3,74,129,168,144,48
20191,A,골목상권,3110886,관악해태어린이공원,1493,950,543,8,150,280,405,444,206,4,70,167,250,318,141,4,80,113,155,126,65
20191,A,골목상권,3110882,신성초등학교,2327,1224,1103,8,262,394,564,610,489,4,117,223,287,291,302,4,145,171,277,319,187
20191,A,골목상권,3110885,영락고등학교,1240,668,572,3,103,199,306,349,280,2,42,107,160,176,181,1,61,92,146,173,99
20191,A,골목상권,3110888,청룡동주민센터,1351,738,613,2,164,282,364,303,236,0,73,148,186,167,164,2,91,134,178,136,72
20191,A,골목상권,3110872,신림초등학교,502,166,336,0,70,124,124,108,76,0,23,42,44,30,27,0,47,82,80,78,49
20191,A,골목상권,3110890,봉천역 1번(관악초등학교),1996,1061,935,2,268,410,532,409,375,0,100,218,301,202,240,2,168,192,231,207,135
20191,A,골목상권,3110948,헌인가구단지,218,97,121,0,29,53,56,60,20,0,6,27,28,19,17,0,23,26,28,41,3
20191,A,골목상권,3110918,방배역 3번,6263,3233,3030,13,1155,1467,1672,1030,926,5,383,690,860,588,707,8,772,777,812,442,219
20191,A,골목상권,3110922,내방역 1번,9668,4629,5039,23,1823,2600,2515,1700,1007,10,639,1292,1246,799,643,13,1184,1308,1269,901,364
20191,A,골목상권,3110932,서울시인재개발원,14946,7519,7427,111,4062,4048,3279,2509,937,70,1964,2581,1671,792,441,41,2098,1467,1608,1717,496
20191,A,골목상권,3110984,포이초등학교(개포목련어린이공원),6500,3776,2724,14,857,1561,1645,1335,1088,8,427,972,956,730,683,6,430,589,689,605,405
20191,A,골목상권,3110953,학동근린공원,21827,11253,10574,115,6488,7327,4673,2015,1209,41,2182,3852,2993,1271,914,74,4306,3475,1680,744,295
20191,A,골목상권,3110970,학동초등학교,11875,6040,5835,57,2933,3998,2889,1334,664,23,1016,2101,1685,794,421,34,1917,1897,1204,540,243
20191,A,골목상권,3110989,대치동아우편취급국,11589,6610,4979,42,2485,3930,2708,1392,1032,17,1046,2390,1680,787,690,25,1439,1540,1028,605,342
20191,A,골목상권,3110999,윗방죽마을공원,1699,871,828,5,257,436,484,317,200,4,105,222,256,155,129,1,152,214,228,162,71
20191,A,골목상권,3110997,대청초등학교,10234,3283,6951,7,2766,3059,2103,1452,847,4,538,930,741,604,466,3,2228,2129,1362,848,381
20191,A,골목상권,3110976,언북초등학교,11009,3922,7087,37,3378,4229,2088,805,472,3,821,1559,892,378,269,34,2557,2670,1196,427,203
20191,A,골목상권,3111046,마천역(마천초등학교),2742,1421,1321,7,300,520,740,739,436,3,113,263,346,389,307,4,187,257,394,350,129
20191,A,골목상권,3111004,삼전역 1번,10311,6124,4187,70,1473,2389,2363,2111,1905,43,613,1355,1498,1325,1290,27,860,1034,865,786,615
20191,A,골목상권,3111011,잠실나루역,814,329,485,1,96,163,218,184,152,0,30,48,64,74,113,1,66,115,154,110,39
20191,A,골목상권,3111073,둔촌동역 1번(한산중학교),6638,3635,3003,8,913,1427,1312,1310,1668,3,344,702,714,698,1174,5,569,725,598,612,494
20191,A,골목상권,3111081,둔촌푸르지오아파트,1524,922,602,4,174,334,406,349,257,3,90,236,253,192,148,1,84,98,153,157,109
20191,A,골목상권,3111059,강동역 4번(강풀만화거리),7712,3923,3789,26,1372,2006,1839,1442,1027,9,474,1071,1016,712,641,17,898,935,823,730,386
20191,A,골목상권,3111078,굽은다리역 4번,4550,2342,2208,9,441,833,1023,1073,1171,4,158,439,521,506,714,5,283,394,502,567,457
20191,A,골목상권,3111065,천일초등학교,836,340,496,0,82,181,217,214,142,0,21,65,88,78,88,0,61,116,129,136,54
20191,A,골목상권,3111056,천호태영아파트,3533,1947,1586,19,509,878,907,696,524,6,225,562,530,333,291,13,284,316,377,363,233
20191,A,골목상권,3110536,돈의문센트레빌아파트입구,4290,2302,1988,33,867,1221,1071,817,281,26,324,646,601,524,181,7,543,575,470,293,100
20191,A,골목상권,3110535,영천시장입구,1506,648,858,5,203,294,395,428,181,2,79,103,155,200,109,3,124,191,240,228,72
20191,A,골목상권,3110007,사직공원(한국사회과학도서관),1489,676,813,2,217,384,370,335,181,0,54,150,191,163,118,2,163,234,179,172,63
20191,A,골목상권,3110008,배화여자대학교(박노수미술관),4854,2378,2476,13,639,1000,1005,1095,1102,5,282,542,522,484,543,8,357,458,483,611,559
20191,A,골목상권,3110031,창신역 1번,667,335,332,2,77,126,160,189,113,0,22,53,83,93,84,2,55,73,77,96,29
20191,A,골목상권,3110291,한성대입구역 3번,2490,1126,1364,18,412,490,639,618,313,9,156,212,287,304,158,9,256,278,352,314,155
20191,A,골목상권,3110056,신당역 3번,4660,2242,2418,17,820,1193,1044,984,602,4,345,612,529,430,322,13,475,581,515,554,280
20191,A,골목상권,3110538,충정로역 3번,16815,10107,6708,26,3126,5439,4014,2583,1627,11,1457,3115,2663,1732,1129,15,1669,2324,1351,851,498
20191,A,골목상권,3110083,서빙고역 1번,1524,893,631,1,214,495,431,196,187,0,95,264,251,121,162,1,119,231,180,75,25
20191,A,골목상권,3110060,효창공원앞역 6번,2132,1088,1044,5,218,485,609,470,345,0,73,247,345,228,195,5,145,238,264,242,150
20191,A,골목상권,3110062,한강로동땡땡거리(은행나무길),24392,15816,8576,179,7941,7681,5001,2312,1278,60,3723,5225,4127,1799,882,119,4218,2456,874,513,396
20191,A,골목상권,3110059,새남터성지,410,209,201,2,83,90,68,76,91,2,47,50,34,34,42,0,36,40,34,42,49
20191,A,골목상권,3110099,유엔빌리지길,3844,2001,1843,15,896,1070,813,606,444,9,373,570,451,341,257,6,523,500,362,265,187
20191,A,골목상권,3110100,옥수동우편취급국,714,310,404,4,159,163,149,137,102,1,53,69,58,61,68,3,106,94,91,76,34
20191,A,골목상권,3110125,사근동살곶이상점가,3338,1181,2157,5,981,755,844,562,191,4,248,317,286,213,113,1,733,438,558,349,78
20191,A,골목상권,3110122,마장역 2번,2277,1430,847,4,223,483,590,610,367,2,119,289,362,375,283,2,104,194,228,235,84
20191,A,골목상권,3110141,건대입구역 1번,5081,3259,1822,36,1195,1344,1122,827,557,20,730,974,754,434,347,16,465,370,368,393,210
20191,A,골목상권,3110133,서울교통공사,24724,20107,4617,64,3020,4246,7535,7981,1878,38,1819,3192,6493,7075,1490,26,1201,1054,1042,906,388
20191,A,골목상권,3110166,구의1동주민센터,7763,4615,3148,11,854,1788,2054,2060,996,6,338,934,1243,1438,656,5,516,854,811,622,340
20191,A,골목상권,3110160,광진경찰서,2137,1369,768,1,292,660,537,458,189,1,147,468,360,306,87,0,145,192,177,152,102
20191,A,골목상권,3110177,동의초등학교,724,277,447,2,75,140,215,195,97,2,26,55,86,67,41,0,49,85,129,128,56
20191,A,골목상권,3110173,구남초등학교,6696,3823,2873,24,609,1238,1886,1999,940,12,346,782,1113,971,599,12,263,456,773,1028,341
20191,A,골목상권,3110144,어린이대공원역 4번,1481,792,689,6,284,348,337,307,199,3,129,210,190,125,135,3,155,138,147,182,64
20191,A,골목상권,3110171,중곡4동주민센터,1026,538,488,3,118,191,297,259,158,2,36,102,142,141,115,1,82,89,155,118,43
20191,A,골목상권,3110253,중곡초등학교,1822,1077,745,2,185,291,441,620,283,0,66,137,260,432,182,2,119,154,181,188,101
20191,A,골목상권,3110201,전농119안전센터,919,501,418,0,135,187,246,205,146,0,69,109,149,103,71,0,66,78,97,102,75
20191,A,골목상권,3110203,떡전교사거리,3361,1849,1512,31,626,772,736,727,469,15,306,474,420,370,264,16,320,298,316,357,205
20191,A,골목상권,3110197,세종대왕기념관교차로,800,527,273,1,108,257,164,183,87,1,58,165,104,132,67,0,50,92,60,51,20
20191,A,골목상권,3110262,상봉역 3번,4371,2328,2043,17,608,1050,1209,881,606,5,267,669,614,381,392,12,341,381,595,500,214
20191,A,골목상권,3110301,성신여대입구역 7번,3335,1478,1857,15,613,706,721,705,575,2,188,324,356,308,300,13,425,382,365,397,275
20191,A,골목상권,3110302,보문역 8번,2131,1088,1043,6,319,429,503,481,393,1,107,224,259,248,249,5,212,205,244,233,144
20191,A,골목상권,3110323,상월곡역 1번,2158,1016,1142,7,353,429,503,543,323,1,85,209,257,276,188,6,268,220,246,267,135
20191,A,골목상권,3110355,삼양사거리역 2번,1519,607,912,6,187,291,390,373,272,4,47,119,148,155,134,2,140,172,242,218,138
20191,A,골목상권,3110347,구세군강북종합사회복지관,442,156,286,0,70,120,115,88,49,0,16,33,38,36,33,0,54,87,77,52,16
20191,A,골목상권,3110357,가오리역 1번,1582,671,911,5,157,265,418,429,308,3,44,125,191,170,138,2,113,140,227,259,170
20191,A,골목상권,3110362,우이천 계성교,1875,908,967,6,264,371,464,474,296,2,102,207,240,201,156,4,162,164,224,273,140
20191,A,골목상권,3110346,4.19민주묘지역 2번,803,361,442,5,114,168,215,198,103,1,43,86,105,72,54,4,71,82,110,126,49
20191,A,골목상권,3110339,국립4.19민주묘지,1167,628,539,3,132,137,219,322,354,1,46,74,137,197,173,2,86,63,82,125,181
20191,A,골목상권,3110403,방학1동주민센터,3235,1593,1642,13,443,610,711,893,565,5,195,351,361,419,262,8,248,259,350,474,303
20191,A,골목상권,3110408,가인초등학교,2831,1392,1439,11,366,543,682,707,522,6,127,298,334,330,297,5,239,245,348,377,225
20191,A,골목상권,3110487,불광역 8번,1829,762,1067,7,207,361,513,439,302,3,90,171,211,151,136,4,117,190,302,288,166
20191,A,골목상권,3110424,상계초등학교,2959,1084,1875,8,370,529,718,837,497,6,118,218,267,272,203,2,252,311,451,565,294
20191,A,골목상권,3110465,연신내역 7번,2659,1059,1600,17,493,563,653,579,354,8,168,265,227,227,164,9,325,298,426,352,190
20191,A,골목상권,3110476,역촌역 2번,1000,416,584,2,105,178,271,290,154,2,42,82,111,98,81,0,63,96,160,192,73
20191,A,골목상권,3110445,덕산중학교,433,204,229,0,51,78,120,98,86,0,16,42,54,39,53,0,35,36,66,59,33
20191,A,골목상권,3110499,연가초등학교,1465,642,823,3,126,222,351,455,308,2,32,72,126,211,199,1,94,150,225,244,109
20191,A,골목상권,3110502,남가좌파출소,1099,616,483,1,118,217,291,296,176,0,32,104,172,177,131,1,86,113,119,119,45
20191,A,골목상권,3110505,홍남교남측,684,463,221,0,54,112,182,199,137,0,21,64,116,148,114,0,33,48,66,51,23
20191,A,골목상권,3110582,이대역 5번,1728,684,1044,17,335,466,411,289,210,3,91,169,172,132,117,14,244,297,239,157,93
20191,A,골목상권,3110508,서연중학교,3259,1920,1339,9,586,768,727,635,534,1,262,477,433,367,380,8,324,291,294,268,154
20191,A,골목상권,3110518,서대문구청,3423,1535,1888,3,418,851,885,875,391,2,134,283,359,515,242,1,284,568,526,360,149
20191,A,골목상권,3110523,홍제성원아파트,429,179,250,0,69,112,107,90,51,0,18,48,43,36,34,0,51,64,64,54,17
20191,A,골목상권,3110529,홍제3동주민센터,1755,737,1018,7,228,340,414,398,368,4,80,123,143,166,221,3,148,217,271,232,147
20191,A,골목상권,3110521,홍제역 4번,1431,502,929,4,221,320,364,294,228,2,58,119,118,111,94,2,163,201,246,183,134
20191,A,골목상권,3110577,용강동주민센터,13678,7935,5743,163,2624,3495,3184,2541,1671,65,1213,2177,2154,1318,1008,98,1411,1318,1030,1223,663
20191,A,골목상권,3110550,합정역 8번,11610,6173,5437,46,2667,3988,2919,1310,680,12,947,2136,1860,793,425,34,1720,1852,1059,517,255
20191,A,골목상권,3110555,홍익지구대,6825,3779,3046,46,1735,2265,1610,747,422,15,729,1282,1060,430,263,31,1006,983,550,317,159
20191,A,골목상권,3110620,목동보건지소,2156,878,1278,3,225,453,588,588,299,2,89,185,199,223,180,1,136,268,389,365,119
20191,A,골목상권,3110654,까치산역 4번,3580,1658,1922,18,398,661,885,1007,611,11,146,304,423,441,333,7,252,357,462,566,278
20191,A,골목상권,3110595,메디힐병원,3586,2013,1573,4,338,561,711,795,1177,3,102,248,299,358,1003,1,236,313,412,437,174
20191,A,골목상권,3110607,금빛새마을금고본점,1480,702,778,2,174,262,389,386,267,2,66,128,167,178,161,0,108,134,222,208,106
20191,A,골목상권,3110610,계남근린공원,650,275,375,0,82,105,156,177,130,0,28,50,61,71,65,0,54,55,95,106,65
20191,A,골목상권,3110594,신월중학교,1157,418,739,0,124,224,337,345,127,0,44,74,105,122,73,0,80,150,232,223,54
20191,A,골목상권,3110605,목동센트럴아이파크앞,1853,925,928,3,190,285,483,529,363,2,67,159,203,240,254,1,123,126,280,289,109
20191,A,골목상권,3110652,양천향교역 2번,6370,3462,2908,23,716,1319,1465,1837,1010,13,364,727,860,838,660,10,352,592,605,999,350
20191,A,골목상권,3110630,공항시장역 1번,2843,1639,1204,5,286,515,680,750,607,0,93,251,351,472,472,5,193,264,329,278,135
20191,A,골목상권,3110639,신방화역 8번,2615,1273,1342,7,400,695,686,516,311,1,120,333,368,253,198,6,280,362,318,263,113
20191,A,골목상권,3110704,고척중학교,2838,1589,1249,6,347,530,608,676,671,2,135,297,323,332,500,4,212,233,285,344,171
20191,A,골목상권,3110711,구로초등학교,8738,3863,4875,25,1692,2351,1816,1880,974,20,509,991,824,1011,508,5,1183,1360,992,869,466
20191,A,골목상권,3110718,한국SGI본부,9083,4468,4615,27,1573,2793,2076,1663,951,11,546,1121,1180,983,627,16,1027,1672,896,680,324
20191,A,골목상권,3110681,온수역 1번,1322,886,436,0,184,290,244,323,281,0,74,172,149,232,259,0,110,118,95,91,22
20191,A,골목상권,3110733,금천어울림복지센터,2456,1079,1377,5,294,347,459,508,843,4,128,209,232,200,306,1,166,138,227,308,537
20191,A,골목상권,3110751,난곡중학교,4087,2633,1454,3,290,608,729,823,1634,2,110,296,365,414,1446,1,180,312,364,409,188
20191,A,골목상권,3110856,미성초등학교,4588,3142,1446,3,383,722,778,915,1787,1,170,435,450,560,1526,2,213,287,328,355,261
20191,A,골목상권,3110859,난향초등학교,772,292,480,0,70,141,190,215,156,0,11,41,77,74,89,0,59,100,113,141,67
20191,A,골목상권,3110781,대림한신아파트,1706,839,867,7,180,315,467,442,295,5,59,150,224,228,173,2,121,165,243,214,122
20191,A,골목상권,3110790,대림1동주민센터,1396,660,736,3,156,260,346,368,263,0,73,130,147,161,149,3,83,130,199,207,114
20191,A,골목상권,3110793,대림썬프라자,705,297,408,2,88,159,203,160,93,0,20,70,71,70,66,2,68,89,132,90,27
20191,A,골목상권,3110776,도신초등학교,5226,3210,2016,28,718,1293,1447,1093,647,15,349,879,948,613,406,13,369,414,499,480,241
20191,A,골목상권,3110780,신길대성유니드아파트,1716,883,833,4,191,366,419,458,278,1,100,189,216,219,158,3,91,177,203,239,120
20191,A,골목상권,3110767,도림동주민센터,2723,1846,877,6,245,543,731,739,459,2,137,350,471,508,378,4,108,193,260,231,81
20191,A,골목상권,3110814,서울지방병무청,4033,1981,2052,17,532,795,862,1052,775,8,161,404,421,506,481,9,371,391,441,546,294
20191,A,골목상권,3110824,대방역 3번,2780,1499,1281,4,379,703,703,579,412,0,175,415,382,286,241,4,204,288,321,293,171
20191,A,골목상권,3110806,서울시립영등포장애인복지관,3550,2371,1179,3,404,771,872,851,649,2,171,457,630,631,480,1,233,314,242,220,169
20191,A,골목상권,3110902,사당역 4번,6533,3703,2830,32,1420,1589,1530,1276,686,21,626,903,959,726,468,11,794,686,571,550,218
20191,A,골목상권,3110830,상도초등학교,1505,566,939,0,190,282,423,345,265,0,62,103,151,128,122,0,128,179,272,217,143
20191,A,골목상권,3110869,"신림역 5번(신림동주민센터, 신림동별빛거리)",9371,5059,4312,41,1559,2312,2702,1759,998,18,674,1138,1457,1139,633,23,885,1174,1245,620,365
20191,A,골목상권,3110841,중대부중,2522,736,1786,3,728,770,524,348,149,1,152,202,170,139,72,2,576,568,354,209,77
20191,A,골목상권,3110865,남강고등학교(남강중학교),1545,621,924,7,203,305,417,398,215,3,57,129,180,163,89,4,146,176,237,235,126
20191,A,골목상권,3110863,난우초등학교,1631,683,948,8,221,330,409,388,275,3,59,142,192,160,127,5,162,188,217,228,148
20191,A,골목상권,3110860,호림박물관(성보고등학교),2640,1315,1325,5,294,471,601,737,532,0,92,234,295,372,322,5,202,237,306,365,210
20191,A,골목상권,3110867,국제신학대학원대학교(남서울중학교),1987,901,1086,7,234,368,477,525,376,1,100,182,213,225,180,6,134,186,264,300,196
20191,A,골목상권,3110871,신원동주민센터,1609,730,879,7,219,238,299,392,454,2,107,122,146,142,211,5,112,116,153,250,243
20191,A,골목상권,3110864,신림우방아파트,1143,598,545,0,144,236,288,304,171,0,53,127,145,153,120,0,91,109,143,151,51
20191,A,골목상권,3110944,서울나래학교(염곡어린이공원),259,169,90,3,40,79,61,54,22,2,18,57,40,38,14,1,22,22,21,16,8
20191,A,골목상권,3110912,방배동사이길,3546,2177,1369,9,558,1171,874,518,416,3,207,775,574,334,284,6,351,396,300,184,132
20191,A,골목상권,3110931,삼성전자서울R&D(서울우면초등학교),633,263,370,4,69,75,84,149,252,4,21,24,44,71,99,0,48,51,40,78,153
20191,A,골목상권,3110936,더케이호텔(양재리본타워2단지아파트),3834,2750,1084,5,643,1383,1076,493,234,3,360,957,860,383,187,2,283,426,216,110,47
20191,A,골목상권,3110981,국악고교사거리,9273,5014,4259,22,1196,2111,2528,2104,1312,14,459,1226,1383,1049,883,8,737,885,1145,1055,429
20191,A,골목상권,3110977,논현로18길,18044,10038,8006,54,2538,4639,4952,4048,1813,21,1140,2952,2810,1943,1172,33,1398,1687,2142,2105,641
20191,A,골목상권,3110974,언주중학교,7980,3962,4018,37,2133,2716,1699,867,528,17,742,1345,1007,505,346,20,1391,1371,692,362,182
20191,A,골목상권,3110982,강남구보훈회관,2682,1244,1438,23,492,773,691,494,209,16,172,383,363,204,106,7,320,390,328,290,103
20191,A,골목상권,3111022,석촌중학교(방이육교),5916,3214,2702,5,990,1469,1426,1201,825,1,406,829,857,605,516,4,584,640,569,596,309
20191,A,골목상권,3111017,송파나루역 3번,2944,1678,1266,6,407,690,776,641,424,3,187,420,456,335,277,3,220,270,320,306,147
20191,A,골목상권,3111018,풍납초등학교(풍납백제문화공원),784,410,374,2,68,128,184,236,166,2,27,50,84,126,121,0,41,78,100,110,45
20191,A,골목상권,3111087,고덕중학교(고덕2동주민센터),327,107,220,0,26,45,72,124,60,0,8,19,24,37,19,0,18,26,48,87,41
20191,A,골목상권,3111052,암사역 3번(천호동자전거거리),2844,1277,1567,6,349,555,735,706,493,2,150,266,328,258,273,4,199,289,407,448,220
20191,A,골목상권,3110004,대신고등학교,614,289,325,1,73,123,126,179,112,1,25,37,70,89,67,0,48,86,56,90,45
20191,A,골목상권,3110033,창신역 4번,1165,566,599,2,129,249,329,262,194,1,49,114,154,134,114,1,80,135,175,128,80
20191,A,골목상권,3110012,성곡미술관,41561,24748,16813,83,6804,13014,11203,6855,3602,37,2650,7652,7791,4535,2083,46,4154,5362,3412,2320,1519
20191,A,골목상권,3110015,청와대사랑채,3138,2066,1072,6,691,1021,618,652,150,1,364,647,420,541,93,5,327,374,198,111,57
20191,A,골목상권,3110036,동묘앞역 3번,2328,1263,1065,10,323,524,606,523,342,5,133,290,325,278,232,5,190,234,281,245,110
20191,A,골목상권,3110029,동대문역 1번,3172,1454,1718,6,441,719,797,706,503,3,133,337,370,321,290,3,308,382,427,385,213
20191,A,골목상권,3110032,수족관거리,7418,3872,3546,17,1802,2586,1748,815,450,9,972,1349,899,393,250,8,830,1237,849,422,200
20191,A,골목상권,3110181,신설동역 9번,16744,8676,8068,67,2269,4205,4768,3441,1994,43,989,2454,2445,1620,1125,24,1280,1751,2323,1821,869
20191,A,골목상권,3110027,혜화역 1번,3939,1807,2132,30,916,1062,863,672,396,9,295,440,461,365,237,21,621,622,402,307,159
20191,A,골목상권,3110024,혜회동주민센터,1846,956,890,12,292,416,466,426,234,6,89,184,239,269,169,6,203,232,227,157,65
20191,A,골목상권,3110285,홍대부중,1272,638,634,4,237,330,329,238,134,2,88,153,179,135,81,2,149,177,150,103,53
20191,A,골목상권,3110045,동대문역사문화공원역 5번,26950,13233,13717,121,6252,7361,6253,5093,1870,38,3277,4544,3386,1466,522,83,2975,2817,2867,3627,1348
20191,A,골목상권,3110053,청구역 1번,4093,1856,2237,12,849,914,932,897,489,4,289,456,457,396,254,8,560,458,475,501,235
20191,A,골목상권,3110054,청구역 3번,7168,3662,3506,25,1751,2049,1498,1181,664,10,645,1166,856,580,405,15,1106,883,642,601,259
20191,A,골목상권,3110590,만리재,1365,509,856,1,180,350,370,318,146,0,30,121,146,142,70,1,150,229,224,176,76
20191,A,골목상권,3110088,오산고등학교,2322,1244,1078,11,542,716,526,308,219,3,242,378,289,180,152,8,300,338,237,128,67
20191,A,골목상권,3110064,효창공원앞역 2번,4914,2724,2190,8,709,1357,1340,1060,440,1,277,731,803,629,283,7,432,626,537,431,157
20191,A,골목상권,3110084,경리단길북측,2633,1457,1176,16,482,662,457,425,591,10,234,378,253,228,354,6,248,284,204,197,237
20191,A,골목상권,3110072,열정도,10256,3647,6609,93,2959,3438,2275,966,525,33,1065,1231,672,364,282,60,1894,2207,1603,602,243
20191,A,골목상권,3110098,서울독일학교,2777,1327,1450,7,749,869,577,327,248,3,261,419,326,184,134,4,488,450,251,143,114
20191,A,골목상권,3110188,용두동신동아아파트,11935,7983,3952,31,1587,2858,2942,3002,1515,14,780,1868,2206,2121,994,17,807,990,736,881,521
20191,A,골목상권,3110121,한양대역 4번,552,259,293,2,95,113,146,133,63,1,38,57,72,59,32,1,57,56,74,74,31
20191,A,골목상권,3110126,서울숲역 1번,10696,6183,4513,39,2652,3957,2219,1131,698,13,1181,2378,1501,705,405,26,1471,1579,718,426,293
20191,A,골목상권,3110120,서울숲카페거리,2015,1163,852,13,370,462,433,446,291,5,137,233,237,299,252,8,233,229,196,147,39
20191,A,골목상권,3110134,성수119안전센터,3782,2477,1305,8,545,879,936,869,545,6,255,562,647,597,410,2,290,317,289,272,135
20191,A,골목상권,3110138,송정체육공원,5069,2811,2258,42,1211,1420,1104,775,517,23,611,927,575,338,337,19,600,493,529,437,180
20191,A,골목상권,3110223,군자초등학교,7270,4292,2978,57,1222,1776,1553,1279,1383,17,580,1100,961,737,897,40,642,676,592,542,486
20191,A,골목상권,3110217,자동차부품상가,22385,18938,3447,45,2236,3770,7282,7588,1464,37,1538,2933,6336,6866,1228,8,698,837,946,722,236
20191,A,골목상권,3110175,푸른동산공원,7065,3358,3707,14,689,1161,1641,2125,1435,11,318,660,819,843,707,3,371,501,822,1282,728
20191,A,골목상권,3110170,동대부여고,2531,1216,1315,0,307,523,663,626,412,0,99,256,356,295,210,0,208,267,307,331,202
20191,A,골목상권,3110145,장안초등학교,2179,1220,959,8,389,473,556,526,227,3,147,244,351,324,151,5,242,229,205,202,76
20191,A,골목상권,3110149,세종대학교,3995,1792,2203,15,898,837,893,955,397,6,376,405,452,364,189,9,522,432,441,591,208
20191,A,골목상권,3110163,성자초등학교,1680,789,891,3,186,323,352,423,393,1,81,144,151,184,228,2,105,179,201,239,165
20191,A,골목상권,3110151,자양한강도서관,1851,871,980,4,269,394,495,414,275,1,101,195,225,192,157,3,168,199,270,222,118
20191,A,골목상권,3110161,중곡역 3번,3194,1653,1541,10,365,648,812,935,424,2,124,292,423,560,252,8,241,356,389,375,172
20191,A,골목상권,3110168,대원고등학교,2127,1064,1063,0,222,522,515,580,288,0,75,218,264,304,203,0,147,304,251,276,85
20191,A,골목상권,3110228,장안근린공원,6037,3011,3026,17,892,1205,1499,1483,941,6,393,645,778,686,503,11,499,560,721,797,438
20191,A,골목상권,3110184,용두사거리,4436,2276,2160,5,856,1280,982,772,541,1,284,613,515,451,412,4,572,667,467,321,129
20191,A,골목상권,3110221,의릉,577,295,282,3,77,95,180,135,87,2,32,42,98,69,52,1,45,53,82,66,35
20191,A,골목상권,3110232,동대부고,4178,2122,2056,12,645,887,1047,989,598,4,283,450,545,485,355,8,362,437,502,504,243
20191,A,골목상권,3110211,전곡마을마당공원,1926,892,1034,4,260,448,525,452,237,3,100,202,264,201,122,1,160,246,261,251,115
20191,A,골목상권,3110219,삼육보건대학교,5131,2354,2777,26,911,1210,1150,1104,730,13,253,523,573,544,448,13,658,687,577,560,282
20191,A,골목상권,3110191,고려대역 6번,1011,512,499,1,101,172,305,261,171,1,41,102,147,122,99,0,60,70,158,139,72
20191,A,골목상권,3110242,면목5동주민센터,1090,652,438,2,83,194,259,330,222,0,31,103,149,201,168,2,52,91,110,129,54
20191,A,골목상권,3110254,오거리공원,1658,757,901,3,204,342,432,426,251,1,77,147,189,185,158,2,127,195,243,241,93
20191,A,골목상권,3110238,배꽃어린이공원,1349,803,546,4,106,160,226,226,627,3,31,76,131,116,446,1,75,84,95,110,181
20191,A,골목상권,3110245,KB국민은행 중화동지점,1468,654,814,2,187,274,410,367,228,1,68,133,172,154,126,1,119,141,238,213,102
20191,A,골목상권,3110271,신내역 1번,3472,1598,1874,4,679,857,767,833,332,0,171,408,404,411,204,4,508,449,363,422,128
20191,A,골목상권,3110308,길음역 8번,2410,877,1533,16,310,471,632,560,421,6,73,206,209,179,204,10,237,265,423,381,217
20191,A,골목상권,3110298,솔숲어린이공원,811,318,493,1,109,174,241,197,89,0,24,63,75,95,61,1,85,111,166,102,28
20191,A,골목상권,3110316,숭곡초등학교,4521,2151,2370,27,736,1066,1197,942,553,7,296,529,595,436,288,20,440,537,602,506,265
20191,A,골목상권,3110288,동구여중,2281,946,1335,30,393,593,631,414,220,13,111,256,251,204,111,17,282,337,380,210,109
20191,A,골목상권,3110328,상월곡역 3번,1166,614,552,5,159,282,335,232,153,1,61,143,187,111,111,4,98,139,148,121,42
20191,A,골목상권,3110322,장위1동주민센터,593,240,353,0,47,77,136,198,135,0,12,35,62,76,55,0,35,42,74,122,80
20191,A,골목상권,3110315,종암아이파크2차,1744,646,1098,5,266,315,444,437,277,2,93,121,172,145,113,3,173,194,272,292,164
20191,A,골목상권,3110311,종암아이파크2차후문,182,81,101,0,22,30,59,37,34,0,9,14,23,17,18,0,13,16,36,20,16
20191,A,골목상권,3110380,강북문화정보도서관,632,260,372,1,82,109,175,172,93,0,25,57,73,67,38,1,57,52,102,105,55
20191,A,골목상권,3110360,수유초등학교,3512,1531,1981,3,447,591,799,902,770,0,136,293,321,361,420,3,311,298,478,541,350
20191,A,골목상권,3110369,성신여대운정그린캠퍼스,3157,1531,1626,3,419,603,726,746,660,2,137,286,362,376,368,1,282,317,364,370,292
20191,A,골목상권,3110404,신창초등학교,2211,992,1219,11,231,390,590,688,301,6,80,157,246,324,179,5,151,233,344,364,122
20191,A,골목상권,3110352,수유1동주민센터,1923,1024,899,1,160,348,602,580,232,0,44,156,323,348,153,1,116,192,279,232,79
20191,A,골목상권,3110371,삼양입구사거리,1876,869,1007,6,262,354,466,465,323,2,75,146,203,237,206,4,187,208,263,228,117
20191,A,골목상권,3110344,화계중학교,1019,690,329,0,62,176,343,344,94,0,8,84,241,275,82,0,54,92,102,69,12
20191,A,골목상권,3110351,수유북부시장옆,1817,1036,781,1,112,209,476,669,350,0,32,121,291,381,211,1,80,88,185,288,139
20191,A,골목상권,3110359,수유시장옆,2564,1184,1380,9,320,463,563,592,617,6,151,249,264,238,276,3,169,214,299,354,341
20191,A,골목상권,3110340,인수중학교,1315,669,646,4,112,169,269,369,392,3,40,73,144,210,199,1,72,96,125,159,193
20191,A,골목상권,3110384,문이교,735,334,401,0,79,108,177,218,153,0,22,50,80,83,99,0,57,58,97,135,54
20191,A,골목상권,3110395,신한은행 방학동지점,1183,493,690,3,149,203,295,320,213,2,56,100,126,118,91,1,93,103,169,202,122
20191,A,골목상권,3110420,광운대역 1번,1277,714,563,5,185,294,380,282,131,4,65,134,242,183,86,1,120,160,138,99,45
20191,A,골목상권,3110388,도봉우체국,1828,780,1048,4,466,429,408,379,142,2,123,199,171,182,103,2,343,230,237,197,39
20191,A,골목상권,3110430,중계초등학교,1517,564,953,5,183,277,369,416,267,0,58,123,132,137,114,5,125,154,237,279,153
20191,A,골목상권,3110439,당고개역 5번,1837,1283,554,3,79,153,431,715,456,2,27,83,278,533,360,1,52,70,153,182,96
20191,A,골목상권,3110474,세명컴퓨터고등학교,1532,807,725,6,225,352,406,382,161,2,114,193,187,206,105,4,111,159,219,176,56
20191,A,골목상권,3110466,구산역 2번,2202,920,1282,11,290,454,558,508,381,5,75,172,243,195,230,6,215,282,315,313,151
20191,A,골목상권,3110463,응암3동주민센터,1750,725,1025,6,252,369,430,431,262,5,104,164,172,157,123,1,148,205,258,274,139
20191,A,골목상권,3110498,증산역 1번,2748,1381,1367,3,233,403,626,796,687,1,86,190,316,374,414,2,147,213,310,422,273
20191,A,골목상권,3110451,증산역 4번,2292,1243,1049,2,188,333,492,578,699,1,75,165,275,330,397,1,113,168,217,248,302
20191,A,골목상권,3110558,경성고등학교,7278,4417,2861,14,1127,1652,1559,1280,1646,6,451,909,910,758,1383,8,676,743,649,522,263
20191,A,골목상권,3110497,가좌역 3번,1290,666,624,10,214,287,305,317,157,5,61,122,170,208,100,5,153,165,135,109,57
20191,A,골목상권,3110534,경기대학교,4361,2634,1727,3,616,1673,1274,522,273,0,203,972,896,380,183,3,413,701,378,142,90
20191,A,골목상권,3110520,경의중앙 신촌역,3255,1586,1669,20,710,802,605,661,457,12,284,454,316,302,218,8,426,348,289,359,239
20191,A,골목상권,3110511,연희초등학교,2759,1399,1360,3,462,549,617,627,501,1,159,264,320,307,348,2,303,285,297,320,153
20191,A,골목상권,3110519,서대문구보건소별관,1348,636,712,0,220,297,344,353,134,0,61,125,177,177,96,0,159,172,167,176,38
20191,A,골목상권,3110551,성서초등학교,5060,2834,2226,32,802,960,1119,1060,1087,25,400,524,594,465,826,7,402,436,525,595,261
20191,A,골목상권,3110561,상수역 4번,4255,2441,1814,35,1249,1339,891,450,291,30,569,815,564,282,181,5,680,524,327,168,110
20191,A,골목상권,3110567,광흥창역 6번,1971,679,1292,6,255,332,266,266,846,0,56,106,116,96,305,6,199,226,150,170,541
20191,A,골목상권,3110570,KB국민은행 서강지점,1995,1070,925,8,272,596,609,326,184,3,113,335,336,168,115,5,159,261,273,158,69
20191,A,골목상권,3110556,절두산순교성지,2006,1271,735,2,421,554,484,412,133,1,187,334,334,311,104,1,234,220,150,101,29
20191,A,골목상권,3110673,뜸부기어린이공원,3785,1746,2039,10,475,832,927,912,629,6,169,425,446,361,339,4,306,407,481,551,290
20191,A,골목상권,3110617,등촌역 4번,2044,961,1083,8,297,466,533,478,262,6,102,228,268,213,144,2,195,238,265,265,118
20191,A,골목상권,3110604,신월4동주민센터,3336,2108,1228,2,214,473,721,1079,847,0,106,263,368,697,674,2,108,210,353,382,173
20191,A,골목상권,3110593,신월3동주민센터,3086,2041,1045,1,178,378,566,674,1289,0,59,164,277,406,1135,1,119,214,289,268,154
20191,A,골목상권,3110608,신월2동주민센터,3126,1510,1616,3,316,587,735,906,579,1,144,306,321,409,329,2,172,281,414,497,250
20191,A,골목상권,3110611,신정역 1번,4070,2139,1931,14,486,809,918,1056,787,8,227,466,484,509,445,6,259,343,434,547,342
20191,A,골목상권,3110674,강서구청가양동별관,4658,2939,1719,50,990,1281,1208,772,357,32,567,821,768,483,268,18,423,460,440,289,89
20191,A,골목상권,3110677,등촌역 1번,3205,1845,1360,10,440,794,794,672,495,7,165,422,470,430,351,3,275,372,324,242,144
20191,A,골목상권,3110633,개화산역 1번,2414,1155,1259,4,277,489,609,625,410,0,124,276,321,244,190,4,153,213,288,381,220
20191,A,골목상권,3110670,신곡초등학교,1149,450,699,0,129,235,332,325,128,0,25,97,111,133,84,0,104,138,221,192,44
20191,A,골목상권,3110666,KC대학교,1924,1267,657,1,257,557,495,468,146,0,152,404,331,299,81,1,105,153,164,169,65
20191,A,골목상권,3110722,G타워,30135,18219,11916,93,6147,9992,7899,3805,2199,54,2934,6427,5003,2235,1566,39,3213,3565,2896,1570,633
20191,A,골목상권,3110723,가산디지털단지역 1번 출입구,13130,8568,4562,42,3286,4294,2984,1642,882,29,1703,2851,2175,1130,680,13,1583,1443,809,512,202
20191,A,골목상권,3110700,고척초등학교,3235,1800,1435,4,311,549,845,862,664,0,135,301,455,483,426,4,176,248,390,379,238
20191,A,골목상권,3110698,개웅초등학교(개웅중학교),4924,2605,2319,4,189,321,457,788,3165,1,50,126,168,331,1929,3,139,195,289,457,1236
20191,A,골목상권,3110708,화원어린이공원,1247,556,691,3,179,257,307,278,223,2,62,114,125,111,142,1,117,143,182,167,81
20191,A,골목상권,3110683,오류고등학교,940,441,499,1,85,204,271,267,112,0,21,89,139,133,59,1,64,115,132,134,53
20191,A,골목상권,3110726,금천철쭉어린이공원(금하마을),262,110,152,0,24,34,80,75,49,0,8,16,27,31,28,0,16,18,53,44,21
20191,A,골목상권,3110741,독산2동주민센터,1674,774,900,3,149,281,452,469,320,2,48,130,195,210,189,1,101,151,257,259,131
20191,A,골목상권,3110855,신대방역 2번,6336,4533,1803,8,704,1241,1270,1158,1955,6,415,889,822,734,1667,2,289,352,448,424,288
20191,A,골목상권,3110749,금산초등학교(금천고등학교),8617,5313,3304,8,709,1446,2608,2586,1260,1,380,903,1495,1553,981,7,329,543,1113,1033,279
20191,A,골목상권,3110739,시흥3동 우편취급국,6738,4079,2659,5,574,1130,2117,1988,924,0,306,720,1211,1141,701,5,268,410,906,847,223
20191,A,골목상권,3110784,신대림초등학교,900,390,510,0,58,147,200,294,201,0,20,60,88,133,89,0,38,87,112,161,112
20191,A,골목상권,3110803,신길2동우편취급국,1941,877,1064,3,178,397,455,511,397,1,61,185,193,234,203,2,117,212,262,277,194
20191,A,골목상권,3110804,신풍역 1번,2106,951,1155,7,197,396,541,563,402,3,79,184,219,248,218,4,118,212,322,315,184
20191,A,골목상권,3110788,영등포시장역 3번,2493,1276,1217,6,346,579,679,509,374,0,125,263,371,297,220,6,221,316,308,212,154
20191,A,골목상권,3110832,노량진초등학교,5534,3057,2477,15,757,1429,1289,1358,686,4,404,709,697,842,401,11,353,720,592,516,285
20191,A,골목상권,3110829,장승배기역 5번,2226,1090,1136,1,377,457,500,513,378,0,216,244,228,213,189,1,161,213,272,300,189
20191,A,골목상권,3110822,신대방삼거리역 4번(대림초등학교),3237,1797,1440,41,442,777,780,762,435,3,161,437,437,466,293,38,281,340,343,296,142
20191,A,골목상권,3110825,신대방삼거리역 1번,2257,920,1337,12,316,492,577,512,348,4,111,208,247,174,176,8,205,284,330,338,172
20191,A,골목상권,3110850,사당역 10번,8244,4542,3702,18,1306,1845,2044,1801,1230,8,529,1054,1231,970,750,10,777,791,813,831,480
20191,A,골목상권,3110848,양지어린이공원,2899,1451,1448,4,295,544,760,626,670,1,95,255,375,305,420,3,200,289,385,321,250
20191,A,골목상권,3110905,방배노인종합복지관(이수중학교),2577,1508,1069,4,315,611,674,617,356,2,132,357,448,389,180,2,183,254,226,228,176
20191,A,골목상권,3110892,관악구 중앙길,5722,2578,3144,26,968,1237,1366,1107,1018,6,309,569,678,510,506,20,659,668,688,597,512
20191,A,골목상권,3110878,미림여고,573,249,324,1,65,132,123,133,119,0,8,49,53,59,80,1,57,83,70,74,39
20191,A,골목상권,3110875,보라매동주민센터(당곡고등학교),1300,598,702,7,173,308,355,307,150,3,61,138,168,136,92,4,112,170,187,171,58
20191,A,골목상권,3110891,구암초등학교,1050,355,695,5,148,217,291,229,160,2,46,83,81,76,67,3,102,134,210,153,93
20191,A,골목상권,3110942,염곡동 구룡사(포이동성당),15362,9348,6014,33,2035,3944,3950,3274,2126,12,978,2527,2533,1942,1356,21,1057,1417,1417,1332,770
20191,A,골목상권,3110924,반포4동주민센터(몽마르뜨공원),4479,2044,2435,49,1077,1284,1008,710,351,16,419,581,483,359,186,33,658,703,525,351,165
20191,A,골목상권,3110920,방배역 2번(백석예술대학교),4774,2727,2047,48,1048,1097,966,807,808,8,407,641,613,452,606,40,641,456,353,355,202
20191,A,골목상권,3110928,서초우방유쉘아파트,15152,9117,6035,71,3220,4559,3560,2287,1455,27,1447,2949,2345,1326,1023,44,1773,1610,1215,961,432
20191,A,골목상권,3110954,국기원,11193,5183,6010,101,3938,3577,1900,926,751,30,1291,1694,1173,541,454,71,2647,1883,727,385,297
20191,A,골목상권,3110952,논현목련공원,6820,3759,3061,19,1384,2114,1854,885,564,8,521,1202,1137,509,382,11,863,912,717,376,182
20191,A,골목상권,3110975,매봉역 1번,15285,4063,11222,134,2983,2920,5682,3232,334,63,1253,1191,891,439,226,71,1730,1729,4791,2793,108
20191,A,골목상권,3110964,싸리고개근린공원,5344,3144,2200,16,1041,1458,1374,875,580,6,400,836,918,544,440,10,641,622,456,331,140
20191,A,골목상권,3110969,베르사이유1아파트,32489,17542,14947,111,8079,10703,7353,4104,2139,33,3118,6193,4734,2286,1178,78,4961,4510,2619,1818,961
20191,A,골목상권,3110987,영동대교남단,5853,3438,2415,59,1377,1913,1328,873,303,12,534,1160,923,596,213,47,843,753,405,277,90
20191,A,골목상권,3111027,문정초등학교,7590,4454,3136,25,878,1429,1812,1740,1706,14,442,869,1058,993,1078,11,436,560,754,747,628
20191,A,골목상권,3111016,송파역 2번,5739,2484,3255,19,1355,1486,1258,1111,510,8,407,701,662,411,295,11,948,785,596,700,215
20191,A,골목상권,3111024,경찰병원역 4번(건너말공원),13019,7786,5233,34,1932,3014,3246,3122,1671,18,930,1925,2140,1773,1000,16,1002,1089,1106,1349,671
20191,A,골목상권,3111025,경찰병원역 3번,9682,5103,4579,25,1560,2328,2264,2302,1203,11,717,1390,1326,1040,619,14,843,938,938,1262,584
20191,A,골목상권,3111041,거여역 8번,2040,1255,785,5,150,319,351,456,759,3,95,245,256,211,445,2,55,74,95,245,314
20191,A,골목상권,3111045,개미어린이공원,893,437,456,1,94,183,241,251,123,0,44,90,133,101,69,1,50,93,108,150,54
20191,A,골목상권,3111047,마천1치안센터,945,470,475,0,85,158,244,261,197,0,25,71,94,131,149,0,60,87,150,130,48
20191,A,골목상권,3111033,문정동성당,3093,1951,1142,7,269,400,617,818,982,3,157,277,381,537,596,4,112,123,236,281,386
20191,A,골목상권,3111021,방이역 4번,7779,4698,3081,32,1040,1659,1732,1504,1812,10,414,910,995,912,1457,22,626,749,737,592,355
20191,A,골목상권,3111003,삼전역 4번,5521,3238,2283,67,681,1273,1287,1147,1066,49,288,755,780,659,707,18,393,518,507,488,359
20191,A,골목상권,3111035,오금공원(오주중학교),2774,1449,1325,8,302,575,714,780,395,1,124,362,394,372,196,7,178,213,320,408,199
20191,A,골목상권,3111030,방이역 2번,8801,5538,3263,9,501,936,970,1145,5240,3,229,599,586,574,3547,6,272,337,384,571,1693
20191,A,골목상권,3111082,중앙보훈병원,707,463,244,1,102,166,185,154,99,1,63,127,119,92,61,0,39,39,66,62,38
20191,A,골목상권,3111071,천동초등학교,3479,1917,1562,15,397,716,801,730,820,4,124,347,449,424,569,11,273,369,352,306,251
20191,A,골목상권,3111050,강동구청(강동구청역 2번),6289,3485,2804,13,733,1489,1510,1421,1123,9,300,696,763,889,828,4,433,793,747,532,295
20191,A,골목상권,3111061,암사역 1번,4010,1649,2361,6,406,704,976,1193,725,3,153,342,404,350,397,3,253,362,572,843,328
20191,A,골목상권,3110018,중앙고등학교,21606,18223,3383,34,2807,8205,5832,3978,750,17,1750,6979,5218,3655,604,17,1057,1226,614,323,146
20191,A,골목상권,3110002,독립문역 1번,828,236,592,0,190,191,187,155,105,0,27,47,56,45,61,0,163,144,131,110,44
20191,A,골목상권,3110005,세검정,1140,494,646,3,174,306,280,218,159,3,51,125,132,104,79,0,123,181,148,114,80
20191,A,골목상권,3110055,황학동벼룩시장,2029,1138,891,5,351,533,467,409,264,3,136,299,286,238,176,2,215,234,181,171,88
20191,A,골목상권,3110025,충신시장옆,5023,2840,2183,19,846,1377,1276,998,507,11,330,708,767,648,376,8,516,669,509,350,131
20191,A,골목상권,3110026,종로5가역 4번,3119,1702,1417,12,403,745,862,672,425,6,178,414,434,375,295,6,225,331,428,297,130
20191,A,골목상권,3110048,장충동주민센터,7409,4493,2916,9,1220,2258,1872,1375,675,0,516,1374,1291,871,441,9,704,884,581,504,234
20191,A,골목상권,3110044,관성묘,23354,10902,12452,115,5619,6103,5352,4535,1630,35,3006,3744,2692,1067,358,80,2613,2359,2660,3468,1272
20191,A,골목상권,3110046,버티고개,2763,1216,1547,8,530,703,694,522,306,3,181,286,286,276,184,5,349,417,408,246,122
20191,A,골목상권,3110066,서울역 15번,6006,3350,2656,9,855,1525,1209,1255,1153,5,304,716,687,684,954,4,551,809,522,571,199
20191,A,골목상권,3110591,충정로역 6번,7430,4759,2671,12,1655,2321,1513,1081,848,4,921,1436,1014,735,649,8,734,885,499,346,199
20191,A,골목상권,3110065,남정초등학교,3931,2609,1322,9,554,1282,991,557,538,5,344,956,672,328,304,4,210,326,319,229,234
20191,A,골목상권,3110579,마포역 4번,7143,4296,2847,10,1115,1869,1799,1352,998,2,438,1041,1180,902,733,8,677,828,619,450,265
20191,A,골목상권,3110070,용산세무서,693,381,312,0,89,186,187,138,93,0,31,101,96,87,66,0,58,85,91,51,27
20191,A,골목상권,3110082,용산구청,4550,2565,1985,24,1041,1262,917,842,464,12,567,696,476,550,264,12,474,566,441,292,200
20191,A,골목상권,3110095,한강진역 3번,7820,3802,4018,30,2210,2666,1609,844,461,15,800,1371,925,467,224,15,1410,1295,684,377,237
20191,A,골목상권,3110109,금호삼성래미안아파트,896,376,520,2,125,192,216,193,168,1,35,87,89,67,97,1,90,105,127,126,71
20191,A,골목상권,3110118,왕십리역 9번,2135,964,1171,8,331,477,495,524,300,4,115,187,217,248,193,4,216,290,278,276,107
20191,A,골목상권,3110127,성수1가1동주민센터,6727,3931,2796,59,1689,1979,1487,1048,465,29,785,1211,920,640,346,30,904,768,567,408,119
20191,A,골목상권,3110131,성수동카페거리,59838,27392,32446,298,11858,15174,16252,14070,2186,181,6569,10249,6683,2516,1194,117,5289,4925,9569,11554,992
20191,A,골목상권,3110137,성수초등학교,29465,18274,11191,160,5970,7715,7110,5379,3131,93,3026,5040,4547,3273,2295,67,2944,2675,2563,2106,836
20191,A,골목상권,3110229,장평중학교,8308,4894,3414,30,1121,1792,1983,1694,1688,10,436,1009,1182,1008,1249,20,685,783,801,686,439
20191,A,골목상권,3110179,광나루역 1번,1683,791,892,9,254,508,405,290,217,8,82,203,215,129,154,1,172,305,190,161,63
20191,A,골목상권,3110180,광진정보도서관,3007,1628,1379,16,543,651,702,639,456,10,181,381,429,329,298,6,362,270,273,310,158
20191,A,골목상권,3110155,광진구청,7120,4326,2794,16,827,1485,1797,1832,1163,6,331,731,1075,1301,882,10,496,754,722,531,281
20191,A,골목상권,3110212,답십리초등학교,3472,1578,1894,16,560,666,913,780,537,10,234,334,392,319,289,6,326,332,521,461,248
20191,A,골목상권,3110204,간데메공원,2199,1188,1011,2,314,461,574,506,342,0,137,251,299,281,220,2,177,210,275,225,122
20191,A,골목상권,3110195,동대문구청,5443,2827,2616,3,646,1112,1331,1494,857,3,257,525,629,867,546,0,389,587,702,627,311
20191,A,골목상권,3110192,동의보감타워,2765,1510,1255,0,350,496,633,680,606,0,140,281,340,363,386,0,210,215,293,317,220
20191,A,골목상권,3110334,석관중앙교회,1662,986,676,4,133,266,416,497,346,3,50,117,229,342,245,1,83,149,187,155,101
20191,A,골목상권,3110196,홍릉근린공원,726,278,448,0,59,120,183,204,160,0,16,50,78,67,67,0,43,70,105,137,93
20191,A,골목상권,3110312,안암역 2번,8275,4069,4206,14,1594,2634,2052,1445,536,3,434,1108,1155,976,393,11,1160,1526,897,469,143
20191,A,골목상권,3110277,러스크서울병원,2649,1289,1360,4,346,486,665,674,474,0,108,212,305,341,323,4,238,274,360,333,151
20191,A,골목상권,3110278,망우본동주민센터,2812,1502,1310,3,346,479,671,736,577,0,105,208,292,440,457,3,241,271,379,296,120
20191,A,골목상권,3110272,신내1동주민센터,3303,1681,1622,9,348,608,818,918,602,5,108,297,394,481,396,4,240,311,424,437,206
20191,A,골목상권,3110260,면목역 3번,3544,1942,1602,13,482,867,1051,755,376,3,211,560,510,384,274,10,271,307,541,371,102
20191,A,골목상권,3110244,중화역 4번,2798,1432,1366,9,267,454,611,634,823,5,100,205,304,275,543,4,167,249,307,359,280
20191,A,골목상권,3110250,화랑대역 7번,1490,605,885,6,153,306,392,412,221,4,48,127,138,158,130,2,105,179,254,254,91
20191,A,골목상권,3110251,장안중학교,1957,809,1148,3,216,361,535,548,294,1,69,145,218,208,168,2,147,216,317,340,126
20191,A,골목상권,3110239,중랑역 2번,520,265,255,2,95,104,131,126,62,1,39,53,66,68,38,1,56,51,65,58,24
20191,A,골목상권,3110235,세화어린이공원,592,244,348,0,58,93,183,177,81,0,21,52,78,56,37,0,37,41,105,121,44
20191,A,골목상권,3110306,미아초등학교,1048,397,651,4,157,268,293,221,105,1,42,123,87,87,57,3,115,145,206,134,48
20191,A,골목상권,3110318,KT월곡지사,3482,1968,1514,12,499,816,920,837,398,3,201,484,547,526,207,9,298,332,373,311,191
20191,A,골목상권,3110296,성신여대입구역 4번,4915,2074,2841,15,696,879,914,901,1510,1,182,374,440,408,669,14,514,505,474,493,841
20191,A,골목상권,3110304,보문역 4번,8084,3538,4546,15,1517,2332,1918,1655,647,8,386,862,911,957,414,7,1131,1470,1007,698,233
20191,A,골목상권,3110327,상월곡역 2번,1297,670,627,5,124,248,402,347,171,1,60,124,201,167,117,4,64,124,201,180,54
20191,A,골목상권,3110333,돌곶이역 5번,3111,1932,1179,5,258,393,508,637,1310,1,83,188,259,377,1024,4,175,205,249,260,286
20191,A,골목상권,3110336,석관고등학교,1198,743,455,2,90,213,316,379,198,1,44,116,201,252,129,1,46,97,115,127,69
20191,A,골목상권,3110335,석계역 7번,3420,2225,1195,9,255,385,638,764,1369,2,88,206,353,489,1087,7,167,179,285,275,282
20191,A,골목상권,3110319,종암동주민센터,2427,1115,1312,11,379,526,609,597,305,3,121,277,316,281,117,8,258,249,293,316,188
20191,A,골목상권,3110321,동덕여대,1490,702,788,2,238,261,357,389,243,0,48,125,177,212,140,2,190,136,180,177,103
20191,A,골목상권,3110289,북한산보국문역 2번,1718,938,780,5,205,289,457,468,294,2,81,129,238,280,208,3,124,160,219,188,86
20191,A,골목상권,3110324,월곡역 4번,1697,804,893,8,248,404,451,337,249,2,92,180,244,143,143,6,156,224,207,194,106
20191,A,골목상권,3110418,광운대학교 남단,1900,1059,841,5,240,359,475,503,318,3,85,160,260,309,242,2,155,199,215,194,76
20191,A,골목상권,3110414,장석교회,752,438,314,7,74,128,174,217,152,6,30,61,95,125,121,1,44,67,79,92,31
20191,A,골목상권,3110282,국민대학교앞,2447,1503,944,0,366,479,716,628,258,0,132,233,458,471,209,0,234,246,258,157,49
20191,A,골목상권,3110287,정릉3동주민센터,973,621,352,1,75,168,317,302,110,1,22,79,209,220,90,0,53,89,108,82,20
20191,A,골목상권,3110349,화계역 2번,948,683,265,1,58,148,328,314,99,0,11,81,247,266,78,1,47,67,81,48,21
20191,A,골목상권,3110366,광산사거리,1753,868,885,6,245,371,430,450,251,2,90,188,231,211,146,4,155,183,199,239,105
20191,A,골목상권,3110338,인수초등학교,516,212,304,2,71,108,123,117,95,2,24,40,51,43,52,0,47,68,72,74,43
20191,A,골목상권,3110397,도봉산입구,1771,902,869,4,159,274,419,503,412,1,61,136,173,263,268,3,98,138,246,240,144
20191,A,골목상권,3110413,누원고등학교,1388,656,732,4,115,211,329,386,343,1,38,90,130,176,221,3,77,121,199,210,122
20191,A,골목상권,3110398,쌍문2동우체국,2967,1565,1402,13,275,490,614,760,815,8,112,263,302,354,526,5,163,227,312,406,289
20191,A,골목상권,3110435,서울과학기술대,569,327,242,2,76,105,130,148,108,2,38,49,63,88,87,0,38,56,67,60,21
20191,A,골목상권,3110422,노원역 9번,2160,791,1369,13,337,377,528,564,341,7,108,154,194,179,149,6,229,223,334,385,192
20191,A,골목상권,3110458,선일여고,1570,619,951,3,175,401,398,387,206,0,53,185,131,135,115,3,122,216,267,252,91
20191,A,골목상권,3110477,은평세무서,4034,1901,2133,14,436,678,1037,1049,820,6,165,326,501,455,448,8,271,352,536,594,372
20191,A,골목상권,3110478,응암1동주민센터,2757,1276,1481,11,296,460,727,684,579,4,114,211,314,287,346,7,182,249,413,397,233
20191,A,골목상권,3110489,불광역 3번,989,403,586,2,101,161,274,274,177,0,39,61,124,102,77,2,62,100,150,172,100
20191,A,골목상권,3110480,연신내역 3번,1683,686,997,15,265,310,420,374,299,6,72,124,166,151,167,9,193,186,254,223,132
20191,A,골목상권,3110485,연신내우체국,946,362,584,2,96,194,273,262,119,1,31,84,103,88,55,1,65,110,170,174,64
20191,A,골목상권,3110482,연신초등학교,967,614,353,2,103,238,302,252,70,1,58,172,186,162,35,1,45,66,116,90,35
20191,A,골목상권,3110503,명지대학교교회,2032,1104,928,6,333,388,481,520,304,4,135,196,247,304,218,2,198,192,234,216,86
20191,A,골목상권,3110510,홍연시장,1131,613,518,0,91,145,279,367,249,0,37,84,147,205,140,0,54,61,132,162,109
20191,A,골목상권,3110537,충정로현대아파트,12170,7595,4575,22,2045,3930,3120,1993,1060,9,840,2235,2144,1562,805,13,1205,1695,976,431,255
20191,A,골목상권,3110576,대흥역 3번,10041,6584,3457,95,1702,2767,2538,1755,1184,36,966,1868,1855,1072,787,59,736,899,683,683,397
20191,A,골목상권,3110571,신수동주민센터,4006,2215,1791,8,546,1024,1096,739,593,2,237,568,603,399,406,6,309,456,493,340,187
20191,A,골목상권,3110546,양화대교북단,1959,1118,841,3,432,568,431,309,216,1,178,332,286,185,136,2,254,236,145,124,80
20191,A,골목상권,3110541,동교초등학교,2112,1150,962,2,308,493,579,458,272,2,157,279,308,217,187,0,151,214,271,241,85
20191,A,골목상권,3110563,상수역 3번,2708,1573,1135,20,749,857,581,313,188,15,350,525,397,173,113,5,399,332,184,140,75
20191,A,골목상권,3110581,염리초등학교,15295,8325,6970,109,2765,3953,3548,2953,1967,43,1215,2402,2211,1317,1137,66,1550,1551,1337,1636,830
20191,A,골목상권,3110679,염창역 2번,4390,3131,1259,17,556,1138,1198,871,610,13,292,828,917,618,463,4,264,310,281,253,147
20191,A,골목상권,3110676,등촌역 7번,3210,1789,1421,8,466,752,808,723,453,7,179,414,467,400,322,1,287,338,341,323,131
20191,A,골목상권,3110600,신월7동주민센터,3233,2271,962,2,156,324,687,1144,920,2,71,196,405,843,754,0,85,128,282,301,166
20191,A,골목상권,3110599,신월1파출소,2239,1171,1068,3,165,328,586,715,442,2,77,165,306,386,235,1,88,163,280,329,207
20191,A,골목상권,3110609,신정네거리역 2번,1536,647,889,4,204,293,396,386,253,2,63,119,157,175,131,2,141,174,239,211,122
20191,A,골목상권,3110598,신월문화체육센터,2777,1736,1041,6,144,289,636,972,730,4,45,151,323,641,572,2,99,138,313,331,158
20191,A,골목상권,3110613,신정네거리역 4번,1503,688,815,3,185,279,385,365,286,0,72,146,174,162,134,3,113,133,211,203,152
20191,A,골목상권,3110655,발산역 5번,6254,3005,3249,64,1044,1343,1318,1251,1234,31,411,698,738,540,587,33,633,645,580,711,647
20191,A,골목상권,3110648,양천향교역 7번,13321,8401,4920,60,2264,3781,3399,2514,1303,31,1089,2472,2565,1360,884,29,1175,1309,834,1154,419
20191,A,골목상권,3110667,가양역 10번,3064,1600,1464,20,453,590,670,663,668,12,169,294,358,281,486,8,284,296,312,382,182
20191,A,골목상권,3110653,화곡역 2번,2913,1171,1742,9,485,622,680,631,486,2,119,271,287,245,247,7,366,351,393,386,239
20191,A,골목상권,3110658,화곡초등학교,1643,680,963,2,184,335,405,388,329,1,63,158,172,146,140,1,121,177,233,242,189
20191,A,골목상권,3110661,강서새말어린이공원,5475,3143,2332,8,659,1385,1404,1441,578,5,287,736,812,942,361,3,372,649,592,499,217
20191,A,골목상권,3110721,가리봉파출소,15277,9681,5596,53,3002,4796,3712,2307,1407,30,1470,3304,2588,1320,969,23,1532,1492,1124,987,438
20191,A,골목상권,3110725,가산동주민센터,2289,1245,1044,14,345,520,548,534,328,8,156,284,326,259,212,6,189,236,222,275,116
20191,A,골목상권,3110769,대림차이나타운(대림역 12번),1059,551,508,0,112,247,297,268,135,0,44,123,145,151,88,0,68,124,152,117,47
20191,A,골목상권,3110688,오류지구대,1378,672,706,3,194,267,340,362,212,2,65,135,176,173,121,1,129,132,164,189,91
20191,A,골목상권,3110684,서울공연예술고등학교,910,399,511,1,76,196,243,258,136,0,19,92,111,119,58,1,57,104,132,139,78
20191,A,골목상권,3110761,문래동남성맨션,2289,1590,699,2,309,462,496,623,397,0,180,303,355,450,302,2,129,159,141,173,95
20191,A,골목상권,3110724,금천구립가산도서관,18702,13087,5615,77,3834,5854,4851,2765,1321,40,2378,4304,3462,1934,969,37,1456,1550,1389,831,352
20191,A,골목상권,3110736,독산119안전센터,4072,2208,1864,20,522,761,1035,1083,651,9,238,420,550,562,429,11,284,341,485,521,222
20191,A,골목상권,3110782,영등포시장역 4번,3621,1846,1775,13,548,819,941,735,565,3,209,394,518,394,328,10,339,425,423,341,237
20191,A,골목상권,3110819,신대방역 4번,4091,2419,1672,9,683,1010,1045,825,519,7,329,655,638,474,316,2,354,355,407,351,203
20191,A,골목상권,3110789,대림성모병원,3187,1142,2045,2,803,712,662,622,386,1,151,267,268,274,181,1,652,445,394,348,205
20191,A,골목상권,3110787,신길3동주민센터,1594,760,834,2,143,344,425,427,253,1,52,144,218,187,158,1,91,200,207,240,95
20191,A,골목상권,3110809,장훈고등학교,1582,706,876,3,206,365,413,371,224,3,67,179,193,165,99,0,139,186,220,206,125
20191,A,골목상권,3110827,NH농협은행 상도동지점,1858,694,1164,16,274,357,458,429,324,6,94,150,179,141,124,10,180,207,279,288,200
20191,A,골목상권,3110847,예술인마을,2556,1448,1108,0,527,600,583,541,305,0,220,351,369,297,211,0,307,249,214,244,94
20191,A,골목상권,3110849,이수역 10번,4411,2011,2400,25,592,863,1072,991,868,12,203,412,493,428,463,13,389,451,579,563,405
20191,A,골목상권,3110843,사당5동주민센터,1116,602,514,2,161,232,273,287,161,2,63,106,147,167,117,0,98,126,126,120,44
20191,A,골목상권,3110837,숭실대입구역 1번,2174,864,1310,9,273,510,609,454,319,1,97,202,227,159,178,8,176,308,382,295,141
20191,A,골목상권,3110838,상도1동주민센터앞,861,338,523,7,116,226,242,164,106,0,40,98,92,51,57,7,76,128,150,113,49
20191,A,골목상권,3110866,난우중학교,881,382,499,1,92,177,248,247,116,0,34,69,112,117,50,1,58,108,136,130,66
20191,A,골목상권,3110883,은천초등학교(은천교앞),2455,1223,1232,5,326,486,588,641,409,3,102,241,288,300,289,2,224,245,300,341,120
20191,A,골목상권,3110947,청계산입구역 2번(내곡동주민센터),515,273,242,1,101,117,130,94,72,1,41,66,73,48,44,0,60,51,57,46,28
20191,A,골목상권,3110927,잠원역,801,371,430,2,107,187,146,153,206,0,23,71,54,61,162,2,84,116,92,92,44
20191,A,골목상권,3110921,서울프랑스학교,4136,2390,1746,51,955,1193,979,609,349,17,439,739,614,388,193,34,516,454,365,221,156
20191,A,골목상권,3110908,구반포역,924,551,373,2,119,165,239,213,186,0,55,90,140,150,116,2,64,75,99,63,70
20191,A,골목상권,3110961,언주역 3번,21720,10901,10819,97,5370,6259,4376,2607,3011,39,1759,3304,2527,1255,2017,58,3611,2955,1849,1352,994
20191,A,골목상권,3110906,서문여고,3114,1929,1185,12,469,715,793,610,515,8,193,421,512,407,388,4,276,294,281,203,127
20191,A,골목상권,3110994,개포고등학교,1087,608,479,14,141,239,261,271,161,10,68,128,159,148,95,4,73,111,102,123,66
20191,A,골목상권,3110983,국립국악고등학교,5059,2851,2208,8,537,1042,1375,1222,875,3,229,608,739,652,620,5,308,434,636,570,255
20191,A,골목상권,3110951,신사은행나무공원,12288,5954,6334,103,4276,3788,2293,1096,732,43,1468,1903,1388,631,521,60,2808,1885,905,465,211
20191,A,골목상권,3110972,강남세브란스병원미래의학연구센터,13719,7495,6224,112,3716,4054,2998,1741,1098,34,1426,2247,1981,1063,744,78,2290,1807,1017,678,354
20191,A,골목상권,3111042,거여역 1번(거여공원),6051,3312,2739,14,651,1130,1411,1555,1290,9,318,717,788,757,723,5,333,413,623,798,567
20191,A,골목상권,3111028,문현중학교(장지역 1번),3114,1683,1431,9,456,754,805,717,373,4,190,423,417,376,273,5,266,331,388,341,100
20191,A,골목상권,3111031,장지동주민센터(한림연예예술고교),5025,3017,2008,9,440,849,1129,1273,1325,3,236,531,632,782,833,6,204,318,497,491,492
20191,A,골목상권,3111013,송파나루역 1번(송리단길),9579,5541,4038,28,1560,2447,2178,1901,1465,15,708,1516,1303,962,1037,13,852,931,875,939,428
20191,A,골목상권,3111048,천호역 1번(천호문구완구거리),2744,1411,1333,11,381,575,652,579,546,3,132,295,342,287,352,8,249,280,310,292,194
20191,A,골목상권,3111053,성내천어린이공원(하니사랑길),14586,7831,6755,47,1893,3198,3504,3474,2470,31,942,1908,1829,1600,1521,16,951,1290,1675,1874,949
20191,A,골목상권,3111085,묘곡초등학교(고덕아이파크아파트),836,320,516,0,76,151,183,228,198,0,20,56,71,88,85,0,56,95,112,140,113
20191,A,골목상권,3111079,둔촌고등학교(둔촌중학교),2206,1320,886,3,165,393,530,630,485,2,88,229,294,364,343,1,77,164,236,266,142
20191,A,골목상권,3111084,길동신동아아파트,614,282,332,0,55,160,146,151,102,0,18,65,67,68,64,0,37,95,79,83,38
20191,A,골목상권,3111072,굽은다리역 1번(십자성마을),3356,1773,1583,8,346,675,827,772,728,3,117,351,430,395,477,5,229,324,397,377,251
20191,A,골목상권,3111080,굽은다리역 3번,3779,1712,2067,14,389,634,841,1047,854,11,140,320,415,420,406,3,249,314,426,627,448
20191,A,골목상권,3111070,천호초등학교,1418,657,761,6,131,369,380,355,177,5,53,182,160,175,82,1,78,187,220,180,95
20191,A,골목상권,3111054,암사역 4번(삼성광나루아파트),2293,866,1427,5,213,385,521,727,442,2,58,166,186,190,264,3,155,219,335,537,178
20191,A,골목상권,3110017,정독도서관,2102,859,1243,3,446,631,454,389,179,3,127,262,205,179,83,0,319,369,249,210,96
20191,A,골목상권,3110034,창신1동주민센터,5717,2417,3300,15,1289,2004,1278,717,414,9,513,852,475,318,250,6,776,1152,803,399,164
20191,A,골목상권,3110011,청운초등학교,861,322,539,1,116,227,213,226,78,1,34,71,76,89,51,0,82,156,137,137,27
20191,A,골목상권,3110286,한성대입구역 5번,2896,1369,1527,34,453,715,780,595,319,15,137,303,348,364,202,19,316,412,432,231,117
20191,A,골목상권,3110040,중구회현체육센터(정화예술대남산캠퍼스),17260,7870,9390,40,2346,5813,5678,3030,353,8,692,2284,2433,2280,173,32,1654,3529,3245,750,180
20191,A,골목상권,3110079,후암동주민센터,36306,23232,13074,172,7822,13574,10789,3291,658,89,4290,8552,7733,2139,429,83,3532,5022,3056,1152,229
20191,A,골목상권,3110068,남영역 1번,24733,11561,13172,771,7744,7766,5059,2353,1040,313,3338,3734,2313,1253,610,458,4406,4032,2746,1100,430
20191,A,골목상권,3110092,NH농협은행 보광동지점,1096,549,547,1,146,203,275,270,201,0,57,93,132,135,132,1,89,110,143,135,69
20191,A,골목상권,3110085,경리단길남측,4188,2345,1843,28,1019,993,731,682,735,13,512,566,418,388,448,15,507,427,313,294,287
20191,A,골목상권,3110096,한남힐사이드아파트,1669,873,796,12,560,613,260,132,92,8,219,356,160,68,62,4,341,257,100,64,30
20191,A,골목상권,3110106,금북초등학교,476,175,301,1,53,119,144,97,62,0,11,37,43,42,42,1,42,82,101,55,20
20191,A,골목상권,3110123,마장역 3번,2293,1420,873,4,220,501,595,623,350,2,115,298,365,363,277,2,105,203,230,260,73
20191,A,골목상권,3110115,상왕십리역 3번,4269,2260,2009,6,574,864,948,1117,760,3,218,511,592,575,361,3,356,353,356,542,399
20191,A,골목상권,3110129,성원어린이공원,8635,5442,3193,42,1825,2564,2233,1301,670,19,788,1729,1509,894,503,23,1037,835,724,407,167
20191,A,골목상권,3110135,성동세무서,12581,7878,4703,64,2561,3496,2938,2258,1264,35,1228,2281,1845,1476,1013,29,1333,1215,1093,782,251
20191,A,골목상권,3110139,자양4동주민센터,2019,1139,880,6,283,408,478,471,373,1,112,239,257,263,267,5,171,169,221,208,106
20191,A,골목상권,3110112,행당역 2번,2400,1056,1344,11,378,510,608,594,299,7,130,200,257,281,181,4,248,310,351,313,118
20191,A,골목상권,3110164,아차산역 5번,3514,1822,1692,11,487,796,796,790,634,3,213,400,409,393,404,8,274,396,387,397,230
20191,A,골목상권,3110176,해오름공원,1366,676,690,3,147,228,383,357,248,2,45,119,173,183,154,1,102,109,210,174,94
20191,A,골목상권,3110152,중곡어린이공원,1489,604,885,5,101,225,351,451,356,1,27,120,141,167,148,4,74,105,210,284,208
20191,A,골목상권,3110165,국립정신건강센터,3105,1534,1571,3,348,738,788,794,434,1,108,330,404,414,277,2,240,408,384,380,157
20191,A,골목상권,3110158,중곡3동주민센터,2145,1133,1012,4,265,420,532,525,399,0,111,221,257,280,264,4,154,199,275,245,135
20191,A,골목상권,3110183,한국의류시험연구원,3961,2114,1847,6,766,1102,882,643,562,1,282,551,468,392,420,5,484,551,414,251,142
20191,A,골목상권,3110313,안암역 3번,2671,1488,1183,14,440,607,734,486,390,2,208,366,422,254,236,12,232,241,312,232,154
20191,A,골목상권,3110213,청량초등학교,1061,487,574,3,194,258,257,211,138,1,70,156,113,74,73,2,124,102,144,137,65
20191,A,골목상권,3110224,외대앞역 2번,757,323,434,3,98,130,196,160,170,3,45,66,90,64,55,0,53,64,106,96,115
20191,A,골목상권,3110210,서울시립대,1304,735,569,6,140,281,356,329,192,5,63,157,218,170,122,1,77,124,138,159,70
20191,A,골목상권,3110198,동대문중앙새마을금고본점,935,580,355,5,91,163,223,244,209,5,51,99,147,136,142,0,40,64,76,108,67
20191,A,골목상권,3110199,홍릉시장,2395,1562,833,4,284,578,582,574,373,4,173,410,408,350,217,0,111,168,174,224,156
20191,A,골목상권,3110263,면목역 1번,4142,2107,2035,13,530,993,1220,879,507,2,234,631,591,348,301,11,296,362,629,531,206
20191,A,골목상권,3110273,장스여성병원,2334,1316,1018,9,269,345,464,650,597,2,72,146,229,402,465,7,197,199,235,248,132
20191,A,골목상권,3110249,중화역 1번,3615,1711,1904,7,354,624,837,869,924,2,127,249,386,345,602,5,227,375,451,524,322
20191,A,골목상권,3110236,신묵초등학교,2992,1567,1425,6,333,550,654,666,783,2,113,269,328,333,522,4,220,281,326,333,261
20191,A,골목상권,3110234,중랑역 4번,4005,2769,1236,20,570,887,1089,1050,389,11,289,585,779,833,272,9,281,302,310,217,117
20191,A,골목상권,3110240,태릉시장 특화거리,928,393,535,0,103,154,263,271,137,0,38,80,110,91,74,0,65,74,153,180,63
20191,A,골목상권,3110299,정릉역 1번,1826,759,1067,6,264,361,488,454,253,3,80,142,180,202,152,3,184,219,308,252,101
20191,A,골목상권,3110368,송천초등학교,1332,561,771,4,202,276,365,332,153,2,53,100,149,158,99,2,149,176,216,174,54
20191,A,골목상권,3110326,장위동성당,951,448,503,0,88,160,268,240,195,0,25,73,113,116,121,0,63,87,155,124,74
20191,A,골목상권,3110292,정릉역 2번,876,361,515,6,131,198,227,196,118,3,54,79,75,81,69,3,77,119,152,115,49
20191,A,골목상권,3110375,서울북부고용노동지청,1986,1243,743,4,178,267,476,682,379,3,89,140,290,467,254,1,89,127,186,215,125
20191,A,골목상권,3110370,도봉세무서,2811,1249,1562,6,241,408,609,632,915,2,87,178,281,299,402,4,154,230,328,333,513
20191,A,골목상권,3110342,국립재활원,1273,508,765,0,164,348,346,292,123,0,39,145,153,115,56,0,125,203,193,177,67
20191,A,골목상권,3110356,덕수교,1033,491,542,11,121,195,280,259,167,4,53,116,143,89,86,7,68,79,137,170,81
20191,A,골목상권,3110387,쌍문초등학교,991,494,497,2,151,182,263,237,156,0,71,96,127,97,103,2,80,86,136,140,53
20191,A,골목상권,3110415,수락산역 4번,4355,2115,2240,8,407,793,1125,1045,977,4,182,454,547,479,449,4,225,339,578,566,528
20191,A,골목상권,3110400,도봉구보건소,3664,1700,1964,13,504,685,886,930,646,7,175,361,410,409,338,6,329,324,476,521,308
20191,A,골목상권,3110385,효문고등학교,859,292,567,0,196,169,208,200,86,0,19,47,85,86,55,0,177,122,123,114,31
20191,A,골목상권,3110401,도봉구민회관,2640,1476,1164,13,256,465,562,617,727,8,108,265,293,300,502,5,148,200,269,317,225
20191,A,골목상권,3110425,계상초등학교,2645,1019,1626,7,298,446,671,774,449,2,102,211,265,267,172,5,196,235,406,507,277
20191,A,골목상권,3110434,태릉입구역 4번,3627,1558,2069,8,461,640,908,1031,579,4,192,326,392,365,279,4,269,314,516,666,300
20191,A,골목상권,3110433,공릉역 2번,5166,2770,2396,21,600,899,1273,1416,957,13,270,571,707,634,575,8,330,328,566,782,382
20191,A,골목상권,3110438,경춘선숲길 우측,1807,867,940,3,227,398,502,435,242,3,112,213,222,186,131,0,115,185,280,249,111
20191,A,골목상권,3110428,상계5동주민센터,2815,1302,1513,6,243,363,589,747,867,1,96,204,261,299,441,5,147,159,328,448,426
20191,A,골목상권,3110450,시립서북병원,2951,1053,1898,4,408,625,739,774,401,1,126,226,278,246,176,3,282,399,461,528,225
20191,A,골목상권,3110483,연천초등학교,959,379,580,1,97,184,248,242,187,1,27,74,96,97,84,0,70,110,152,145,103
20191,A,골목상권,3110491,불광중학교,411,134,277,0,41,83,117,124,46,0,13,22,35,39,25,0,28,61,82,85,21
20191,A,골목상권,3110470,신진과학기술고등학교,1794,785,1009,14,272,386,466,382,274,7,104,189,200,134,151,7,168,197,266,248,123
20191,A,골목상권,3110494,증산3교남측,670,315,355,4,67,129,184,187,99,2,33,69,73,79,59,2,34,60,111,108,40
20191,A,골목상권,3110500,남가좌동현대아파트,695,290,405,2,105,161,187,152,88,0,28,63,78,66,55,2,77,98,109,86,33
20191,A,골목상권,3110566,경의선책거리,14274,7994,6280,81,3331,3777,3630,2399,1056,28,1665,2344,2142,1173,642,53,1666,1433,1488,1226,414
20191,A,골목상권,3110524,연희세브란스병원,531,241,290,4,135,139,101,114,38,3,44,61,54,57,22,1,91,78,47,57,16
20191,A,골목상권,3110506,연희임광아파트,2495,1507,988,12,520,648,530,409,376,4,252,409,333,242,267,8,268,239,197,167,109
20191,A,골목상권,3110525,홍은종합사회복지관,1446,641,805,6,172,297,350,333,288,3,70,113,117,150,188,3,102,184,233,183,100
20191,A,골목상권,3110528,서울여자간호대학교,1345,575,770,2,139,236,338,313,317,1,47,85,115,127,200,1,92,151,223,186,117
20191,A,골목상권,3110573,신촌역 6번,1723,835,888,17,361,466,365,312,202,9,116,229,204,149,128,8,245,237,161,163,74
20191,A,골목상권,3110544,망리단길,8527,4524,4003,40,1582,1976,1960,1634,1335,22,694,1069,1058,734,947,18,888,907,902,900,388
20191,A,골목상권,3110626,양화초등학교,2926,1759,1167,4,306,643,886,639,448,2,116,381,579,400,281,2,190,262,307,239,167
20191,A,골목상권,3110597,신월1동주민센터,3758,2168,1590,5,304,583,785,819,1262,4,109,265,342,399,1049,1,195,318,443,420,213
20191,A,골목상권,3110606,신한은행 신월동지점,3253,1895,1358,8,233,445,721,1021,825,5,87,242,333,598,630,3,146,203,388,423,195
20191,A,골목상권,3110665,곰달래도서관,4028,2041,1987,11,535,906,940,1004,632,5,228,507,479,451,371,6,307,399,461,553,261
20191,A,골목상권,3110603,지향초등학교,2317,1463,854,5,180,331,505,577,719,1,70,165,264,325,638,4,110,166,241,252,81
20191,A,골목상권,3110657,양천향교역 5번,12778,7278,5500,54,2219,3247,2947,2689,1622,27,1022,1991,1842,1310,1086,27,1197,1256,1105,1379,536
20191,A,골목상권,3110671,등촌1동주민센터,32750,13739,19011,220,4431,7831,10018,8899,1351,129,2272,4892,3886,1693,867,91,2159,2939,6132,7206,484
20191,A,골목상권,3110643,강서구다솔마을,1473,834,639,2,176,332,511,322,130,0,67,188,317,178,84,2,109,144,194,144,46
20191,A,골목상권,3110635,공항시장역 3번,2036,1086,950,5,253,436,551,469,322,0,74,201,311,275,225,5,179,235,240,194,97
20191,A,골목상권,3110669,화곡보람2차아파트,4265,2504,1761,4,1054,1179,975,662,391,1,314,740,731,430,288,3,740,439,244,232,103
20191,A,골목상권,3110645,우장산역 4번,3550,1296,2254,10,506,778,854,945,457,6,109,283,287,369,242,4,397,495,567,576,215
20191,A,골목상권,3110650,우장산힐스테이트,1769,864,905,39,291,278,397,403,361,19,139,142,184,163,217,20,152,136,213,240,144
20191,A,골목상권,3110632,방화역 3번,3121,1391,1730,4,322,632,819,825,519,0,130,296,393,322,250,4,192,336,426,503,269
20191,A,골목상권,3110640,방화역 1번,2626,1459,1167,2,213,516,656,780,459,0,61,176,360,538,324,2,152,340,296,242,135
20191,A,골목상권,3110695,개봉1동주민센터,1657,741,916,4,123,248,467,450,365,4,45,121,204,181,186,0,78,127,263,269,179
20191,A,골목상권,3110697,개봉3동주민센터,714,304,410,2,75,119,194,204,120,1,28,58,73,80,64,1,47,61,121,124,56
20191,A,골목상권,3110713,구로보건소,8337,4766,3571,37,1112,1908,2167,1931,1182,21,511,1138,1275,1069,752,16,601,770,892,862,430
20191,A,골목상권,3110682,온수역 8번,961,508,453,0,133,254,224,229,121,0,42,128,114,118,106,0,91,126,110,111,15
20191,A,골목상권,3110687,"천왕역 3번(오류2동주민센터, 서울오류남초등학교)",877,288,589,4,93,227,246,218,89,2,24,83,71,70,38,2,69,144,175,148,51
20191,A,골목상권,3110735,말미고개,3763,2259,1504,14,439,711,944,1019,636,11,254,439,553,561,441,3,185,272,391,458,195
20191,A,골목상권,3110737,금천세무서,2889,1665,1224,4,306,587,742,754,496,2,121,332,431,430,349,2,185,255,311,324,147
20191,A,골목상권,3110857,미성동주민센터,1742,755,987,8,171,312,450,467,334,3,63,128,199,190,172,5,108,184,251,277,162
20191,A,골목상권,3110753,시흥동 은행나무사거리,2438,1222,1216,7,193,377,633,799,429,2,58,165,318,427,252,5,135,212,315,372,177
20191,A,골목상권,3110754,삼성산자연공원(서울금천초등학교),1636,534,1102,5,160,282,436,487,266,3,39,88,168,134,102,2,121,194,268,353,164
20191,A,골목상권,3110750,시흥4동주민센터(서울신흥초등학교),1194,381,813,0,123,206,308,381,176,0,31,71,100,113,66,0,92,135,208,268,110
20191,A,골목상권,3110783,영등포시장역 1번,11388,7302,4086,75,2158,3211,2583,2157,1204,39,1105,2101,1822,1453,782,36,1053,1110,761,704,422
20191,A,골목상권,3110794,영동초등학교,12625,8671,3954,33,1797,3014,2781,2214,2786,19,962,2045,1928,1446,2271,14,835,969,853,768,515
20191,A,골목상권,3110785,영등포푸르지오아파트,1502,702,800,4,166,315,388,358,271,3,36,128,195,164,176,1,130,187,193,194,95
20191,A,골목상권,3110765,문래동사거리,3767,2577,1190,9,404,758,922,1013,661,2,227,485,621,713,529,7,177,273,301,300,132
20191,A,골목상권,3110756,문래중학교,3364,1869,1495,1,402,750,872,694,645,0,188,446,433,354,448,1,214,304,439,340,197
20191,A,골목상권,3110815,공군호텔,4562,2176,2386,16,730,1027,1035,1023,731,6,224,485,507,503,451,10,506,542,528,520,280
20191,A,골목상권,3110816,대방역 6번,3383,1860,1523,2,473,676,792,737,703,1,211,372,464,378,434,1,262,304,328,359,269
20191,A,골목상권,3110823,신대방삼거리역 3번,8402,4248,4154,21,1442,2774,2227,1321,617,5,435,1387,1298,744,379,16,1007,1387,929,577,238
20191,A,골목상권,3110846,남성역 1번,3391,1720,1671,4,350,592,713,712,1020,2,137,266,334,339,642,2,213,326,379,373,378
20191,A,골목상권,3110904,이수역 5번,5570,3135,2435,13,1027,1371,1334,967,858,6,449,785,793,565,537,7,578,586,541,402,321
20191,A,골목상권,3110898,청림동주민센터(상도중학교),1101,450,651,2,141,235,312,253,158,0,40,101,121,91,97,2,101,134,191,162,61
20191,A,골목상권,3110835,상도역 1번,1455,695,760,5,307,320,346,306,171,1,138,153,168,149,86,4,169,167,178,157,85
20191,A,골목상권,3110873,당곡중학교,6111,2621,3490,22,842,1641,2011,1122,473,9,303,621,791,586,311,13,539,1020,1220,536,162
20191,A,골목상권,3110844,흑석2치안센터,450,218,232,2,73,72,96,113,94,0,34,39,40,44,61,2,39,33,56,69,33
20191,A,골목상권,3110889,봉천역 6번,1361,564,797,1,169,248,338,337,268,0,46,116,161,128,113,1,123,132,177,209,155
20191,A,골목상권,3110945,본마을노인복지센터(서초구립내곡도서관),226,124,102,0,25,55,58,47,41,0,13,29,25,23,34,0,12,26,33,24,7
20191,A,골목상권,3110930,서초동성당,8173,3764,4409,18,1598,2391,2141,1209,816,5,523,1064,972,636,564,13,1075,1327,1169,573,252
20191,A,골목상권,3110941,언남고등학교,4510,2689,1821,24,719,1157,1259,870,481,6,318,717,781,519,348,18,401,440,478,351,133
20191,A,골목상권,3110949,한남IC,8622,4306,4316,55,2446,2801,1886,927,507,22,805,1548,1116,495,320,33,1641,1253,770,432,187
20191,A,골목상권,3110993,개포지하차도 북측,103,77,26,0,10,19,25,31,18,0,7,16,18,23,13,0,3,3,7,8,5
20191,A,골목상권,3110956,언주역 8번,13164,7693,5471,86,3240,3634,2982,2157,1065,30,1488,2147,2058,1255,715,56,1752,1487,924,902,350
20191,A,골목상권,3110957,언북중학교,25512,12826,12686,122,6438,8413,6059,2992,1488,28,1955,4391,3612,1848,992,94,4483,4022,2447,1144,496
20191,A,골목상권,3110968,강남구청역 2번,17330,9127,8203,62,3786,5372,4052,2605,1453,30,1363,2840,2555,1428,911,32,2423,2532,1497,1177,542
20191,A,골목상권,3110986,삼성중앙역 7번,6598,3876,2722,16,1655,2323,1433,708,463,7,630,1512,981,463,283,9,1025,811,452,245,180
20191,A,골목상권,3111029,오금역 4번,5853,3616,2237,17,857,1499,1488,1230,762,11,463,1002,916,708,516,6,394,497,572,522,246
20191,A,골목상권,3110959,신구중학교,9682,4483,5199,61,2219,2534,1840,1567,1461,23,810,1380,1058,566,646,38,1409,1154,782,1001,815
20191,A,골목상권,3111012,석촌역 6번,3933,2039,1894,15,559,901,930,831,697,3,190,501,518,411,416,12,369,400,412,420,281
20191,A,골목상권,3111036,투구봉어린이공원,1683,916,767,0,253,350,382,347,351,0,93,180,208,191,244,0,160,170,174,156,107
20191,A,골목상권,3111038,보인중학교,2725,1584,1141,5,307,629,695,743,346,1,148,373,410,445,207,4,159,256,285,298,139
20191,A,골목상권,3111040,거여초등학교,2416,1434,982,7,329,613,612,603,252,3,176,406,367,343,139,4,153,207,245,260,113
20191,A,골목상권,3111037,Sh수협은행 오금동금융센터(아랫말어린이공원),1826,956,870,2,222,400,468,490,244,0,98,257,253,226,122,2,124,143,215,264,122
20191,A,골목상권,3111062,둔촌동역 3번(성내3동주민센터),4522,2502,2020,10,725,1365,1097,790,535,1,320,750,660,432,339,9,405,615,437,358,196
20191,A,골목상권,3111089,상일여고(상일초등학교),5230,3615,1615,7,857,2023,1038,732,573,6,621,1678,687,428,195,1,236,345,351,304,378
20191,A,골목상권,3111077,길동주민센터(강동도서관),8866,4297,4569,21,1055,1790,1994,2117,1889,10,440,952,1013,820,1062,11,615,838,981,1297,827
20191,A,골목상권,3111067,강동구립성내도서관,8166,4150,4016,13,1320,1780,1756,1531,1766,6,425,810,921,768,1220,7,895,970,835,763,546
20191,A,골목상권,3111083,GS강동자이아파트,2294,1246,1048,3,242,526,596,540,387,2,122,323,316,263,220,1,120,203,280,277,167
20191,A,골목상권,3111064,둔촌동역 4번,3768,2315,1453,5,277,588,713,830,1355,1,128,334,426,489,937,4,149,254,287,341,418
20191,A,골목상권,3111055,선사초등학교,1731,660,1071,2,110,258,393,605,363,1,41,115,136,143,224,1,69,143,257,462,139
20194,A,골목상권,3110006,부암동주민센터,773,347,426,0,158,275,203,101,36,0,69,129,83,45,21,0,89,146,120,56,15
20194,A,골목상권,3110018,중앙고등학교,11262,8487,2775,7,1250,3853,3350,2089,713,6,649,2888,2664,1739,541,1,601,965,686,350,172
20194,A,골목상권,3110038,경향신문사,10172,7008,3164,16,1531,3252,3390,1653,330,3,695,2090,2547,1430,243,13,836,1162,843,223,87
20194,A,골목상권,3110012,성곡미술관,27735,18834,8901,37,3819,8129,8256,5229,2265,7,1836,5632,6275,3697,1387,30,1983,2497,1981,1532,878
20194,A,골목상권,3110019,창덕궁,6319,4360,1959,10,1053,2069,1767,953,467,3,559,1386,1342,701,369,7,494,683,425,252,98
20194,A,골목상권,3110052,장충초등학교,5705,3122,2583,6,827,1468,1432,1344,628,3,309,713,830,859,408,3,518,755,602,485,220
20194,A,골목상권,3110589,애오개역 3번,559,265,294,0,108,185,141,80,45,0,38,87,71,42,27,0,70,98,70,38,18
20194,A,골목상권,3110068,남영역 1번,8193,5432,2761,40,1419,2582,2050,1326,776,19,721,1609,1516,1011,556,21,698,973,534,315,220
20194,A,골목상권,3110092,NH농협은행 보광동지점,3281,2252,1029,31,523,841,877,713,296,21,277,569,627,533,225,10,246,272,250,180,71
20194,A,골목상권,3110083,서빙고역 1번,6594,4364,2230,19,1375,1883,1618,1157,542,7,651,1268,1156,865,417,12,724,615,462,292,125
20194,A,골목상권,3110060,효창공원앞역 6번,6789,4650,2139,19,1230,1825,1872,1318,525,10,677,1315,1333,926,389,9,553,510,539,392,136
20194,A,골목상권,3110061,효창동주민센터,5303,3773,1530,6,882,1448,1482,1038,447,4,527,1073,1109,722,338,2,355,375,373,316,109
20194,A,골목상권,3110091,리움미술관,5605,3483,2122,16,1353,2027,1384,612,213,8,579,1155,1049,531,161,8,774,872,335,81,52
20194,A,골목상권,3110122,마장역 2번,1288,844,444,1,128,208,307,373,271,1,73,133,188,246,203,0,55,75,119,127,68
20194,A,골목상권,3110188,용두동신동아아파트,8552,6410,2142,56,940,1775,2007,2538,1236,37,653,1318,1585,1899,918,19,287,457,422,639,318
20194,A,골목상권,3110125,사근동살곶이상점가,304,167,137,2,52,66,90,59,35,2,21,32,48,39,25,0,31,34,42,20,10
20194,A,골목상권,3110147,능동우편취급국,4531,2184,2347,31,1146,862,890,1066,536,19,559,502,431,345,328,12,587,360,459,721,208
20194,A,골목상권,3110217,자동차부품상가,3677,2888,789,21,732,983,868,595,478,20,576,785,687,435,385,1,156,198,181,160,93
20194,A,골목상권,3110178,장로회신학대학교,2404,1638,766,1,341,582,567,559,354,0,195,410,420,386,227,1,146,172,147,173,127
20194,A,골목상권,3110162,군자역 4번,3299,1971,1328,5,497,696,811,692,598,2,300,424,470,362,413,3,197,272,341,330,185
20194,A,골목상권,3110154,광진정말공원,1521,878,643,6,193,294,396,399,233,4,99,168,215,220,172,2,94,126,181,179,61
20194,A,골목상권,3110151,자양한강도서관,2110,1470,640,7,384,424,537,519,239,4,274,300,362,348,182,3,110,124,175,171,57
20194,A,골목상권,3110171,중곡4동주민센터,2069,805,1264,3,502,500,486,436,142,1,84,182,208,224,106,2,418,318,278,212,36
20194,A,골목상권,3110218,답십리사거리,1293,747,546,6,152,258,330,326,221,5,58,132,175,207,170,1,94,126,155,119,51
20194,A,골목상권,3110225,촬영소사거리,1955,992,963,2,123,189,335,525,781,2,67,108,191,252,372,0,56,81,144,273,409
20194,A,골목상권,3110184,용두사거리,3021,1527,1494,5,599,895,617,491,414,2,203,397,289,306,330,3,396,498,328,185,84
20194,A,골목상권,3110213,청량초등학교,2045,619,1426,0,582,702,456,221,84,0,98,228,161,74,58,0,484,474,295,147,26
20194,A,골목상권,3110220,외대앞역 1번,3279,1428,1851,2,649,864,843,597,324,1,120,311,409,369,218,1,529,553,434,228,106
20194,A,골목상권,3110230,장안현대홈타운1차아파트,4180,2588,1592,14,740,1026,1066,899,435,10,450,646,636,535,311,4,290,380,430,364,124
20194,A,골목상권,3110216,전농중학교,1431,725,706,2,194,328,385,371,151,1,84,149,201,194,96,1,110,179,184,177,55
20194,A,골목상권,3110275,하나은행 망우동지점,1321,725,596,10,155,180,250,376,350,0,42,46,116,227,294,10,113,134,134,149,56
20194,A,골목상권,3110276,신내IC북측,132,100,32,0,9,22,38,38,25,0,5,19,26,32,18,0,4,3,12,6,7
20194,A,골목상권,3110240,태릉시장 특화거리,439,231,208,3,63,64,129,98,82,2,24,33,65,48,59,1,39,31,64,50,23
20194,A,골목상권,3110299,정릉역 1번,1824,844,980,4,260,396,436,423,305,0,53,150,161,238,242,4,207,246,275,185,63
20194,A,골목상권,3110302,보문역 8번,5898,4601,1297,6,635,1951,1314,1333,659,2,343,1589,1089,1123,455,4,292,362,225,210,204
20194,A,골목상권,3110333,돌곶이역 5번,2180,1597,583,1,138,180,253,395,1213,0,72,102,152,268,1003,1,66,78,101,127,210
20194,A,골목상권,3110295,정릉우체국,2033,967,1066,2,326,405,505,478,317,0,87,174,207,267,232,2,239,231,298,211,85
20194,A,골목상권,3110290,북한산보국문역 1번,956,503,453,2,85,114,198,295,262,0,23,58,103,167,152,2,62,56,95,128,110
20194,A,골목상권,3110284,정릉북한산국립공원입구,1070,775,295,0,67,166,299,370,168,0,17,93,226,294,145,0,50,73,73,76,23
20194,A,골목상권,3110315,종암아이파크2차,19324,9933,9391,57,1503,4968,7106,5488,202,13,619,1647,3160,4363,131,44,884,3321,3946,1125,71
20194,A,골목상권,3110311,종암아이파크2차후문,18326,9454,8872,55,1387,4748,6804,5254,78,12,582,1562,3010,4226,62,43,805,3186,3794,1028,16
20194,A,골목상권,3110372,강북중학교,2235,1039,1196,1,431,564,556,464,219,1,120,285,281,229,123,0,311,279,275,235,96
20194,A,골목상권,3110355,삼양사거리역 2번,841,465,376,2,75,143,202,215,204,1,21,48,103,134,158,1,54,95,99,81,46
20194,A,골목상권,3110384,문이교,515,242,273,1,67,67,122,148,110,0,18,23,41,80,80,1,49,44,81,68,30
20194,A,골목상권,3110407,도봉역 2번,1737,1230,507,2,79,213,329,569,545,1,27,108,185,426,483,1,52,105,144,143,62
20194,A,골목상권,3110405,방학역 1번,2828,1543,1285,6,280,510,686,856,490,5,158,343,328,348,361,1,122,167,358,508,129
20194,A,골목상권,3110412,창동중학교,926,729,197,1,32,75,129,327,362,1,15,31,69,262,351,0,17,44,60,65,11
20194,A,골목상권,3110394,방학중학교,1009,508,501,1,104,211,274,247,172,1,47,99,125,125,111,0,57,112,149,122,61
20194,A,골목상권,3110388,도봉우체국,1888,873,1015,4,412,414,447,441,170,3,100,202,209,231,128,1,312,212,238,210,42
20194,A,골목상권,3110442,화랑대철도공원,516,235,281,2,52,82,125,173,82,2,27,35,48,69,54,0,25,47,77,104,28
20194,A,골목상권,3110424,상계초등학교,1733,729,1004,5,214,302,436,475,301,5,84,152,179,184,125,0,130,150,257,291,176
20194,A,골목상권,3110431,상계역,1287,621,666,3,148,275,353,314,194,0,43,131,187,139,121,3,105,144,166,175,73
20194,A,골목상권,3110437,당고개역 2번,1939,1463,476,1,93,154,435,765,491,0,35,83,301,619,425,1,58,71,134,146,66
20194,A,골목상권,3110439,당고개역 5번,1564,1295,269,1,57,95,313,641,457,0,18,56,256,564,401,1,39,39,57,77,56
20194,A,골목상권,3110440,상계3동4동주민센터,169,56,113,0,26,25,43,40,35,0,8,5,11,16,16,0,18,20,32,24,19
20194,A,골목상권,3110420,광운대역 1번,1471,830,641,9,301,445,400,204,112,2,145,305,217,102,59,7,156,140,183,102,53
20194,A,골목상권,3110467,은평요양병원,1379,737,642,5,189,335,332,289,229,4,86,184,174,140,149,1,103,151,158,149,80
20194,A,골목상권,3110454,선정중학교,2790,1775,1015,7,272,500,645,930,436,3,129,261,343,687,352,4,143,239,302,243,84
20194,A,골목상권,3110447,구산초등학교,1598,1138,460,2,95,229,339,680,253,0,42,106,199,571,220,2,53,123,140,109,33
20194,A,골목상권,3110466,구산역 2번,1798,899,899,10,243,407,457,413,268,2,80,171,240,218,188,8,163,236,217,195,80
20194,A,골목상권,3110444,수색성당,1892,1313,579,0,137,252,283,320,900,0,54,128,127,184,820,0,83,124,156,136,80
20194,A,골목상권,3110453,신사1동주민센터,1978,1132,846,1,218,408,518,480,353,1,127,200,295,268,241,0,91,208,223,212,112
20194,A,골목상권,3110448,상신초등학교입구,1073,613,460,3,129,216,240,258,227,1,83,123,122,132,152,2,46,93,118,126,75
20194,A,골목상권,3110498,증산역 1번,2535,1338,1197,4,342,517,554,649,469,2,109,293,309,322,303,2,233,224,245,327,166
20194,A,골목상권,3110505,홍남교남측,2126,1435,691,49,700,599,355,283,140,26,407,498,226,172,106,23,293,101,129,111,34
20194,A,골목상권,3110510,홍연시장,2641,1768,873,55,777,683,448,457,221,30,445,554,273,293,173,25,332,129,175,164,48
20194,A,골목상권,3110553,가좌역 2번,1511,856,655,3,170,321,388,384,245,2,77,175,235,224,143,1,93,146,153,160,102
20194,A,골목상권,3110496,모래내우체국,1812,822,990,7,281,445,449,349,281,4,85,208,221,148,156,3,196,237,228,201,125
20194,A,골목상권,3110542,마포구청역 7번,5558,3298,2260,20,707,1052,1202,1656,921,11,378,760,825,770,554,9,329,292,377,886,367
20194,A,골목상권,3110506,연희임광아파트,1391,746,645,2,205,313,340,335,196,2,93,209,169,157,116,0,112,104,171,178,80
20194,A,골목상권,3110529,홍제3동주민센터,1091,564,527,4,122,140,206,257,362,1,44,66,95,138,220,3,78,74,111,119,142
20194,A,골목상권,3110521,홍제역 4번,1109,612,497,3,108,134,316,391,157,1,30,70,168,242,101,2,78,64,148,149,56
20194,A,골목상권,3110561,상수역 4번,2460,1498,962,31,569,746,545,348,221,20,264,444,364,239,167,11,305,302,181,109,54
20194,A,골목상권,3110552,성미산체육관,2995,1818,1177,8,379,652,778,730,448,4,185,366,457,506,300,4,194,286,321,224,148
20194,A,골목상권,3110570,KB국민은행 서강지점,1410,826,584,7,199,376,380,261,187,7,100,222,201,154,142,0,99,154,179,107,45
20194,A,골목상권,3110620,목동보건지소,3652,1851,1801,7,412,863,1018,883,469,5,182,474,447,423,320,2,230,389,571,460,149
20194,A,골목상권,3110624,목동문화체육센터,1670,856,814,1,264,453,486,298,168,1,140,240,200,155,120,0,124,213,286,143,48
20194,A,골목상권,3110626,양화초등학교,3807,2364,1443,4,517,846,1106,938,396,3,219,458,758,652,274,1,298,388,348,286,122
20194,A,골목상권,3110606,신한은행 신월동지점,2588,1783,805,3,138,296,550,822,779,1,58,158,318,568,680,2,80,138,232,254,99
20194,A,골목상권,3110646,푸른들청소년도서관,6554,3939,2615,12,861,1499,1624,1593,965,9,445,957,950,890,688,3,416,542,674,703,277
20194,A,골목상권,3110613,신정네거리역 4번,532,258,274,0,62,116,114,119,121,0,13,47,48,66,84,0,49,69,66,53,37
20194,A,골목상권,3110706,그라운드 고척,2411,1613,798,2,310,586,628,638,247,2,161,381,415,463,191,0,149,205,213,175,56
20194,A,골목상권,3110701,고척동성당,2031,1278,753,7,310,414,454,523,323,1,176,260,284,305,252,6,134,154,170,218,71
20194,A,골목상권,3110657,양천향교역 5번,8471,5307,3164,17,1024,2088,2090,1892,1360,11,513,1206,1353,1162,1062,6,511,882,737,730,298
20194,A,골목상권,3110648,양천향교역 7번,4059,2626,1433,14,469,835,925,929,887,10,238,536,594,535,713,4,231,299,331,394,174
20194,A,골목상권,3110671,등촌1동주민센터,10403,6389,4014,31,1969,2531,2337,1997,1538,18,787,1620,1611,1312,1041,13,1182,911,726,685,497
20194,A,골목상권,3110658,화곡초등학교,3192,1856,1336,2,811,765,628,538,448,0,270,453,376,381,376,2,541,312,252,157,72
20194,A,골목상권,3110668,화곡2동주민센터,3004,1684,1320,10,406,790,822,630,346,7,198,431,436,373,239,3,208,359,386,257,107
20194,A,골목상권,3110721,가리봉파출소,9719,6601,3118,27,1764,3184,2464,1435,845,13,942,2250,1830,926,640,14,822,934,634,509,205
20194,A,골목상권,3110703,개봉역,8618,4789,3829,41,1381,2048,1932,2036,1180,22,796,1309,965,946,751,19,585,739,967,1090,429
20194,A,골목상권,3110693,오류동역 4번,2696,1879,817,4,369,515,637,750,421,3,300,366,437,480,293,1,69,149,200,270,128
20194,A,골목상권,3110709,구로119안전센터,1187,559,628,4,117,165,257,381,263,2,53,88,142,137,137,2,64,77,115,244,126
20194,A,골목상권,3110716,구로나눔길,4822,2652,2170,7,579,1315,1117,1252,552,3,265,697,592,776,319,4,314,618,525,476,233
20194,A,골목상권,3110769,대림차이나타운(대림역 12번),1954,1208,746,5,121,251,393,460,724,3,75,164,232,290,444,2,46,87,161,170,280
20194,A,골목상권,3110761,문래동남성맨션,1158,827,331,2,91,236,304,299,226,1,64,159,218,197,188,1,27,77,86,102,38
20194,A,골목상권,3110741,독산2동주민센터,1504,811,693,3,175,295,351,425,255,2,91,145,170,215,188,1,84,150,181,210,67
20194,A,골목상권,3110859,난향초등학교,512,230,282,1,45,111,154,119,82,0,3,44,63,56,64,1,42,67,91,63,18
20194,A,골목상권,3110789,대림성모병원,3410,1458,1952,2,996,845,702,539,326,2,257,378,363,264,194,0,739,467,339,275,132
20194,A,골목상권,3110780,신길대성유니드아파트,1394,925,469,1,137,277,365,360,254,1,88,167,227,235,207,0,49,110,138,125,47
20194,A,골목상권,3110772,신우어린이공원,1405,839,566,1,221,295,338,329,221,0,93,177,214,205,150,1,128,118,124,124,71
20194,A,골목상권,3110785,영등포푸르지오아파트,2009,1361,648,6,207,449,544,471,332,4,93,298,379,338,249,2,114,151,165,133,83
20194,A,골목상권,3110787,신길3동주민센터,1010,595,415,3,99,199,285,264,160,3,47,107,166,160,112,0,52,92,119,104,48
20194,A,골목상권,3110758,문래소공원,14709,7623,7086,103,3376,3787,3217,3111,1115,31,1541,2760,1604,829,858,72,1835,1027,1613,2282,257
20194,A,골목상권,3110815,공군호텔,3580,1559,2021,5,645,846,827,727,530,0,194,396,377,297,295,5,451,450,450,430,235
20194,A,골목상권,3110808,신길역 1번,1130,445,685,0,100,235,310,302,183,0,32,108,122,98,85,0,68,127,188,204,98
20194,A,골목상권,3110804,신풍역 1번,1741,798,943,1,169,357,520,405,289,0,76,149,168,199,206,1,93,208,352,206,83
20194,A,골목상권,3110832,노량진초등학교,4040,2156,1884,1,568,1114,970,953,434,0,307,514,509,572,254,1,261,600,461,381,180
20194,A,골목상권,3110822,신대방삼거리역 4번(대림초등학교),2751,1560,1191,2,363,614,588,613,571,0,112,362,360,362,364,2,251,252,228,251,207
20194,A,골목상권,3110850,사당역 10번,7894,4180,3714,14,1345,2053,2169,1428,885,5,442,1014,1153,889,677,9,903,1039,1016,539,208
20194,A,골목상권,3110907,방배초등학교,7536,4093,3443,28,1176,1611,1757,1598,1366,16,482,896,974,820,905,12,694,715,783,778,461
20194,A,골목상권,3110886,관악해태어린이공원,1445,959,486,3,127,237,384,457,237,1,51,115,248,345,199,2,76,122,136,112,38
20194,A,골목상권,3110870,신림주공2단지(광신고등학교),926,524,402,2,74,142,244,279,185,0,27,71,123,158,145,2,47,71,121,121,40
20194,A,골목상권,3110888,청룡동주민센터,1962,823,1139,4,400,564,469,301,224,0,83,193,220,164,163,4,317,371,249,137,61
20194,A,골목상권,3110880,신림역 1번,1885,706,1179,2,469,465,373,346,230,1,114,169,180,115,127,1,355,296,193,231,103
20194,A,골목상권,3110896,관악우성아파트,736,263,473,3,103,109,175,206,140,2,34,34,61,79,53,1,69,75,114,127,87
20194,A,골목상권,3110948,헌인가구단지,57,27,30,0,5,24,14,11,3,0,4,12,6,2,3,0,1,12,8,9,0
20194,A,골목상권,3110921,서울프랑스학교,78980,73122,5858,28,7548,16129,20976,31809,2490,12,6231,14222,19329,31052,2276,16,1317,1907,1647,757,214
20194,A,골목상권,3110912,방배동사이길,10864,6872,3992,39,2280,3332,2614,1988,611,11,836,2031,1921,1590,483,28,1444,1301,693,398,128
20194,A,골목상권,3110933,한국상담대학원대학교,5166,2935,2231,17,1332,1552,1139,789,337,4,500,976,763,474,218,13,832,576,376,315,119
20194,A,골목상권,3110935,한전아트센터,15447,13162,2285,22,2512,5659,3695,2968,591,17,1823,4896,3229,2703,494,5,689,763,466,265,97
20194,A,골목상권,3110984,포이초등학교(개포목련어린이공원),3582,2150,1432,4,498,767,882,784,647,1,250,501,486,430,482,3,248,266,396,354,165
20194,A,골목상권,3110978,도곡2동주민센터(대치중학교),9979,6980,2999,40,2087,3214,2294,1200,1144,23,1136,2370,1884,909,658,17,951,844,410,291,486
20194,A,골목상권,3110971,선정릉역 4번,19901,10561,9340,56,4117,6246,4806,2922,1754,20,1411,3453,2772,1734,1171,36,2706,2793,2034,1188,583
20194,A,골목상권,3110974,언주중학교,8256,5430,2826,32,1847,2573,1708,1193,903,20,851,1532,1318,975,734,12,996,1041,390,218,169
20194,A,골목상권,3110975,매봉역 1번,20752,14192,6560,76,4365,5383,5577,4328,1023,51,2288,3472,4126,3439,816,25,2077,1911,1451,889,207
20194,A,골목상권,3111040,거여초등학교,2357,1472,885,10,310,602,594,522,319,9,179,402,365,295,222,1,131,200,229,227,97
20194,A,골목상권,3111026,문정역 2번,5159,3277,1882,8,771,1232,1312,1131,705,3,429,810,876,634,525,5,342,422,436,497,180
20194,A,골목상권,3111017,송파나루역 3번,3628,2432,1196,16,792,796,869,755,400,11,460,537,585,527,312,5,332,259,284,228,88
20194,A,골목상권,3111010,석촌역 7번,7142,5058,2084,9,802,1620,1617,1242,1852,6,441,1150,1102,793,1566,3,361,470,515,449,286
20194,A,골목상권,3111034,오동나무공원(송파레미니스1단지),3543,2415,1128,7,500,770,849,906,511,6,300,543,575,584,407,1,200,227,274,322,104
20194,A,골목상권,3111030,방이역 2번,20738,15418,5320,18,2658,5004,5332,4928,2798,6,1628,3495,4144,4200,1945,12,1030,1509,1188,728,853
20194,A,골목상권,3111085,묘곡초등학교(고덕아이파크아파트),1513,784,729,0,146,290,369,382,326,0,61,149,169,194,211,0,85,141,200,188,115
20194,A,골목상권,3111077,길동주민센터(강동도서관),6406,3327,3079,16,671,1129,1499,1694,1397,9,330,650,809,710,819,7,341,479,690,984,578
20194,A,골목상권,3111076,둔촌2동주민센터,2137,1170,967,3,262,433,458,484,497,1,104,223,250,249,343,2,158,210,208,235,154
20194,A,골목상권,3111080,굽은다리역 3번,1729,778,951,2,186,308,401,447,385,0,66,164,188,178,182,2,120,144,213,269,203
20194,A,골목상권,3110021,성균관대학교,1380,854,526,13,176,218,316,344,313,11,77,113,213,233,207,2,99,105,103,111,106
20194,A,골목상권,3110536,돈의문센트레빌아파트입구,1695,833,862,1,260,434,449,376,175,1,78,212,254,177,111,0,182,222,195,199,64
20194,A,골목상권,3110029,동대문역 1번,1644,738,906,3,231,331,381,390,308,1,67,127,179,186,178,2,164,204,202,204,130
20194,A,골목상권,3110037,신설동역 12번,6845,2610,4235,8,686,1039,1229,1827,2056,0,200,462,558,454,936,8,486,577,671,1373,1120
20194,A,골목상권,3110050,약수역 7번,1836,960,876,2,250,436,467,418,263,2,91,213,281,223,150,0,159,223,186,195,113
20194,A,골목상권,3110056,신당역 3번,2607,1426,1181,6,401,693,647,505,355,6,185,356,340,292,247,0,216,337,307,213,108
20194,A,골목상권,3110042,남산골공원옆,3487,1845,1642,11,347,719,1132,882,396,6,133,341,523,568,274,5,214,378,609,314,122
20194,A,골목상권,3110067,배문고등학교,6040,2831,3209,9,1156,1772,1294,977,832,3,287,644,651,605,641,6,869,1128,643,372,191
20194,A,골목상권,3110090,한국폴리텍대학서울정수캠퍼스,6854,4231,2623,17,1075,2196,2359,934,273,8,504,1107,1684,735,193,9,571,1089,675,199,80
20194,A,골목상권,3110088,오산고등학교,7060,4470,2590,17,1103,2335,2474,899,232,7,558,1213,1793,727,172,10,545,1122,681,172,60
20194,A,골목상권,3110087,이태원엔틱가구거리,3473,1835,1638,14,616,996,784,725,338,11,220,474,424,457,249,3,396,522,360,268,89
20194,A,골목상권,3110063,효창공원앞역 5번,2545,1665,880,15,308,566,692,530,434,12,172,383,458,344,296,3,136,183,234,186,138
20194,A,골목상권,3110058,성심여자고등학교,6811,4886,1925,22,1067,2028,1812,1308,574,7,598,1398,1383,1048,452,15,469,630,429,260,122
20194,A,골목상권,3110098,서울독일학교,19270,15584,3686,22,2331,4742,5464,6112,599,14,1127,3406,4759,5764,514,8,1204,1336,705,348,85
20194,A,골목상권,3110096,한남힐사이드아파트,5546,3662,1884,5,1168,1544,1281,1282,266,3,498,976,912,1046,227,2,670,568,369,236,39
20194,A,골목상권,3110100,옥수동우편취급국,7613,6422,1191,7,609,2450,2479,1864,204,4,305,1915,2241,1784,173,3,304,535,238,80,31
20194,A,골목상권,3110119,마장지하차도,2046,656,1390,1,159,260,428,704,494,0,83,139,167,155,112,1,76,121,261,549,382
20194,A,골목상권,3110118,왕십리역 9번,1141,733,408,1,167,270,301,259,143,0,85,164,189,178,117,1,82,106,112,81,26
20194,A,골목상권,3110131,성수동카페거리,16372,10013,6359,69,3574,4475,3610,2782,1862,39,1790,2879,2348,1642,1315,30,1784,1596,1262,1140,547
20194,A,골목상권,3110134,성수119안전센터,3342,2382,960,73,532,823,835,706,373,34,330,619,609,498,292,39,202,204,226,208,81
20194,A,골목상권,3110139,자양4동주민센터,2367,1870,497,9,270,601,637,559,291,5,194,486,509,441,235,4,76,115,128,118,56
20194,A,골목상권,3110136,경수초등학교,16150,9947,6203,123,3454,3934,3551,3098,1990,71,1698,2541,2333,1900,1404,52,1756,1393,1218,1198,586
20194,A,골목상권,3110155,광진구청,12629,9937,2692,11,781,1849,3528,5069,1391,11,385,1169,2772,4413,1187,0,396,680,756,656,204
20194,A,골목상권,3110176,해오름공원,3579,1917,1662,4,675,798,998,836,268,2,178,374,601,542,220,2,497,424,397,294,48
20194,A,골목상권,3110149,세종대학교,799,452,347,0,93,197,215,179,115,0,44,101,133,91,83,0,49,96,82,88,32
20194,A,골목상권,3110167,용마초등학교,3707,2122,1585,11,501,762,961,828,644,3,272,440,519,426,462,8,229,322,442,402,182
20194,A,골목상권,3110204,간데메공원,1356,905,451,5,205,278,356,322,190,3,135,169,223,225,150,2,70,109,133,97,40
20194,A,골목상권,3110226,장안1동주민센터,5867,3209,2658,15,722,1138,1352,1410,1230,12,347,658,734,772,686,3,375,480,618,638,544
20194,A,골목상권,3110211,전곡마을마당공원,1820,983,837,4,278,348,454,491,245,1,111,192,268,266,145,3,167,156,186,225,100
20194,A,골목상권,3110207,시립대앞사거리,1345,584,761,3,233,270,311,303,225,1,53,120,140,127,143,2,180,150,171,176,82
20194,A,골목상권,3110198,동대문중앙새마을금고본점,361,189,172,0,20,53,86,133,69,0,9,28,50,59,43,0,11,25,36,74,26
20194,A,골목상권,3110200,동대문경찰서,703,390,313,0,77,108,145,182,191,0,37,54,78,85,136,0,40,54,67,97,55
20194,A,골목상권,3110256,면목2동체육관,3260,1961,1299,5,413,680,888,780,494,1,188,448,483,445,396,4,225,232,405,335,98
20194,A,골목상권,3110266,면목동우체국,2501,1548,953,5,244,423,558,704,567,0,78,210,314,502,444,5,166,213,244,202,123
20194,A,골목상권,3110236,신묵초등학교,2212,1481,731,2,311,516,532,603,248,2,174,350,347,432,176,0,137,166,185,171,72
20194,A,골목상권,3110267,망우역 2번,2430,1427,1003,13,334,482,518,637,446,11,202,293,263,329,329,2,132,189,255,308,117
20194,A,골목상권,3110234,중랑역 4번,2773,2036,737,11,275,619,860,768,240,9,142,418,643,647,177,2,133,201,217,121,63
20194,A,골목상권,3110314,종암경찰서,3397,2472,925,6,380,670,726,731,884,0,231,492,518,565,666,6,149,178,208,166,218
20194,A,골목상권,3110421,석계역 1번,1218,593,625,4,119,205,323,328,239,2,49,90,144,169,139,2,70,115,179,159,100
20194,A,골목상권,3110321,동덕여대,1128,697,431,0,75,117,219,296,421,0,24,61,110,162,340,0,51,56,109,134,81
20194,A,골목상권,3110324,월곡역 4번,1184,675,509,5,167,321,341,226,124,1,78,187,188,134,87,4,89,134,153,92,37
20194,A,골목상권,3110298,솔숲어린이공원,1115,539,576,6,144,199,273,276,217,1,36,66,112,152,172,5,108,133,161,124,45
20194,A,골목상권,3110365,미아역 5번,1266,616,650,2,97,152,267,320,428,2,36,63,110,186,219,0,61,89,157,134,209
20194,A,골목상권,3110367,강북구청,3460,1492,1968,10,334,684,730,796,906,8,94,264,328,453,345,2,240,420,402,343,561
20194,A,골목상권,3110368,송천초등학교,981,601,380,1,93,195,242,259,191,1,32,95,129,181,163,0,61,100,113,78,28
20194,A,골목상권,3110352,수유1동주민센터,1291,576,715,0,118,244,368,418,143,0,49,99,154,183,91,0,69,145,214,235,52
20194,A,골목상권,3110349,화계역 2번,641,353,288,0,50,92,172,256,71,0,28,41,97,133,54,0,22,51,75,123,17
20194,A,골목상권,3110346,4.19민주묘지역 2번,605,334,271,0,71,106,179,136,113,0,18,62,103,75,76,0,53,44,76,61,37
20194,A,골목상권,3110339,국립4.19민주묘지,819,555,264,6,104,130,193,232,154,6,50,99,122,143,135,0,54,31,71,89,19
20194,A,골목상권,3110393,국민은행방학지점,749,350,399,3,91,217,207,154,77,2,32,106,101,63,46,1,59,111,106,91,31
20194,A,골목상권,3110395,신한은행 방학동지점,591,318,273,1,73,99,158,142,118,1,38,50,73,83,73,0,35,49,85,59,45
20194,A,골목상권,3110403,방학1동주민센터,1702,974,728,4,211,309,359,482,337,2,94,177,211,286,204,2,117,132,148,196,133
20194,A,골목상권,3110398,쌍문2동우체국,1663,972,691,0,162,244,383,523,351,0,72,129,192,328,251,0,90,115,191,195,100
20194,A,골목상권,3110401,도봉구민회관,1586,856,730,0,181,221,327,460,397,0,78,117,164,255,242,0,103,104,163,205,155
20194,A,골목상권,3110425,계상초등학교,1457,683,774,4,150,232,387,426,258,3,63,143,181,181,112,1,87,89,206,245,146
20194,A,골목상권,3110419,수락산디자인거리,3472,2282,1190,13,387,781,865,882,544,12,226,552,591,566,335,1,161,229,274,316,209
20194,A,골목상권,3110474,세명컴퓨터고등학교,1360,647,713,2,130,295,356,348,229,2,46,137,159,153,150,0,84,158,197,195,79
20194,A,골목상권,3110473,구산역 1번,3155,1679,1476,5,325,617,795,785,628,5,131,352,419,351,421,0,194,265,376,434,207
20194,A,골목상권,3110455,역촌노인복지관,3715,1747,1968,9,658,760,944,829,515,3,247,351,416,367,363,6,411,409,528,462,152
20194,A,골목상권,3110487,불광역 8번,761,291,470,1,73,171,207,181,128,1,23,75,72,60,60,0,50,96,135,121,68
20194,A,골목상권,3110480,연신내역 3번,1023,428,595,6,192,199,279,216,131,2,70,88,121,80,67,4,122,111,158,136,64
20194,A,골목상권,3110482,연신초등학교,359,158,201,0,27,53,117,116,46,0,8,20,39,58,33,0,19,33,78,58,13
20194,A,골목상권,3110470,신진과학기술고등학교,1610,976,634,2,161,266,382,390,409,2,76,145,208,227,318,0,85,121,174,163,91
20194,A,골목상권,3110475,백련산해모로아파트,1745,1026,719,2,202,326,375,357,483,1,91,165,203,202,364,1,111,161,172,155,119
20194,A,골목상권,3110532,아현역 2번,1847,1072,775,2,422,522,371,290,240,1,165,307,218,208,173,1,257,215,153,82,67
20194,A,골목상권,3110534,경기대학교,3370,2048,1322,4,575,933,722,580,556,1,256,531,484,399,377,3,319,402,238,181,179
20194,A,골목상권,3110572,서강대역 1번,7726,3653,4073,68,2565,1977,1384,1231,501,24,960,907,708,748,306,44,1605,1070,676,483,195
20194,A,골목상권,3110575,대흥동주민센터,4172,1903,2269,62,2086,953,452,399,220,20,782,476,212,248,165,42,1304,477,240,151,55
20194,A,골목상권,3110516,정원여중,1299,656,643,0,226,284,343,307,139,0,78,137,188,165,88,0,148,147,155,142,51
20194,A,골목상권,3110569,홍대땡땡거리,3039,1407,1632,7,650,662,678,622,420,3,308,321,302,232,241,4,342,341,376,390,179
20194,A,골목상권,3110517,서대문소방서,2671,1696,975,14,441,700,687,557,272,8,191,471,487,368,171,6,250,229,200,189,101
20194,A,골목상권,3110512,연희지하차도,5089,3101,1988,67,1146,1450,1174,973,279,39,591,926,702,649,194,28,555,524,472,324,85
20194,A,골목상권,3110527,홍제역 2번,1712,867,845,2,169,226,456,564,295,1,44,119,214,314,175,1,125,107,242,250,120
20194,A,골목상권,3110546,양화대교북단,1549,938,611,3,314,420,380,250,182,3,138,208,258,183,148,0,176,212,122,67,34
20194,A,골목상권,3110550,합정역 8번,5374,2859,2515,13,961,1416,1292,955,737,8,367,677,778,563,466,5,594,739,514,392,271
20194,A,골목상권,3110554,망원역 1번,6464,3487,2977,10,913,1410,1559,1192,1380,7,345,648,802,647,1038,3,568,762,757,545,342
20194,A,골목상권,3110547,KB국민은행 망원동지점,6579,4117,2462,11,769,1170,1322,1746,1561,7,405,819,889,860,1137,4,364,351,433,886,424
20194,A,골목상권,3110551,성서초등학교,3102,1803,1299,3,301,471,703,601,1023,3,132,235,314,304,815,0,169,236,389,297,208
20194,A,골목상권,3110619,목4동주민센터,1689,1078,611,4,202,379,491,407,206,1,93,210,315,291,168,3,109,169,176,116,38
20194,A,골목상권,3110600,신월7동주민센터,4248,2844,1404,3,317,496,745,1209,1478,3,179,312,490,845,1015,0,138,184,255,364,463
20194,A,골목상권,3110647,화곡역 5번,3340,1821,1519,8,438,691,768,828,607,5,192,403,428,449,344,3,246,288,340,379,263
20194,A,골목상권,3110607,금빛새마을금고본점,2729,2241,488,2,110,221,394,521,1481,1,64,132,235,385,1424,1,46,89,159,136,57
20194,A,골목상권,3110608,신월2동주민센터,3392,1915,1477,10,282,562,891,941,706,9,134,332,463,486,491,1,148,230,428,455,215
20194,A,골목상권,3110611,신정역 1번,4475,2720,1755,14,895,697,748,814,1307,7,295,382,444,461,1131,7,600,315,304,353,176
20194,A,골목상권,3110594,신월중학교,1144,543,601,7,149,285,301,297,105,4,58,119,141,150,71,3,91,166,160,147,34
20194,A,골목상권,3110602,신월시영아파트중문,3056,2108,948,3,204,356,700,967,826,2,124,226,400,664,692,1,80,130,300,303,134
20194,A,골목상권,3110610,계남근린공원,648,338,310,2,87,129,151,148,131,0,26,50,86,87,89,2,61,79,65,61,42
20194,A,골목상권,3110616,양목초등학교,1359,706,653,2,110,255,266,391,335,1,43,136,132,202,192,1,67,119,134,189,143
20194,A,골목상권,3110635,공항시장역 3번,3727,1849,1878,9,361,571,664,1054,1068,2,153,336,399,431,528,7,208,235,265,623,540
20194,A,골목상권,3110650,우장산힐스테이트,1737,995,742,4,194,325,396,415,403,3,107,202,240,204,239,1,87,123,156,211,164
20194,A,골목상권,3110638,신방화역 2번,3645,2335,1310,10,416,661,1045,983,530,8,205,404,713,617,388,2,211,257,332,366,142
20194,A,골목상권,3110712,남구로역 5번,1579,913,666,8,183,331,363,324,370,5,99,196,189,176,248,3,84,135,174,148,122
20194,A,골목상권,3110702,개봉초등학교,1569,818,751,1,157,329,420,390,272,1,72,153,202,214,176,0,85,176,218,176,96
20194,A,골목상권,3110699,덕의초등학교,2451,1563,888,9,303,578,623,646,292,7,187,384,391,378,216,2,116,194,232,268,76
20194,A,골목상권,3110720,대림역 2번,2280,1556,724,2,188,387,574,709,420,2,83,218,387,538,328,0,105,169,187,171,92
20194,A,골목상권,3110778,구로디지털단지역 4번,13303,7796,5507,56,2966,4427,3201,1627,1026,23,1254,2669,2063,1065,722,33,1712,1758,1138,562,304
20194,A,골목상권,3110745,독산동정훈단지,1306,773,533,1,137,196,260,372,340,0,71,92,115,221,274,1,66,104,145,151,66
20194,A,골목상권,3110856,미성초등학교,5264,3671,1593,18,465,913,970,948,1950,13,238,541,608,563,1708,5,227,372,362,385,242
20194,A,골목상권,3110855,신대방역 2번,4936,3401,1535,6,709,900,888,794,1639,2,282,540,546,528,1503,4,427,360,342,266,136
20194,A,골목상권,3110755,동일여자고등학교,2033,1040,993,21,274,503,487,453,295,16,131,278,253,192,170,5,143,225,234,261,125
20194,A,골목상권,3110771,대림역 11번,2420,1335,1085,5,268,314,456,542,835,2,91,160,234,316,532,3,177,154,222,226,303
20194,A,골목상권,3110768,도림2동유수지내체육시설,1219,778,441,9,118,206,287,302,297,8,48,126,182,211,203,1,70,80,105,91,94
20194,A,골목상권,3110759,문래예술촌(문래창작촌),65954,51168,14786,61,8786,22706,21719,9637,3045,32,5433,17446,18749,7800,1708,29,3353,5260,2970,1837,1337
20194,A,골목상권,3110818,신대방역 3번,1692,950,742,2,287,451,397,278,277,2,124,277,228,138,181,0,163,174,169,140,96
20194,A,골목상권,3110858,신대방역 1번,2669,2004,665,0,421,756,879,491,122,0,195,575,748,404,82,0,226,181,131,87,40
20194,A,골목상권,3110874,원신초등학교(구세군관악영문교회),732,381,351,8,77,186,200,173,88,2,22,81,122,86,68,6,55,105,78,87,20
20194,A,골목상권,3110879,신림현대아파트,1116,536,580,7,212,210,278,222,187,1,100,99,137,109,90,6,112,111,141,113,97
20194,A,골목상권,3110885,영락고등학교,1746,990,756,7,240,328,434,376,361,1,122,173,232,224,238,6,118,155,202,152,123
20194,A,골목상권,3110872,신림초등학교,689,382,307,5,101,168,168,152,95,3,54,93,102,85,45,2,47,75,66,67,50
20194,A,골목상권,3110947,청계산입구역 2번(내곡동주민센터),182,79,103,0,26,23,46,37,50,0,13,11,28,10,17,0,13,12,18,27,33
20194,A,골목상권,3110913,방현초등학교(방배119안전센터),9674,6057,3617,22,1677,2842,2518,1523,1092,5,797,1829,1720,957,749,17,880,1013,798,566,343
20194,A,골목상권,3110934,우면주공아파트,1489,946,543,6,264,423,395,260,141,5,105,290,271,170,105,1,159,133,124,90,36
20194,A,골목상권,3110937,방아다리근린공원(횃불트리니티신학대학원대학교),14952,9277,5675,329,4835,4416,2991,1697,684,151,2497,2972,2135,1021,501,178,2338,1444,856,676,183
20194,A,골목상권,3110955,논현초등학교,20906,14265,6641,76,4625,6342,4724,3259,1880,45,2535,4372,3537,2430,1346,31,2090,1970,1187,829,534
20194,A,골목상권,3110992,도곡초등학교,8628,4357,4271,50,1508,2156,1880,1719,1315,28,647,1065,939,866,812,22,861,1091,941,853,503
20194,A,골목상권,3110963,역삼월드메르디앙아파트,18186,10655,7531,122,4620,5292,4181,2560,1411,33,1769,3113,2948,1716,1076,89,2851,2179,1233,844,335
20194,A,골목상권,3110972,강남세브란스병원미래의학연구센터,22138,12993,9145,207,6590,6499,5019,2834,989,69,2849,4088,3556,1696,735,138,3741,2411,1463,1138,254
20194,A,골목상권,3110991,삼성중앙역 5번,10374,5378,4996,43,2958,2855,2028,1298,1192,9,932,1472,1304,854,807,34,2026,1383,724,444,385
20194,A,골목상권,3110990,청담역 12번,7833,5477,2356,20,1213,2652,2394,1251,303,9,506,1665,1965,1094,238,11,707,987,429,157,65
20194,A,골목상권,3111000,대왕초등학교(세곡동사거리서남측),156,35,121,1,22,55,43,25,10,0,2,7,12,5,9,1,20,48,31,20,1
20194,A,골목상권,3110999,윗방죽마을공원,408,226,182,3,33,70,73,122,107,1,17,45,46,70,47,2,16,25,27,52,60
20194,A,골목상권,3110969,베르사이유1아파트,29014,17556,11458,73,5335,8726,7783,5424,1673,29,2616,5589,5487,2693,1142,44,2719,3137,2296,2731,531
20194,A,골목상권,3110967,역삼역 8번,24226,18490,5736,23,4422,7830,6561,4334,1056,10,2559,5859,5511,3785,766,13,1863,1971,1050,549,290
20194,A,골목상권,3110985,청담근린공원,9800,6589,3211,34,1729,2898,2625,1790,724,17,815,1972,1966,1323,496,17,914,926,659,467,228
20194,A,골목상권,3111008,석촌고분역 3번,3907,2479,1428,12,490,799,912,951,743,10,289,528,566,545,541,2,201,271,346,406,202
20194,A,골목상권,3111016,송파역 2번,15479,10229,5250,62,2083,3454,3732,3349,2799,44,1020,2251,2780,2219,1915,18,1063,1203,952,1130,884
20194,A,골목상권,3111038,보인중학교,2602,1770,832,14,377,689,649,574,299,13,214,471,461,405,206,1,163,218,188,169,93
20194,A,골목상권,3111021,방이역 4번,11137,8092,3045,38,1448,2300,2854,2754,1743,26,767,1502,2125,2188,1484,12,681,798,729,566,259
20194,A,골목상권,3111015,석촌역 3번,10932,6847,4085,26,1640,2424,2423,2333,2086,11,799,1507,1612,1477,1441,15,841,917,811,856,645
20194,A,골목상권,3111003,삼전역 4번,4568,3024,1544,18,600,1083,1254,905,708,1,324,732,817,598,552,17,276,351,437,307,156
20194,A,골목상권,3111062,둔촌동역 3번(성내3동주민센터),3255,2100,1155,7,480,811,880,607,470,6,266,532,569,389,338,1,214,279,311,218,132
20194,A,골목상권,3111011,잠실나루역,9608,7747,1861,42,1275,3018,2795,2046,432,18,924,2492,2309,1674,330,24,351,526,486,372,102
20194,A,골목상권,3111048,천호역 1번(천호문구완구거리),1608,876,732,7,195,360,372,323,351,4,82,170,209,171,240,3,113,190,163,152,111
20194,A,골목상권,3111088,고덕동성당,1134,951,183,0,35,82,216,447,354,0,9,53,173,388,328,0,26,29,43,59,26
20194,A,골목상권,3111079,둔촌고등학교(둔촌중학교),1407,838,569,2,141,259,315,339,351,2,81,153,184,167,251,0,60,106,131,172,100
20194,A,골목상권,3111066,암사동성당(효정하나플러스아파트),1710,995,715,5,169,380,394,455,307,1,71,188,219,302,214,4,98,192,175,153,93
20194,A,골목상권,3111071,천동초등학교,2013,1097,916,2,200,393,515,454,449,1,72,204,289,251,280,1,128,189,226,203,169
20194,A,골목상권,3111069,천호1동주민센터,2143,1118,1025,5,185,409,525,555,464,3,66,183,269,288,309,2,119,226,256,267,155
20194,A,골목상권,3111050,강동구청(강동구청역 2번),6451,4040,2411,30,768,1601,1613,1617,822,12,384,869,987,1154,634,18,384,732,626,463,188
20194,A,골목상권,3111052,암사역 3번(천호동자전거거리),1652,885,767,3,192,365,475,387,230,2,74,188,246,218,157,1,118,177,229,169,73
20194,A,골목상권,3110003,세검정초등학교,3208,1681,1527,12,383,849,849,655,460,7,132,383,486,370,303,5,251,466,363,285,157
20194,A,골목상권,3110032,수족관거리,1721,729,992,8,316,378,484,355,180,7,101,148,164,183,126,1,215,230,320,172,54
20194,A,골목상권,3110049,장충단 고개,7948,4363,3585,17,1488,2210,1865,1591,777,6,534,1186,1138,986,513,11,954,1024,727,605,264
20194,A,골목상권,3110054,청구역 3번,5615,2963,2652,16,1124,1473,1173,1085,744,5,384,793,702,621,458,11,740,680,471,464,286
20194,A,골목상권,3110041,남산케이블카,5723,3089,2634,10,793,1518,1444,1163,795,7,334,836,819,626,467,3,459,682,625,537,328
20194,A,골목상권,3110533,충정로역 7번,2911,1774,1137,1,433,782,782,547,366,0,223,473,484,349,245,1,210,309,298,198,121
20194,A,골목상권,3110065,남정초등학교,2218,1561,657,13,351,641,535,358,320,11,227,499,376,234,214,2,124,142,159,124,106
20194,A,골목상권,3110080,해방촌예술마을,2226,1456,770,3,252,385,746,672,168,3,84,214,546,496,113,0,168,171,200,176,55
20194,A,골목상권,3110579,마포역 4번,5616,3529,2087,8,1017,1486,1468,1076,561,6,371,893,1024,805,430,2,646,593,444,271,131
20194,A,골목상권,3110123,마장역 3번,1433,884,549,1,176,272,329,389,266,1,78,159,191,253,202,0,98,113,138,136,64
20194,A,골목상권,3110114,왕십리파출소,2346,644,1702,8,434,328,413,711,452,1,142,144,153,139,65,7,292,184,260,572,387
20194,A,골목상권,3110121,한양대역 4번,102,61,41,0,13,22,20,20,27,0,6,11,11,12,21,0,7,11,9,8,6
20194,A,골목상권,3110127,성수1가1동주민센터,3267,2102,1165,10,572,1007,809,584,285,5,303,663,543,374,214,5,269,344,266,210,71
20194,A,골목상권,3110140,건대입구역 6번,3220,2119,1101,14,390,614,754,831,617,10,183,373,498,562,493,4,207,241,256,269,124
20194,A,골목상권,3110141,건대입구역 1번,1987,1285,702,10,275,407,532,461,302,6,137,258,349,297,238,4,138,149,183,164,64
20194,A,골목상권,3110209,답십리 장령당공원,4227,1926,2301,4,629,938,1189,1163,304,1,465,673,394,189,204,3,164,265,795,974,100
20194,A,골목상권,3110174,아차산역 1번,2909,1780,1129,7,346,545,901,765,345,3,151,328,577,479,242,4,195,217,324,286,103
20194,A,골목상권,3110144,어린이대공원역 4번,1502,932,570,0,160,238,383,492,229,0,60,133,242,323,174,0,100,105,141,169,55
20194,A,골목상권,3110152,중곡어린이공원,1671,1070,601,49,338,283,323,400,278,6,137,200,206,286,235,43,201,83,117,114,43
20194,A,골목상권,3110161,중곡역 3번,1960,1296,664,4,150,317,503,672,314,0,67,189,303,504,233,4,83,128,200,168,81
20194,A,골목상권,3110202,전농1동주민센터(전농시장),478,273,205,0,58,96,127,105,92,0,44,55,85,53,36,0,14,41,42,52,56
20194,A,골목상권,3110186,종암초등학교,1751,1308,443,2,179,330,416,475,349,0,82,256,306,362,302,2,97,74,110,113,47
20194,A,골목상권,3110206,텃골근린공원,1126,651,475,2,118,187,312,318,189,1,71,108,193,192,86,1,47,79,119,126,103
20194,A,골목상권,3110219,삼육보건대학교,4329,2321,2008,4,574,869,1055,1098,729,2,178,407,603,643,488,2,396,462,452,455,241
20194,A,골목상권,3110199,홍릉시장,962,521,441,0,76,146,204,306,230,0,34,77,102,142,166,0,42,69,102,164,64
20194,A,골목상권,3110268,망우3동주민센터,981,580,401,0,94,152,205,296,234,0,55,83,101,168,173,0,39,69,104,128,61
20194,A,골목상권,3110264,면목역 2번,1816,1064,752,3,185,354,425,524,325,0,72,184,239,342,227,3,113,170,186,182,98
20194,A,골목상권,3110279,신내역 2번,153,118,35,0,17,28,41,48,19,0,13,24,30,34,17,0,4,4,11,14,2
20194,A,골목상권,3110258,면동초등학교,1659,911,748,2,207,394,460,372,224,1,84,220,233,212,161,1,123,174,227,160,63
20194,A,골목상권,3110237,메가박스 상봉,2944,2064,880,11,293,688,935,821,196,10,142,441,668,655,148,1,151,247,267,166,48
20194,A,골목상권,3110254,오거리공원,1604,894,710,3,171,342,447,427,214,2,70,170,244,256,152,1,101,172,203,171,62
20194,A,골목상권,3110248,먹골파출소,993,487,506,3,102,224,281,230,153,0,31,111,138,105,102,3,71,113,143,125,51
20194,A,골목상권,3110245,KB국민은행 중화동지점,1375,794,581,3,141,276,386,300,269,1,58,154,230,167,184,2,83,122,156,133,85
20194,A,골목상권,3110308,길음역 8번,5558,2775,2783,420,2091,1398,817,515,317,177,921,761,443,234,239,243,1170,637,374,281,78
20194,A,골목상권,3110301,성신여대입구역 7번,2035,1073,962,20,279,387,462,501,386,15,95,170,238,285,270,5,184,217,224,216,116
20194,A,골목상권,3110300,삼선동주민센터,6172,2933,3239,11,709,1579,1872,1508,493,2,213,608,842,960,308,9,496,971,1030,548,185
20194,A,골목상권,3110328,상월곡역 3번,745,414,331,3,111,200,209,158,64,1,47,116,119,84,47,2,64,84,90,74,17
20194,A,골목상권,3110323,상월곡역 1번,2096,1206,890,4,330,425,556,516,265,0,143,247,333,295,188,4,187,178,223,221,77
20194,A,골목상권,3110325,장곡초등학교,1196,710,486,3,130,246,318,285,214,3,60,131,186,172,158,0,70,115,132,113,56
20194,A,골목상권,3110329,우리은행체육관,1168,696,472,8,126,245,281,288,220,4,44,127,158,191,172,4,82,118,123,97,48
20194,A,골목상권,3110418,광운대학교 남단,2395,1300,1095,17,439,649,567,454,269,5,188,388,277,239,203,12,251,261,290,215,66
20194,A,골목상권,3110292,정릉역 2번,1165,443,722,1,229,306,319,217,93,0,57,124,99,95,68,1,172,182,220,122,25
20194,A,골목상권,3110289,북한산보국문역 2번,1565,804,761,0,234,320,398,370,243,0,63,140,184,230,187,0,171,180,214,140,56
20194,A,골목상권,3110320,KB국민은행 종암동지점,1030,585,445,1,84,202,331,295,117,1,23,84,177,219,81,0,61,118,154,76,36
20194,A,골목상권,3110369,성신여대운정그린캠퍼스,1935,860,1075,5,242,321,436,458,473,1,65,112,181,208,293,4,177,209,255,250,180
20194,A,골목상권,3110376,수송초등학교,2101,1069,1032,3,230,420,522,498,428,2,80,208,286,240,253,1,150,212,236,258,175
20194,A,골목상권,3110351,수유북부시장옆,1198,652,546,0,84,147,263,467,237,0,30,65,139,235,183,0,54,82,124,232,54
20194,A,골목상권,3110362,우이천 계성교,961,497,464,1,126,190,258,236,150,0,48,103,126,120,100,1,78,87,132,116,50
20194,A,골목상권,3110356,덕수교,687,389,298,0,56,108,200,172,151,0,20,63,108,94,104,0,36,45,92,78,47
20194,A,골목상권,3110343,무너미어린이공원,1770,1049,721,0,112,212,300,288,858,0,32,122,161,148,586,0,80,90,139,140,272
20194,A,골목상권,3110382,솔밭공원역 1번,391,147,244,1,43,67,98,118,64,0,9,21,28,46,43,1,34,46,70,72,21
20194,A,골목상권,3110413,누원고등학교,568,365,203,0,36,70,115,162,185,0,15,44,66,102,138,0,21,26,49,60,47
20194,A,골목상권,3110422,노원역 9번,1516,697,819,1,187,294,388,390,256,1,71,171,178,157,119,0,116,123,210,233,137
20194,A,골목상권,3110430,중계초등학교,1110,567,543,3,90,168,259,328,262,0,28,66,114,160,199,3,62,102,145,168,63
20194,A,골목상권,3110417,월계역 3번,348,134,214,2,49,63,67,100,67,2,18,35,21,34,24,0,31,28,46,66,43
20194,A,골목상권,3110441,영신여고,1036,451,585,3,105,241,280,305,102,3,45,111,106,125,61,0,60,130,174,180,41
20194,A,골목상권,3110427,노원 을지대학교병원,1752,1176,576,1,156,280,416,577,322,0,59,139,273,460,245,1,97,141,143,117,77
20194,A,골목상권,3110477,은평세무서,2219,1137,1082,6,199,354,531,627,502,2,93,192,270,298,282,4,106,162,261,329,220
20194,A,골목상권,3110476,역촌역 2번,1304,706,598,1,170,308,350,300,175,1,61,154,198,161,131,0,109,154,152,139,44
20194,A,골목상권,3110503,명지대학교교회,3329,2219,1110,30,564,1004,816,642,273,26,345,725,552,388,183,4,219,279,264,254,90
20194,A,골목상권,3110499,연가초등학교,1715,905,810,0,165,359,447,470,274,0,64,203,231,222,185,0,101,156,216,248,89
20194,A,골목상권,3110558,경성고등학교,4895,3051,1844,21,679,1152,1227,1106,710,18,346,676,765,727,519,3,333,476,462,379,191
20194,A,골목상권,3110537,충정로현대아파트,4722,3057,1665,15,800,1434,1132,868,473,9,385,840,810,674,339,6,415,594,322,194,134
20194,A,골목상권,3110541,동교초등학교,1947,1046,901,2,295,400,519,419,312,1,112,214,273,234,212,1,183,186,246,185,100
20194,A,골목상권,3110522,홍제역 3번,1269,694,575,3,128,184,351,436,167,1,37,93,189,254,120,2,91,91,162,182,47
20194,A,골목상권,3110571,신수동주민센터,5389,2967,2422,10,665,1386,1427,1276,625,9,253,623,760,871,451,1,412,763,667,405,174
20194,A,골목상권,3110555,홍익지구대,3611,1855,1756,10,638,968,938,631,426,5,213,449,543,370,275,5,425,519,395,261,151
20194,A,골목상권,3110627,신정롯데캐슬아파트,12409,6926,5483,66,2312,4020,3158,2183,670,31,900,2143,1942,1409,501,35,1412,1877,1216,774,169
20194,A,골목상권,3110628,신목동역,2125,1374,751,4,260,583,583,460,235,2,128,352,393,345,154,2,132,231,190,115,81
20194,A,골목상권,3110679,염창역 2번,2730,2023,707,4,276,584,863,682,321,3,134,413,667,544,262,1,142,171,196,138,59
20194,A,골목상권,3110612,신정역 5번,4440,2606,1834,12,892,682,723,821,1310,5,273,329,389,473,1137,7,619,353,334,348,173
20194,A,골목상권,3110629,송정역 4번,923,553,370,1,104,171,216,231,200,1,47,114,124,142,125,0,57,57,92,89,75
20194,A,골목상권,3110669,화곡보람2차아파트,4693,2768,1925,4,1133,1316,897,642,701,3,357,873,675,396,464,1,776,443,222,246,237
20194,A,골목상권,3110649,우장산역 1번,1340,739,601,2,254,249,320,285,230,0,111,132,152,166,178,2,143,117,168,119,52
20194,A,골목상권,3110670,신곡초등학교,1600,1036,564,8,185,409,399,404,195,5,114,286,251,246,134,3,71,123,148,158,61
20194,A,골목상권,3110666,KC대학교,2132,1568,564,4,303,715,531,460,119,2,205,564,385,312,100,2,98,151,146,148,19
20194,A,골목상권,3110725,가산동주민센터,1841,864,977,4,142,241,320,390,744,2,70,130,189,193,280,2,72,111,131,197,464
20194,A,골목상권,3110700,고척초등학교,5750,4109,1641,10,516,1259,1605,1791,569,7,268,901,1181,1363,389,3,248,358,424,428,180
20194,A,골목상권,3110689,오류동역 3번,4517,2899,1618,15,569,864,1106,1262,701,8,405,556,678,764,488,7,164,308,428,498,213
20194,A,골목상권,3110690,오류2동버들시장,2262,1291,971,1,225,460,530,550,496,0,85,257,277,318,354,1,140,203,253,232,142
20194,A,골목상권,3110766,대림역 5번,5601,3708,1893,16,432,998,1379,1285,1491,5,258,730,1005,825,885,11,174,268,374,460,606
20194,A,골목상권,3110735,말미고개,2955,1738,1217,9,360,595,662,815,514,5,187,340,372,445,389,4,173,255,290,370,125
20194,A,골목상권,3110736,독산119안전센터,2709,1626,1083,4,307,444,561,745,648,2,174,271,330,427,422,2,133,173,231,318,226
20194,A,골목상권,3110746,금천금빛공원(은행나무사거리서측),971,444,527,1,93,156,237,270,214,1,36,71,105,122,109,0,57,85,132,148,105
20194,A,골목상권,3110783,영등포시장역 1번,2418,1654,764,5,411,700,493,528,281,3,259,492,345,391,164,2,152,208,148,137,117
20194,A,골목상권,3110793,대림썬프라자,1502,904,598,6,139,384,505,343,125,5,85,243,259,219,93,1,54,141,246,124,32
20194,A,골목상권,3110799,영등포본동주민센터,524,336,188,5,69,90,131,119,110,3,34,56,85,77,81,2,35,34,46,42,29
20194,A,골목상권,3110777,구로세무서,5825,3399,2426,22,1229,1703,1556,963,352,10,493,985,1009,609,293,12,736,718,547,354,59
20194,A,골목상권,3110821,보라매역 2번,19310,12435,6875,51,3710,3777,3102,4534,4136,27,2841,3091,2036,2222,2218,24,869,686,1066,2312,1918
20194,A,골목상권,3110788,영등포시장역 3번,924,604,320,3,106,166,286,224,139,1,58,113,202,145,85,2,48,53,84,79,54
20194,A,골목상권,3110840,중앙대학교,417,214,203,1,67,68,111,97,73,0,25,31,63,47,48,1,42,37,48,50,25
20194,A,골목상권,3110836,상도역 5번,4431,2490,1941,12,805,1182,1020,914,498,2,328,680,619,553,308,10,477,502,401,361,190
20194,A,골목상권,3110893,관악소방서(문영여고),1814,1409,405,2,342,557,398,425,90,1,237,436,304,357,74,1,105,121,94,68,16
20194,A,골목상권,3110878,미림여고,694,367,327,6,72,190,185,152,89,1,25,91,112,75,63,5,47,99,73,77,26
20194,A,골목상권,3110861,관악구신사동주민센터,4975,3397,1578,4,758,1388,1398,981,446,2,354,958,1075,707,301,2,404,430,323,274,145
20194,A,골목상권,3110890,봉천역 1번(관악초등학교),2071,803,1268,4,374,519,473,347,354,0,67,152,208,174,202,4,307,367,265,173,152
20194,A,골목상권,3110960,은광여고,20267,15455,4812,50,2314,4244,5292,6237,2130,36,1372,3182,4359,5022,1484,14,942,1062,933,1215,646
20194,A,골목상권,3110954,국기원,7043,3734,3309,24,2010,2434,1352,626,597,8,648,1239,953,450,436,16,1362,1195,399,176,161
20194,A,골목상권,3110936,더케이호텔(양재리본타워2단지아파트),1540,1105,435,14,246,433,389,311,147,10,159,288,286,247,115,4,87,145,103,64,32
20194,A,골목상권,3110940,양재근린공원(양재2동주민센터),6573,4578,1995,36,1029,1761,1701,1243,803,22,601,1228,1211,872,644,14,428,533,490,371,159
20194,A,골목상권,3110950,논현역 7번,14453,8508,5945,36,3283,4779,3414,1982,959,15,1326,2815,2305,1346,701,21,1957,1964,1109,636,258
20194,A,골목상권,3110949,한남IC,8417,5196,3221,28,1675,2570,2221,1300,623,15,760,1654,1435,852,480,13,915,916,786,448,143
20194,A,골목상권,3110993,개포지하차도 북측,142,86,56,0,14,21,31,45,31,0,4,14,19,28,21,0,10,7,12,17,10
20194,A,골목상권,3110983,국립국악고등학교,3034,1919,1115,12,544,819,737,554,368,2,245,512,476,373,311,10,299,307,261,181,57
20194,A,골목상권,3110964,싸리고개근린공원,8566,5556,3010,26,1611,2345,2176,1418,990,12,704,1538,1503,1014,785,14,907,807,673,404,205
20194,A,골목상권,3110995,봉은사역 4번,25206,19697,5509,27,4263,7944,7350,4403,1219,8,2756,6028,6191,3798,916,19,1507,1916,1159,605,303
20194,A,골목상권,3111001,아래방죽마을공원(율현초등학교),219,110,109,0,13,33,35,73,65,0,7,22,21,34,26,0,6,11,14,39,39
20194,A,골목상권,3110998,은곡마을(은곡마을공원),32,21,11,1,2,11,8,6,4,0,0,5,7,6,3,1,2,6,1,0,1
20194,A,골목상권,3110959,신구중학교,10232,5500,4732,112,2286,2945,2031,1596,1262,41,1015,1708,1395,759,582,71,1271,1237,636,837,680
20194,A,골목상권,3110962,도산공원북측,5103,2987,2116,21,1320,1864,1050,603,245,7,552,1132,729,415,152,14,768,732,321,188,93
20194,A,골목상권,3110997,대청초등학교,11645,4219,7426,31,3352,3686,2392,1435,749,3,709,1330,968,683,526,28,2643,2356,1424,752,223
20194,A,골목상권,3110979,청담초등학교,13513,6688,6825,34,3681,4952,2707,1503,636,14,1248,2542,1596,814,474,20,2433,2410,1111,689,162
20194,A,골목상권,3111027,문정초등학교,37078,28582,8496,20,3311,6648,10483,13841,2775,8,1965,4804,8129,11835,1841,12,1346,1844,2354,2006,934
20194,A,골목상권,3111020,방이동고분군(방산고등학교),4863,2790,2073,7,576,1242,1105,1165,768,4,274,719,681,609,503,3,302,523,424,556,265
20194,A,골목상권,3111032,방이역 1번,21842,16091,5751,28,2688,5066,5500,5171,3389,14,1606,3510,4215,4282,2464,14,1082,1556,1285,889,925
20194,A,골목상권,3111005,삼전역 3번,5492,3680,1812,15,836,1398,1269,1121,853,5,485,996,882,696,616,10,351,402,387,425,237
20194,A,골목상권,3111037,Sh수협은행 오금동금융센터(아랫말어린이공원),1645,894,751,0,186,380,425,449,205,0,97,235,228,207,127,0,89,145,197,242,78
20194,A,골목상권,3111089,상일여고(상일초등학교),858,553,305,0,66,157,203,261,171,0,37,92,135,164,125,0,29,65,68,97,46
20194,A,골목상권,3111067,강동구립성내도서관,5641,2901,2740,16,1009,1238,1344,1086,948,11,337,615,758,580,600,5,672,623,586,506,348
20194,A,골목상권,3111081,둔촌푸르지오아파트,986,603,383,2,117,183,200,251,233,1,58,108,117,139,180,1,59,75,83,112,53
20194,A,골목상권,3111059,강동역 4번(강풀만화거리),6849,3822,3027,10,1115,1236,1379,1299,1810,5,483,642,758,760,1174,5,632,594,621,539,636
20194,A,골목상권,3110005,세검정,2126,1089,1037,8,301,565,557,474,221,3,123,271,287,262,143,5,178,294,270,212,78
20194,A,골목상권,3110008,배화여자대학교(박노수미술관),3476,1938,1538,39,627,808,767,729,506,0,227,405,439,476,391,39,400,403,328,253,115
20194,A,골목상권,3110015,청와대사랑채,2312,1284,1028,37,513,765,497,301,199,0,191,422,324,192,155,37,322,343,173,109,44
20194,A,골목상권,3110035,동묘앞역 2번,3390,1775,1615,3,258,367,549,741,1472,0,87,183,285,341,879,3,171,184,264,400,593
20194,A,골목상권,3110055,황학동벼룩시장,2333,1280,1053,28,821,479,422,378,205,15,352,239,270,253,151,13,469,240,152,125,54
20194,A,골목상권,3110027,혜화역 1번,3124,1658,1466,9,394,650,865,728,478,5,112,253,479,462,347,4,282,397,386,266,131
20194,A,골목상권,3110030,동대문역 3번,1126,461,665,0,92,206,371,274,183,0,28,77,108,117,131,0,64,129,263,157,52
20194,A,골목상권,3110011,청운초등학교,1873,802,1071,13,318,482,437,339,284,2,65,197,195,159,184,11,253,285,242,180,100
20194,A,골목상권,3110024,혜회동주민센터,4244,1855,2389,27,697,1078,959,887,596,17,228,488,437,385,300,10,469,590,522,502,296
20194,A,골목상권,3110043,충무초등학교,6397,3882,2515,33,1241,1562,1628,1186,747,16,534,903,1084,808,537,17,707,659,544,378,210
20194,A,골목상권,3110082,용산구청,2532,1305,1227,13,448,730,571,554,216,10,162,304,295,368,166,3,286,426,276,186,50
20194,A,골목상권,3110045,동대문역사문화공원역 5번,40455,19049,21406,468,12792,10627,8138,6043,2387,192,5994,6220,4414,1662,567,276,6798,4407,3724,4381,1820
20194,A,골목상권,3110057,황학코아루아파트,1699,938,761,4,273,439,448,319,216,3,142,252,209,171,161,1,131,187,239,148,55
20194,A,골목상권,3110078,이촌동점보아파트,4727,2990,1737,17,766,1262,1193,1032,457,3,410,782,806,673,316,14,356,480,387,359,141
20194,A,골목상권,3110588,한겨레신문사,1133,567,566,1,166,237,297,284,148,1,73,129,147,128,89,0,93,108,150,156,59
20194,A,골목상권,3110073,삼각지역 3번,21368,6873,14495,123,6007,7127,5572,1957,582,50,2112,2306,1403,668,334,73,3895,4821,4169,1289,248
20194,A,골목상권,3110076,삼각지역 14번,2654,1645,1009,1,399,738,689,600,227,1,224,455,468,356,141,0,175,283,221,244,86
20194,A,골목상권,3110099,유엔빌리지길,21963,17803,4160,47,2625,5547,6288,6683,773,36,1322,4089,5454,6255,647,11,1303,1458,834,428,126
20194,A,골목상권,3110107,금호사거리,2695,1164,1531,16,307,810,1020,361,181,1,105,274,437,205,142,15,202,536,583,156,39
20194,A,골목상권,3110117,성동구보건소,3042,1046,1996,9,527,459,593,877,577,2,180,225,258,242,139,7,347,234,335,635,438
20194,A,골목상권,3110112,행당역 2번,1354,720,634,1,163,289,360,364,177,0,63,131,193,205,128,1,100,158,167,159,49
20194,A,골목상권,3110229,장평중학교,4729,3089,1640,10,521,877,975,1057,1289,6,275,555,639,696,918,4,246,322,336,361,371
20194,A,골목상권,3110113,응봉산,260,138,122,1,39,45,77,52,46,0,10,23,38,26,41,1,29,22,39,26,5
20194,A,골목상권,3110169,성동초등학교,4265,2889,1376,14,444,930,1078,1032,767,2,248,611,726,722,580,12,196,319,352,310,187
20194,A,골목상권,3110156,군자역 5번,3040,1883,1157,7,484,700,775,587,487,3,263,406,480,355,376,4,221,294,295,232,111
20194,A,골목상권,3110157,자양동우체국,1846,1325,521,14,427,408,437,359,201,10,335,309,286,227,158,4,92,99,151,132,43
20194,A,골목상권,3110163,성자초등학교,1358,679,679,1,136,233,372,407,209,1,60,112,160,197,149,0,76,121,212,210,60
20194,A,골목상권,3110168,대원고등학교,1985,1153,832,0,192,440,482,552,319,0,76,207,253,351,266,0,116,233,229,201,53
20194,A,골목상권,3110212,답십리초등학교,3380,2234,1146,24,681,841,827,639,368,21,491,622,488,363,249,3,190,219,339,276,119
20194,A,골목상권,3110187,제기동역 6번,5909,3849,2060,18,1010,1530,1329,1085,937,8,568,966,887,742,678,10,442,564,442,343,259
20194,A,골목상권,3110309,대광초등학교,2784,1954,830,10,336,612,722,679,425,4,187,423,511,486,343,6,149,189,211,193,82
20194,A,골목상권,3110231,장안교,728,483,245,0,55,125,159,208,181,0,22,52,89,162,158,0,33,73,70,46,23
20194,A,골목상권,3110203,떡전교사거리,1653,740,913,2,227,282,322,365,455,2,66,119,144,167,242,0,161,163,178,198,213
20194,A,골목상권,3110194,홍파초등학교,1028,599,429,1,94,200,292,318,123,0,58,123,168,168,82,1,36,77,124,150,41
20194,A,골목상권,3110278,망우본동주민센터,1851,1277,574,3,136,243,393,562,514,1,62,113,218,409,474,2,74,130,175,153,40
20194,A,골목상권,3110242,면목5동주민센터,867,570,297,0,78,153,226,199,211,0,36,99,119,132,184,0,42,54,107,67,27
20194,A,골목상권,3110246,월드순복음교회,1402,769,633,4,139,280,360,346,273,1,42,139,213,197,177,3,97,141,147,149,96
20194,A,골목상권,3110261,사가정역 4번,1640,972,668,5,175,265,434,463,298,4,62,125,253,303,225,1,113,140,181,160,73
20194,A,골목상권,3110241,먹골역 5번,2166,1475,691,1,315,530,524,571,225,1,183,366,341,415,169,0,132,164,183,156,56
20194,A,골목상권,3110233,중랑역 1번,893,461,432,6,154,146,204,200,183,4,65,61,89,121,121,2,89,85,115,79,62
20194,A,골목상권,3110318,KT월곡지사,3595,2540,1055,4,306,612,723,786,1164,2,171,405,460,571,931,2,135,207,263,215,233
20194,A,골목상권,3110377,미아사거리역 3번,694,331,363,7,98,129,184,169,107,6,42,61,75,80,67,1,56,68,109,89,40
20194,A,골목상권,3110281,길상사,16413,13694,2719,22,1927,3775,4747,5449,493,3,1165,2821,4173,5180,352,19,762,954,574,269,141
20194,A,골목상권,3110373,수유역 2번,2772,1558,1214,6,358,532,544,703,629,4,150,310,293,432,369,2,208,222,251,271,260
20194,A,골목상권,3110379,KT&G 북부지사,623,302,321,2,67,85,155,224,90,0,26,30,63,131,52,2,41,55,92,93,38
20194,A,골목상권,3110348,강북문화예술회관,2983,2155,828,0,93,237,630,911,1112,0,20,143,489,717,786,0,73,94,141,194,326
20194,A,골목상권,3110383,덕성여대시반거리,437,131,306,0,77,73,112,105,70,0,9,16,36,28,42,0,68,57,76,77,28
20194,A,골목상권,3110345,솔밭공원역 2번,708,263,445,1,82,141,166,188,130,0,15,41,54,71,82,1,67,100,112,117,48
20194,A,골목상권,3110342,국립재활원,1911,1168,743,0,163,409,566,562,211,0,54,205,383,372,154,0,109,204,183,190,57
20194,A,골목상권,3110338,인수초등학교,1029,648,381,3,137,254,247,265,123,3,70,171,149,154,101,0,67,83,98,111,22
20194,A,골목상권,3110402,도봉구 정병원,1673,968,705,5,226,351,392,442,257,4,101,216,235,250,162,1,125,135,157,192,95
20194,A,골목상권,3110392,발바닥공원,590,396,194,3,85,182,168,101,51,2,37,113,135,71,38,1,48,69,33,30,13
20194,A,골목상권,3110416,노원초등학교,1205,552,653,8,124,241,275,314,243,6,45,126,116,149,110,2,79,115,159,165,133
20194,A,골목상권,3110428,상계5동주민센터,1874,914,960,5,133,226,324,460,726,1,48,116,138,200,411,4,85,110,186,260,315
20194,A,골목상권,3110464,연신내역 5번,1985,1122,863,7,199,380,509,459,431,5,83,205,246,266,317,2,116,175,263,193,114
20194,A,골목상권,3110457,예일여고,3334,1823,1511,11,339,504,700,1175,605,2,131,234,342,705,409,9,208,270,358,470,196
20194,A,골목상권,3110488,우리은행응암동지점,3399,1825,1574,8,407,862,868,872,382,5,208,429,423,511,249,3,199,433,445,361,133
20194,A,골목상권,3110485,연신내우체국,2037,1061,976,2,103,180,239,350,1163,1,45,107,106,143,659,1,58,73,133,207,504
20194,A,골목상권,3110449,증산역 3번,2851,1858,993,1,398,704,743,668,337,0,156,480,515,477,230,1,242,224,228,191,107
20194,A,골목상권,3110523,홍제성원아파트,259,109,150,1,36,55,62,74,31,0,14,19,28,27,21,1,22,36,34,47,10
20194,A,골목상권,3110586,서울서부지방법원,11593,7273,4320,37,2044,3389,3339,2245,539,5,959,1962,2248,1752,347,32,1085,1427,1091,493,192
20194,A,골목상권,3110540,망원나들목체육관,1899,1092,807,8,639,591,325,211,125,1,387,316,158,136,94,7,252,275,167,75,31
20194,A,골목상권,3110567,광흥창역 6번,510,261,249,0,80,126,127,118,59,0,35,61,66,62,37,0,45,65,61,56,22
20194,A,골목상권,3110565,홍익대,4319,2959,1360,13,708,1013,1064,875,646,7,389,669,759,621,514,6,319,344,305,254,132
20194,A,골목상권,3110560,마포FM,4675,2819,1856,11,653,1106,1054,998,853,9,292,695,738,584,501,2,361,411,316,414,352
20194,A,골목상권,3110549,새터산,2447,1476,971,6,323,490,622,631,375,4,169,276,370,408,249,2,154,214,252,223,126
20194,A,골목상권,3110581,염리초등학교,8998,5077,3921,16,1305,2124,2079,1885,1589,7,628,1198,1340,989,915,9,677,926,739,896,674
20194,A,골목상권,3110617,등촌역 4번,2496,1419,1077,2,330,561,641,599,363,0,156,350,350,329,234,2,174,211,291,270,129
20194,A,골목상권,3110676,등촌역 7번,2587,1617,970,12,360,533,656,601,425,6,154,333,395,389,340,6,206,200,261,212,85
20194,A,골목상권,3110656,까치산역 3번,3071,1778,1293,17,286,570,813,925,460,15,146,353,484,505,275,2,140,217,329,420,185
20194,A,골목상권,3110654,까치산역 4번,3556,2235,1321,15,324,625,928,1128,536,13,164,373,533,736,416,2,160,252,395,392,120
20194,A,골목상권,3110597,신월1동주민센터,2472,1402,1070,4,249,481,521,657,560,1,110,252,269,403,367,3,139,229,252,254,193
20194,A,골목상권,3110665,곰달래도서관,2356,1305,1051,4,236,435,587,666,428,4,101,243,325,344,288,0,135,192,262,322,140
20194,A,골목상권,3110615,신서초등학교,848,519,329,2,79,148,152,220,247,1,36,81,84,146,171,1,43,67,68,74,76
20194,A,골목상권,3110674,강서구청가양동별관,2810,1867,943,13,484,647,757,564,345,8,334,446,510,346,223,5,150,201,247,218,122
20194,A,골목상권,3110677,등촌역 1번,3921,2407,1514,15,590,925,884,897,610,12,265,549,522,592,467,3,325,376,362,305,143
20194,A,골목상권,3110631,방화초등학교,2022,1206,816,5,282,386,462,504,383,5,137,222,260,288,294,0,145,164,202,216,89
20194,A,골목상권,3110636,방화역 2번,2261,1548,713,6,180,387,715,586,387,4,92,216,507,418,311,2,88,171,208,168,76
20194,A,골목상권,3110723,가산디지털단지역 1번 출입구,6364,4269,2095,13,1161,2024,1564,904,698,8,553,1337,1145,699,527,5,608,687,419,205,171
20194,A,골목상권,3110662,까치산역 1번,3644,2133,1511,8,464,871,961,872,468,6,214,496,504,566,347,2,250,375,457,306,121
20194,A,골목상권,3110732,가산초등학교(세일중학교),2697,1734,963,13,406,604,664,616,394,4,232,369,400,410,319,9,174,235,264,206,75
20194,A,골목상권,3110729,가산동우체국,3002,1566,1436,10,310,527,627,607,921,6,171,294,365,336,394,4,139,233,262,271,527
20194,A,골목상권,3110691,개봉중학교,2121,1250,871,6,243,460,510,560,342,1,134,278,283,301,253,5,109,182,227,259,89
20194,A,골목상권,3110705,고산초등학교,2324,1523,801,3,295,489,490,507,540,2,148,292,274,324,483,1,147,197,216,183,57
20194,A,골목상권,3110680,온수역 5번(온수산업단지),1651,1405,246,18,174,252,303,480,424,18,138,209,238,407,395,0,36,43,65,73,29
20194,A,골목상권,3110685,금강수목원아파트,1014,749,265,2,60,190,279,274,209,1,35,123,189,214,187,1,25,67,90,60,22
20194,A,골목상권,3110854,조원동주민센터,3686,2722,964,3,494,609,555,569,1456,1,220,390,345,394,1372,2,274,219,210,175,84
20194,A,골목상권,3110742,KT금천빌딩(금천구시설관리공단),1604,1021,583,0,211,338,390,400,265,0,133,223,244,230,191,0,78,115,146,170,74
20194,A,골목상권,3110748,백산초등학교,1088,584,504,0,104,213,289,304,178,0,44,118,147,162,113,0,60,95,142,142,65
20194,A,골목상권,3110750,시흥4동주민센터(서울신흥초등학교),1125,636,489,9,163,218,324,281,130,8,89,133,186,127,93,1,74,85,138,154,37
20194,A,골목상권,3110749,금산초등학교(금천고등학교),7714,4555,3159,13,568,1109,1786,2003,2235,4,300,718,1027,1087,1419,9,268,391,759,916,816
20194,A,골목상권,3110763,영등포구청역 2번,7998,3926,4072,23,1606,2127,1491,1555,1196,12,684,1112,819,673,626,11,922,1015,672,882,570
20194,A,골목상권,3110786,당산역 8번,7202,5111,2091,19,1007,1783,1914,1612,867,6,490,1180,1444,1314,677,13,517,603,470,298,190
20194,A,골목상권,3110762,선유도역 1번,6490,4189,2301,17,859,1406,1594,1541,1073,11,470,902,970,975,861,6,389,504,624,566,212
20194,A,골목상권,3110803,신길2동우편취급국,2306,1308,998,6,226,496,505,482,591,3,103,233,253,261,455,3,123,263,252,221,136
20194,A,골목상권,3110757,양평역 2번,2594,1895,699,3,271,581,643,581,515,2,144,438,483,429,399,1,127,143,160,152,116
20194,A,골목상권,3110817,대방역 4번,3279,1548,1731,9,625,746,811,579,509,4,208,342,403,284,307,5,417,404,408,295,202
20194,A,골목상권,3110807,신길역 3번,994,401,593,5,113,194,247,269,166,2,40,84,97,101,77,3,73,110,150,168,89
20194,A,골목상권,3110847,예술인마을,2033,1270,763,3,284,468,518,409,351,3,131,269,312,253,302,0,153,199,206,156,49
20194,A,골목상권,3110903,방배아이파크아파트,13318,6720,6598,17,2219,3034,3683,2226,2139,5,678,1278,1774,1240,1745,12,1541,1756,1909,986,394
20194,A,골목상권,3110843,사당5동주민센터,856,499,357,1,74,130,224,245,182,0,30,57,123,154,135,1,44,73,101,91,47
20194,A,골목상권,3110898,청림동주민센터(상도중학교),3140,1745,1395,2,453,1024,1007,483,171,1,197,571,572,281,123,1,256,453,435,202,48
20194,A,골목상권,3110835,상도역 1번,1284,685,599,4,217,336,311,268,148,2,91,204,169,124,95,2,126,132,142,144,53
20194,A,골목상권,3110830,상도초등학교,1099,508,591,0,192,255,269,254,129,0,84,114,104,127,79,0,108,141,165,127,50
20194,A,골목상권,3110863,난우초등학교,1274,596,678,21,162,252,274,330,235,16,65,112,116,144,143,5,97,140,158,186,92
20194,A,골목상권,3110882,신성초등학교,1461,843,618,4,181,268,423,344,241,1,87,139,232,207,177,3,94,129,191,137,64
20194,A,골목상권,3110867,국제신학대학원대학교(남서울중학교),1284,802,482,3,150,289,290,284,268,1,93,193,167,179,169,2,57,96,123,105,99
20194,A,골목상권,3110871,신원동주민센터,1221,662,559,5,110,197,235,300,374,0,62,122,135,146,197,5,48,75,100,154,177
20194,A,골목상권,3110864,신림우방아파트,3078,2254,824,2,485,863,972,582,174,2,229,637,794,472,120,0,256,226,178,110,54
20194,A,골목상권,3110917,서초소방서,10472,8160,2312,29,1128,2908,2901,2625,881,18,710,2263,2404,2117,648,11,418,645,497,508,233
20194,A,골목상권,3110927,잠원역,3312,2219,1093,5,550,1142,865,499,251,3,321,787,627,322,159,2,229,355,238,177,92
20194,A,골목상권,3110915,서래초등학교,89045,79397,9648,58,9613,19204,23591,33698,2881,23,6991,15974,21216,32574,2619,35,2622,3230,2375,1124,262
20194,A,골목상권,3110918,방배역 3번,7950,4877,3073,25,1436,1942,1884,1479,1184,9,623,1168,1279,916,882,16,813,774,605,563,302
20194,A,골목상권,3110926,신중초등학교,18935,13842,5093,26,2537,6187,5342,3491,1352,11,1323,4503,4347,2701,957,15,1214,1684,995,790,395
20194,A,골목상권,3110928,서초우방유쉘아파트,8601,5394,3207,32,1319,2349,2192,1755,954,20,686,1554,1461,1019,654,12,633,795,731,736,300
20194,A,골목상권,3110941,언남고등학교,3148,2001,1147,15,501,854,828,599,351,13,285,552,530,367,254,2,216,302,298,232,97
20194,A,골목상권,3110977,논현로18길,8768,6092,2676,17,1345,2688,2352,1426,940,7,731,1839,1812,1000,703,10,614,849,540,426,237
20194,A,골목상권,3110956,언주역 8번,10460,6708,3752,44,2484,3229,2399,1398,906,30,1284,2052,1709,952,681,14,1200,1177,690,446,225
20194,A,골목상권,3110961,언주역 3번,19048,12835,6213,40,3657,5606,4187,2889,2669,10,1697,3702,3162,2277,1987,30,1960,1904,1025,612,682
20194,A,골목상권,3110970,학동초등학교,8274,4686,3588,35,1750,2524,1972,1193,800,17,746,1341,1253,767,562,18,1004,1183,719,426,238
20194,A,골목상권,3110986,삼성중앙역 7번,7054,4250,2804,39,1478,2059,1499,883,1096,9,622,1271,1051,561,736,30,856,788,448,322,360
20194,A,골목상권,3110958,역삼역 4번,13145,7672,5473,25,2620,4104,3148,1957,1291,13,968,2265,2168,1344,914,12,1652,1839,980,613,377
20194,A,골목상권,3111025,경찰병원역 3번,9858,5487,4371,53,1071,1688,1733,1768,3545,24,506,1023,1074,799,2061,29,565,665,659,969,1484
20194,A,골목상권,3111029,오금역 4번,6170,4510,1660,14,1076,1905,1533,1053,589,8,670,1374,1159,778,521,6,406,531,374,275,68
20194,A,골목상권,3111023,문정역 1번,3188,1943,1245,5,559,689,779,662,494,2,274,426,517,382,342,3,285,263,262,280,152
20194,A,골목상권,3111042,거여역 1번(거여공원),4647,2955,1692,20,677,1102,1208,1011,629,16,473,746,745,568,407,4,204,356,463,443,222
20194,A,골목상권,3111006,석촌고분역 1번,13231,9393,3838,32,1634,2684,3221,2686,2974,27,996,1913,2319,1807,2331,5,638,771,902,879,643
20194,A,골목상권,3111090,강일동주민센터,199,120,79,0,24,45,67,44,19,0,9,25,41,30,15,0,15,20,26,14,4
20194,A,골목상권,3111068,강동성심병원,3440,1771,1669,8,770,842,809,570,441,5,225,389,495,352,305,3,545,453,314,218,136
20194,A,골목상권,3111065,천일초등학교,1242,677,565,2,112,177,234,284,433,2,39,75,105,131,325,0,73,102,129,153,108
20194,A,골목상권,3111060,암사역 2번(서울강동초등학교),3038,1600,1438,3,337,620,746,749,583,2,117,297,376,407,401,1,220,323,370,342,182
20194,A,골목상권,3111054,암사역 4번(삼성광나루아파트),3175,1255,1920,2,329,487,578,782,997,2,142,257,245,207,402,0,187,230,333,575,595
20194,A,골목상권,3111049,천호지구대(천호동자전거거리),1795,986,809,7,217,342,414,400,415,3,102,177,213,206,285,4,115,165,201,194,130
20194,A,골목상권,3110007,사직공원(한국사회과학도서관),2261,1151,1110,4,393,616,566,444,238,2,142,279,306,251,171,2,251,337,260,193,67
20194,A,골목상권,3110531,홍지문,828,402,426,2,118,219,178,187,124,0,39,117,90,81,75,2,79,102,88,106,49
20194,A,골목상권,3110010,평창동서측,8863,4827,4036,16,958,2387,3264,1811,427,1,407,1007,1802,1306,304,15,551,1380,1462,505,123
20194,A,골목상권,3110013,체부동홍종문가옥,1116,630,486,4,122,231,265,248,246,0,42,116,139,143,190,4,80,115,126,105,56
20194,A,골목상권,3110051,한양공고앞 교차로,1270,665,605,0,194,259,304,324,189,0,76,137,166,173,113,0,118,122,138,151,76
20194,A,골목상권,3110587,공덕동주민센터,4777,2727,2050,20,903,1328,1318,886,322,3,450,775,774,531,194,17,453,553,544,355,128
20194,A,골목상권,3110075,숙대입구역 1번,11721,3647,8074,164,6494,2357,1245,865,596,15,739,1093,761,587,452,149,5755,1264,484,278,144
20194,A,골목상권,3110094,오산중학교,293,171,122,0,19,48,84,96,46,0,8,24,50,58,31,0,11,24,34,38,15
20194,A,골목상권,3110093,우사단길,5722,3218,2504,28,1105,1870,1447,876,396,11,353,986,985,650,233,17,752,884,462,226,163
20194,A,골목상권,3110089,서빙고동주민센터,1027,643,384,1,125,313,300,153,135,0,47,186,191,106,113,1,78,127,109,47,22
20194,A,골목상권,3110064,효창공원앞역 2번,3452,2255,1197,8,448,903,911,799,383,7,272,598,596,522,260,1,176,305,315,277,123
20194,A,골목상권,3110109,금호삼성래미안아파트,2637,1124,1513,17,315,812,1046,338,109,1,116,291,459,171,86,16,199,521,587,167,23
20194,A,골목상권,3110126,서울숲역 1번,3085,1944,1141,11,616,755,648,538,517,5,355,479,400,356,349,6,261,276,248,182,168
20194,A,골목상권,3110108,성동구립금호도서관,186,90,96,0,24,35,54,55,18,0,12,20,24,19,15,0,12,15,30,36,3
20194,A,골목상권,3110104,신금호역 4번,732,398,334,0,85,142,175,168,162,0,25,62,94,95,122,0,60,80,81,73,40
20194,A,골목상권,3110115,상왕십리역 3번,4711,2086,2625,18,803,828,947,1248,867,3,269,473,519,510,312,15,534,355,428,738,555
20194,A,골목상권,3110135,성동세무서,6003,3797,2206,7,862,1512,1538,1291,793,5,450,954,1006,780,602,2,412,558,532,511,191
20194,A,골목상권,3110133,서울교통공사,4981,3435,1546,23,1308,1313,957,778,602,20,760,917,708,550,480,3,548,396,249,228,122
20194,A,골목상권,3110130,답십리역 6번,5008,2174,2834,4,714,1041,1495,1390,364,2,492,707,504,247,222,2,222,334,991,1143,142
20194,A,골목상권,3110170,동대부여고,1909,989,920,3,252,420,535,456,243,1,90,195,287,248,168,2,162,225,248,208,75
20194,A,골목상권,3110172,광진초등학교,2650,1482,1168,56,464,506,558,636,430,25,237,266,298,348,308,31,227,240,260,288,122
20194,A,골목상권,3110173,구남초등학교,6227,3640,2587,15,457,1113,1646,2007,989,4,265,728,1023,979,641,11,192,385,623,1028,348
20194,A,골목상권,3110143,뚝섬유원지역 1번,1815,1480,335,4,196,506,523,433,153,1,151,416,440,351,121,3,45,90,83,82,32
20194,A,골목상권,3110165,국립정신건강센터,2364,1365,999,3,223,480,601,647,410,0,85,228,319,404,329,3,138,252,282,243,81
20194,A,골목상권,3110185,용두초등학교,8144,4248,3896,8,666,1891,2614,2141,824,3,322,1123,1308,948,544,5,344,768,1306,1193,280
20194,A,골목상권,3110313,안암역 3번,4007,2603,1404,7,479,974,1134,933,480,3,232,606,749,655,358,4,247,368,385,278,122
20194,A,골목상권,3110205,경희대삼거리,2042,1155,887,3,307,699,408,383,242,2,146,461,194,203,149,1,161,238,214,180,93
20194,A,골목상권,3110263,면목역 1번,2374,1295,1079,3,342,596,740,505,188,0,167,400,365,229,134,3,175,196,375,276,54
20194,A,골목상권,3110265,망우역 1번,2560,1588,972,13,240,367,540,748,652,2,93,155,261,513,564,11,147,212,279,235,88
20194,A,골목상권,3110272,신내1동주민센터,3286,2011,1275,4,411,585,632,841,813,4,214,329,339,496,629,0,197,256,293,345,184
20194,A,골목상권,3110429,공릉동 국수거리,4838,2587,2251,6,483,668,995,1400,1286,2,224,366,498,716,781,4,259,302,497,684,505
20194,A,골목상권,3110307,길음역 7번,2161,758,1403,9,665,611,420,293,163,0,120,232,163,133,110,9,545,379,257,160,53
20194,A,골목상권,3110310,길음역 10번,1961,875,1086,9,604,603,400,252,93,0,140,299,228,141,67,9,464,304,172,111,26
20194,A,골목상권,3110288,동구여중,1859,769,1090,6,181,454,656,400,162,0,55,184,238,173,119,6,126,270,418,227,43
20194,A,골목상권,3110326,장위동성당,1271,741,530,3,141,245,334,297,251,3,57,121,191,187,182,0,84,124,143,110,69
20194,A,골목상권,3110282,국민대학교앞,1906,1357,549,15,321,599,445,311,215,14,185,437,349,245,127,1,136,162,96,66,88
20194,A,골목상권,3110358,인수동 우편취급국,1765,939,826,2,170,270,351,489,483,0,51,121,160,260,347,2,119,149,191,229,136
20194,A,골목상권,3110404,신창초등학교,1553,862,691,11,174,258,430,465,215,8,68,144,234,271,137,3,106,114,196,194,78
20194,A,골목상권,3110380,강북문화정보도서관,592,293,299,0,63,86,106,169,168,0,17,49,52,80,95,0,46,37,54,89,73
20194,A,골목상권,3110370,도봉세무서,1155,642,513,7,84,180,290,317,277,6,25,81,136,177,217,1,59,99,154,140,60
20194,A,골목상권,3110359,수유시장옆,1979,746,1233,2,174,251,355,450,747,0,62,112,146,178,248,2,112,139,209,272,499
20194,A,골목상권,3110366,광산사거리,1102,553,549,2,152,230,302,260,156,0,71,120,146,119,97,2,81,110,156,141,59
20194,A,골목상권,3110391,샘말어린이공원,1105,495,610,0,95,176,215,283,336,0,30,73,100,108,184,0,65,103,115,175,152
20194,A,골목상권,3110386,연산군묘,898,534,364,0,132,210,207,211,138,0,60,118,124,120,112,0,72,92,83,91,26
20194,A,골목상권,3110385,효문고등학교,492,210,282,0,72,109,138,115,58,0,15,34,51,62,48,0,57,75,87,53,10
20194,A,골목상권,3110396,쌍문역1번(쌍리단길),873,388,485,4,110,167,201,233,158,1,36,63,88,108,92,3,74,104,113,125,66
20194,A,골목상권,3110438,경춘선숲길 우측,1262,670,592,2,165,313,395,265,122,1,79,159,202,145,84,1,86,154,193,120,38
20194,A,골목상권,3110472,연신내역 4번,2101,1115,986,9,291,420,561,452,368,4,112,235,265,229,270,5,179,185,296,223,98
20194,A,골목상권,3110458,선일여고,1561,717,844,5,204,370,371,412,199,2,85,168,169,166,127,3,119,202,202,246,72
20194,A,골목상권,3110460,구산역 4번,4098,2463,1635,10,303,617,938,1372,858,6,136,347,489,872,613,4,167,270,449,500,245
20194,A,골목상권,3110450,시립서북병원,3765,1891,1874,8,699,863,827,786,582,2,293,433,413,369,381,6,406,430,414,417,201
20194,A,골목상권,3110456,구산보건지소,2822,1445,1377,11,571,580,644,581,435,3,244,277,308,315,298,8,327,303,336,266,137
20194,A,골목상권,3110486,은평구청,3565,1859,1706,8,390,827,963,954,423,5,183,376,460,548,287,3,207,451,503,406,136
20194,A,골목상권,3110484,역촌역 3번,1849,903,946,7,208,399,493,442,300,5,86,179,219,212,202,2,122,220,274,230,98
20194,A,골목상권,3110461,새절역 2번,927,505,422,2,86,134,215,259,231,1,30,51,97,146,180,1,56,83,118,113,51
20194,A,골목상권,3110445,덕산중학교,1113,537,576,5,235,253,205,221,194,0,73,130,116,94,124,5,162,123,89,127,70
20194,A,골목상권,3110451,증산역 4번,2598,1818,780,3,354,592,647,619,383,2,156,421,488,450,301,1,198,171,159,169,82
20194,A,골목상권,3110446,내를건너서숲으로도서관,760,517,243,0,100,159,174,187,140,0,83,108,97,110,119,0,17,51,77,77,21
20194,A,골목상권,3110504,명지전문대,601,306,295,1,61,72,145,194,128,0,30,29,70,105,72,1,31,43,75,89,56
20194,A,골목상권,3110502,남가좌파출소,820,489,331,0,68,121,216,264,151,0,31,62,124,166,106,0,37,59,92,98,45
20194,A,골목상권,3110543,중암중학교,668,466,202,0,37,70,115,223,223,0,16,35,56,145,214,0,21,35,59,78,9
20194,A,골목상권,3110582,이대역 5번,907,344,563,2,105,192,252,226,130,1,24,52,78,110,79,1,81,140,174,116,51
20194,A,골목상권,3110520,경의중앙 신촌역,1500,752,748,8,322,367,324,282,197,5,111,177,147,168,144,3,211,190,177,114,53
20194,A,골목상권,3110566,경의선책거리,7387,4414,2973,27,1465,1717,1712,1423,1043,16,758,1040,1073,796,731,11,707,677,639,627,312
20194,A,골목상권,3110511,연희초등학교,5789,4486,1303,7,719,1297,1142,1990,634,1,495,983,811,1677,519,6,224,314,331,313,115
20194,A,골목상권,3110526,봉원사,367,217,150,1,22,70,135,80,59,1,9,35,92,46,34,0,13,35,43,34,25
20194,A,골목상권,3110585,마포경찰서,3239,2093,1146,1,420,1126,934,559,199,0,226,683,634,427,123,1,194,443,300,132,76
20194,A,골목상권,3110578,대흥역 2번,4903,3185,1718,78,872,1109,1037,1047,760,28,453,737,756,701,510,50,419,372,281,346,250
20194,A,골목상권,3110574,서강대학교,896,599,297,4,117,204,240,201,130,2,74,135,174,124,90,2,43,69,66,77,40
20194,A,골목상권,3110544,망리단길,6222,3617,2605,17,1248,1421,1318,976,1242,8,640,721,675,587,986,9,608,700,643,389,256
20194,A,골목상권,3110548,마포구청역 4번,5895,3452,2443,18,764,1118,1304,1728,963,10,390,797,862,809,584,8,374,321,442,919,379
20194,A,골목상권,3110557,홍대부속여중고앞,5872,3326,2546,15,903,1543,1632,1119,660,15,389,832,977,651,462,0,514,711,655,468,198
20194,A,골목상권,3110618,강서고등학교,3661,1791,1870,7,785,1002,801,724,342,3,195,468,416,435,274,4,590,534,385,289,68
20194,A,골목상권,3110596,서서울호수공원,2036,1321,715,5,229,365,459,585,393,2,117,220,272,383,327,3,112,145,187,202,66
20194,A,골목상권,3110599,신월1파출소,1680,1078,602,4,158,295,421,566,236,2,93,182,259,368,174,2,65,113,162,198,62
20194,A,골목상권,3110651,화원중학교,2712,1532,1180,8,300,556,660,686,502,6,148,340,365,391,282,2,152,216,295,295,220
20194,A,골목상권,3110623,갈산공원,1473,855,618,6,162,331,380,329,265,4,90,177,200,190,194,2,72,154,180,139,71
20194,A,골목상권,3110632,방화역 3번,3801,2575,1226,6,332,705,1119,1071,568,4,193,413,783,737,445,2,139,292,336,334,123
20194,A,골목상권,3110659,화곡역 4번,3626,1901,1725,18,457,804,957,853,537,15,183,460,522,422,299,3,274,344,435,431,238
20194,A,골목상권,3110722,G타워,19389,12310,7079,60,3607,6404,5129,2626,1563,29,1836,4264,3348,1661,1172,31,1771,2140,1781,965,391
20194,A,골목상권,3110682,온수역 8번,361,283,78,0,13,52,95,107,94,0,11,34,65,83,90,0,2,18,30,24,4
20194,A,골목상권,3110696,오류동역 1번,3475,2139,1336,33,914,1147,671,456,254,17,516,814,390,225,177,16,398,333,281,231,77
20194,A,골목상권,3110698,개웅초등학교(개웅중학교),2757,1234,1523,7,405,493,704,774,374,5,210,265,264,263,227,2,195,228,440,511,147
20194,A,골목상권,3110697,개봉3동주민센터,1101,686,415,1,168,226,252,244,210,1,77,141,156,157,154,0,91,85,96,87,56
20194,A,골목상권,3110688,오류지구대,1309,724,585,5,130,240,332,393,209,4,56,137,187,212,128,1,74,103,145,181,81
20194,A,골목상권,3110684,서울공연예술고등학교,980,521,459,4,124,208,238,273,133,2,54,118,122,154,71,2,70,90,116,119,62
20194,A,골목상권,3110728,두산초등학교,7779,4797,2982,17,403,805,1036,1484,4034,15,223,510,611,873,2565,2,180,295,425,611,1469
20194,A,골목상권,3110731,금천구청역 1번 출입구,4469,2258,2211,11,672,1215,1026,1039,506,6,276,550,486,608,332,5,396,665,540,431,174
20194,A,골목상권,3110730,서울축산농협 독산역지점(독산파출소),7158,4528,2630,15,350,639,810,1307,4037,13,197,420,491,801,2606,2,153,219,319,506,1431
20194,A,골목상권,3110752,한울중학교,2059,1251,808,13,294,388,526,539,299,10,181,248,303,289,220,3,113,140,223,250,79
20194,A,골목상권,3110753,시흥동 은행나무사거리,1767,985,782,8,199,364,416,443,337,7,105,218,220,235,200,1,94,146,196,208,137
20194,A,골목상권,3110743,시흥초등학교(시흥1동우체국),1901,835,1066,7,317,358,467,487,265,6,126,168,210,183,142,1,191,190,257,304,123
20194,A,골목상권,3110764,문래역 3번,3153,1905,1248,2,407,744,863,599,538,2,173,425,526,380,399,0,234,319,337,219,139
20194,A,골목상권,3110782,영등포시장역 4번,1839,1063,776,5,208,345,454,439,388,3,97,205,292,249,217,2,111,140,162,190,171
20194,A,골목상권,3110779,대림갑을명가아파트,800,491,309,1,87,130,177,235,170,0,44,84,105,135,123,1,43,46,72,100,47
20194,A,골목상권,3110765,문래동사거리,2020,1394,626,4,169,352,494,465,536,2,82,219,333,315,443,2,87,133,161,150,93
20194,A,골목상권,3110810,영신초등학교,2994,1643,1351,2,368,625,659,659,681,0,176,353,376,324,414,2,192,272,283,335,267
20194,A,골목상권,3110809,장훈고등학교,1484,885,599,1,203,345,302,292,341,0,102,180,180,183,240,1,101,165,122,109,101
20194,A,골목상권,3110824,대방역 3번,2129,1361,768,5,292,552,582,381,317,4,165,378,384,224,206,1,127,174,198,157,111
20194,A,골목상권,3110813,보라매역 6번,5419,3837,1582,9,1033,1296,1111,1526,444,6,590,941,791,1194,315,3,443,355,320,332,129
20194,A,골목상권,3110834,동작구자원봉사센터,2564,1472,1092,14,261,540,690,627,432,11,135,308,409,356,253,3,126,232,281,271,179
20194,A,골목상권,3110828,노량진역 6번,7261,4126,3135,15,905,2214,1977,1542,608,3,417,1160,1187,977,382,12,488,1054,790,565,226
20194,A,골목상권,3110827,NH농협은행 상도동지점,1082,439,643,2,105,183,271,274,247,1,38,79,104,103,114,1,67,104,167,171,133
20194,A,골목상권,3110852,이수역 9번,2529,1175,1354,5,473,620,696,447,288,1,132,264,309,240,229,4,341,356,387,207,59
20194,A,골목상권,3110905,방배노인종합복지관(이수중학교),5242,2054,3188,12,1165,1458,1271,885,451,1,334,540,486,427,266,11,831,918,785,458,185
20194,A,골목상권,3110851,경문고등학교(동작동성당),3368,1773,1595,14,635,1032,934,524,229,8,236,520,595,291,123,6,399,512,339,233,106
20194,A,골목상권,3110899,낙성대역 5번(관악중학교),4614,3107,1507,19,916,1345,1018,737,579,11,468,959,710,495,464,8,448,386,308,242,115
20194,A,골목상권,3110831,상도4동주민센터,1928,1233,695,2,251,423,419,532,301,2,136,263,284,407,141,0,115,160,135,125,160
20194,A,골목상권,3110873,당곡중학교,2525,1427,1098,7,341,547,627,540,463,4,156,299,352,290,326,3,185,248,275,250,137
20194,A,골목상권,3110841,중대부중,360,156,204,0,43,52,85,105,75,0,14,21,31,46,44,0,29,31,54,59,31
20194,A,골목상권,3110900,낙성대역 1번(관악구민 종합체육센터),4337,2627,1710,15,852,1276,966,653,575,7,368,802,610,388,452,8,484,474,356,265,123
20194,A,골목상권,3110892,관악구 중앙길,4005,1888,2117,12,627,825,985,859,697,7,212,389,474,444,362,5,415,436,511,415,335
20194,A,골목상권,3110866,난우중학교,1102,622,480,0,111,196,289,322,184,0,50,105,148,183,136,0,61,91,141,139,48
20194,A,골목상권,3110857,미성동주민센터,1238,578,660,17,154,236,276,322,233,13,73,114,121,124,133,4,81,122,155,198,100
20194,A,골목상권,3110875,보라매동주민센터(당곡고등학교),940,526,414,2,104,162,206,235,231,0,48,85,103,128,162,2,56,77,103,107,69
20194,A,골목상권,3110891,구암초등학교,1342,607,735,0,232,374,420,224,92,0,68,168,205,117,49,0,164,206,215,107,43
20194,A,골목상권,3110944,서울나래학교(염곡어린이공원),1156,798,358,10,148,272,221,240,265,8,109,212,164,151,154,2,39,60,57,89,111
20194,A,골목상권,3110942,염곡동 구룡사(포이동성당),13415,8394,5021,55,2287,3724,3222,2573,1554,26,1169,2292,2042,1698,1167,29,1118,1432,1180,875,387
20194,A,골목상권,3110920,방배역 2번(백석예술대학교),5016,3055,1961,91,1042,1259,931,793,900,26,459,731,622,507,710,65,583,528,309,286,190
20194,A,골목상권,3110910,내방역 5번,6436,3785,2651,20,1118,1455,1481,1224,1138,10,430,857,865,759,864,10,688,598,616,465,274
20194,A,골목상권,3110906,서문여고,11702,5247,6455,16,2248,2996,3566,2017,859,4,688,1244,1668,1074,569,12,1560,1752,1898,943,290
20194,A,골목상권,3110932,서울시인재개발원,4209,2306,1903,8,1038,1226,942,667,328,6,350,687,621,424,218,2,688,539,321,243,110
20194,A,골목상권,3110930,서초동성당,32660,17166,15494,63,6180,7719,7177,9753,1768,35,2030,3676,3572,6555,1298,28,4150,4043,3605,3198,470
20194,A,골목상권,3110931,삼성전자서울R&D(서울우면초등학교),211,106,105,0,53,63,49,28,18,0,20,37,22,17,10,0,33,26,27,11,8
20194,A,골목상권,3110938,바우뫼공원,4722,3197,1525,17,814,1339,1276,836,440,8,422,921,904,581,361,9,392,418,372,255,79
20194,A,골목상권,3110943,법제교육센터(버들어린이공원),5935,3672,2263,18,851,1433,1538,1193,902,10,470,907,945,696,644,8,381,526,593,497,258
20194,A,골목상권,3110994,개포고등학교,4345,2839,1506,57,867,1222,970,768,461,24,505,806,631,503,370,33,362,416,339,265,91
20194,A,골목상권,3110988,청담역 3번,14773,6151,8622,65,3286,4402,3877,2145,998,27,1018,1851,1536,1027,692,38,2268,2551,2341,1118,306
20194,A,골목상권,3111012,석촌역 6번,3563,1857,1706,6,341,717,926,795,778,4,123,380,473,406,471,2,218,337,453,389,307
20194,A,골목상권,3111043,마천공원,1725,1113,612,1,183,389,411,423,318,0,112,251,235,271,244,1,71,138,176,152,74
20194,A,골목상권,3111045,개미어린이공원,1629,952,677,8,240,270,383,466,262,2,144,178,243,239,146,6,96,92,140,227,116
20194,A,골목상권,3111047,마천1치안센터,1130,680,450,1,120,251,299,266,193,1,60,143,171,153,152,0,60,108,128,113,41
20194,A,골목상권,3111028,문현중학교(장지역 1번),2770,1677,1093,9,489,714,682,541,335,5,271,467,421,262,251,4,218,247,261,279,84
20194,A,골목상권,3111035,오금공원(오주중학교),2277,1464,813,2,256,487,582,635,315,1,148,328,395,374,218,1,108,159,187,261,97
20194,A,골목상권,3111053,성내천어린이공원(하니사랑길),13219,9342,3877,40,1620,2605,2692,3224,3038,16,990,1785,1878,2342,2331,24,630,820,814,882,707
20194,A,골목상권,3111087,고덕중학교(고덕2동주민센터),472,171,301,0,46,83,108,137,98,0,8,31,45,43,44,0,38,52,63,94,54
20194,A,골목상권,3111083,GS강동자이아파트,2192,1281,911,3,253,379,423,595,539,3,145,235,242,299,357,0,108,144,181,296,182
20194,A,골목상권,3111074,명일역 1번,1560,927,633,3,195,368,374,356,264,2,96,213,197,225,194,1,99,155,177,131,70
20194,A,골목상권,3111056,천호태영아파트,2371,1291,1080,1,166,256,372,396,1180,0,61,99,164,203,764,1,105,157,208,193,416
20194,A,골목상권,3111061,암사역 1번,3505,1543,1962,2,374,555,668,876,1030,1,150,309,306,294,483,1,224,246,362,582,547
20194,A,골목상권,3110036,동묘앞역 3번,1190,660,530,2,181,238,291,276,202,0,47,113,169,190,141,2,134,125,122,86,61
20194,A,골목상권,3110034,창신1동주민센터,1885,871,1014,8,319,394,521,412,231,7,104,157,206,228,169,1,215,237,315,184,62
20194,A,골목상권,3110028,이화달팽이길,3695,2004,1691,7,657,966,880,710,475,3,229,479,515,444,334,4,428,487,365,266,141
20194,A,골목상권,3110014,경복고등학교,1637,871,766,2,154,436,502,373,170,2,50,215,274,204,126,0,104,221,228,169,44
20194,A,골목상권,3110001,이북5도청사,3311,2335,976,10,598,774,665,978,286,6,331,504,493,810,191,4,267,270,172,168,95
20194,A,골목상권,3110286,한성대입구역 5번,4861,2170,2691,20,736,1306,1268,999,532,9,240,613,591,455,262,11,496,693,677,544,270
20194,A,골목상권,3110283,성북초등학교앞,2067,1295,772,12,288,580,641,380,166,8,150,391,427,218,101,4,138,189,214,162,65
20194,A,골목상권,3110039,회현역 1번,23622,11623,11999,133,4395,7509,7184,3821,580,38,1547,3599,3487,2668,284,95,2848,3910,3697,1153,296
20194,A,골목상권,3110285,홍대부중,2796,1807,989,11,479,748,779,536,243,6,237,471,486,420,187,5,242,277,293,116,56
20194,A,골목상권,3110053,청구역 1번,1887,973,914,1,292,413,473,444,264,0,94,203,258,251,167,1,198,210,215,193,97
20194,A,골목상권,3110040,중구회현체육센터(정화예술대남산캠퍼스),15872,7161,8711,64,2309,4970,5377,2758,394,8,703,2069,2118,2073,190,56,1606,2901,3259,685,204
20194,A,골목상권,3110069,숙대입구,5692,2925,2767,14,842,1738,1501,985,612,6,238,745,833,646,457,8,604,993,668,339,155
20194,A,골목상권,3110077,삼광초등학교,1617,1102,515,8,162,358,490,381,218,7,93,234,360,254,154,1,69,124,130,127,64
20194,A,골목상권,3110072,열정도,1822,1125,697,9,264,375,438,367,369,3,123,236,278,230,255,6,141,139,160,137,114
20194,A,골목상권,3110059,새남터성지,2836,1935,901,8,404,789,837,608,190,3,181,500,636,477,138,5,223,289,201,131,52
20194,A,골목상권,3110095,한강진역 3번,5622,3227,2395,35,1349,2001,1256,664,317,20,544,1116,858,496,193,15,805,885,398,168,124
20194,A,골목상권,3110097,한남초등학교,5721,3746,1975,12,1028,2374,1313,590,404,7,478,1484,985,454,338,5,550,890,328,136,66
20194,A,골목상권,3110106,금북초등학교,123,49,74,0,15,25,38,29,16,0,2,11,13,12,11,0,13,14,25,17,5
20194,A,골목상권,3110103,옥수터널,545,284,261,1,45,141,155,157,46,0,17,64,87,85,31,1,28,77,68,72,15
20194,A,골목상권,3110137,성수초등학교,14338,9448,4890,60,2205,3717,3817,2875,1664,46,1146,2457,2601,1900,1298,14,1059,1260,1216,975,366
20194,A,골목상권,3110138,송정체육공원,2546,1233,1313,1,395,634,646,528,342,0,147,319,328,219,220,1,248,315,318,309,122
20194,A,골목상권,3110150,중곡1동 마을마당,5687,2821,2866,84,1470,1113,1132,1310,578,30,642,611,577,542,419,54,828,502,555,768,159
20194,A,골목상권,3110175,푸른동산공원,7435,3844,3591,8,711,1236,1667,2238,1575,4,374,802,970,930,764,4,337,434,697,1308,811
20194,A,골목상권,3110177,동의초등학교,1191,614,577,1,140,224,315,322,189,0,46,118,168,160,122,1,94,106,147,162,67
20194,A,골목상권,3110146,신자초등학교,2819,2113,706,7,317,659,835,751,250,3,224,506,625,563,192,4,93,153,210,188,58
20194,A,골목상권,3110195,동대문구청,3806,1797,2009,5,412,804,896,1082,607,3,155,327,374,598,340,2,257,477,522,484,267
20194,A,골목상권,3110201,전농119안전센터,669,454,215,0,93,145,215,139,77,0,61,94,144,99,56,0,32,51,71,40,21
20194,A,골목상권,3110189,제기동역 1번,4287,2552,1735,8,675,1174,895,684,851,2,252,688,568,412,630,6,423,486,327,272,221
20194,A,골목상권,3110215,회기역 1번,2285,799,1486,3,612,739,515,282,134,1,114,254,199,124,107,2,498,485,316,158,27
20194,A,골목상권,3110224,외대앞역 2번,1271,746,525,3,119,240,371,332,206,1,48,142,229,232,94,2,71,98,142,100,112
20194,A,골목상권,3110214,경희대후문,3212,1375,1837,1,688,904,837,553,229,1,133,324,406,334,177,0,555,580,431,219,52
20194,A,골목상권,3110334,석관중앙교회,1188,720,468,0,136,249,282,330,191,0,69,127,145,232,147,0,67,122,137,98,44
20194,A,골목상권,3110232,동대부고,2450,1295,1155,3,270,438,601,702,436,1,110,219,302,355,308,2,160,219,299,347,128
20194,A,골목상권,3110190,고대앞사거리,2811,1514,1297,5,408,813,812,528,245,2,171,410,436,326,169,3,237,403,376,202,76
20194,A,골목상권,3110196,홍릉근린공원,813,501,312,1,63,163,273,228,85,1,32,79,174,139,76,0,31,84,99,89,9
20194,A,골목상권,3110312,안암역 2번,1646,844,802,1,199,449,557,333,107,0,70,193,307,200,74,1,129,256,250,133,33
20194,A,골목상권,3110222,회기역 2번,2106,1033,1073,1,371,448,535,549,202,0,86,231,303,298,115,1,285,217,232,251,87
20194,A,골목상권,3110273,장스여성병원,1451,933,518,9,121,171,256,458,436,1,29,69,134,320,380,8,92,102,122,138,56
20194,A,골목상권,3110260,면목역 3번,2350,1372,978,3,344,558,668,508,269,0,147,374,336,286,229,3,197,184,332,222,40
20194,A,골목상권,3110238,배꽃어린이공원,1298,1025,273,1,203,312,289,312,181,1,146,248,219,268,143,0,57,64,70,44,38
20194,A,골목상권,3110257,상봉역 7번,1447,1068,379,2,86,174,301,412,472,1,40,93,179,332,423,1,46,81,122,80,49
20194,A,골목상권,3110239,중랑역 2번,478,213,265,1,58,81,106,116,116,0,23,34,39,50,67,1,35,47,67,66,49
20194,A,골목상권,3110294,서경대학교,1909,1071,838,1,218,284,476,532,398,0,68,128,255,335,285,1,150,156,221,197,113
20194,A,골목상권,3110316,숭곡초등학교,3255,1971,1284,7,264,440,671,666,1207,6,113,208,325,382,937,1,151,232,346,284,270
20194,A,골목상권,3110303,성신여대입구역 1번,1418,675,743,8,188,301,315,361,245,3,62,134,147,190,139,5,126,167,168,171,106
20194,A,골목상권,3110293,삼선중학교,15384,8771,6613,60,2292,3733,4993,2745,1561,27,1049,2116,3024,1840,715,33,1243,1617,1969,905,846
20194,A,골목상권,3110305,보문역 5번,6037,4718,1319,11,742,2042,1228,1245,769,5,463,1703,1006,1012,529,6,279,339,222,233,240
20194,A,골목상권,3110331,돌곶이역 8번,1135,748,387,4,137,251,271,224,248,0,50,166,174,147,211,4,87,85,97,77,37
20194,A,골목상권,3110423,석계역 2번,1311,574,737,4,152,235,386,321,213,2,65,110,173,127,97,2,87,125,213,194,116
20194,A,골목상권,3110319,종암동주민센터,1893,933,960,3,270,388,460,529,243,1,103,217,229,277,106,2,167,171,231,252,137
20194,A,골목상권,3110322,장위1동주민센터,871,527,344,2,161,181,190,183,154,1,77,118,116,111,104,1,84,63,74,72,50
20194,A,골목상권,3110361,삼양사거리역 1번,993,499,494,2,47,112,177,256,399,1,14,50,90,149,195,1,33,62,87,107,204
20194,A,골목상권,3110364,미아역 8번,1531,881,650,2,169,302,433,416,209,1,79,160,252,251,138,1,90,142,181,165,71
20194,A,골목상권,3110360,수유초등학교,2034,877,1157,5,275,331,439,521,463,1,65,139,157,219,296,4,210,192,282,302,167
20194,A,골목상권,3110381,번동주공2단지,791,418,373,5,81,172,201,218,114,4,26,69,100,134,85,1,55,103,101,84,29
20194,A,골목상권,3110363,송천동주민센터,409,210,199,2,30,68,123,98,88,1,8,30,50,50,71,1,22,38,73,48,17
20194,A,골목상권,3110371,삼양입구사거리,930,529,401,1,86,197,218,253,175,1,33,94,108,159,134,0,53,103,110,94,41
20194,A,골목상권,3110374,송중초등학교,1719,817,902,7,155,286,471,442,358,6,44,101,191,221,254,1,111,185,280,221,104
20194,A,골목상권,3110357,가오리역 1번,2168,1460,708,1,94,117,339,588,1029,0,22,54,236,446,702,1,72,63,103,142,327
20194,A,골목상권,3110340,인수중학교,1210,779,431,6,158,254,272,328,192,6,80,172,168,192,161,0,78,82,104,136,31
20194,A,골목상권,3110341,북한산우이역 2번,566,439,127,0,22,43,96,273,132,0,5,15,59,245,115,0,17,28,37,28,17
20194,A,골목상권,3110390,방학초등학교,1597,753,844,3,167,399,387,400,241,2,55,196,185,170,145,1,112,203,202,230,96
20194,A,골목상권,3110408,가인초등학교,5003,3437,1566,5,529,1188,1209,961,1111,3,315,894,903,569,753,2,214,294,306,392,358
20194,A,골목상권,3110433,공릉역 2번,3355,1631,1724,8,286,413,725,1012,911,3,111,214,339,463,501,5,175,199,386,549,410
20194,A,골목상권,3110462,갈현건영아파트,1644,949,695,7,239,380,374,357,287,5,127,224,218,183,192,2,112,156,156,174,95
20194,A,골목상권,3110468,응암역 3번,3641,1667,1974,6,385,681,1020,975,574,1,133,299,452,447,335,5,252,382,568,528,239
20194,A,골목상권,3110478,응암1동주민센터,2441,1361,1080,5,214,382,537,597,706,3,104,189,272,292,501,2,110,193,265,305,205
20194,A,골목상권,3110481,불광역 7번,1180,586,594,2,144,250,312,287,185,2,57,126,153,135,113,0,87,124,159,152,72
20194,A,골목상권,3110443,수색역 1번,216,134,82,0,17,25,57,64,53,0,8,14,33,40,39,0,9,11,24,24,14
20194,A,골목상권,3110463,응암3동주민센터,974,399,575,1,102,172,257,281,161,0,35,51,90,125,98,1,67,121,167,156,63
20194,A,골목상권,3110459,응암역 2번,3086,1443,1643,3,303,575,877,817,511,0,113,267,388,352,323,3,190,308,489,465,188
20194,A,골목상권,3110495,북가좌2동주민센터,3425,1703,1722,7,515,851,808,729,515,3,154,458,454,363,271,4,361,393,354,366,244
20194,A,골목상권,3110507,명지대학교,3062,2160,902,30,511,879,694,667,281,27,328,632,494,452,227,3,183,247,200,215,54
20194,A,골목상권,3110584,아현역 4번,1154,595,559,2,327,402,209,121,93,1,129,232,107,64,62,1,198,170,102,57,31
20194,A,골목상권,3110528,서울여자간호대학교,7567,1522,6045,6,217,511,2006,3643,1184,1,75,158,342,456,490,5,142,353,1664,3187,694
20194,A,골목상권,3110556,절두산순교성지,1036,634,402,3,129,274,296,242,92,3,52,152,183,174,70,0,77,122,113,68,22
20194,A,골목상권,3110580,양원초등학교,498,212,286,1,65,95,130,125,82,0,16,34,56,63,43,1,49,61,74,62,39
20194,A,골목상권,3110545,마포구청역 1번,2002,1003,999,13,262,386,532,510,299,6,101,203,265,254,174,7,161,183,267,256,125
20194,A,골목상권,3110568,광흥창역 1번,1865,940,925,2,319,532,473,379,160,0,93,278,268,220,81,2,226,254,205,159,79
20194,A,골목상권,3110622,달마을공원,3703,2251,1452,3,469,828,1090,957,356,2,224,483,702,584,256,1,245,345,388,373,100
20194,A,골목상권,3110675,화곡4동주민센터,2797,1278,1519,5,643,758,578,544,269,4,133,328,273,318,222,1,510,430,305,226,47
20194,A,골목상권,3110672,백석중학교,3412,1929,1483,2,392,661,820,891,646,1,172,329,509,533,385,1,220,332,311,358,261
20194,A,골목상권,3110601,신월1동우편취급국,2705,1819,886,9,277,464,638,855,462,4,152,304,424,572,363,5,125,160,214,283,99
20194,A,골목상권,3110609,신정네거리역 2번,3128,2387,741,7,203,302,527,602,1487,2,96,167,286,425,1411,5,107,135,241,177,76
20194,A,골목상권,3110598,신월문화체육센터,3588,2130,1458,4,271,421,690,983,1219,3,154,260,389,589,735,1,117,161,301,394,484
20194,A,골목상권,3110655,발산역 5번,4161,1917,2244,5,419,692,805,852,1388,3,173,359,411,358,613,2,246,333,394,494,775
20194,A,골목상권,3110652,양천향교역 2번,5355,3360,1995,14,588,1103,1158,1394,1098,8,298,697,700,851,806,6,290,406,458,543,292
20194,A,골목상권,3110630,공항시장역 1번,3398,1986,1412,9,371,571,654,788,1005,3,149,321,407,512,594,6,222,250,247,276,411
20194,A,골목상권,3110660,등촌3동주민센터,10361,5421,4940,46,1465,2249,2361,2354,1886,16,655,1444,1390,1025,891,30,810,805,971,1329,995
20194,A,골목상권,3110645,우장산역 4번,6211,3689,2522,11,755,1459,1633,1576,777,7,408,941,907,852,574,4,347,518,726,724,203
20194,A,골목상권,3110640,방화역 1번,4330,2746,1584,7,432,979,1112,1131,669,5,222,521,675,783,540,2,210,458,437,348,129
20194,A,골목상권,3110695,개봉1동주민센터,2132,1220,912,8,180,491,579,523,351,7,99,290,309,285,230,1,81,201,270,238,121
20194,A,골목상권,3110692,큰굴다리,3257,2221,1036,5,464,656,827,912,393,4,364,453,539,571,290,1,100,203,288,341,103
20194,A,골목상권,3110714,구로4동주민센터,3993,2731,1262,7,467,935,917,1103,564,4,223,587,636,850,431,3,244,348,281,253,133
20194,A,골목상권,3110715,구로구민회관,4993,2481,2512,4,601,1291,1353,1189,555,2,225,636,658,644,316,2,376,655,695,545,239
20194,A,골목상권,3110708,화원어린이공원,1274,488,786,6,311,266,296,208,187,1,66,71,108,97,145,5,245,195,188,111,42
20194,A,골목상권,3110713,구로보건소,7675,4823,2852,13,1134,1919,2115,1590,904,6,626,1277,1358,961,595,7,508,642,757,629,309
20194,A,골목상권,3110718,한국SGI본부,6477,4079,2398,33,1087,1712,1798,1241,606,26,598,1087,1157,798,413,7,489,625,641,443,193
20194,A,골목상권,3110707,구로창업지원센터,5470,4040,1430,11,555,1651,1506,1116,631,9,302,1244,1178,827,480,2,253,407,328,289,151
20194,A,골목상권,3110727,독산역 1번 출입구,3120,2126,994,18,378,675,804,825,420,18,221,481,534,577,295,0,157,194,270,248,125
20194,A,골목상권,3110726,금천철쭉어린이공원(금하마을),1222,795,427,13,185,229,245,307,243,11,116,157,160,167,184,2,69,72,85,140,59
20194,A,골목상권,3110738,문성초등학교,2470,1462,1008,12,359,479,571,602,447,3,208,314,345,327,265,9,151,165,226,275,182
20194,A,골목상권,3110744,독산동성당,2100,1247,853,1,190,325,415,592,577,0,116,185,232,327,387,1,74,140,183,265,190
20194,A,골목상권,3110754,삼성산자연공원(서울금천초등학교),1854,1031,823,19,228,370,484,441,312,12,101,240,284,208,186,7,127,130,200,233,126
20194,A,골목상권,3110734,금천파출소,1807,760,1047,8,475,533,360,289,142,3,200,263,141,92,61,5,275,270,219,197,81
20194,A,골목상권,3110747,석수역 1번 출입구,1082,802,280,4,73,141,239,286,339,4,48,101,156,202,291,0,25,40,83,84,48
20194,A,골목상권,3110819,신대방역 4번,5159,3199,1960,20,841,1350,1310,962,676,14,426,897,852,558,452,6,415,453,458,404,224
20194,A,골목상권,3110781,대림한신아파트,2145,1183,962,3,313,387,472,543,427,0,106,213,256,304,304,3,207,174,216,239,123
20194,A,골목상권,3110776,도신초등학교,4342,3047,1295,14,543,1061,1275,922,527,5,283,767,959,627,406,9,260,294,316,295,121
20194,A,골목상권,3110798,신풍역 2번,1786,1078,708,7,160,456,560,380,223,6,95,279,287,241,170,1,65,177,273,139,53
20194,A,골목상권,3110792,영등포역 2번,4524,2496,2028,35,680,1023,1028,1131,627,16,283,485,583,698,431,19,397,538,445,433,196
20194,A,골목상권,3110756,문래중학교,1572,1015,557,2,185,356,383,362,284,0,97,271,248,213,186,2,88,85,135,149,98
20194,A,골목상권,3110801,신풍역 6번(신길6동공영주차장),245,84,161,1,32,37,52,64,59,0,1,12,15,24,32,1,31,25,37,40,27
20194,A,골목상권,3110812,신길6동주민센터,2401,1555,846,4,382,558,565,498,394,3,189,346,367,345,305,1,193,212,198,153,89
20194,A,골목상권,3110811,보라매역 4번,1485,937,548,4,212,413,375,284,197,3,100,268,233,183,150,1,112,145,142,101,47
20194,A,골목상권,3110820,성남고등학교,4803,3512,1291,4,807,999,907,1587,499,3,498,725,655,1252,379,1,309,274,252,335,120
20194,A,골목상권,3110800,영등포동성당,4742,2638,2104,14,1219,1149,1000,824,536,6,385,590,637,579,441,8,834,559,363,245,95
20194,A,골목상권,3110806,서울시립영등포장애인복지관,2220,1555,665,16,339,498,524,501,342,8,181,328,388,376,274,8,158,170,136,125,68
20194,A,골목상권,3110839,숭실대입구역 4번,3303,2046,1257,2,371,954,1107,622,247,1,177,536,682,434,216,1,194,418,425,188,31
20194,A,골목상권,3110833,상도역 2번,1336,685,651,6,207,356,332,277,158,2,88,215,184,115,81,4,119,141,148,162,77
20194,A,골목상권,3110876,서원동주민센터(신관중학교),1010,458,552,0,95,206,235,294,180,0,31,95,124,113,95,0,64,111,111,181,85
20194,A,골목상권,3110889,봉천역 6번,1263,796,467,1,114,181,251,361,355,0,57,94,152,270,223,1,57,87,99,91,132
20194,A,골목상권,3110901,인헌고등학교(인헌중학교),1830,934,896,7,276,482,543,370,152,4,127,251,267,170,115,3,149,231,276,200,37
20194,A,골목상권,3110919,내방역 8번,17656,12077,5579,47,2980,5187,5004,3205,1233,19,1390,3288,3826,2627,927,28,1590,1899,1178,578,306
20194,A,골목상권,3110908,구반포역,8972,4814,4158,21,1548,2263,2440,2159,541,21,607,1187,1452,1153,394,0,941,1076,988,1006,147
20194,A,골목상권,3110916,내방역 4번,9127,6122,3005,73,1885,2725,2144,1385,915,60,1124,1946,1492,851,649,13,761,779,652,534,266
20194,A,골목상권,3110914,내방역 6번,6099,3888,2211,13,1069,1570,1366,1162,919,9,527,958,903,780,711,4,542,612,463,382,208
20194,A,골목상권,3110981,국악고교사거리,4814,3009,1805,11,674,1061,1231,1002,835,3,342,675,767,584,638,8,332,386,464,418,197
20194,A,골목상권,3110952,논현목련공원,6619,4360,2259,19,1063,1760,1774,1271,732,13,616,1186,1215,839,491,6,447,574,559,432,241
20194,A,골목상권,3110953,학동근린공원,21063,12969,8094,82,5828,6708,4428,2577,1440,26,2619,4180,3209,1850,1085,56,3209,2528,1219,727,355
20194,A,골목상권,3110968,강남구청역 2번,13705,8449,5256,49,2620,3694,3410,2525,1407,16,1163,2112,2388,1751,1019,33,1457,1582,1022,774,388
20194,A,골목상권,3110966,논현2동주민센터,18787,11747,7040,55,3807,5812,4775,2774,1564,16,1620,3352,3408,2154,1197,39,2187,2460,1367,620,367
20194,A,골목상권,3110973,강남구청역 4번,10030,5790,4240,39,1911,2711,2341,1849,1179,16,845,1639,1467,1073,750,23,1066,1072,874,776,429
20194,A,골목상권,3110996,대치2동주민센터,35867,16914,18953,262,6657,8765,8045,7435,4703,105,3082,5222,4330,2505,1670,157,3575,3543,3715,4930,3033
20194,A,골목상권,3110982,강남구보훈회관,4003,2221,1782,8,984,1036,920,571,484,5,350,614,590,298,364,3,634,422,330,273,120
20194,A,골목상권,3111002,한국교통안전공단 강남자동차검사소,409,194,215,0,27,74,87,129,92,0,8,39,41,58,48,0,19,35,46,71,44
20194,A,골목상권,3110987,영동대교남단,6140,4147,1993,37,1147,1773,1594,1067,522,17,553,1233,1221,750,373,20,594,540,373,317,149
20194,A,골목상권,3111022,석촌중학교(방이육교),7523,4484,3039,23,1128,1955,1970,1642,805,9,549,1248,1293,845,540,14,579,707,677,797,265
20194,A,골목상권,3111041,거여역 8번,2127,1468,659,8,544,521,474,308,272,6,288,381,370,220,203,2,256,140,104,88,69
20194,A,골목상권,3111031,장지동주민센터(한림연예예술고교),34991,27580,7411,16,3048,6307,10062,13354,2204,7,1885,4657,7895,11621,1515,9,1163,1650,2167,1733,689
20194,A,골목상권,3111014,송파나루역 2번,9836,5551,4285,11,1370,2414,2283,2319,1439,5,597,1499,1467,1202,781,6,773,915,816,1117,658
20194,A,골목상권,3111073,둔촌동역 1번(한산중학교),3288,1796,1492,11,429,739,851,706,552,8,165,384,502,371,366,3,264,355,349,335,186
20194,A,골목상권,3110004,대신고등학교,402,232,170,6,56,96,96,104,44,5,32,54,54,53,34,1,24,42,42,51,10
20194,A,골목상권,3111072,굽은다리역 1번(십자성마을),2946,1789,1157,8,298,573,759,699,609,3,146,346,440,433,421,5,152,227,319,266,188
20194,A,골목상권,3111084,길동신동아아파트,1097,568,529,2,102,184,201,327,281,2,56,104,100,149,157,0,46,80,101,178,124
20194,A,골목상권,3110017,정독도서관,4793,3571,1222,1,747,1261,1255,1054,475,1,404,870,1019,890,387,0,343,391,236,164,88
20194,A,골목상권,3110002,독립문역 1번,616,177,439,7,166,170,151,84,38,6,34,34,51,28,24,1,132,136,100,56,14
20194,A,골목상권,3110031,창신역 1번,499,243,256,2,65,123,115,127,67,0,17,56,56,68,46,2,48,67,59,59,21
20194,A,골목상권,3110181,신설동역 9번,11325,6319,5006,32,1034,2438,3253,2841,1727,17,532,1500,1747,1415,1108,15,502,938,1506,1426,619
20194,A,골목상권,3110025,충신시장옆,2953,1750,1203,6,522,768,705,591,361,1,198,408,447,419,277,5,324,360,258,172,84
20194,A,골목상권,3110291,한성대입구역 3번,2792,1638,1154,3,210,450,857,801,471,1,83,257,522,485,290,2,127,193,335,316,181
20194,A,골목상권,3110026,종로5가역 4번,1316,680,636,4,165,282,370,283,212,1,63,132,176,155,153,3,102,150,194,128,59
20194,A,골목상권,3110016,평창동동측,12725,5785,6940,17,1035,3438,5042,2657,536,8,355,1373,2545,1209,295,9,680,2065,2497,1448,241
20194,A,골목상권,3110020,서울국제고등학교,2158,1200,958,4,389,630,516,385,234,3,162,347,310,219,159,1,227,283,206,166,75
20194,A,골목상권,3110048,장충동주민센터,10743,5949,4794,32,1907,2975,2905,2265,659,5,684,1762,1731,1314,453,27,1223,1213,1174,951,206
20194,A,골목상권,3110046,버티고개,2463,1750,713,3,241,901,673,506,139,0,143,678,502,330,97,3,98,223,171,176,42
20194,A,골목상권,3110047,다산성곽길,5084,2935,2149,11,1086,1445,1154,887,501,3,410,865,765,531,361,8,676,580,389,356,140
20194,A,골목상권,3110539,미근동,12732,7479,5253,42,2010,4180,3436,2242,822,19,832,2371,2093,1519,645,23,1178,1809,1343,723,177
20194,A,골목상권,3110110,상왕십리역 6번,2405,1457,948,12,383,537,534,531,408,3,127,319,375,375,258,9,256,218,159,156,150
20194,A,골목상권,3110066,서울역 15번,4167,2123,2044,9,838,1274,877,641,528,4,288,582,482,374,393,5,550,692,395,267,135
20194,A,골목상권,3110591,충정로역 6번,3780,2155,1625,0,729,1051,1004,652,344,0,358,619,586,387,205,0,371,432,418,265,139
20194,A,골목상권,3110086,이태원역 북측,13166,6107,7059,36,4072,5077,2603,1007,371,14,1114,2293,1610,799,277,22,2958,2784,993,208,94
20194,A,골목상권,3110085,경리단길남측,12274,5390,6884,26,3823,4925,2402,861,237,12,993,2133,1397,675,180,14,2830,2792,1005,186,57
20194,A,골목상권,3110105,금동어린이공원,2664,1110,1554,16,327,830,1025,337,129,1,110,292,450,175,82,15,217,538,575,162,47
20194,A,골목상권,3110116,청계천박물관,6537,4739,1798,43,541,1177,1527,2151,1098,31,326,844,1178,1561,799,12,215,333,349,590,299
20194,A,골목상권,3110128,성원중학교,3542,2310,1232,18,454,892,940,801,437,8,266,660,634,494,248,10,188,232,306,307,189
20194,A,골목상권,3110120,서울숲카페거리,835,506,329,0,85,162,225,202,161,0,41,83,109,130,143,0,44,79,116,72,18
20194,A,골목상권,3110124,뚝섬역교차로,2595,1874,721,12,366,472,586,575,584,10,183,303,387,461,530,2,183,169,199,114,54
20194,A,골목상권,3110129,성원어린이공원,3599,2300,1299,18,579,846,820,729,607,14,311,541,561,470,403,4,268,305,259,259,204
20194,A,골목상권,3110132,성수2가3동주민센터,3491,2130,1361,9,415,835,861,811,560,8,209,510,554,495,354,1,206,325,307,316,206
20194,A,골목상권,3110223,군자초등학교,3357,2271,1086,35,621,967,788,549,397,8,327,680,552,382,322,27,294,287,236,167,75
20194,A,골목상권,3110111,대현산장미원,74,52,22,0,7,13,12,21,21,0,6,5,6,16,19,0,1,8,6,5,2
20194,A,골목상권,3110166,구의1동주민센터,13530,10491,3039,13,880,2121,3757,5357,1402,11,448,1352,2902,4600,1178,2,432,769,855,757,224
20194,A,골목상권,3110160,광진경찰서,1622,1121,501,1,270,514,389,345,103,1,174,364,263,239,80,0,96,150,126,106,23
20194,A,골목상권,3110164,아차산역 5번,2452,1482,970,7,311,484,595,582,473,2,153,274,370,328,355,5,158,210,225,254,118
20194,A,골목상권,3110145,장안초등학교,626,318,308,0,48,90,132,215,141,0,20,45,59,100,94,0,28,45,73,115,47
20194,A,골목상권,3110158,중곡3동주민센터,1689,1085,604,3,201,401,431,405,248,0,113,280,259,259,174,3,88,121,172,146,74
20194,A,골목상권,3110253,중곡초등학교,1551,1093,458,2,104,216,386,589,254,1,47,124,250,474,197,1,57,92,136,115,57
20194,A,골목상권,3110227,답십리공원,3666,2141,1525,43,1527,620,564,543,369,25,873,404,327,274,238,18,654,216,237,269,131
20194,A,골목상권,3110192,동의보감타워,1689,798,891,2,156,273,358,433,467,0,54,114,189,200,241,2,102,159,169,233,226
20194,A,골목상권,3110182,용두희망어린이공원,6164,2634,3530,4,747,1233,1297,1729,1154,0,240,665,668,567,494,4,507,568,629,1162,660
20194,A,골목상권,3110208,시조사삼거리,1810,1056,754,3,255,573,311,351,317,2,120,403,184,193,154,1,135,170,127,158,163
20194,A,골목상권,3110191,고려대역 6번,817,524,293,1,45,155,267,206,143,1,24,76,163,146,114,0,21,79,104,60,29
20194,A,골목상권,3110193,고려대역 4번,827,531,296,1,49,167,287,216,107,1,25,93,176,149,87,0,24,74,111,67,20
20194,A,골목상권,3110274,서일대학교,1874,1209,665,2,153,270,455,529,465,1,54,150,285,380,339,1,99,120,170,149,126
20194,A,골목상권,3110270,혜원여고,1057,631,426,0,86,153,246,300,272,0,32,87,130,187,195,0,54,66,116,113,77
20194,A,골목상권,3110277,러스크서울병원,1417,798,619,5,161,220,285,429,317,1,56,69,143,266,263,4,105,151,142,163,54
20194,A,골목상권,3110249,중화역 1번,2900,1839,1061,1,380,672,715,696,436,1,208,379,410,482,359,0,172,293,305,214,77
20194,A,골목상권,3110250,화랑대역 7번,1016,501,515,5,84,215,300,277,135,1,28,102,135,142,93,4,56,113,165,135,42
20194,A,골목상권,3110235,세화어린이공원,352,192,160,6,86,56,94,66,44,5,50,30,41,35,31,1,36,26,53,31,13
20194,A,골목상권,3110306,미아초등학교,5040,2548,2492,418,2027,1281,681,387,246,176,903,701,375,192,201,242,1124,580,306,195,45
20194,A,골목상권,3110304,보문역 4번,3586,1900,1686,4,465,1014,939,889,275,3,200,485,478,545,189,1,265,529,461,344,86
20194,A,골목상권,3110336,석관고등학교,933,606,327,1,108,181,209,262,172,0,57,97,124,192,136,1,51,84,85,70,36
20194,A,골목상권,3110327,상월곡역 2번,1727,1049,678,4,291,422,476,347,187,1,146,269,289,200,144,3,145,153,187,147,43
20194,A,골목상권,3110330,돌곶이역 1번,785,481,304,1,83,124,161,170,246,0,26,63,88,101,203,1,57,61,73,69,43
20194,A,골목상권,3110335,석계역 7번,2390,1663,727,2,154,218,357,467,1192,0,68,110,204,330,951,2,86,108,153,137,241
20194,A,골목상권,3110332,돌곶이역 3번,2136,1489,647,1,156,186,243,364,1186,0,59,94,136,223,977,1,97,92,107,141,209
20194,A,골목상권,3110389,한일병원,2913,1480,1433,1,556,681,702,645,328,1,161,333,390,368,227,0,395,348,312,277,101
20194,A,골목상권,3110347,구세군강북종합사회복지관,229,109,120,0,29,43,60,41,56,0,5,15,30,21,38,0,24,28,30,20,18
20194,A,골목상권,3110344,화계중학교,765,403,362,0,70,135,208,278,74,0,39,56,106,139,63,0,31,79,102,139,11
20194,A,골목상권,3110353,수유동우체국,2195,1467,728,0,76,117,357,593,1052,0,17,56,240,437,717,0,59,61,117,156,335
20194,A,골목상권,3110387,쌍문초등학교,1023,569,454,0,115,155,279,298,176,0,47,78,125,166,153,0,68,77,154,132,23
20194,A,골목상권,3110337,아카데미하우스,1220,817,403,6,149,254,287,330,194,6,70,184,184,207,166,0,79,70,103,123,28
20194,A,골목상권,3110397,도봉산입구,1081,690,391,0,65,132,223,329,332,0,17,63,112,226,272,0,48,69,111,103,60
20194,A,골목상권,3110406,도봉산역 1번,1282,894,388,0,35,92,248,427,480,0,12,56,183,328,315,0,23,36,65,99,165
20194,A,골목상권,3110415,수락산역 4번,3127,1795,1332,19,436,611,756,776,529,16,238,366,437,450,288,3,198,245,319,326,241
20194,A,골목상권,3110435,서울과학기술대,486,320,166,0,28,85,109,148,116,0,14,37,61,104,104,0,14,48,48,44,12
20194,A,골목상권,3110436,상계제일중학교,1604,823,781,12,185,351,391,391,274,7,70,171,207,186,182,5,115,180,184,205,92
20194,A,골목상권,3110432,대진고등학교,2273,1419,854,3,199,364,570,753,384,2,72,175,325,556,289,1,127,189,245,197,95
20194,A,골목상권,3110483,연천초등학교,1888,990,898,2,87,158,205,289,1147,1,35,83,95,136,640,1,52,75,110,153,507
20194,A,골목상권,3110491,불광중학교,467,194,273,1,38,82,132,139,75,1,13,39,53,48,40,0,25,43,79,91,35
20194,A,골목상권,3110494,증산3교남측,1503,1100,403,0,61,162,176,249,855,0,27,76,66,146,785,0,34,86,110,103,70
20194,A,골목상권,3110452,새절역 3번,1150,767,383,3,83,169,269,341,285,3,52,85,159,216,252,0,31,84,110,125,33
20194,A,골목상권,3110469,응암정보도서관,2593,1307,1286,1,277,517,711,671,416,0,105,249,330,338,285,1,172,268,381,333,131
20194,A,골목상권,3110471,응암동우체국,1068,455,613,2,131,198,295,296,146,1,38,64,109,149,94,1,93,134,186,147,52
20194,A,골목상권,3110497,가좌역 3번,3639,2210,1429,4,227,430,591,916,1471,2,157,288,394,494,875,2,70,142,197,422,596
20194,A,골목상권,3110501,연희어린이공원,1435,806,629,9,204,340,341,335,206,8,95,227,185,158,133,1,109,113,156,177,73
20194,A,골목상권,3110500,남가좌동현대아파트,219,118,101,0,28,30,52,77,32,0,13,18,25,47,15,0,15,12,27,30,17
20194,A,골목상권,3110530,아현역 1번,1285,656,629,2,341,431,249,154,108,1,130,243,133,83,66,1,211,188,116,71,42
20194,A,골목상권,3110509,연희대우아파트앞,3108,1452,1656,10,588,768,762,647,333,7,195,340,413,291,206,3,393,428,349,356,127
20194,A,골목상권,3110564,홍대입구역 3번,3719,2005,1714,13,669,919,827,753,538,9,248,448,456,453,391,4,421,471,371,300,147
20194,A,골목상권,3110524,연희세브란스병원,103,61,42,0,12,14,21,21,35,0,6,7,10,13,25,0,6,7,11,8,10
20194,A,골목상권,3110519,서대문구보건소별관,1507,688,819,1,235,290,399,374,208,1,79,135,203,162,108,0,156,155,196,212,100
20194,A,골목상권,3110576,대흥역 3번,5382,3414,1968,79,939,1223,1169,1147,825,29,466,793,820,754,552,50,473,430,349,393,273
20194,A,골목상권,3110573,신촌역 6번,3658,1638,2020,59,1952,841,356,296,154,19,740,412,168,189,110,40,1212,429,188,107,44
20194,A,골목상권,3110563,상수역 3번,1775,1091,684,20,394,537,380,269,175,14,185,322,259,186,125,6,209,215,121,83,50
20194,A,골목상권,3110621,목동역 5번,6561,3403,3158,13,1373,1658,1558,1218,741,7,459,886,925,658,468,6,914,772,633,560,273
20194,A,골목상권,3110604,신월4동주민센터,2562,1829,733,1,147,307,531,813,763,1,63,163,324,591,687,0,84,144,207,222,76
20194,A,골목상권,3110592,서울금융고등학교,1418,826,592,0,159,268,306,388,297,0,60,114,154,262,236,0,99,154,152,126,61
20194,A,골목상권,3110595,메디힐병원,2673,1506,1167,2,265,534,570,717,585,1,120,277,304,429,375,1,145,257,266,288,210
20194,A,골목상권,3110603,지향초등학교,1491,835,656,3,116,242,379,451,300,0,47,129,201,246,212,3,69,113,178,205,88
20194,A,골목상권,3110625,신정2동주민센터,16198,9820,6378,112,2886,5330,4076,2804,990,78,1380,3276,2623,1819,644,34,1506,2054,1453,985,346
20194,A,골목상권,3110694,세곡초등학교,1785,1047,738,2,177,395,445,464,302,0,103,223,225,258,238,2,74,172,220,206,64
20194,A,골목상권,3110614,목동로데오거리,2417,1098,1319,3,334,528,600,608,344,2,114,230,276,284,192,1,220,298,324,324,152
20194,A,골목상권,3110667,가양역 10번,1800,935,865,11,274,339,420,410,346,3,109,178,245,204,196,8,165,161,175,206,150
20194,A,골목상권,3110643,강서구다솔마을,965,598,367,1,130,245,288,220,81,0,61,147,186,143,61,1,69,98,102,77,20
20194,A,골목상권,3110639,신방화역 8번,2731,1181,1550,7,220,288,413,883,920,4,100,169,211,292,405,3,120,119,202,591,515
20194,A,골목상권,3110663,우장산롯데캐슬아파트앞,5359,3199,2160,30,999,1445,1422,975,488,6,423,940,917,567,346,24,576,505,505,408,142
20194,A,골목상권,3110641,공항고등학교,1128,713,415,5,140,196,275,310,202,4,68,126,151,195,169,1,72,70,124,115,33
20194,A,골목상권,3110633,개화산역 1번,1889,1400,489,5,147,329,613,532,263,3,96,226,475,385,215,2,51,103,138,147,48
20194,A,골목상권,3110642,정곡초등학교,685,546,139,4,37,93,162,180,209,3,26,69,120,144,184,1,11,24,42,36,25
20194,A,골목상권,3110678,염창무학아파트,1394,954,440,1,153,288,345,353,254,1,67,196,230,253,207,0,86,92,115,100,47
20194,A,골목상권,3110653,화곡역 2번,3217,1604,1613,4,830,737,647,610,389,2,234,386,349,374,259,2,596,351,298,236,130
20194,A,골목상권,3110664,강서구청옆,5115,3052,2063,3,737,1589,1285,1162,339,2,325,916,765,801,243,1,412,673,520,361,96
20194,A,골목상권,3110661,강서새말어린이공원,5000,2990,2010,3,614,1412,1299,1279,393,1,264,757,773,902,293,2,350,655,526,377,100
20194,A,골목상권,3110710,남구로역 3번,11294,7278,4016,42,2025,3289,2861,1783,1294,27,997,2122,1963,1237,932,15,1028,1167,898,546,362
20194,A,골목상권,3110683,오류고등학교,947,549,398,2,104,203,251,259,128,0,46,117,149,161,76,2,58,86,102,98,52
20194,A,골목상권,3110687,"천왕역 3번(오류2동주민센터, 서울오류남초등학교)",611,327,284,2,64,145,181,164,55,0,25,67,94,101,40,2,39,78,87,63,15
20194,A,골목상권,3110740,금천해태공원,2272,1221,1051,12,314,449,585,607,305,12,140,242,307,289,231,0,174,207,278,318,74
20194,A,골목상권,3110733,금천어울림복지센터,1394,848,546,6,220,294,309,352,213,6,95,175,196,198,178,0,125,119,113,154,35
20194,A,골목상권,3110739,시흥3동 우편취급국,6057,3396,2661,12,415,798,1378,1593,1861,3,218,521,767,793,1094,9,197,277,611,800,767
20194,A,골목상권,3110794,영동초등학교,6731,4384,2347,7,908,1678,1868,1488,782,4,484,1187,1296,880,533,3,424,491,572,608,249
20194,A,골목상권,3110796,한림대학교한강성심병원,4703,2546,2157,8,1205,1185,1032,730,543,0,356,602,664,496,428,8,849,583,368,234,115
20194,A,골목상권,3110773,당산역 13번,2296,1625,671,5,321,455,469,433,613,2,200,319,306,314,484,3,121,136,163,119,129
20194,A,골목상권,3110775,대동초등학교,2205,1172,1033,3,265,305,440,491,701,2,87,154,225,267,437,1,178,151,215,224,264
20194,A,골목상권,3110802,신길동홍어거리,1688,958,730,2,163,356,336,340,491,0,66,161,165,198,368,2,97,195,171,142,123
20194,A,골목상권,3110814,서울지방병무청,7231,4542,2689,9,1277,1559,1449,2091,846,3,648,1005,888,1436,562,6,629,554,561,655,284
20194,A,골목상권,3110791,신풍역 3번,962,409,553,2,107,204,340,219,90,1,55,84,106,98,65,1,52,120,234,121,25
20194,A,골목상권,3110826,장승배기역 4번,1539,717,822,2,208,317,383,327,302,1,88,174,163,145,146,1,120,143,220,182,156
20194,A,골목상권,3110846,남성역 1번,3023,1643,1380,6,279,488,722,688,840,4,110,241,329,370,589,2,169,247,393,318,251
20194,A,골목상권,3110849,이수역 10번,2020,917,1103,9,243,385,555,503,325,3,74,176,237,222,205,6,169,209,318,281,120
20194,A,골목상권,3110904,이수역 5번,7580,3075,4505,27,1481,1942,1814,1328,988,11,481,754,719,541,569,16,1000,1188,1095,787,419
20194,A,골목상권,3110845,사당종합체육관,2216,1328,888,1,343,604,608,487,173,0,142,347,418,296,125,1,201,257,190,191,48
20194,A,골목상권,3110838,상도1동주민센터앞,470,279,191,0,38,134,125,108,65,0,24,64,76,59,56,0,14,70,49,49,9
20194,A,골목상권,3110842,흑리단길,333,124,209,1,42,51,91,88,60,0,9,16,31,31,37,1,33,35,60,57,23
20194,A,골목상권,3110895,샤로수길,9100,5774,3326,22,1457,2643,2011,1949,1018,12,741,1663,1249,1320,789,10,716,980,762,629,229
20194,A,골목상권,3110862,난곡초등학교(난곡동벽화마을),751,369,382,4,90,142,198,179,138,2,33,61,89,89,95,2,57,81,109,90,43
20194,A,골목상권,3110881,구립대학경로당(관악산샘말공원),3491,2506,985,7,487,876,989,802,330,2,285,574,762,628,255,5,202,302,227,174,75
20194,A,골목상권,3110868,남부초등학교,1203,669,534,1,119,222,307,292,262,1,58,121,153,170,166,0,61,101,154,122,96
20194,A,골목상권,3110884,봉천역 4번(봉천110안전센터),2449,1248,1201,5,344,475,517,594,514,2,117,236,287,288,318,3,227,239,230,306,196
20194,A,골목상권,3110945,본마을노인복지센터(서초구립내곡도서관),282,173,109,3,60,68,60,61,30,3,24,39,39,44,24,0,36,29,21,17,6
20194,A,골목상권,3110923,방배역 1번,7685,4925,2760,99,1271,2216,1992,1225,882,30,656,1274,1396,874,695,69,615,942,596,351,187
20194,A,골목상권,3110911,방배배수지체육공원,5174,3320,1854,19,999,1738,1199,574,645,7,472,1151,868,368,454,12,527,587,331,206,191
20194,A,골목상권,3110925,서초중학교,7154,4224,2930,46,1556,2069,1769,1060,654,22,621,1233,1169,687,492,24,935,836,600,373,162
20194,A,골목상권,3110939,양재역 8번(양재동우체국),41563,20436,21127,491,8989,10005,11680,7308,3090,234,4386,5999,4772,2772,2273,257,4603,4006,6908,4536,817
20194,A,골목상권,3110957,언북중학교,19599,10831,8768,50,4379,6251,4791,2651,1477,12,1584,3303,3059,1807,1066,38,2795,2948,1732,844,411
20194,A,골목상권,3110965,언주역 6번,9740,5517,4223,23,2101,3089,2326,1335,866,8,808,1801,1548,764,588,15,1293,1288,778,571,278
20194,A,골목상권,3110989,대치동아우편취급국,11455,6945,4510,30,1728,2699,2466,2216,2316,10,807,1670,1718,1423,1317,20,921,1029,748,793,999
20194,A,골목상권,3110976,언북초등학교,7421,3945,3476,22,1768,2422,1579,974,656,5,662,1328,981,573,396,17,1106,1094,598,401,260
20194,A,골목상권,3110244,중화역 4번,2138,1412,726,2,328,556,501,482,269,2,197,350,310,346,207,0,131,206,191,136,62
20194,A,골목상권,3111013,송파나루역 1번(송리단길),13204,8353,4851,24,2104,4019,3310,2243,1504,8,1026,2562,2230,1466,1061,16,1078,1457,1080,777,443
20194,A,골목상권,3111009,송파책박물관,1894,1412,482,3,218,363,367,454,489,1,177,296,267,293,378,2,41,67,100,161,111
20194,A,골목상권,3111036,투구봉어린이공원,2144,1386,758,11,342,562,503,501,225,9,231,389,324,276,157,2,111,173,179,225,68
20194,A,골목상권,3111039,벌말어린이공원,2919,1879,1040,10,337,724,752,674,422,9,200,492,489,409,280,1,137,232,263,265,142
20194,A,골목상권,3111063,강동구립 천호도서관,2780,1638,1142,5,183,340,451,548,1253,5,84,173,243,277,856,0,99,167,208,271,397
20194,A,골목상권,3111075,굽은다리역 2번,2417,1284,1133,3,301,474,580,612,447,1,128,269,277,326,283,2,173,205,303,286,164
20194,A,골목상권,3111058,성내중학교,2021,1203,818,3,223,404,536,552,303,1,135,242,295,323,207,2,88,162,241,229,96
20194,A,골목상권,3111055,선사초등학교,1504,437,1067,1,125,210,322,498,348,0,66,114,117,64,76,1,59,96,205,434,272
20194,A,골목상권,3110535,영천시장입구,1407,635,772,2,148,229,338,457,233,2,47,91,151,210,134,0,101,138,187,247,99
20194,A,골목상권,3110009,자하문터널,2236,1348,888,1,463,684,579,375,134,1,207,424,359,259,98,0,256,260,220,116,36
20194,A,골목상권,3110033,창신역 4번,852,441,411,1,111,175,201,230,134,0,33,87,107,143,71,1,78,88,94,87,63
20194,A,골목상권,3110023,서울대병원,2374,1256,1118,7,511,735,518,390,213,2,179,349,299,269,158,5,332,386,219,121,55
20194,A,골목상권,3110022,경신고등학교,5909,2689,3220,26,974,1661,1479,1083,686,19,336,787,696,497,354,7,638,874,783,586,332
20194,A,골목상권,3110280,북정마을,1209,815,394,9,195,326,356,231,92,2,107,241,255,149,61,7,88,85,101,82,31
20194,A,골목상권,3110044,관성묘,34192,15760,18432,442,11564,8837,6437,4830,2082,190,5585,5080,3417,1066,422,252,5979,3757,3020,3764,1660
20194,A,골목상권,3110590,만리재,1137,499,638,0,203,311,256,242,125,0,72,138,121,98,70,0,131,173,135,144,55
20194,A,골목상권,3110538,충정로역 3번,6660,3985,2675,3,1234,1988,1797,1041,597,2,614,1164,1117,687,401,1,620,824,680,354,196
20194,A,골목상권,3110074,서울역 12번,26467,15378,11089,166,9386,8469,5337,2396,713,16,2581,5612,4442,2143,584,150,6805,2857,895,253,129
20194,A,골목상권,3110079,후암동주민센터,23635,17320,6315,25,4338,8442,6036,3464,1330,14,2507,5969,5038,2823,969,11,1831,2473,998,641,361
20194,A,골목상권,3110084,경리단길북측,1137,629,508,2,162,321,292,215,145,0,72,172,152,124,109,2,90,149,140,91,36
20194,A,골목상권,3110081,해방촌 남동측,1004,549,455,0,167,274,244,214,105,0,70,167,133,107,72,0,97,107,111,107,33
20194,A,골목상권,3110071,한강미주맨션아파트,7694,4336,3358,39,937,1689,2729,1822,478,30,410,993,1467,1121,315,9,527,696,1262,701,163
20194,A,골목상권,3110070,용산세무서,4544,2531,2013,7,511,842,1763,1106,315,0,317,511,830,654,219,7,194,331,933,452,96
20194,A,골목상권,3110062,한강로동땡땡거리(은행나무길),6939,4293,2646,11,881,2017,1923,1394,713,7,381,1078,1310,1036,481,4,500,939,613,358,232
20194,A,골목상권,3110101,옥정중학교,7875,6553,1322,8,667,2533,2557,1899,211,4,336,1961,2280,1793,179,4,331,572,277,106,32
20194,A,골목상권,3110102,옥수역 6번,3841,1318,2523,3,1030,1177,844,551,236,0,231,368,353,245,121,3,799,809,491,306,115
20194,A,골목상권,3110142,화양사거리,2804,1663,1141,4,514,723,673,527,363,1,251,457,441,258,255,3,263,266,232,269,108
20194,A,골목상권,3110179,광나루역 1번,5756,3390,2366,160,2246,981,941,998,430,51,1063,679,646,684,267,109,1183,302,295,314,163
20194,A,골목상권,3110180,광진정보도서관,8061,5134,2927,18,2150,2859,1722,920,392,5,1092,1920,1198,611,308,13,1058,939,524,309,84
20194,A,골목상권,3110159,구의역 4번,5367,2836,2531,7,750,1225,1369,1270,746,7,284,550,682,767,546,0,466,675,687,503,200
20194,A,골목상권,3110148,어린이대공원역 3번,1054,772,282,0,83,139,292,374,166,0,39,93,207,287,146,0,44,46,85,87,20
20194,A,골목상권,3110153,중곡1동주민센터,4344,1904,2440,82,1289,748,851,997,377,28,556,394,376,309,241,54,733,354,475,688,136
20194,A,골목상권,3110228,장안근린공원,5579,2983,2596,50,1846,996,988,1029,670,31,967,565,447,513,460,19,879,431,541,516,210
20194,A,골목상권,3110183,한국의류시험연구원,5635,1896,3739,5,941,1338,1052,1352,947,1,284,602,411,281,317,4,657,736,641,1071,630
20194,A,골목상권,3110210,서울시립대,1290,734,556,4,172,214,230,290,380,1,63,119,130,137,284,3,109,95,100,153,96
20194,A,골목상권,3110197,세종대왕기념관교차로,681,441,240,1,42,138,243,179,78,1,22,79,156,117,66,0,20,59,87,62,12
20194,A,골목상권,3110317,종암중학교,856,427,429,0,69,203,291,204,89,0,23,84,143,127,50,0,46,119,148,77,39
20194,A,골목상권,3110269,용마문화복지센터,1193,806,387,1,105,206,253,351,277,0,39,123,168,269,207,1,66,83,85,82,70
20194,A,골목상권,3110262,상봉역 3번,2597,1501,1096,5,405,724,834,459,170,3,233,499,436,209,121,2,172,225,398,250,49
20194,A,골목상권,3110243,중랑노인종합복지관,1280,706,574,2,112,204,300,372,290,1,37,90,161,202,215,1,75,114,139,170,75
20194,A,골목상권,3110252,장안제일시장,1463,895,568,1,172,277,384,342,287,1,77,179,182,215,241,0,95,98,202,127,46
20194,A,골목상권,3110255,상봉역 4번,4054,2483,1571,6,455,886,1164,879,664,1,218,560,648,531,525,5,237,326,516,348,139
20194,A,골목상권,3110259,사가정역 1번,2849,1765,1084,6,311,616,796,665,455,3,137,348,463,463,351,3,174,268,333,202,104
20194,A,골목상권,3110247,먹골역 1번,1727,841,886,0,201,366,470,450,240,0,59,164,206,235,177,0,142,202,264,215,63
20194,A,골목상권,3110251,장안중학교,1630,858,772,0,198,364,401,366,301,0,75,156,203,193,231,0,123,208,198,173,70
20194,A,골목상권,3110271,신내역 1번,2482,929,1553,4,592,712,487,573,114,1,121,285,240,223,59,3,471,427,247,350,55
20194,A,골목상권,3110296,성신여대입구역 4번,12695,7697,4998,59,1926,3038,3949,2285,1438,26,872,1766,2632,1690,711,33,1054,1272,1317,595,727
20194,A,골목상권,3110297,경동고등학교,7690,3952,3738,8,907,1939,2285,1889,662,4,314,848,1159,1261,366,4,593,1091,1126,628,296
20194,A,골목상권,3110378,송중동주민센터,1126,533,593,8,114,164,325,277,238,6,49,71,143,123,141,2,65,93,182,154,97
20194,A,골목상권,3110414,장석교회,402,255,147,4,50,79,115,101,53,2,29,47,75,62,40,2,21,32,40,39,13
20194,A,골목상권,3110287,정릉3동주민센터,875,585,290,0,79,170,271,258,97,0,28,91,181,204,81,0,51,79,90,54,16
20194,A,골목상권,3110375,서울북부고용노동지청,845,360,485,1,109,138,239,204,154,0,39,61,79,89,92,1,70,77,160,115,62
20194,A,골목상권,3110399,창2동주민센터,1602,880,722,10,196,366,466,372,192,9,106,227,240,168,130,1,90,139,226,204,62
20194,A,골목상권,3110354,삼각산119안전센터,344,130,214,1,37,80,102,76,48,0,8,21,42,29,30,1,29,59,60,47,18
20194,A,골목상권,3110350,가오리역 2번,1785,1189,596,0,95,235,490,631,334,0,24,137,343,423,262,0,71,98,147,208,72
20194,A,골목상권,3110410,방학역 2번,5184,3020,2164,10,533,1200,1296,1319,826,9,263,670,687,796,595,1,270,530,609,523,231
20194,A,골목상권,3110411,도봉역 3번,1429,925,504,2,98,247,291,426,365,1,28,129,162,293,312,1,70,118,129,133,53
20194,A,골목상권,3110400,도봉구보건소,1846,892,954,4,271,357,453,479,282,3,89,169,210,236,185,1,182,188,243,243,97
20194,A,골목상권,3110409,창동역 2번,5869,3927,1942,2,646,1342,1458,1180,1241,0,365,971,1044,680,867,2,281,371,414,500,374
20194,A,골목상권,3110434,태릉입구역 4번,2447,893,1554,4,239,367,566,692,579,2,84,195,227,195,190,2,155,172,339,497,389
20194,A,골목상권,3110426,상계2동주민센터,2416,1320,1096,14,360,487,625,559,371,11,137,269,322,324,257,3,223,218,303,235,114
20194,A,골목상권,3110465,연신내역 7번,2257,927,1330,9,386,528,559,476,299,5,118,240,230,184,150,4,268,288,329,292,149
20194,A,골목상권,3110490,녹번동근린공원,3783,1923,1860,7,438,883,1034,1016,405,4,202,399,477,577,264,3,236,484,557,439,141
20194,A,골목상권,3110489,불광역 3번,716,357,359,0,96,185,192,137,106,0,35,89,98,60,75,0,61,96,94,77,31
20194,A,골목상권,3110479,연신내역 2번,2576,1321,1255,3,157,300,327,507,1282,1,56,170,162,218,714,2,101,130,165,289,568
20194,A,골목상권,3110493,북가좌초등학교,1809,1358,451,0,58,129,215,372,1035,0,18,54,90,234,962,0,40,75,125,138,73
20194,A,골목상권,3110492,하나고등학교,540,262,278,1,21,104,141,149,124,0,6,75,108,50,23,1,15,29,33,99,101
20194,A,골목상권,3110513,연희파출소,3363,2204,1159,22,567,790,725,790,469,9,272,540,501,544,338,13,295,250,224,246,131
20194,A,골목상권,3110514,서대문우체국,5884,4292,1592,5,831,1136,1085,2109,718,2,601,819,690,1648,532,3,230,317,395,461,186
20194,A,골목상권,3110562,연트럴파크(연남동주민센터),2875,1653,1222,6,493,708,654,605,409,5,216,416,353,352,311,1,277,292,301,253,98
20194,A,골목상권,3110508,서연중학교,4731,2947,1784,65,1080,1249,854,927,556,33,608,915,530,502,359,32,472,334,324,425,197
20194,A,골목상권,3110518,서대문구청,3722,1975,1747,12,546,1034,1058,869,203,9,200,479,568,581,138,3,346,555,490,288,65
20194,A,골목상권,3110525,홍은종합사회복지관,7221,1312,5909,3,183,467,1911,3557,1100,1,69,144,285,391,422,2,114,323,1626,3166,678
20194,A,골목상권,3110515,홍은중학교,1043,706,337,1,143,296,295,199,109,1,75,191,205,147,87,0,68,105,90,52,22
20194,A,골목상권,3110583,공덕래미안3차아파트,6179,4019,2160,25,972,2169,1807,999,207,2,442,1254,1331,841,149,23,530,915,476,158,58
20194,A,골목상권,3110577,용강동주민센터,9059,5496,3563,86,1376,2019,2088,1811,1679,35,752,1266,1421,1058,964,51,624,753,667,753,715
20194,A,골목상권,3110559,성산중학교,3953,2244,1709,15,791,1163,989,658,337,10,291,617,630,448,248,5,500,546,359,210,89
20194,A,골목상권,3110673,뜸부기어린이공원,3925,1626,2299,2,811,1050,872,768,422,1,199,434,404,342,246,1,612,616,468,426,176
20194,A,골목상권,3110593,신월3동주민센터,1762,1006,756,1,186,325,388,471,391,0,75,151,191,286,303,1,111,174,197,185,88
20194,A,골목상권,3110605,목동센트럴아이파크앞,1499,829,670,1,100,208,369,491,330,0,43,115,174,261,236,1,57,93,195,230,94
20194,A,골목상권,3110644,신광명마을,984,638,346,8,82,134,249,286,225,5,35,58,135,196,209,3,47,76,114,90,16
20194,A,골목상권,3110634,송정역 3번,2258,1399,859,4,275,506,610,511,352,1,117,307,373,338,263,3,158,199,237,173,89
20194,A,골목상권,3110637,송정역 2번,2971,1382,1589,8,213,374,533,870,973,1,106,229,321,293,432,7,107,145,212,577,541
20194,A,골목상권,3110717,남구로역 2번,14015,9786,4229,70,2885,4254,3438,2015,1353,55,1641,3012,2557,1417,1104,15,1244,1242,881,598,249
20194,A,골목상권,3110704,고척중학교,2226,1605,621,3,212,447,479,523,562,2,146,303,298,357,499,1,66,144,181,166,63
20194,A,골목상권,3110711,구로초등학교,6053,3126,2927,18,987,1548,1351,1432,717,6,398,756,689,847,430,12,589,792,662,585,287
20194,A,골목상권,3110853,KT구로지사,2641,1608,1033,1,319,772,649,545,355,0,145,461,405,335,262,1,174,311,244,210,93
20194,A,골목상권,3110719,영서중학교,8289,5933,2356,59,1796,2525,2024,1273,612,45,1066,1810,1558,970,484,14,730,715,466,303,128
20194,A,골목상권,3110681,온수역 1번,770,608,162,1,32,106,134,230,267,1,15,68,84,193,247,0,17,38,50,37,20
20194,A,골목상권,3110686,수궁동주민센터,1712,942,770,4,166,281,410,516,335,2,67,147,225,281,220,2,99,134,185,235,115
20194,A,골목상권,3110724,금천구립가산도서관,11383,7546,3837,40,1693,3181,2821,2099,1549,26,938,2131,2094,1485,872,14,755,1050,727,614,677
20194,A,골목상권,3110737,금천세무서,1798,1125,673,11,253,347,446,436,305,2,132,205,256,291,239,9,121,142,190,145,66
20194,A,골목상권,3110751,난곡중학교,4170,2971,1199,5,268,560,768,723,1846,4,152,299,440,412,1664,1,116,261,328,311,182
20194,A,골목상권,3110770,영등포구청역 6번,3743,2293,1450,10,456,798,1009,775,695,8,198,431,610,510,536,2,258,367,399,265,159
20194,A,골목상권,3110774,당산반도유보라팰리스아파트,6057,3990,2067,23,1174,1514,1210,1260,876,16,690,964,811,881,628,7,484,550,399,379,248
20194,A,골목상권,3110784,신대림초등학교,635,358,277,0,52,113,172,193,105,0,17,54,98,114,75,0,35,59,74,79,30
20194,A,골목상권,3110790,대림1동주민센터,1866,1133,733,8,165,442,606,439,206,6,106,276,315,276,154,2,59,166,291,163,52
20194,A,골목상권,3110797,KT대방빌딩,2388,1195,1193,9,744,610,471,373,181,6,202,321,282,247,137,3,542,289,189,126,44
20194,A,골목상권,3110767,도림동주민센터,1986,1301,685,12,195,337,469,452,521,9,94,206,296,293,403,3,101,131,173,159,118
20194,A,골목상권,3110795,도림초등학교,1472,844,628,3,149,235,336,361,388,3,60,124,194,196,267,0,89,111,142,165,121
20194,A,골목상권,3110816,대방역 6번,1738,1058,680,6,221,364,462,314,371,4,113,216,301,190,234,2,108,148,161,124,137
20194,A,골목상권,3110805,신길새마을금고신길4동지점,1023,537,486,1,157,206,259,272,128,0,62,106,133,146,90,1,95,100,126,126,38
20194,A,골목상권,3110760,선유도역 6번,5228,3263,1965,14,772,1203,1346,1246,647,10,420,748,783,769,533,4,352,455,563,477,114
20194,A,골목상권,3110829,장승배기역 5번,1910,1113,797,2,354,419,433,426,276,1,244,230,215,246,177,1,110,189,218,180,99
20194,A,골목상권,3110823,신대방삼거리역 3번,18527,11847,6680,53,3630,3578,3043,4396,3827,29,2845,2902,1956,2093,2022,24,785,676,1087,2303,1805
20194,A,골목상권,3110825,신대방삼거리역 1번,1887,1186,701,4,200,384,537,438,324,2,118,234,332,261,239,2,82,150,205,177,85
20194,A,골목상권,3110902,사당역 4번,4587,2962,1625,5,748,1134,1234,856,610,3,391,730,829,555,454,2,357,404,405,301,156
20194,A,골목상권,3110848,양지어린이공원,2097,1112,985,2,190,322,522,478,583,1,51,160,244,247,409,1,139,162,278,231,174
20194,A,골목상권,3110837,숭실대입구역 1번,7582,3000,4582,54,1016,1317,1684,2308,1203,29,513,708,790,619,341,25,503,609,894,1689,862
20194,A,골목상권,3110869,"신림역 5번(신림동주민센터, 신림동별빛거리)",3655,2148,1507,5,394,824,948,715,769,3,166,460,534,430,555,2,228,364,414,285,214
20194,A,골목상권,3110844,흑석2치안센터,160,91,69,1,22,48,41,25,23,1,12,21,23,16,18,0,10,27,18,9,5
20194,A,골목상권,3110897,서울대입구역 8번,3249,1771,1478,17,519,696,762,756,499,10,216,361,414,426,344,7,303,335,348,330,155
20194,A,골목상권,3110865,남강고등학교(남강중학교),1253,655,598,10,151,251,310,354,177,7,69,139,159,167,114,3,82,112,151,187,63
20194,A,골목상권,3110909,남태령역(서울전자고등학교),640,329,311,2,35,69,132,263,139,2,9,34,62,132,90,0,26,35,70,131,49
20194,A,골목상권,3110887,서울산업정보학교(서울삼성초등학교),1438,924,514,2,150,309,356,436,185,0,51,150,237,337,149,2,99,159,119,99,36
20194,A,골목상권,3110860,호림박물관(성보고등학교),1990,1169,821,6,297,530,482,443,232,2,133,294,297,266,177,4,164,236,185,177,55
20194,A,골목상권,3110883,은천초등학교(은천교앞),3082,1294,1788,17,445,582,703,892,443,2,110,250,330,308,294,15,335,332,373,584,149
20194,A,골목상권,3110877,신림역 8번,2858,1276,1582,5,569,617,591,596,480,1,169,257,289,245,315,4,400,360,302,351,165
20194,A,골목상권,3110894,관악동부센트레빌아파트(은천로35라길),7043,2668,4375,54,994,1207,1567,2169,1052,30,470,649,731,579,209,24,524,558,836,1590,843
20194,A,골목상권,3110946,청계산원터골,162,69,93,0,24,18,42,31,47,0,12,10,25,7,15,0,12,8,17,24,32
20194,A,골목상권,3110924,반포4동주민센터(몽마르뜨공원),77734,71457,6277,26,7647,15682,20670,31194,2515,11,6234,13666,18911,30353,2282,15,1413,2016,1759,841,233
20194,A,골목상권,3110922,내방역 1번,15637,10488,5149,75,3040,4842,3871,2935,874,57,1457,2908,2911,2496,659,18,1583,1934,960,439,215
20194,A,골목상권,3110929,남부터미널역 1번,36239,19956,16283,80,7810,8818,7565,9758,2208,25,2589,4537,4266,6904,1635,55,5221,4281,3299,2854,573
20194,A,골목상권,3110980,개포지구대옆,18101,5325,12776,71,2848,3483,6555,4107,1037,34,1294,1688,1158,625,526,37,1554,1795,5397,3482,511
20194,A,골목상권,3110951,신사은행나무공원,9132,5156,3976,46,2729,2597,1929,1129,702,14,1093,1493,1282,764,510,32,1636,1104,647,365,192
20194,A,골목상권,3111024,경찰병원역 4번(건너말공원),10720,6112,4608,57,1433,2394,2566,2144,2126,27,681,1469,1754,1167,1014,30,752,925,812,977,1112
20194,A,골목상권,3111046,마천역(마천초등학교),2560,1555,1005,5,274,560,700,645,376,1,145,333,390,383,303,4,129,227,310,262,73
20194,A,골목상권,3111044,남천초등학교,1831,923,908,1,191,385,506,486,262,0,87,192,216,220,208,1,104,193,290,266,54
20194,A,골목상권,3111033,문정동성당,32663,26076,6587,11,2622,5719,9448,12913,1950,4,1647,4277,7502,11343,1303,7,975,1442,1946,1570,647
20194,A,골목상권,3111019,한성백제역 3번,15362,8061,7301,39,2405,3433,3255,3668,2562,30,1305,2236,1757,1393,1340,9,1100,1197,1498,2275,1222
20194,A,골목상권,3111007,석촌고분역 4번,4469,2987,1482,9,625,1051,1004,989,791,8,392,705,646,633,603,1,233,346,358,356,188
20194,A,골목상권,3111004,삼전역 1번,11074,7193,3881,42,1623,2462,2544,2663,1740,4,728,1489,1666,1950,1356,38,895,973,878,713,384
20194,A,골목상권,3111051,천호역 6번,3537,1976,1561,10,608,745,821,822,531,4,339,401,414,434,384,6,269,344,407,388,147
20194,A,골목상권,3111018,풍납초등학교(풍납백제문화공원),958,634,324,0,133,194,216,258,157,0,84,122,134,175,119,0,49,72,82,83,38
20194,A,골목상권,3111064,둔촌동역 4번,2203,1364,839,6,236,423,519,533,486,5,121,252,314,340,332,1,115,171,205,193,154
20194,A,골목상권,3111078,굽은다리역 4번,3935,2367,1568,9,362,678,891,1032,963,5,192,427,513,612,618,4,170,251,378,420,345
20194,A,골목상권,3111082,중앙보훈병원,476,316,160,0,30,57,76,119,194,0,18,40,52,73,133,0,12,17,24,46,61
20194,A,골목상권,3111086,한영중고,702,392,310,1,68,159,171,215,88,1,31,67,87,136,70,0,37,92,84,79,18
20194,A,골목상권,3111070,천호초등학교,1434,798,636,6,118,348,397,393,172,1,45,166,221,243,122,5,73,182,176,150,50
20194,A,골목상권,3111057,천호공원(해공체육문화센터),1546,745,801,2,167,228,317,374,458,2,47,73,121,162,340,0,120,155,196,212,118
20201,A,골목상권,3110006,부암동주민센터,773,347,426,0,158,275,203,101,36,0,69,129,83,45,21,0,89,146,120,56,15
20201,A,골목상권,3110018,중앙고등학교,11262,8487,2775,7,1250,3853,3350,2089,713,6,649,2888,2664,1739,541,1,601,965,686,350,172
20201,A,골목상권,3110038,경향신문사,10172,7008,3164,16,1531,3252,3390,1653,330,3,695,2090,2547,1430,243,13,836,1162,843,223,87
20201,A,골목상권,3110012,성곡미술관,27735,18834,8901,37,3819,8129,8256,5229,2265,7,1836,5632,6275,3697,1387,30,1983,2497,1981,1532,878
20201,A,골목상권,3110019,창덕궁,6319,4360,1959,10,1053,2069,1767,953,467,3,559,1386,1342,701,369,7,494,683,425,252,98
20201,A,골목상권,3110052,장충초등학교,5705,3122,2583,6,827,1468,1432,1344,628,3,309,713,830,859,408,3,518,755,602,485,220
20201,A,골목상권,3110589,애오개역 3번,559,265,294,0,108,185,141,80,45,0,38,87,71,42,27,0,70,98,70,38,18
20201,A,골목상권,3110068,남영역 1번,8193,5432,2761,40,1419,2582,2050,1326,776,19,721,1609,1516,1011,556,21,698,973,534,315,220
20201,A,골목상권,3110092,NH농협은행 보광동지점,3281,2252,1029,31,523,841,877,713,296,21,277,569,627,533,225,10,246,272,250,180,71
20201,A,골목상권,3110083,서빙고역 1번,6594,4364,2230,19,1375,1883,1618,1157,542,7,651,1268,1156,865,417,12,724,615,462,292,125
20201,A,골목상권,3110060,효창공원앞역 6번,6789,4650,2139,19,1230,1825,1872,1318,525,10,677,1315,1333,926,389,9,553,510,539,392,136
20201,A,골목상권,3110061,효창동주민센터,5303,3773,1530,6,882,1448,1482,1038,447,4,527,1073,1109,722,338,2,355,375,373,316,109
20201,A,골목상권,3110091,리움미술관,5605,3483,2122,16,1353,2027,1384,612,213,8,579,1155,1049,531,161,8,774,872,335,81,52
20201,A,골목상권,3110122,마장역 2번,1288,844,444,1,128,208,307,373,271,1,73,133,188,246,203,0,55,75,119,127,68
20201,A,골목상권,3110188,용두동신동아아파트,8552,6410,2142,56,940,1775,2007,2538,1236,37,653,1318,1585,1899,918,19,287,457,422,639,318
20201,A,골목상권,3110125,사근동살곶이상점가,304,167,137,2,52,66,90,59,35,2,21,32,48,39,25,0,31,34,42,20,10
20201,A,골목상권,3110147,능동우편취급국,4531,2184,2347,31,1146,862,890,1066,536,19,559,502,431,345,328,12,587,360,459,721,208
20201,A,골목상권,3110217,자동차부품상가,3677,2888,789,21,732,983,868,595,478,20,576,785,687,435,385,1,156,198,181,160,93
20201,A,골목상권,3110178,장로회신학대학교,2404,1638,766,1,341,582,567,559,354,0,195,410,420,386,227,1,146,172,147,173,127
20201,A,골목상권,3110162,군자역 4번,3299,1971,1328,5,497,696,811,692,598,2,300,424,470,362,413,3,197,272,341,330,185
20201,A,골목상권,3110154,광진정말공원,1521,878,643,6,193,294,396,399,233,4,99,168,215,220,172,2,94,126,181,179,61
20201,A,골목상권,3110151,자양한강도서관,2110,1470,640,7,384,424,537,519,239,4,274,300,362,348,182,3,110,124,175,171,57
20201,A,골목상권,3110171,중곡4동주민센터,2069,805,1264,3,502,500,486,436,142,1,84,182,208,224,106,2,418,318,278,212,36
20201,A,골목상권,3110218,답십리사거리,1293,747,546,6,152,258,330,326,221,5,58,132,175,207,170,1,94,126,155,119,51
20201,A,골목상권,3110225,촬영소사거리,1955,992,963,2,123,189,335,525,781,2,67,108,191,252,372,0,56,81,144,273,409
20201,A,골목상권,3110184,용두사거리,3021,1527,1494,5,599,895,617,491,414,2,203,397,289,306,330,3,396,498,328,185,84
20201,A,골목상권,3110213,청량초등학교,2045,619,1426,0,582,702,456,221,84,0,98,228,161,74,58,0,484,474,295,147,26
20201,A,골목상권,3110220,외대앞역 1번,3279,1428,1851,2,649,864,843,597,324,1,120,311,409,369,218,1,529,553,434,228,106
20201,A,골목상권,3110230,장안현대홈타운1차아파트,4180,2588,1592,14,740,1026,1066,899,435,10,450,646,636,535,311,4,290,380,430,364,124
20201,A,골목상권,3110216,전농중학교,1431,725,706,2,194,328,385,371,151,1,84,149,201,194,96,1,110,179,184,177,55
20201,A,골목상권,3110275,하나은행 망우동지점,1321,725,596,10,155,180,250,376,350,0,42,46,116,227,294,10,113,134,134,149,56
20201,A,골목상권,3110276,신내IC북측,132,100,32,0,9,22,38,38,25,0,5,19,26,32,18,0,4,3,12,6,7
20201,A,골목상권,3110240,태릉시장 특화거리,439,231,208,3,63,64,129,98,82,2,24,33,65,48,59,1,39,31,64,50,23
20201,A,골목상권,3110299,정릉역 1번,1824,844,980,4,260,396,436,423,305,0,53,150,161,238,242,4,207,246,275,185,63
20201,A,골목상권,3110302,보문역 8번,5898,4601,1297,6,635,1951,1314,1333,659,2,343,1589,1089,1123,455,4,292,362,225,210,204
20201,A,골목상권,3110333,돌곶이역 5번,2180,1597,583,1,138,180,253,395,1213,0,72,102,152,268,1003,1,66,78,101,127,210
20201,A,골목상권,3110295,정릉우체국,2033,967,1066,2,326,405,505,478,317,0,87,174,207,267,232,2,239,231,298,211,85
20201,A,골목상권,3110290,북한산보국문역 1번,956,503,453,2,85,114,198,295,262,0,23,58,103,167,152,2,62,56,95,128,110
20201,A,골목상권,3110284,정릉북한산국립공원입구,1070,775,295,0,67,166,299,370,168,0,17,93,226,294,145,0,50,73,73,76,23
20201,A,골목상권,3110315,종암아이파크2차,19324,9933,9391,57,1503,4968,7106,5488,202,13,619,1647,3160,4363,131,44,884,3321,3946,1125,71
20201,A,골목상권,3110311,종암아이파크2차후문,18326,9454,8872,55,1387,4748,6804,5254,78,12,582,1562,3010,4226,62,43,805,3186,3794,1028,16
20201,A,골목상권,3110372,강북중학교,2235,1039,1196,1,431,564,556,464,219,1,120,285,281,229,123,0,311,279,275,235,96
20201,A,골목상권,3110355,삼양사거리역 2번,841,465,376,2,75,143,202,215,204,1,21,48,103,134,158,1,54,95,99,81,46
20201,A,골목상권,3110384,문이교,515,242,273,1,67,67,122,148,110,0,18,23,41,80,80,1,49,44,81,68,30
20201,A,골목상권,3110407,도봉역 2번,1737,1230,507,2,79,213,329,569,545,1,27,108,185,426,483,1,52,105,144,143,62
20201,A,골목상권,3110405,방학역 1번,2828,1543,1285,6,280,510,686,856,490,5,158,343,328,348,361,1,122,167,358,508,129
20201,A,골목상권,3110412,창동중학교,926,729,197,1,32,75,129,327,362,1,15,31,69,262,351,0,17,44,60,65,11
20201,A,골목상권,3110394,방학중학교,1009,508,501,1,104,211,274,247,172,1,47,99,125,125,111,0,57,112,149,122,61
20201,A,골목상권,3110388,도봉우체국,1888,873,1015,4,412,414,447,441,170,3,100,202,209,231,128,1,312,212,238,210,42
20201,A,골목상권,3110442,화랑대철도공원,516,235,281,2,52,82,125,173,82,2,27,35,48,69,54,0,25,47,77,104,28
20201,A,골목상권,3110424,상계초등학교,1733,729,1004,5,214,302,436,475,301,5,84,152,179,184,125,0,130,150,257,291,176
20201,A,골목상권,3110431,상계역,1287,621,666,3,148,275,353,314,194,0,43,131,187,139,121,3,105,144,166,175,73
20201,A,골목상권,3110437,당고개역 2번,1939,1463,476,1,93,154,435,765,491,0,35,83,301,619,425,1,58,71,134,146,66
20201,A,골목상권,3110439,당고개역 5번,1564,1295,269,1,57,95,313,641,457,0,18,56,256,564,401,1,39,39,57,77,56
20201,A,골목상권,3110440,상계3동4동주민센터,169,56,113,0,26,25,43,40,35,0,8,5,11,16,16,0,18,20,32,24,19
20201,A,골목상권,3110420,광운대역 1번,1471,830,641,9,301,445,400,204,112,2,145,305,217,102,59,7,156,140,183,102,53
20201,A,골목상권,3110467,은평요양병원,1379,737,642,5,189,335,332,289,229,4,86,184,174,140,149,1,103,151,158,149,80
20201,A,골목상권,3110454,선정중학교,2790,1775,1015,7,272,500,645,930,436,3,129,261,343,687,352,4,143,239,302,243,84
20201,A,골목상권,3110447,구산초등학교,1598,1138,460,2,95,229,339,680,253,0,42,106,199,571,220,2,53,123,140,109,33
20201,A,골목상권,3110466,구산역 2번,1798,899,899,10,243,407,457,413,268,2,80,171,240,218,188,8,163,236,217,195,80
20201,A,골목상권,3110444,수색성당,1892,1313,579,0,137,252,283,320,900,0,54,128,127,184,820,0,83,124,156,136,80
20201,A,골목상권,3110453,신사1동주민센터,1978,1132,846,1,218,408,518,480,353,1,127,200,295,268,241,0,91,208,223,212,112
20201,A,골목상권,3110448,상신초등학교입구,1073,613,460,3,129,216,240,258,227,1,83,123,122,132,152,2,46,93,118,126,75
20201,A,골목상권,3110498,증산역 1번,2535,1338,1197,4,342,517,554,649,469,2,109,293,309,322,303,2,233,224,245,327,166
20201,A,골목상권,3110505,홍남교남측,2126,1435,691,49,700,599,355,283,140,26,407,498,226,172,106,23,293,101,129,111,34
20201,A,골목상권,3110510,홍연시장,2641,1768,873,55,777,683,448,457,221,30,445,554,273,293,173,25,332,129,175,164,48
20201,A,골목상권,3110553,가좌역 2번,1511,856,655,3,170,321,388,384,245,2,77,175,235,224,143,1,93,146,153,160,102
20201,A,골목상권,3110496,모래내우체국,1812,822,990,7,281,445,449,349,281,4,85,208,221,148,156,3,196,237,228,201,125
20201,A,골목상권,3110561,상수역 4번,2460,1498,962,31,569,746,545,348,221,20,264,444,364,239,167,11,305,302,181,109,54
20201,A,골목상권,3110506,연희임광아파트,1391,746,645,2,205,313,340,335,196,2,93,209,169,157,116,0,112,104,171,178,80
20201,A,골목상권,3110529,홍제3동주민센터,1091,564,527,4,122,140,206,257,362,1,44,66,95,138,220,3,78,74,111,119,142
20201,A,골목상권,3110521,홍제역 4번,1109,612,497,3,108,134,316,391,157,1,30,70,168,242,101,2,78,64,148,149,56
20201,A,골목상권,3110542,마포구청역 7번,5558,3298,2260,20,707,1052,1202,1656,921,11,378,760,825,770,554,9,329,292,377,886,367
20201,A,골목상권,3110552,성미산체육관,2995,1818,1177,8,379,652,778,730,448,4,185,366,457,506,300,4,194,286,321,224,148
20201,A,골목상권,3110570,KB국민은행 서강지점,1410,826,584,7,199,376,380,261,187,7,100,222,201,154,142,0,99,154,179,107,45
20201,A,골목상권,3110620,목동보건지소,3652,1851,1801,7,412,863,1018,883,469,5,182,474,447,423,320,2,230,389,571,460,149
20201,A,골목상권,3110624,목동문화체육센터,1670,856,814,1,264,453,486,298,168,1,140,240,200,155,120,0,124,213,286,143,48
20201,A,골목상권,3110626,양화초등학교,3807,2364,1443,4,517,846,1106,938,396,3,219,458,758,652,274,1,298,388,348,286,122
20201,A,골목상권,3110606,신한은행 신월동지점,2588,1783,805,3,138,296,550,822,779,1,58,158,318,568,680,2,80,138,232,254,99
20201,A,골목상권,3110646,푸른들청소년도서관,6554,3939,2615,12,861,1499,1624,1593,965,9,445,957,950,890,688,3,416,542,674,703,277
20201,A,골목상권,3110613,신정네거리역 4번,532,258,274,0,62,116,114,119,121,0,13,47,48,66,84,0,49,69,66,53,37
20201,A,골목상권,3110706,그라운드 고척,2411,1613,798,2,310,586,628,638,247,2,161,381,415,463,191,0,149,205,213,175,56
20201,A,골목상권,3110701,고척동성당,2031,1278,753,7,310,414,454,523,323,1,176,260,284,305,252,6,134,154,170,218,71
20201,A,골목상권,3110657,양천향교역 5번,8471,5307,3164,17,1024,2088,2090,1892,1360,11,513,1206,1353,1162,1062,6,511,882,737,730,298
20201,A,골목상권,3110648,양천향교역 7번,4059,2626,1433,14,469,835,925,929,887,10,238,536,594,535,713,4,231,299,331,394,174
20201,A,골목상권,3110671,등촌1동주민센터,10403,6389,4014,31,1969,2531,2337,1997,1538,18,787,1620,1611,1312,1041,13,1182,911,726,685,497
20201,A,골목상권,3110658,화곡초등학교,3192,1856,1336,2,811,765,628,538,448,0,270,453,376,381,376,2,541,312,252,157,72
20201,A,골목상권,3110668,화곡2동주민센터,3004,1684,1320,10,406,790,822,630,346,7,198,431,436,373,239,3,208,359,386,257,107
20201,A,골목상권,3110721,가리봉파출소,9719,6601,3118,27,1764,3184,2464,1435,845,13,942,2250,1830,926,640,14,822,934,634,509,205
20201,A,골목상권,3110703,개봉역,8618,4789,3829,41,1381,2048,1932,2036,1180,22,796,1309,965,946,751,19,585,739,967,1090,429
20201,A,골목상권,3110693,오류동역 4번,2696,1879,817,4,369,515,637,750,421,3,300,366,437,480,293,1,69,149,200,270,128
20201,A,골목상권,3110709,구로119안전센터,1187,559,628,4,117,165,257,381,263,2,53,88,142,137,137,2,64,77,115,244,126
20201,A,골목상권,3110716,구로나눔길,4822,2652,2170,7,579,1315,1117,1252,552,3,265,697,592,776,319,4,314,618,525,476,233
20201,A,골목상권,3110769,대림차이나타운(대림역 12번),1954,1208,746,5,121,251,393,460,724,3,75,164,232,290,444,2,46,87,161,170,280
20201,A,골목상권,3110761,문래동남성맨션,1158,827,331,2,91,236,304,299,226,1,64,159,218,197,188,1,27,77,86,102,38
20201,A,골목상권,3110741,독산2동주민센터,1504,811,693,3,175,295,351,425,255,2,91,145,170,215,188,1,84,150,181,210,67
20201,A,골목상권,3110859,난향초등학교,512,230,282,1,45,111,154,119,82,0,3,44,63,56,64,1,42,67,91,63,18
20201,A,골목상권,3110789,대림성모병원,3410,1458,1952,2,996,845,702,539,326,2,257,378,363,264,194,0,739,467,339,275,132
20201,A,골목상권,3110780,신길대성유니드아파트,1394,925,469,1,137,277,365,360,254,1,88,167,227,235,207,0,49,110,138,125,47
20201,A,골목상권,3110772,신우어린이공원,1405,839,566,1,221,295,338,329,221,0,93,177,214,205,150,1,128,118,124,124,71
20201,A,골목상권,3110785,영등포푸르지오아파트,2009,1361,648,6,207,449,544,471,332,4,93,298,379,338,249,2,114,151,165,133,83
20201,A,골목상권,3110787,신길3동주민센터,1010,595,415,3,99,199,285,264,160,3,47,107,166,160,112,0,52,92,119,104,48
20201,A,골목상권,3110758,문래소공원,14709,7623,7086,103,3376,3787,3217,3111,1115,31,1541,2760,1604,829,858,72,1835,1027,1613,2282,257
20201,A,골목상권,3110815,공군호텔,3580,1559,2021,5,645,846,827,727,530,0,194,396,377,297,295,5,451,450,450,430,235
20201,A,골목상권,3110808,신길역 1번,1130,445,685,0,100,235,310,302,183,0,32,108,122,98,85,0,68,127,188,204,98
20201,A,골목상권,3110804,신풍역 1번,1741,798,943,1,169,357,520,405,289,0,76,149,168,199,206,1,93,208,352,206,83
20201,A,골목상권,3110832,노량진초등학교,4040,2156,1884,1,568,1114,970,953,434,0,307,514,509,572,254,1,261,600,461,381,180
20201,A,골목상권,3110822,신대방삼거리역 4번(대림초등학교),2751,1560,1191,2,363,614,588,613,571,0,112,362,360,362,364,2,251,252,228,251,207
20201,A,골목상권,3110850,사당역 10번,7894,4180,3714,14,1345,2053,2169,1428,885,5,442,1014,1153,889,677,9,903,1039,1016,539,208
20201,A,골목상권,3110907,방배초등학교,7536,4093,3443,28,1176,1611,1757,1598,1366,16,482,896,974,820,905,12,694,715,783,778,461
20201,A,골목상권,3110886,관악해태어린이공원,1445,959,486,3,127,237,384,457,237,1,51,115,248,345,199,2,76,122,136,112,38
20201,A,골목상권,3110870,신림주공2단지(광신고등학교),926,524,402,2,74,142,244,279,185,0,27,71,123,158,145,2,47,71,121,121,40
20201,A,골목상권,3110888,청룡동주민센터,1962,823,1139,4,400,564,469,301,224,0,83,193,220,164,163,4,317,371,249,137,61
20201,A,골목상권,3110880,신림역 1번,1885,706,1179,2,469,465,373,346,230,1,114,169,180,115,127,1,355,296,193,231,103
20201,A,골목상권,3110896,관악우성아파트,736,263,473,3,103,109,175,206,140,2,34,34,61,79,53,1,69,75,114,127,87
20201,A,골목상권,3110948,헌인가구단지,57,27,30,0,5,24,14,11,3,0,4,12,6,2,3,0,1,12,8,9,0
20201,A,골목상권,3110921,서울프랑스학교,78980,73122,5858,28,7548,16129,20976,31809,2490,12,6231,14222,19329,31052,2276,16,1317,1907,1647,757,214
20201,A,골목상권,3110912,방배동사이길,10864,6872,3992,39,2280,3332,2614,1988,611,11,836,2031,1921,1590,483,28,1444,1301,693,398,128
20201,A,골목상권,3110933,한국상담대학원대학교,5166,2935,2231,17,1332,1552,1139,789,337,4,500,976,763,474,218,13,832,576,376,315,119
20201,A,골목상권,3110935,한전아트센터,15447,13162,2285,22,2512,5659,3695,2968,591,17,1823,4896,3229,2703,494,5,689,763,466,265,97
20201,A,골목상권,3110984,포이초등학교(개포목련어린이공원),3582,2150,1432,4,498,767,882,784,647,1,250,501,486,430,482,3,248,266,396,354,165
20201,A,골목상권,3110978,도곡2동주민센터(대치중학교),9979,6980,2999,40,2087,3214,2294,1200,1144,23,1136,2370,1884,909,658,17,951,844,410,291,486
20201,A,골목상권,3110971,선정릉역 4번,19901,10561,9340,56,4117,6246,4806,2922,1754,20,1411,3453,2772,1734,1171,36,2706,2793,2034,1188,583
20201,A,골목상권,3110974,언주중학교,8256,5430,2826,32,1847,2573,1708,1193,903,20,851,1532,1318,975,734,12,996,1041,390,218,169
20201,A,골목상권,3110975,매봉역 1번,20752,14192,6560,76,4365,5383,5577,4328,1023,51,2288,3472,4126,3439,816,25,2077,1911,1451,889,207
20201,A,골목상권,3111040,거여초등학교,2357,1472,885,10,310,602,594,522,319,9,179,402,365,295,222,1,131,200,229,227,97
20201,A,골목상권,3111026,문정역 2번,5159,3277,1882,8,771,1232,1312,1131,705,3,429,810,876,634,525,5,342,422,436,497,180
20201,A,골목상권,3111017,송파나루역 3번,3628,2432,1196,16,792,796,869,755,400,11,460,537,585,527,312,5,332,259,284,228,88
20201,A,골목상권,3111010,석촌역 7번,7142,5058,2084,9,802,1620,1617,1242,1852,6,441,1150,1102,793,1566,3,361,470,515,449,286
20201,A,골목상권,3111034,오동나무공원(송파레미니스1단지),3543,2415,1128,7,500,770,849,906,511,6,300,543,575,584,407,1,200,227,274,322,104
20201,A,골목상권,3111030,방이역 2번,20738,15418,5320,18,2658,5004,5332,4928,2798,6,1628,3495,4144,4200,1945,12,1030,1509,1188,728,853
20201,A,골목상권,3111085,묘곡초등학교(고덕아이파크아파트),1513,784,729,0,146,290,369,382,326,0,61,149,169,194,211,0,85,141,200,188,115
20201,A,골목상권,3111077,길동주민센터(강동도서관),6406,3327,3079,16,671,1129,1499,1694,1397,9,330,650,809,710,819,7,341,479,690,984,578
20201,A,골목상권,3111076,둔촌2동주민센터,2137,1170,967,3,262,433,458,484,497,1,104,223,250,249,343,2,158,210,208,235,154
20201,A,골목상권,3111080,굽은다리역 3번,1729,778,951,2,186,308,401,447,385,0,66,164,188,178,182,2,120,144,213,269,203
20201,A,골목상권,3110021,성균관대학교,1380,854,526,13,176,218,316,344,313,11,77,113,213,233,207,2,99,105,103,111,106
20201,A,골목상권,3110536,돈의문센트레빌아파트입구,1695,833,862,1,260,434,449,376,175,1,78,212,254,177,111,0,182,222,195,199,64
20201,A,골목상권,3110029,동대문역 1번,1644,738,906,3,231,331,381,390,308,1,67,127,179,186,178,2,164,204,202,204,130
20201,A,골목상권,3110037,신설동역 12번,6845,2610,4235,8,686,1039,1229,1827,2056,0,200,462,558,454,936,8,486,577,671,1373,1120
20201,A,골목상권,3110050,약수역 7번,1836,960,876,2,250,436,467,418,263,2,91,213,281,223,150,0,159,223,186,195,113
20201,A,골목상권,3110056,신당역 3번,2607,1426,1181,6,401,693,647,505,355,6,185,356,340,292,247,0,216,337,307,213,108
20201,A,골목상권,3110042,남산골공원옆,3487,1845,1642,11,347,719,1132,882,396,6,133,341,523,568,274,5,214,378,609,314,122
20201,A,골목상권,3110067,배문고등학교,6040,2831,3209,9,1156,1772,1294,977,832,3,287,644,651,605,641,6,869,1128,643,372,191
20201,A,골목상권,3110090,한국폴리텍대학서울정수캠퍼스,6854,4231,2623,17,1075,2196,2359,934,273,8,504,1107,1684,735,193,9,571,1089,675,199,80
20201,A,골목상권,3110088,오산고등학교,7060,4470,2590,17,1103,2335,2474,899,232,7,558,1213,1793,727,172,10,545,1122,681,172,60
20201,A,골목상권,3110087,이태원엔틱가구거리,3473,1835,1638,14,616,996,784,725,338,11,220,474,424,457,249,3,396,522,360,268,89
20201,A,골목상권,3110063,효창공원앞역 5번,2545,1665,880,15,308,566,692,530,434,12,172,383,458,344,296,3,136,183,234,186,138
20201,A,골목상권,3110058,성심여자고등학교,6811,4886,1925,22,1067,2028,1812,1308,574,7,598,1398,1383,1048,452,15,469,630,429,260,122
20201,A,골목상권,3110098,서울독일학교,19270,15584,3686,22,2331,4742,5464,6112,599,14,1127,3406,4759,5764,514,8,1204,1336,705,348,85
20201,A,골목상권,3110096,한남힐사이드아파트,5546,3662,1884,5,1168,1544,1281,1282,266,3,498,976,912,1046,227,2,670,568,369,236,39
20201,A,골목상권,3110100,옥수동우편취급국,7613,6422,1191,7,609,2450,2479,1864,204,4,305,1915,2241,1784,173,3,304,535,238,80,31
20201,A,골목상권,3110119,마장지하차도,2046,656,1390,1,159,260,428,704,494,0,83,139,167,155,112,1,76,121,261,549,382
20201,A,골목상권,3110118,왕십리역 9번,1141,733,408,1,167,270,301,259,143,0,85,164,189,178,117,1,82,106,112,81,26
20201,A,골목상권,3110131,성수동카페거리,16372,10013,6359,69,3574,4475,3610,2782,1862,39,1790,2879,2348,1642,1315,30,1784,1596,1262,1140,547
20201,A,골목상권,3110134,성수119안전센터,3342,2382,960,73,532,823,835,706,373,34,330,619,609,498,292,39,202,204,226,208,81
20201,A,골목상권,3110139,자양4동주민센터,2367,1870,497,9,270,601,637,559,291,5,194,486,509,441,235,4,76,115,128,118,56
20201,A,골목상권,3110136,경수초등학교,16150,9947,6203,123,3454,3934,3551,3098,1990,71,1698,2541,2333,1900,1404,52,1756,1393,1218,1198,586
20201,A,골목상권,3110155,광진구청,12629,9937,2692,11,781,1849,3528,5069,1391,11,385,1169,2772,4413,1187,0,396,680,756,656,204
20201,A,골목상권,3110176,해오름공원,3579,1917,1662,4,675,798,998,836,268,2,178,374,601,542,220,2,497,424,397,294,48
20201,A,골목상권,3110149,세종대학교,799,452,347,0,93,197,215,179,115,0,44,101,133,91,83,0,49,96,82,88,32
20201,A,골목상권,3110167,용마초등학교,3707,2122,1585,11,501,762,961,828,644,3,272,440,519,426,462,8,229,322,442,402,182
20201,A,골목상권,3110204,간데메공원,1356,905,451,5,205,278,356,322,190,3,135,169,223,225,150,2,70,109,133,97,40
20201,A,골목상권,3110226,장안1동주민센터,5867,3209,2658,15,722,1138,1352,1410,1230,12,347,658,734,772,686,3,375,480,618,638,544
20201,A,골목상권,3110211,전곡마을마당공원,1820,983,837,4,278,348,454,491,245,1,111,192,268,266,145,3,167,156,186,225,100
20201,A,골목상권,3110207,시립대앞사거리,1345,584,761,3,233,270,311,303,225,1,53,120,140,127,143,2,180,150,171,176,82
20201,A,골목상권,3110198,동대문중앙새마을금고본점,361,189,172,0,20,53,86,133,69,0,9,28,50,59,43,0,11,25,36,74,26
20201,A,골목상권,3110200,동대문경찰서,703,390,313,0,77,108,145,182,191,0,37,54,78,85,136,0,40,54,67,97,55
20201,A,골목상권,3110256,면목2동체육관,3260,1961,1299,5,413,680,888,780,494,1,188,448,483,445,396,4,225,232,405,335,98
20201,A,골목상권,3110266,면목동우체국,2501,1548,953,5,244,423,558,704,567,0,78,210,314,502,444,5,166,213,244,202,123
20201,A,골목상권,3110236,신묵초등학교,2212,1481,731,2,311,516,532,603,248,2,174,350,347,432,176,0,137,166,185,171,72
20201,A,골목상권,3110267,망우역 2번,2430,1427,1003,13,334,482,518,637,446,11,202,293,263,329,329,2,132,189,255,308,117
20201,A,골목상권,3110234,중랑역 4번,2773,2036,737,11,275,619,860,768,240,9,142,418,643,647,177,2,133,201,217,121,63
20201,A,골목상권,3110314,종암경찰서,3397,2472,925,6,380,670,726,731,884,0,231,492,518,565,666,6,149,178,208,166,218
20201,A,골목상권,3110421,석계역 1번,1218,593,625,4,119,205,323,328,239,2,49,90,144,169,139,2,70,115,179,159,100
20201,A,골목상권,3110321,동덕여대,1128,697,431,0,75,117,219,296,421,0,24,61,110,162,340,0,51,56,109,134,81
20201,A,골목상권,3110324,월곡역 4번,1184,675,509,5,167,321,341,226,124,1,78,187,188,134,87,4,89,134,153,92,37
20201,A,골목상권,3110298,솔숲어린이공원,1115,539,576,6,144,199,273,276,217,1,36,66,112,152,172,5,108,133,161,124,45
20201,A,골목상권,3110365,미아역 5번,1266,616,650,2,97,152,267,320,428,2,36,63,110,186,219,0,61,89,157,134,209
20201,A,골목상권,3110367,강북구청,3460,1492,1968,10,334,684,730,796,906,8,94,264,328,453,345,2,240,420,402,343,561
20201,A,골목상권,3110368,송천초등학교,981,601,380,1,93,195,242,259,191,1,32,95,129,181,163,0,61,100,113,78,28
20201,A,골목상권,3110352,수유1동주민센터,1291,576,715,0,118,244,368,418,143,0,49,99,154,183,91,0,69,145,214,235,52
20201,A,골목상권,3110349,화계역 2번,641,353,288,0,50,92,172,256,71,0,28,41,97,133,54,0,22,51,75,123,17
20201,A,골목상권,3110346,4.19민주묘지역 2번,605,334,271,0,71,106,179,136,113,0,18,62,103,75,76,0,53,44,76,61,37
20201,A,골목상권,3110339,국립4.19민주묘지,819,555,264,6,104,130,193,232,154,6,50,99,122,143,135,0,54,31,71,89,19
20201,A,골목상권,3110393,국민은행방학지점,749,350,399,3,91,217,207,154,77,2,32,106,101,63,46,1,59,111,106,91,31
20201,A,골목상권,3110395,신한은행 방학동지점,591,318,273,1,73,99,158,142,118,1,38,50,73,83,73,0,35,49,85,59,45
20201,A,골목상권,3110403,방학1동주민센터,1702,974,728,4,211,309,359,482,337,2,94,177,211,286,204,2,117,132,148,196,133
20201,A,골목상권,3110398,쌍문2동우체국,1663,972,691,0,162,244,383,523,351,0,72,129,192,328,251,0,90,115,191,195,100
20201,A,골목상권,3110401,도봉구민회관,1586,856,730,0,181,221,327,460,397,0,78,117,164,255,242,0,103,104,163,205,155
20201,A,골목상권,3110425,계상초등학교,1457,683,774,4,150,232,387,426,258,3,63,143,181,181,112,1,87,89,206,245,146
20201,A,골목상권,3110419,수락산디자인거리,3472,2282,1190,13,387,781,865,882,544,12,226,552,591,566,335,1,161,229,274,316,209
20201,A,골목상권,3110474,세명컴퓨터고등학교,1360,647,713,2,130,295,356,348,229,2,46,137,159,153,150,0,84,158,197,195,79
20201,A,골목상권,3110473,구산역 1번,3155,1679,1476,5,325,617,795,785,628,5,131,352,419,351,421,0,194,265,376,434,207
20201,A,골목상권,3110455,역촌노인복지관,3715,1747,1968,9,658,760,944,829,515,3,247,351,416,367,363,6,411,409,528,462,152
20201,A,골목상권,3110487,불광역 8번,761,291,470,1,73,171,207,181,128,1,23,75,72,60,60,0,50,96,135,121,68
20201,A,골목상권,3110480,연신내역 3번,1023,428,595,6,192,199,279,216,131,2,70,88,121,80,67,4,122,111,158,136,64
20201,A,골목상권,3110482,연신초등학교,359,158,201,0,27,53,117,116,46,0,8,20,39,58,33,0,19,33,78,58,13
20201,A,골목상권,3110470,신진과학기술고등학교,1610,976,634,2,161,266,382,390,409,2,76,145,208,227,318,0,85,121,174,163,91
20201,A,골목상권,3110475,백련산해모로아파트,1745,1026,719,2,202,326,375,357,483,1,91,165,203,202,364,1,111,161,172,155,119
20201,A,골목상권,3110532,아현역 2번,1847,1072,775,2,422,522,371,290,240,1,165,307,218,208,173,1,257,215,153,82,67
20201,A,골목상권,3110534,경기대학교,3370,2048,1322,4,575,933,722,580,556,1,256,531,484,399,377,3,319,402,238,181,179
20201,A,골목상권,3110572,서강대역 1번,7726,3653,4073,68,2565,1977,1384,1231,501,24,960,907,708,748,306,44,1605,1070,676,483,195
20201,A,골목상권,3110575,대흥동주민센터,4172,1903,2269,62,2086,953,452,399,220,20,782,476,212,248,165,42,1304,477,240,151,55
20201,A,골목상권,3110516,정원여중,1299,656,643,0,226,284,343,307,139,0,78,137,188,165,88,0,148,147,155,142,51
20201,A,골목상권,3110569,홍대땡땡거리,3039,1407,1632,7,650,662,678,622,420,3,308,321,302,232,241,4,342,341,376,390,179
20201,A,골목상권,3110517,서대문소방서,2671,1696,975,14,441,700,687,557,272,8,191,471,487,368,171,6,250,229,200,189,101
20201,A,골목상권,3110512,연희지하차도,5089,3101,1988,67,1146,1450,1174,973,279,39,591,926,702,649,194,28,555,524,472,324,85
20201,A,골목상권,3110527,홍제역 2번,1712,867,845,2,169,226,456,564,295,1,44,119,214,314,175,1,125,107,242,250,120
20201,A,골목상권,3110546,양화대교북단,1549,938,611,3,314,420,380,250,182,3,138,208,258,183,148,0,176,212,122,67,34
20201,A,골목상권,3110550,합정역 8번,5374,2859,2515,13,961,1416,1292,955,737,8,367,677,778,563,466,5,594,739,514,392,271
20201,A,골목상권,3110554,망원역 1번,6464,3487,2977,10,913,1410,1559,1192,1380,7,345,648,802,647,1038,3,568,762,757,545,342
20201,A,골목상권,3110547,KB국민은행 망원동지점,6579,4117,2462,11,769,1170,1322,1746,1561,7,405,819,889,860,1137,4,364,351,433,886,424
20201,A,골목상권,3110551,성서초등학교,3102,1803,1299,3,301,471,703,601,1023,3,132,235,314,304,815,0,169,236,389,297,208
20201,A,골목상권,3110619,목4동주민센터,1689,1078,611,4,202,379,491,407,206,1,93,210,315,291,168,3,109,169,176,116,38
20201,A,골목상권,3110600,신월7동주민센터,4248,2844,1404,3,317,496,745,1209,1478,3,179,312,490,845,1015,0,138,184,255,364,463
20201,A,골목상권,3110647,화곡역 5번,3340,1821,1519,8,438,691,768,828,607,5,192,403,428,449,344,3,246,288,340,379,263
20201,A,골목상권,3110607,금빛새마을금고본점,2729,2241,488,2,110,221,394,521,1481,1,64,132,235,385,1424,1,46,89,159,136,57
20201,A,골목상권,3110608,신월2동주민센터,3392,1915,1477,10,282,562,891,941,706,9,134,332,463,486,491,1,148,230,428,455,215
20201,A,골목상권,3110611,신정역 1번,4475,2720,1755,14,895,697,748,814,1307,7,295,382,444,461,1131,7,600,315,304,353,176
20201,A,골목상권,3110594,신월중학교,1144,543,601,7,149,285,301,297,105,4,58,119,141,150,71,3,91,166,160,147,34
20201,A,골목상권,3110602,신월시영아파트중문,3056,2108,948,3,204,356,700,967,826,2,124,226,400,664,692,1,80,130,300,303,134
20201,A,골목상권,3110610,계남근린공원,648,338,310,2,87,129,151,148,131,0,26,50,86,87,89,2,61,79,65,61,42
20201,A,골목상권,3110616,양목초등학교,1359,706,653,2,110,255,266,391,335,1,43,136,132,202,192,1,67,119,134,189,143
20201,A,골목상권,3110635,공항시장역 3번,3727,1849,1878,9,361,571,664,1054,1068,2,153,336,399,431,528,7,208,235,265,623,540
20201,A,골목상권,3110650,우장산힐스테이트,1737,995,742,4,194,325,396,415,403,3,107,202,240,204,239,1,87,123,156,211,164
20201,A,골목상권,3110638,신방화역 2번,3645,2335,1310,10,416,661,1045,983,530,8,205,404,713,617,388,2,211,257,332,366,142
20201,A,골목상권,3110712,남구로역 5번,1579,913,666,8,183,331,363,324,370,5,99,196,189,176,248,3,84,135,174,148,122
20201,A,골목상권,3110702,개봉초등학교,1569,818,751,1,157,329,420,390,272,1,72,153,202,214,176,0,85,176,218,176,96
20201,A,골목상권,3110699,덕의초등학교,2451,1563,888,9,303,578,623,646,292,7,187,384,391,378,216,2,116,194,232,268,76
20201,A,골목상권,3110720,대림역 2번,2280,1556,724,2,188,387,574,709,420,2,83,218,387,538,328,0,105,169,187,171,92
20201,A,골목상권,3110778,구로디지털단지역 4번,13303,7796,5507,56,2966,4427,3201,1627,1026,23,1254,2669,2063,1065,722,33,1712,1758,1138,562,304
20201,A,골목상권,3110745,독산동정훈단지,1306,773,533,1,137,196,260,372,340,0,71,92,115,221,274,1,66,104,145,151,66
20201,A,골목상권,3110856,미성초등학교,5264,3671,1593,18,465,913,970,948,1950,13,238,541,608,563,1708,5,227,372,362,385,242
20201,A,골목상권,3110855,신대방역 2번,4936,3401,1535,6,709,900,888,794,1639,2,282,540,546,528,1503,4,427,360,342,266,136
20201,A,골목상권,3110755,동일여자고등학교,2033,1040,993,21,274,503,487,453,295,16,131,278,253,192,170,5,143,225,234,261,125
20201,A,골목상권,3110771,대림역 11번,2420,1335,1085,5,268,314,456,542,835,2,91,160,234,316,532,3,177,154,222,226,303
20201,A,골목상권,3110768,도림2동유수지내체육시설,1219,778,441,9,118,206,287,302,297,8,48,126,182,211,203,1,70,80,105,91,94
20201,A,골목상권,3110759,문래예술촌(문래창작촌),65954,51168,14786,61,8786,22706,21719,9637,3045,32,5433,17446,18749,7800,1708,29,3353,5260,2970,1837,1337
20201,A,골목상권,3110818,신대방역 3번,1692,950,742,2,287,451,397,278,277,2,124,277,228,138,181,0,163,174,169,140,96
20201,A,골목상권,3110858,신대방역 1번,2669,2004,665,0,421,756,879,491,122,0,195,575,748,404,82,0,226,181,131,87,40
20201,A,골목상권,3110874,원신초등학교(구세군관악영문교회),732,381,351,8,77,186,200,173,88,2,22,81,122,86,68,6,55,105,78,87,20
20201,A,골목상권,3110879,신림현대아파트,1116,536,580,7,212,210,278,222,187,1,100,99,137,109,90,6,112,111,141,113,97
20201,A,골목상권,3110885,영락고등학교,1746,990,756,7,240,328,434,376,361,1,122,173,232,224,238,6,118,155,202,152,123
20201,A,골목상권,3110872,신림초등학교,689,382,307,5,101,168,168,152,95,3,54,93,102,85,45,2,47,75,66,67,50
20201,A,골목상권,3110947,청계산입구역 2번(내곡동주민센터),182,79,103,0,26,23,46,37,50,0,13,11,28,10,17,0,13,12,18,27,33
20201,A,골목상권,3110913,방현초등학교(방배119안전센터),9674,6057,3617,22,1677,2842,2518,1523,1092,5,797,1829,1720,957,749,17,880,1013,798,566,343
20201,A,골목상권,3110934,우면주공아파트,1489,946,543,6,264,423,395,260,141,5,105,290,271,170,105,1,159,133,124,90,36
20201,A,골목상권,3110937,방아다리근린공원(횃불트리니티신학대학원대학교),14952,9277,5675,329,4835,4416,2991,1697,684,151,2497,2972,2135,1021,501,178,2338,1444,856,676,183
20201,A,골목상권,3110955,논현초등학교,20906,14265,6641,76,4625,6342,4724,3259,1880,45,2535,4372,3537,2430,1346,31,2090,1970,1187,829,534
20201,A,골목상권,3110992,도곡초등학교,8628,4357,4271,50,1508,2156,1880,1719,1315,28,647,1065,939,866,812,22,861,1091,941,853,503
20201,A,골목상권,3110963,역삼월드메르디앙아파트,18186,10655,7531,122,4620,5292,4181,2560,1411,33,1769,3113,2948,1716,1076,89,2851,2179,1233,844,335
20201,A,골목상권,3110972,강남세브란스병원미래의학연구센터,22138,12993,9145,207,6590,6499,5019,2834,989,69,2849,4088,3556,1696,735,138,3741,2411,1463,1138,254
20201,A,골목상권,3110991,삼성중앙역 5번,10374,5378,4996,43,2958,2855,2028,1298,1192,9,932,1472,1304,854,807,34,2026,1383,724,444,385
20201,A,골목상권,3110990,청담역 12번,7833,5477,2356,20,1213,2652,2394,1251,303,9,506,1665,1965,1094,238,11,707,987,429,157,65
20201,A,골목상권,3111000,대왕초등학교(세곡동사거리서남측),156,35,121,1,22,55,43,25,10,0,2,7,12,5,9,1,20,48,31,20,1
20201,A,골목상권,3110999,윗방죽마을공원,408,226,182,3,33,70,73,122,107,1,17,45,46,70,47,2,16,25,27,52,60
20201,A,골목상권,3110969,베르사이유1아파트,29014,17556,11458,73,5335,8726,7783,5424,1673,29,2616,5589,5487,2693,1142,44,2719,3137,2296,2731,531
20201,A,골목상권,3110967,역삼역 8번,24226,18490,5736,23,4422,7830,6561,4334,1056,10,2559,5859,5511,3785,766,13,1863,1971,1050,549,290
20201,A,골목상권,3110985,청담근린공원,9800,6589,3211,34,1729,2898,2625,1790,724,17,815,1972,1966,1323,496,17,914,926,659,467,228
20201,A,골목상권,3111008,석촌고분역 3번,3907,2479,1428,12,490,799,912,951,743,10,289,528,566,545,541,2,201,271,346,406,202
20201,A,골목상권,3111016,송파역 2번,15479,10229,5250,62,2083,3454,3732,3349,2799,44,1020,2251,2780,2219,1915,18,1063,1203,952,1130,884
20201,A,골목상권,3111038,보인중학교,2602,1770,832,14,377,689,649,574,299,13,214,471,461,405,206,1,163,218,188,169,93
20201,A,골목상권,3111021,방이역 4번,11137,8092,3045,38,1448,2300,2854,2754,1743,26,767,1502,2125,2188,1484,12,681,798,729,566,259
20201,A,골목상권,3111015,석촌역 3번,10932,6847,4085,26,1640,2424,2423,2333,2086,11,799,1507,1612,1477,1441,15,841,917,811,856,645
20201,A,골목상권,3111003,삼전역 4번,4568,3024,1544,18,600,1083,1254,905,708,1,324,732,817,598,552,17,276,351,437,307,156
20201,A,골목상권,3111062,둔촌동역 3번(성내3동주민센터),3255,2100,1155,7,480,811,880,607,470,6,266,532,569,389,338,1,214,279,311,218,132
20201,A,골목상권,3111011,잠실나루역,9608,7747,1861,42,1275,3018,2795,2046,432,18,924,2492,2309,1674,330,24,351,526,486,372,102
20201,A,골목상권,3111048,천호역 1번(천호문구완구거리),1608,876,732,7,195,360,372,323,351,4,82,170,209,171,240,3,113,190,163,152,111
20201,A,골목상권,3111088,고덕동성당,1134,951,183,0,35,82,216,447,354,0,9,53,173,388,328,0,26,29,43,59,26
20201,A,골목상권,3111079,둔촌고등학교(둔촌중학교),1407,838,569,2,141,259,315,339,351,2,81,153,184,167,251,0,60,106,131,172,100
20203,A,골목상권,3110589,애오개역 3번,559,265,294,0,108,185,141,80,45,0,38,87,71,42,27,0,70,98,70,38,18
20203,A,골목상권,3110018,중앙고등학교,11262,8487,2775,7,1250,3853,3350,2089,713,6,649,2888,2664,1739,541,1,601,965,686,350,172
20203,A,골목상권,3110038,경향신문사,10172,7008,3164,16,1531,3252,3390,1653,330,3,695,2090,2547,1430,243,13,836,1162,843,223,87
20203,A,골목상권,3110012,성곡미술관,27735,18834,8901,37,3819,8129,8256,5229,2265,7,1836,5632,6275,3697,1387,30,1983,2497,1981,1532,878
20203,A,골목상권,3110006,부암동주민센터,773,347,426,0,158,275,203,101,36,0,69,129,83,45,21,0,89,146,120,56,15
20203,A,골목상권,3110019,창덕궁,6319,4360,1959,10,1053,2069,1767,953,467,3,559,1386,1342,701,369,7,494,683,425,252,98
20203,A,골목상권,3110052,장충초등학교,5705,3122,2583,6,827,1468,1432,1344,628,3,309,713,830,859,408,3,518,755,602,485,220
20203,A,골목상권,3110068,남영역 1번,8193,5432,2761,40,1419,2582,2050,1326,776,19,721,1609,1516,1011,556,21,698,973,534,315,220
20203,A,골목상권,3110092,NH농협은행 보광동지점,3281,2252,1029,31,523,841,877,713,296,21,277,569,627,533,225,10,246,272,250,180,71
20203,A,골목상권,3110083,서빙고역 1번,6594,4364,2230,19,1375,1883,1618,1157,542,7,651,1268,1156,865,417,12,724,615,462,292,125
20203,A,골목상권,3110060,효창공원앞역 6번,6789,4650,2139,19,1230,1825,1872,1318,525,10,677,1315,1333,926,389,9,553,510,539,392,136
20203,A,골목상권,3110061,효창동주민센터,5303,3773,1530,6,882,1448,1482,1038,447,4,527,1073,1109,722,338,2,355,375,373,316,109
20203,A,골목상권,3110091,리움미술관,5605,3483,2122,16,1353,2027,1384,612,213,8,579,1155,1049,531,161,8,774,872,335,81,52
20203,A,골목상권,3110122,마장역 2번,1288,844,444,1,128,208,307,373,271,1,73,133,188,246,203,0,55,75,119,127,68
20203,A,골목상권,3110188,용두동신동아아파트,8552,6410,2142,56,940,1775,2007,2538,1236,37,653,1318,1585,1899,918,19,287,457,422,639,318
20203,A,골목상권,3110125,사근동살곶이상점가,304,167,137,2,52,66,90,59,35,2,21,32,48,39,25,0,31,34,42,20,10
20203,A,골목상권,3110147,능동우편취급국,4531,2184,2347,31,1146,862,890,1066,536,19,559,502,431,345,328,12,587,360,459,721,208
20203,A,골목상권,3110217,자동차부품상가,3677,2888,789,21,732,983,868,595,478,20,576,785,687,435,385,1,156,198,181,160,93
20203,A,골목상권,3110178,장로회신학대학교,2404,1638,766,1,341,582,567,559,354,0,195,410,420,386,227,1,146,172,147,173,127
20203,A,골목상권,3110162,군자역 4번,3299,1971,1328,5,497,696,811,692,598,2,300,424,470,362,413,3,197,272,341,330,185
20203,A,골목상권,3110154,광진정말공원,1521,878,643,6,193,294,396,399,233,4,99,168,215,220,172,2,94,126,181,179,61
20203,A,골목상권,3110151,자양한강도서관,2110,1470,640,7,384,424,537,519,239,4,274,300,362,348,182,3,110,124,175,171,57
20203,A,골목상권,3110171,중곡4동주민센터,2069,805,1264,3,502,500,486,436,142,1,84,182,208,224,106,2,418,318,278,212,36
20203,A,골목상권,3110218,답십리사거리,1293,747,546,6,152,258,330,326,221,5,58,132,175,207,170,1,94,126,155,119,51
20203,A,골목상권,3110225,촬영소사거리,1955,992,963,2,123,189,335,525,781,2,67,108,191,252,372,0,56,81,144,273,409
20203,A,골목상권,3110184,용두사거리,3021,1527,1494,5,599,895,617,491,414,2,203,397,289,306,330,3,396,498,328,185,84
20203,A,골목상권,3110213,청량초등학교,2045,619,1426,0,582,702,456,221,84,0,98,228,161,74,58,0,484,474,295,147,26
20203,A,골목상권,3110220,외대앞역 1번,3279,1428,1851,2,649,864,843,597,324,1,120,311,409,369,218,1,529,553,434,228,106
20203,A,골목상권,3110230,장안현대홈타운1차아파트,4180,2588,1592,14,740,1026,1066,899,435,10,450,646,636,535,311,4,290,380,430,364,124
20203,A,골목상권,3110216,전농중학교,1431,725,706,2,194,328,385,371,151,1,84,149,201,194,96,1,110,179,184,177,55
20203,A,골목상권,3110275,하나은행 망우동지점,1321,725,596,10,155,180,250,376,350,0,42,46,116,227,294,10,113,134,134,149,56
20203,A,골목상권,3110276,신내IC북측,132,100,32,0,9,22,38,38,25,0,5,19,26,32,18,0,4,3,12,6,7
20203,A,골목상권,3110240,태릉시장 특화거리,439,231,208,3,63,64,129,98,82,2,24,33,65,48,59,1,39,31,64,50,23
20203,A,골목상권,3110299,정릉역 1번,1824,844,980,4,260,396,436,423,305,0,53,150,161,238,242,4,207,246,275,185,63
20203,A,골목상권,3110302,보문역 8번,5898,4601,1297,6,635,1951,1314,1333,659,2,343,1589,1089,1123,455,4,292,362,225,210,204
20203,A,골목상권,3110333,돌곶이역 5번,2180,1597,583,1,138,180,253,395,1213,0,72,102,152,268,1003,1,66,78,101,127,210
20203,A,골목상권,3110295,정릉우체국,2033,967,1066,2,326,405,505,478,317,0,87,174,207,267,232,2,239,231,298,211,85
20203,A,골목상권,3110290,북한산보국문역 1번,956,503,453,2,85,114,198,295,262,0,23,58,103,167,152,2,62,56,95,128,110
20203,A,골목상권,3110284,정릉북한산국립공원입구,1070,775,295,0,67,166,299,370,168,0,17,93,226,294,145,0,50,73,73,76,23
20203,A,골목상권,3110315,종암아이파크2차,19324,9933,9391,57,1503,4968,7106,5488,202,13,619,1647,3160,4363,131,44,884,3321,3946,1125,71
20203,A,골목상권,3110311,종암아이파크2차후문,18326,9454,8872,55,1387,4748,6804,5254,78,12,582,1562,3010,4226,62,43,805,3186,3794,1028,16
20203,A,골목상권,3110372,강북중학교,2235,1039,1196,1,431,564,556,464,219,1,120,285,281,229,123,0,311,279,275,235,96
20203,A,골목상권,3110355,삼양사거리역 2번,841,465,376,2,75,143,202,215,204,1,21,48,103,134,158,1,54,95,99,81,46
20203,A,골목상권,3110384,문이교,515,242,273,1,67,67,122,148,110,0,18,23,41,80,80,1,49,44,81,68,30
20203,A,골목상권,3110407,도봉역 2번,1737,1230,507,2,79,213,329,569,545,1,27,108,185,426,483,1,52,105,144,143,62
20203,A,골목상권,3110405,방학역 1번,2828,1543,1285,6,280,510,686,856,490,5,158,343,328,348,361,1,122,167,358,508,129
20203,A,골목상권,3110412,창동중학교,926,729,197,1,32,75,129,327,362,1,15,31,69,262,351,0,17,44,60,65,11
20203,A,골목상권,3110394,방학중학교,1009,508,501,1,104,211,274,247,172,1,47,99,125,125,111,0,57,112,149,122,61
20203,A,골목상권,3110388,도봉우체국,1888,873,1015,4,412,414,447,441,170,3,100,202,209,231,128,1,312,212,238,210,42
20203,A,골목상권,3110442,화랑대철도공원,516,235,281,2,52,82,125,173,82,2,27,35,48,69,54,0,25,47,77,104,28
20203,A,골목상권,3110424,상계초등학교,1733,729,1004,5,214,302,436,475,301,5,84,152,179,184,125,0,130,150,257,291,176
20203,A,골목상권,3110431,상계역,1287,621,666,3,148,275,353,314,194,0,43,131,187,139,121,3,105,144,166,175,73
20203,A,골목상권,3110437,당고개역 2번,1939,1463,476,1,93,154,435,765,491,0,35,83,301,619,425,1,58,71,134,146,66
20203,A,골목상권,3110439,당고개역 5번,1564,1295,269,1,57,95,313,641,457,0,18,56,256,564,401,1,39,39,57,77,56
20203,A,골목상권,3110440,상계3동4동주민센터,169,56,113,0,26,25,43,40,35,0,8,5,11,16,16,0,18,20,32,24,19
20203,A,골목상권,3110420,광운대역 1번,1471,830,641,9,301,445,400,204,112,2,145,305,217,102,59,7,156,140,183,102,53
20203,A,골목상권,3110467,은평요양병원,1379,737,642,5,189,335,332,289,229,4,86,184,174,140,149,1,103,151,158,149,80
20203,A,골목상권,3110454,선정중학교,2790,1775,1015,7,272,500,645,930,436,3,129,261,343,687,352,4,143,239,302,243,84
20203,A,골목상권,3110447,구산초등학교,1598,1138,460,2,95,229,339,680,253,0,42,106,199,571,220,2,53,123,140,109,33
20203,A,골목상권,3110466,구산역 2번,1798,899,899,10,243,407,457,413,268,2,80,171,240,218,188,8,163,236,217,195,80
20203,A,골목상권,3110444,수색성당,1892,1313,579,0,137,252,283,320,900,0,54,128,127,184,820,0,83,124,156,136,80
20203,A,골목상권,3110453,신사1동주민센터,1978,1132,846,1,218,408,518,480,353,1,127,200,295,268,241,0,91,208,223,212,112
20203,A,골목상권,3110448,상신초등학교입구,1073,613,460,3,129,216,240,258,227,1,83,123,122,132,152,2,46,93,118,126,75
20203,A,골목상권,3110498,증산역 1번,2535,1338,1197,4,342,517,554,649,469,2,109,293,309,322,303,2,233,224,245,327,166
20203,A,골목상권,3110505,홍남교남측,2126,1435,691,49,700,599,355,283,140,26,407,498,226,172,106,23,293,101,129,111,34
20203,A,골목상권,3110510,홍연시장,2641,1768,873,55,777,683,448,457,221,30,445,554,273,293,173,25,332,129,175,164,48
20203,A,골목상권,3110553,가좌역 2번,1511,856,655,3,170,321,388,384,245,2,77,175,235,224,143,1,93,146,153,160,102
20203,A,골목상권,3110496,모래내우체국,1812,822,990,7,281,445,449,349,281,4,85,208,221,148,156,3,196,237,228,201,125
20203,A,골목상권,3110542,마포구청역 7번,5558,3298,2260,20,707,1052,1202,1656,921,11,378,760,825,770,554,9,329,292,377,886,367
20203,A,골목상권,3110506,연희임광아파트,1391,746,645,2,205,313,340,335,196,2,93,209,169,157,116,0,112,104,171,178,80
20203,A,골목상권,3110529,홍제3동주민센터,1091,564,527,4,122,140,206,257,362,1,44,66,95,138,220,3,78,74,111,119,142
20203,A,골목상권,3110521,홍제역 4번,1109,612,497,3,108,134,316,391,157,1,30,70,168,242,101,2,78,64,148,149,56
20203,A,골목상권,3110561,상수역 4번,2460,1498,962,31,569,746,545,348,221,20,264,444,364,239,167,11,305,302,181,109,54
20203,A,골목상권,3110552,성미산체육관,2995,1818,1177,8,379,652,778,730,448,4,185,366,457,506,300,4,194,286,321,224,148
20203,A,골목상권,3110570,KB국민은행 서강지점,1410,826,584,7,199,376,380,261,187,7,100,222,201,154,142,0,99,154,179,107,45
20203,A,골목상권,3110620,목동보건지소,3652,1851,1801,7,412,863,1018,883,469,5,182,474,447,423,320,2,230,389,571,460,149
20203,A,골목상권,3110624,목동문화체육센터,1670,856,814,1,264,453,486,298,168,1,140,240,200,155,120,0,124,213,286,143,48
20203,A,골목상권,3110626,양화초등학교,3807,2364,1443,4,517,846,1106,938,396,3,219,458,758,652,274,1,298,388,348,286,122
20203,A,골목상권,3110606,신한은행 신월동지점,2588,1783,805,3,138,296,550,822,779,1,58,158,318,568,680,2,80,138,232,254,99
20203,A,골목상권,3110646,푸른들청소년도서관,6554,3939,2615,12,861,1499,1624,1593,965,9,445,957,950,890,688,3,416,542,674,703,277
20203,A,골목상권,3110613,신정네거리역 4번,532,258,274,0,62,116,114,119,121,0,13,47,48,66,84,0,49,69,66,53,37
20201,A,골목상권,3111052,암사역 3번(천호동자전거거리),1652,885,767,3,192,365,475,387,230,2,74,188,246,218,157,1,118,177,229,169,73
20201,A,골목상권,3111071,천동초등학교,2013,1097,916,2,200,393,515,454,449,1,72,204,289,251,280,1,128,189,226,203,169
20201,A,골목상권,3111069,천호1동주민센터,2143,1118,1025,5,185,409,525,555,464,3,66,183,269,288,309,2,119,226,256,267,155
20201,A,골목상권,3111050,강동구청(강동구청역 2번),6451,4040,2411,30,768,1601,1613,1617,822,12,384,869,987,1154,634,18,384,732,626,463,188
20201,A,골목상권,3111066,암사동성당(효정하나플러스아파트),1710,995,715,5,169,380,394,455,307,1,71,188,219,302,214,4,98,192,175,153,93
20201,A,골목상권,3110003,세검정초등학교,3208,1681,1527,12,383,849,849,655,460,7,132,383,486,370,303,5,251,466,363,285,157
20201,A,골목상권,3110032,수족관거리,1721,729,992,8,316,378,484,355,180,7,101,148,164,183,126,1,215,230,320,172,54
20201,A,골목상권,3110049,장충단 고개,7948,4363,3585,17,1488,2210,1865,1591,777,6,534,1186,1138,986,513,11,954,1024,727,605,264
20201,A,골목상권,3110054,청구역 3번,5615,2963,2652,16,1124,1473,1173,1085,744,5,384,793,702,621,458,11,740,680,471,464,286
20201,A,골목상권,3110041,남산케이블카,5723,3089,2634,10,793,1518,1444,1163,795,7,334,836,819,626,467,3,459,682,625,537,328
20201,A,골목상권,3110533,충정로역 7번,2911,1774,1137,1,433,782,782,547,366,0,223,473,484,349,245,1,210,309,298,198,121
20201,A,골목상권,3110065,남정초등학교,2218,1561,657,13,351,641,535,358,320,11,227,499,376,234,214,2,124,142,159,124,106
20201,A,골목상권,3110080,해방촌예술마을,2226,1456,770,3,252,385,746,672,168,3,84,214,546,496,113,0,168,171,200,176,55
20201,A,골목상권,3110579,마포역 4번,5616,3529,2087,8,1017,1486,1468,1076,561,6,371,893,1024,805,430,2,646,593,444,271,131
20201,A,골목상권,3110123,마장역 3번,1433,884,549,1,176,272,329,389,266,1,78,159,191,253,202,0,98,113,138,136,64
20201,A,골목상권,3110114,왕십리파출소,2346,644,1702,8,434,328,413,711,452,1,142,144,153,139,65,7,292,184,260,572,387
20201,A,골목상권,3110121,한양대역 4번,102,61,41,0,13,22,20,20,27,0,6,11,11,12,21,0,7,11,9,8,6
20201,A,골목상권,3110127,성수1가1동주민센터,3267,2102,1165,10,572,1007,809,584,285,5,303,663,543,374,214,5,269,344,266,210,71
20201,A,골목상권,3110140,건대입구역 6번,3220,2119,1101,14,390,614,754,831,617,10,183,373,498,562,493,4,207,241,256,269,124
20201,A,골목상권,3110141,건대입구역 1번,1987,1285,702,10,275,407,532,461,302,6,137,258,349,297,238,4,138,149,183,164,64
20201,A,골목상권,3110209,답십리 장령당공원,4227,1926,2301,4,629,938,1189,1163,304,1,465,673,394,189,204,3,164,265,795,974,100
20201,A,골목상권,3110174,아차산역 1번,2909,1780,1129,7,346,545,901,765,345,3,151,328,577,479,242,4,195,217,324,286,103
20201,A,골목상권,3110144,어린이대공원역 4번,1502,932,570,0,160,238,383,492,229,0,60,133,242,323,174,0,100,105,141,169,55
20201,A,골목상권,3110152,중곡어린이공원,1671,1070,601,49,338,283,323,400,278,6,137,200,206,286,235,43,201,83,117,114,43
20201,A,골목상권,3110161,중곡역 3번,1960,1296,664,4,150,317,503,672,314,0,67,189,303,504,233,4,83,128,200,168,81
20201,A,골목상권,3110202,전농1동주민센터(전농시장),478,273,205,0,58,96,127,105,92,0,44,55,85,53,36,0,14,41,42,52,56
20201,A,골목상권,3110186,종암초등학교,1751,1308,443,2,179,330,416,475,349,0,82,256,306,362,302,2,97,74,110,113,47
20201,A,골목상권,3110221,의릉,731,443,288,0,69,158,210,196,98,0,28,92,111,132,80,0,41,66,99,64,18
20201,A,골목상권,3110206,텃골근린공원,1126,651,475,2,118,187,312,318,189,1,71,108,193,192,86,1,47,79,119,126,103
20201,A,골목상권,3110219,삼육보건대학교,4329,2321,2008,4,574,869,1055,1098,729,2,178,407,603,643,488,2,396,462,452,455,241
20201,A,골목상권,3110199,홍릉시장,962,521,441,0,76,146,204,306,230,0,34,77,102,142,166,0,42,69,102,164,64
20201,A,골목상권,3110268,망우3동주민센터,981,580,401,0,94,152,205,296,234,0,55,83,101,168,173,0,39,69,104,128,61
20201,A,골목상권,3110264,면목역 2번,1816,1064,752,3,185,354,425,524,325,0,72,184,239,342,227,3,113,170,186,182,98
20201,A,골목상권,3110279,신내역 2번,153,118,35,0,17,28,41,48,19,0,13,24,30,34,17,0,4,4,11,14,2
20201,A,골목상권,3110258,면동초등학교,1659,911,748,2,207,394,460,372,224,1,84,220,233,212,161,1,123,174,227,160,63
20201,A,골목상권,3110237,메가박스 상봉,2944,2064,880,11,293,688,935,821,196,10,142,441,668,655,148,1,151,247,267,166,48
20201,A,골목상권,3110254,오거리공원,1604,894,710,3,171,342,447,427,214,2,70,170,244,256,152,1,101,172,203,171,62
20201,A,골목상권,3110248,먹골파출소,993,487,506,3,102,224,281,230,153,0,31,111,138,105,102,3,71,113,143,125,51
20201,A,골목상권,3110245,KB국민은행 중화동지점,1375,794,581,3,141,276,386,300,269,1,58,154,230,167,184,2,83,122,156,133,85
20201,A,골목상권,3110308,길음역 8번,5558,2775,2783,420,2091,1398,817,515,317,177,921,761,443,234,239,243,1170,637,374,281,78
20201,A,골목상권,3110301,성신여대입구역 7번,2035,1073,962,20,279,387,462,501,386,15,95,170,238,285,270,5,184,217,224,216,116
20201,A,골목상권,3110300,삼선동주민센터,6172,2933,3239,11,709,1579,1872,1508,493,2,213,608,842,960,308,9,496,971,1030,548,185
20201,A,골목상권,3110328,상월곡역 3번,745,414,331,3,111,200,209,158,64,1,47,116,119,84,47,2,64,84,90,74,17
20201,A,골목상권,3110323,상월곡역 1번,2096,1206,890,4,330,425,556,516,265,0,143,247,333,295,188,4,187,178,223,221,77
20201,A,골목상권,3110325,장곡초등학교,1196,710,486,3,130,246,318,285,214,3,60,131,186,172,158,0,70,115,132,113,56
20201,A,골목상권,3110329,우리은행체육관,1168,696,472,8,126,245,281,288,220,4,44,127,158,191,172,4,82,118,123,97,48
20201,A,골목상권,3110418,광운대학교 남단,2395,1300,1095,17,439,649,567,454,269,5,188,388,277,239,203,12,251,261,290,215,66
20201,A,골목상권,3110292,정릉역 2번,1165,443,722,1,229,306,319,217,93,0,57,124,99,95,68,1,172,182,220,122,25
20201,A,골목상권,3110289,북한산보국문역 2번,1565,804,761,0,234,320,398,370,243,0,63,140,184,230,187,0,171,180,214,140,56
20201,A,골목상권,3110320,KB국민은행 종암동지점,1030,585,445,1,84,202,331,295,117,1,23,84,177,219,81,0,61,118,154,76,36
20201,A,골목상권,3110369,성신여대운정그린캠퍼스,1935,860,1075,5,242,321,436,458,473,1,65,112,181,208,293,4,177,209,255,250,180
20201,A,골목상권,3110376,수송초등학교,2101,1069,1032,3,230,420,522,498,428,2,80,208,286,240,253,1,150,212,236,258,175
20201,A,골목상권,3110351,수유북부시장옆,1198,652,546,0,84,147,263,467,237,0,30,65,139,235,183,0,54,82,124,232,54
20201,A,골목상권,3110362,우이천 계성교,961,497,464,1,126,190,258,236,150,0,48,103,126,120,100,1,78,87,132,116,50
20201,A,골목상권,3110356,덕수교,687,389,298,0,56,108,200,172,151,0,20,63,108,94,104,0,36,45,92,78,47
20201,A,골목상권,3110343,무너미어린이공원,1770,1049,721,0,112,212,300,288,858,0,32,122,161,148,586,0,80,90,139,140,272
20201,A,골목상권,3110382,솔밭공원역 1번,391,147,244,1,43,67,98,118,64,0,9,21,28,46,43,1,34,46,70,72,21
20201,A,골목상권,3110413,누원고등학교,568,365,203,0,36,70,115,162,185,0,15,44,66,102,138,0,21,26,49,60,47
20201,A,골목상권,3110422,노원역 9번,1516,697,819,1,187,294,388,390,256,1,71,171,178,157,119,0,116,123,210,233,137
20201,A,골목상권,3110430,중계초등학교,1110,567,543,3,90,168,259,328,262,0,28,66,114,160,199,3,62,102,145,168,63
20201,A,골목상권,3110417,월계역 3번,348,134,214,2,49,63,67,100,67,2,18,35,21,34,24,0,31,28,46,66,43
20201,A,골목상권,3110441,영신여고,1036,451,585,3,105,241,280,305,102,3,45,111,106,125,61,0,60,130,174,180,41
20201,A,골목상권,3110427,노원 을지대학교병원,1752,1176,576,1,156,280,416,577,322,0,59,139,273,460,245,1,97,141,143,117,77
20201,A,골목상권,3110477,은평세무서,2219,1137,1082,6,199,354,531,627,502,2,93,192,270,298,282,4,106,162,261,329,220
20201,A,골목상권,3110476,역촌역 2번,1304,706,598,1,170,308,350,300,175,1,61,154,198,161,131,0,109,154,152,139,44
20201,A,골목상권,3110503,명지대학교교회,3329,2219,1110,30,564,1004,816,642,273,26,345,725,552,388,183,4,219,279,264,254,90
20201,A,골목상권,3110499,연가초등학교,1715,905,810,0,165,359,447,470,274,0,64,203,231,222,185,0,101,156,216,248,89
20201,A,골목상권,3110558,경성고등학교,4895,3051,1844,21,679,1152,1227,1106,710,18,346,676,765,727,519,3,333,476,462,379,191
20201,A,골목상권,3110537,충정로현대아파트,4722,3057,1665,15,800,1434,1132,868,473,9,385,840,810,674,339,6,415,594,322,194,134
20201,A,골목상권,3110541,동교초등학교,1947,1046,901,2,295,400,519,419,312,1,112,214,273,234,212,1,183,186,246,185,100
20201,A,골목상권,3110522,홍제역 3번,1269,694,575,3,128,184,351,436,167,1,37,93,189,254,120,2,91,91,162,182,47
20201,A,골목상권,3110571,신수동주민센터,5389,2967,2422,10,665,1386,1427,1276,625,9,253,623,760,871,451,1,412,763,667,405,174
20201,A,골목상권,3110555,홍익지구대,3611,1855,1756,10,638,968,938,631,426,5,213,449,543,370,275,5,425,519,395,261,151
20201,A,골목상권,3110627,신정롯데캐슬아파트,12409,6926,5483,66,2312,4020,3158,2183,670,31,900,2143,1942,1409,501,35,1412,1877,1216,774,169
20201,A,골목상권,3110628,신목동역,2125,1374,751,4,260,583,583,460,235,2,128,352,393,345,154,2,132,231,190,115,81
20201,A,골목상권,3110679,염창역 2번,2730,2023,707,4,276,584,863,682,321,3,134,413,667,544,262,1,142,171,196,138,59
20201,A,골목상권,3110612,신정역 5번,4440,2606,1834,12,892,682,723,821,1310,5,273,329,389,473,1137,7,619,353,334,348,173
20201,A,골목상권,3110629,송정역 4번,923,553,370,1,104,171,216,231,200,1,47,114,124,142,125,0,57,57,92,89,75
20201,A,골목상권,3110669,화곡보람2차아파트,4693,2768,1925,4,1133,1316,897,642,701,3,357,873,675,396,464,1,776,443,222,246,237
20201,A,골목상권,3110649,우장산역 1번,1340,739,601,2,254,249,320,285,230,0,111,132,152,166,178,2,143,117,168,119,52
20201,A,골목상권,3110670,신곡초등학교,1600,1036,564,8,185,409,399,404,195,5,114,286,251,246,134,3,71,123,148,158,61
20201,A,골목상권,3110666,KC대학교,2132,1568,564,4,303,715,531,460,119,2,205,564,385,312,100,2,98,151,146,148,19
20201,A,골목상권,3110725,가산동주민센터,1841,864,977,4,142,241,320,390,744,2,70,130,189,193,280,2,72,111,131,197,464
20201,A,골목상권,3110700,고척초등학교,5750,4109,1641,10,516,1259,1605,1791,569,7,268,901,1181,1363,389,3,248,358,424,428,180
20201,A,골목상권,3110689,오류동역 3번,4517,2899,1618,15,569,864,1106,1262,701,8,405,556,678,764,488,7,164,308,428,498,213
20201,A,골목상권,3110690,오류2동버들시장,2262,1291,971,1,225,460,530,550,496,0,85,257,277,318,354,1,140,203,253,232,142
20201,A,골목상권,3110766,대림역 5번,5601,3708,1893,16,432,998,1379,1285,1491,5,258,730,1005,825,885,11,174,268,374,460,606
20201,A,골목상권,3110735,말미고개,2955,1738,1217,9,360,595,662,815,514,5,187,340,372,445,389,4,173,255,290,370,125
20201,A,골목상권,3110736,독산119안전센터,2709,1626,1083,4,307,444,561,745,648,2,174,271,330,427,422,2,133,173,231,318,226
20201,A,골목상권,3110746,금천금빛공원(은행나무사거리서측),971,444,527,1,93,156,237,270,214,1,36,71,105,122,109,0,57,85,132,148,105
20201,A,골목상권,3110783,영등포시장역 1번,2418,1654,764,5,411,700,493,528,281,3,259,492,345,391,164,2,152,208,148,137,117
20201,A,골목상권,3110793,대림썬프라자,1502,904,598,6,139,384,505,343,125,5,85,243,259,219,93,1,54,141,246,124,32
20201,A,골목상권,3110799,영등포본동주민센터,524,336,188,5,69,90,131,119,110,3,34,56,85,77,81,2,35,34,46,42,29
20201,A,골목상권,3110777,구로세무서,5825,3399,2426,22,1229,1703,1556,963,352,10,493,985,1009,609,293,12,736,718,547,354,59
20201,A,골목상권,3110821,보라매역 2번,19310,12435,6875,51,3710,3777,3102,4534,4136,27,2841,3091,2036,2222,2218,24,869,686,1066,2312,1918
20201,A,골목상권,3110788,영등포시장역 3번,924,604,320,3,106,166,286,224,139,1,58,113,202,145,85,2,48,53,84,79,54
20201,A,골목상권,3110840,중앙대학교,417,214,203,1,67,68,111,97,73,0,25,31,63,47,48,1,42,37,48,50,25
20201,A,골목상권,3110836,상도역 5번,4431,2490,1941,12,805,1182,1020,914,498,2,328,680,619,553,308,10,477,502,401,361,190
20201,A,골목상권,3110893,관악소방서(문영여고),1814,1409,405,2,342,557,398,425,90,1,237,436,304,357,74,1,105,121,94,68,16
20201,A,골목상권,3110878,미림여고,694,367,327,6,72,190,185,152,89,1,25,91,112,75,63,5,47,99,73,77,26
20201,A,골목상권,3110861,관악구신사동주민센터,4975,3397,1578,4,758,1388,1398,981,446,2,354,958,1075,707,301,2,404,430,323,274,145
20201,A,골목상권,3110890,봉천역 1번(관악초등학교),2071,803,1268,4,374,519,473,347,354,0,67,152,208,174,202,4,307,367,265,173,152
20201,A,골목상권,3110960,은광여고,20267,15455,4812,50,2314,4244,5292,6237,2130,36,1372,3182,4359,5022,1484,14,942,1062,933,1215,646
20201,A,골목상권,3110954,국기원,7043,3734,3309,24,2010,2434,1352,626,597,8,648,1239,953,450,436,16,1362,1195,399,176,161
20201,A,골목상권,3110936,더케이호텔(양재리본타워2단지아파트),1540,1105,435,14,246,433,389,311,147,10,159,288,286,247,115,4,87,145,103,64,32
20201,A,골목상권,3110940,양재근린공원(양재2동주민센터),6573,4578,1995,36,1029,1761,1701,1243,803,22,601,1228,1211,872,644,14,428,533,490,371,159
20201,A,골목상권,3110950,논현역 7번,14453,8508,5945,36,3283,4779,3414,1982,959,15,1326,2815,2305,1346,701,21,1957,1964,1109,636,258
20201,A,골목상권,3110949,한남IC,8417,5196,3221,28,1675,2570,2221,1300,623,15,760,1654,1435,852,480,13,915,916,786,448,143
20201,A,골목상권,3110993,개포지하차도 북측,142,86,56,0,14,21,31,45,31,0,4,14,19,28,21,0,10,7,12,17,10
20201,A,골목상권,3110983,국립국악고등학교,3034,1919,1115,12,544,819,737,554,368,2,245,512,476,373,311,10,299,307,261,181,57
20201,A,골목상권,3110964,싸리고개근린공원,8566,5556,3010,26,1611,2345,2176,1418,990,12,704,1538,1503,1014,785,14,907,807,673,404,205
20201,A,골목상권,3110995,봉은사역 4번,25206,19697,5509,27,4263,7944,7350,4403,1219,8,2756,6028,6191,3798,916,19,1507,1916,1159,605,303
20201,A,골목상권,3111001,아래방죽마을공원(율현초등학교),219,110,109,0,13,33,35,73,65,0,7,22,21,34,26,0,6,11,14,39,39
20201,A,골목상권,3110998,은곡마을(은곡마을공원),32,21,11,1,2,11,8,6,4,0,0,5,7,6,3,1,2,6,1,0,1
20201,A,골목상권,3110959,신구중학교,10232,5500,4732,112,2286,2945,2031,1596,1262,41,1015,1708,1395,759,582,71,1271,1237,636,837,680
20201,A,골목상권,3110962,도산공원북측,5103,2987,2116,21,1320,1864,1050,603,245,7,552,1132,729,415,152,14,768,732,321,188,93
20201,A,골목상권,3110997,대청초등학교,11645,4219,7426,31,3352,3686,2392,1435,749,3,709,1330,968,683,526,28,2643,2356,1424,752,223
20201,A,골목상권,3110979,청담초등학교,13513,6688,6825,34,3681,4952,2707,1503,636,14,1248,2542,1596,814,474,20,2433,2410,1111,689,162
20201,A,골목상권,3111027,문정초등학교,37078,28582,8496,20,3311,6648,10483,13841,2775,8,1965,4804,8129,11835,1841,12,1346,1844,2354,2006,934
20201,A,골목상권,3111020,방이동고분군(방산고등학교),4863,2790,2073,7,576,1242,1105,1165,768,4,274,719,681,609,503,3,302,523,424,556,265
20201,A,골목상권,3111032,방이역 1번,21842,16091,5751,28,2688,5066,5500,5171,3389,14,1606,3510,4215,4282,2464,14,1082,1556,1285,889,925
20201,A,골목상권,3111005,삼전역 3번,5492,3680,1812,15,836,1398,1269,1121,853,5,485,996,882,696,616,10,351,402,387,425,237
20201,A,골목상권,3111037,Sh수협은행 오금동금융센터(아랫말어린이공원),1645,894,751,0,186,380,425,449,205,0,97,235,228,207,127,0,89,145,197,242,78
20201,A,골목상권,3111089,상일여고(상일초등학교),858,553,305,0,66,157,203,261,171,0,37,92,135,164,125,0,29,65,68,97,46
20201,A,골목상권,3111067,강동구립성내도서관,5641,2901,2740,16,1009,1238,1344,1086,948,11,337,615,758,580,600,5,672,623,586,506,348
20201,A,골목상권,3111081,둔촌푸르지오아파트,986,603,383,2,117,183,200,251,233,1,58,108,117,139,180,1,59,75,83,112,53
20201,A,골목상권,3111059,강동역 4번(강풀만화거리),6849,3822,3027,10,1115,1236,1379,1299,1810,5,483,642,758,760,1174,5,632,594,621,539,636
20201,A,골목상권,3110005,세검정,2126,1089,1037,8,301,565,557,474,221,3,123,271,287,262,143,5,178,294,270,212,78
20201,A,골목상권,3110008,배화여자대학교(박노수미술관),3476,1938,1538,39,627,808,767,729,506,0,227,405,439,476,391,39,400,403,328,253,115
20201,A,골목상권,3110015,청와대사랑채,2312,1284,1028,37,513,765,497,301,199,0,191,422,324,192,155,37,322,343,173,109,44
20201,A,골목상권,3110035,동묘앞역 2번,3390,1775,1615,3,258,367,549,741,1472,0,87,183,285,341,879,3,171,184,264,400,593
20201,A,골목상권,3110055,황학동벼룩시장,2333,1280,1053,28,821,479,422,378,205,15,352,239,270,253,151,13,469,240,152,125,54
20201,A,골목상권,3110027,혜화역 1번,3124,1658,1466,9,394,650,865,728,478,5,112,253,479,462,347,4,282,397,386,266,131
20201,A,골목상권,3110030,동대문역 3번,1126,461,665,0,92,206,371,274,183,0,28,77,108,117,131,0,64,129,263,157,52
20201,A,골목상권,3110011,청운초등학교,1873,802,1071,13,318,482,437,339,284,2,65,197,195,159,184,11,253,285,242,180,100
20201,A,골목상권,3110024,혜회동주민센터,4244,1855,2389,27,697,1078,959,887,596,17,228,488,437,385,300,10,469,590,522,502,296
20201,A,골목상권,3110043,충무초등학교,6397,3882,2515,33,1241,1562,1628,1186,747,16,534,903,1084,808,537,17,707,659,544,378,210
20201,A,골목상권,3110082,용산구청,2532,1305,1227,13,448,730,571,554,216,10,162,304,295,368,166,3,286,426,276,186,50
20201,A,골목상권,3110045,동대문역사문화공원역 5번,40455,19049,21406,468,12792,10627,8138,6043,2387,192,5994,6220,4414,1662,567,276,6798,4407,3724,4381,1820
20201,A,골목상권,3110057,황학코아루아파트,1699,938,761,4,273,439,448,319,216,3,142,252,209,171,161,1,131,187,239,148,55
20201,A,골목상권,3110078,이촌동점보아파트,4727,2990,1737,17,766,1262,1193,1032,457,3,410,782,806,673,316,14,356,480,387,359,141
20201,A,골목상권,3110588,한겨레신문사,1133,567,566,1,166,237,297,284,148,1,73,129,147,128,89,0,93,108,150,156,59
20201,A,골목상권,3110073,삼각지역 3번,21368,6873,14495,123,6007,7127,5572,1957,582,50,2112,2306,1403,668,334,73,3895,4821,4169,1289,248
20201,A,골목상권,3110076,삼각지역 14번,2654,1645,1009,1,399,738,689,600,227,1,224,455,468,356,141,0,175,283,221,244,86
20201,A,골목상권,3110099,유엔빌리지길,21963,17803,4160,47,2625,5547,6288,6683,773,36,1322,4089,5454,6255,647,11,1303,1458,834,428,126
20201,A,골목상권,3110107,금호사거리,2695,1164,1531,16,307,810,1020,361,181,1,105,274,437,205,142,15,202,536,583,156,39
20201,A,골목상권,3110117,성동구보건소,3042,1046,1996,9,527,459,593,877,577,2,180,225,258,242,139,7,347,234,335,635,438
20201,A,골목상권,3110112,행당역 2번,1354,720,634,1,163,289,360,364,177,0,63,131,193,205,128,1,100,158,167,159,49
20201,A,골목상권,3110229,장평중학교,4729,3089,1640,10,521,877,975,1057,1289,6,275,555,639,696,918,4,246,322,336,361,371
20201,A,골목상권,3110113,응봉산,260,138,122,1,39,45,77,52,46,0,10,23,38,26,41,1,29,22,39,26,5
20201,A,골목상권,3110169,성동초등학교,4265,2889,1376,14,444,930,1078,1032,767,2,248,611,726,722,580,12,196,319,352,310,187
20201,A,골목상권,3110156,군자역 5번,3040,1883,1157,7,484,700,775,587,487,3,263,406,480,355,376,4,221,294,295,232,111
20201,A,골목상권,3110157,자양동우체국,1846,1325,521,14,427,408,437,359,201,10,335,309,286,227,158,4,92,99,151,132,43
20201,A,골목상권,3110163,성자초등학교,1358,679,679,1,136,233,372,407,209,1,60,112,160,197,149,0,76,121,212,210,60
20201,A,골목상권,3110168,대원고등학교,1985,1153,832,0,192,440,482,552,319,0,76,207,253,351,266,0,116,233,229,201,53
20201,A,골목상권,3110212,답십리초등학교,3380,2234,1146,24,681,841,827,639,368,21,491,622,488,363,249,3,190,219,339,276,119
20201,A,골목상권,3110187,제기동역 6번,5909,3849,2060,18,1010,1530,1329,1085,937,8,568,966,887,742,678,10,442,564,442,343,259
20201,A,골목상권,3110309,대광초등학교,2784,1954,830,10,336,612,722,679,425,4,187,423,511,486,343,6,149,189,211,193,82
20201,A,골목상권,3110231,장안교,728,483,245,0,55,125,159,208,181,0,22,52,89,162,158,0,33,73,70,46,23
20201,A,골목상권,3110203,떡전교사거리,1653,740,913,2,227,282,322,365,455,2,66,119,144,167,242,0,161,163,178,198,213
20201,A,골목상권,3110194,홍파초등학교,1028,599,429,1,94,200,292,318,123,0,58,123,168,168,82,1,36,77,124,150,41
20201,A,골목상권,3110278,망우본동주민센터,1851,1277,574,3,136,243,393,562,514,1,62,113,218,409,474,2,74,130,175,153,40
20201,A,골목상권,3110242,면목5동주민센터,867,570,297,0,78,153,226,199,211,0,36,99,119,132,184,0,42,54,107,67,27
20201,A,골목상권,3110246,월드순복음교회,1402,769,633,4,139,280,360,346,273,1,42,139,213,197,177,3,97,141,147,149,96
20201,A,골목상권,3110261,사가정역 4번,1640,972,668,5,175,265,434,463,298,4,62,125,253,303,225,1,113,140,181,160,73
20201,A,골목상권,3110241,먹골역 5번,2166,1475,691,1,315,530,524,571,225,1,183,366,341,415,169,0,132,164,183,156,56
20201,A,골목상권,3110233,중랑역 1번,893,461,432,6,154,146,204,200,183,4,65,61,89,121,121,2,89,85,115,79,62
20201,A,골목상권,3110318,KT월곡지사,3595,2540,1055,4,306,612,723,786,1164,2,171,405,460,571,931,2,135,207,263,215,233
20201,A,골목상권,3110377,미아사거리역 3번,694,331,363,7,98,129,184,169,107,6,42,61,75,80,67,1,56,68,109,89,40
20201,A,골목상권,3110281,길상사,16413,13694,2719,22,1927,3775,4747,5449,493,3,1165,2821,4173,5180,352,19,762,954,574,269,141
20201,A,골목상권,3110373,수유역 2번,2772,1558,1214,6,358,532,544,703,629,4,150,310,293,432,369,2,208,222,251,271,260
20201,A,골목상권,3110379,KT&G 북부지사,623,302,321,2,67,85,155,224,90,0,26,30,63,131,52,2,41,55,92,93,38
20201,A,골목상권,3110348,강북문화예술회관,2983,2155,828,0,93,237,630,911,1112,0,20,143,489,717,786,0,73,94,141,194,326
20201,A,골목상권,3110383,덕성여대시반거리,437,131,306,0,77,73,112,105,70,0,9,16,36,28,42,0,68,57,76,77,28
20201,A,골목상권,3110345,솔밭공원역 2번,708,263,445,1,82,141,166,188,130,0,15,41,54,71,82,1,67,100,112,117,48
20201,A,골목상권,3110342,국립재활원,1911,1168,743,0,163,409,566,562,211,0,54,205,383,372,154,0,109,204,183,190,57
20201,A,골목상권,3110338,인수초등학교,1029,648,381,3,137,254,247,265,123,3,70,171,149,154,101,0,67,83,98,111,22
20201,A,골목상권,3110402,도봉구 정병원,1673,968,705,5,226,351,392,442,257,4,101,216,235,250,162,1,125,135,157,192,95
20201,A,골목상권,3110392,발바닥공원,590,396,194,3,85,182,168,101,51,2,37,113,135,71,38,1,48,69,33,30,13
20201,A,골목상권,3110416,노원초등학교,1205,552,653,8,124,241,275,314,243,6,45,126,116,149,110,2,79,115,159,165,133
20201,A,골목상권,3110428,상계5동주민센터,1874,914,960,5,133,226,324,460,726,1,48,116,138,200,411,4,85,110,186,260,315
20201,A,골목상권,3110464,연신내역 5번,1985,1122,863,7,199,380,509,459,431,5,83,205,246,266,317,2,116,175,263,193,114
20201,A,골목상권,3110457,예일여고,3334,1823,1511,11,339,504,700,1175,605,2,131,234,342,705,409,9,208,270,358,470,196
20201,A,골목상권,3110488,우리은행응암동지점,3399,1825,1574,8,407,862,868,872,382,5,208,429,423,511,249,3,199,433,445,361,133
20201,A,골목상권,3110485,연신내우체국,2037,1061,976,2,103,180,239,350,1163,1,45,107,106,143,659,1,58,73,133,207,504
20201,A,골목상권,3110449,증산역 3번,2851,1858,993,1,398,704,743,668,337,0,156,480,515,477,230,1,242,224,228,191,107
20201,A,골목상권,3110523,홍제성원아파트,259,109,150,1,36,55,62,74,31,0,14,19,28,27,21,1,22,36,34,47,10
20201,A,골목상권,3110586,서울서부지방법원,11593,7273,4320,37,2044,3389,3339,2245,539,5,959,1962,2248,1752,347,32,1085,1427,1091,493,192
20201,A,골목상권,3110540,망원나들목체육관,1899,1092,807,8,639,591,325,211,125,1,387,316,158,136,94,7,252,275,167,75,31
20201,A,골목상권,3110567,광흥창역 6번,510,261,249,0,80,126,127,118,59,0,35,61,66,62,37,0,45,65,61,56,22
20201,A,골목상권,3110565,홍익대,4319,2959,1360,13,708,1013,1064,875,646,7,389,669,759,621,514,6,319,344,305,254,132
20201,A,골목상권,3110560,마포FM,4675,2819,1856,11,653,1106,1054,998,853,9,292,695,738,584,501,2,361,411,316,414,352
20201,A,골목상권,3110549,새터산,2447,1476,971,6,323,490,622,631,375,4,169,276,370,408,249,2,154,214,252,223,126
20201,A,골목상권,3110581,염리초등학교,8998,5077,3921,16,1305,2124,2079,1885,1589,7,628,1198,1340,989,915,9,677,926,739,896,674
20201,A,골목상권,3110617,등촌역 4번,2496,1419,1077,2,330,561,641,599,363,0,156,350,350,329,234,2,174,211,291,270,129
20201,A,골목상권,3110676,등촌역 7번,2587,1617,970,12,360,533,656,601,425,6,154,333,395,389,340,6,206,200,261,212,85
20201,A,골목상권,3110656,까치산역 3번,3071,1778,1293,17,286,570,813,925,460,15,146,353,484,505,275,2,140,217,329,420,185
20201,A,골목상권,3110654,까치산역 4번,3556,2235,1321,15,324,625,928,1128,536,13,164,373,533,736,416,2,160,252,395,392,120
20201,A,골목상권,3110597,신월1동주민센터,2472,1402,1070,4,249,481,521,657,560,1,110,252,269,403,367,3,139,229,252,254,193
20201,A,골목상권,3110665,곰달래도서관,2356,1305,1051,4,236,435,587,666,428,4,101,243,325,344,288,0,135,192,262,322,140
20201,A,골목상권,3110615,신서초등학교,848,519,329,2,79,148,152,220,247,1,36,81,84,146,171,1,43,67,68,74,76
20201,A,골목상권,3110674,강서구청가양동별관,2810,1867,943,13,484,647,757,564,345,8,334,446,510,346,223,5,150,201,247,218,122
20201,A,골목상권,3110677,등촌역 1번,3921,2407,1514,15,590,925,884,897,610,12,265,549,522,592,467,3,325,376,362,305,143
20201,A,골목상권,3110631,방화초등학교,2022,1206,816,5,282,386,462,504,383,5,137,222,260,288,294,0,145,164,202,216,89
20201,A,골목상권,3110636,방화역 2번,2261,1548,713,6,180,387,715,586,387,4,92,216,507,418,311,2,88,171,208,168,76
20201,A,골목상권,3110723,가산디지털단지역 1번 출입구,6364,4269,2095,13,1161,2024,1564,904,698,8,553,1337,1145,699,527,5,608,687,419,205,171
20201,A,골목상권,3110662,까치산역 1번,3644,2133,1511,8,464,871,961,872,468,6,214,496,504,566,347,2,250,375,457,306,121
20201,A,골목상권,3110732,가산초등학교(세일중학교),2697,1734,963,13,406,604,664,616,394,4,232,369,400,410,319,9,174,235,264,206,75
20201,A,골목상권,3110729,가산동우체국,3002,1566,1436,10,310,527,627,607,921,6,171,294,365,336,394,4,139,233,262,271,527
20201,A,골목상권,3110691,개봉중학교,2121,1250,871,6,243,460,510,560,342,1,134,278,283,301,253,5,109,182,227,259,89
20201,A,골목상권,3110705,고산초등학교,2324,1523,801,3,295,489,490,507,540,2,148,292,274,324,483,1,147,197,216,183,57
20201,A,골목상권,3110680,온수역 5번(온수산업단지),1651,1405,246,18,174,252,303,480,424,18,138,209,238,407,395,0,36,43,65,73,29
20201,A,골목상권,3110685,금강수목원아파트,1014,749,265,2,60,190,279,274,209,1,35,123,189,214,187,1,25,67,90,60,22
20201,A,골목상권,3110854,조원동주민센터,3686,2722,964,3,494,609,555,569,1456,1,220,390,345,394,1372,2,274,219,210,175,84
20201,A,골목상권,3110742,KT금천빌딩(금천구시설관리공단),1604,1021,583,0,211,338,390,400,265,0,133,223,244,230,191,0,78,115,146,170,74
20201,A,골목상권,3110748,백산초등학교,1088,584,504,0,104,213,289,304,178,0,44,118,147,162,113,0,60,95,142,142,65
20201,A,골목상권,3110750,시흥4동주민센터(서울신흥초등학교),1125,636,489,9,163,218,324,281,130,8,89,133,186,127,93,1,74,85,138,154,37
20201,A,골목상권,3110749,금산초등학교(금천고등학교),7714,4555,3159,13,568,1109,1786,2003,2235,4,300,718,1027,1087,1419,9,268,391,759,916,816
20201,A,골목상권,3110763,영등포구청역 2번,7998,3926,4072,23,1606,2127,1491,1555,1196,12,684,1112,819,673,626,11,922,1015,672,882,570
20201,A,골목상권,3110786,당산역 8번,7202,5111,2091,19,1007,1783,1914,1612,867,6,490,1180,1444,1314,677,13,517,603,470,298,190
20201,A,골목상권,3110762,선유도역 1번,6490,4189,2301,17,859,1406,1594,1541,1073,11,470,902,970,975,861,6,389,504,624,566,212
20201,A,골목상권,3110803,신길2동우편취급국,2306,1308,998,6,226,496,505,482,591,3,103,233,253,261,455,3,123,263,252,221,136
20201,A,골목상권,3110757,양평역 2번,2594,1895,699,3,271,581,643,581,515,2,144,438,483,429,399,1,127,143,160,152,116
20201,A,골목상권,3110817,대방역 4번,3279,1548,1731,9,625,746,811,579,509,4,208,342,403,284,307,5,417,404,408,295,202
20201,A,골목상권,3110807,신길역 3번,994,401,593,5,113,194,247,269,166,2,40,84,97,101,77,3,73,110,150,168,89
20201,A,골목상권,3110847,예술인마을,2033,1270,763,3,284,468,518,409,351,3,131,269,312,253,302,0,153,199,206,156,49
20201,A,골목상권,3110903,방배아이파크아파트,13318,6720,6598,17,2219,3034,3683,2226,2139,5,678,1278,1774,1240,1745,12,1541,1756,1909,986,394
20203,A,골목상권,3110706,그라운드 고척,2411,1613,798,2,310,586,628,638,247,2,161,381,415,463,191,0,149,205,213,175,56
20203,A,골목상권,3110701,고척동성당,2031,1278,753,7,310,414,454,523,323,1,176,260,284,305,252,6,134,154,170,218,71
20203,A,골목상권,3110657,양천향교역 5번,8471,5307,3164,17,1024,2088,2090,1892,1360,11,513,1206,1353,1162,1062,6,511,882,737,730,298
20203,A,골목상권,3110648,양천향교역 7번,4059,2626,1433,14,469,835,925,929,887,10,238,536,594,535,713,4,231,299,331,394,174
20203,A,골목상권,3110671,등촌1동주민센터,10403,6389,4014,31,1969,2531,2337,1997,1538,18,787,1620,1611,1312,1041,13,1182,911,726,685,497
20203,A,골목상권,3110658,화곡초등학교,3192,1856,1336,2,811,765,628,538,448,0,270,453,376,381,376,2,541,312,252,157,72
20203,A,골목상권,3110668,화곡2동주민센터,3004,1684,1320,10,406,790,822,630,346,7,198,431,436,373,239,3,208,359,386,257,107
20203,A,골목상권,3110721,가리봉파출소,9719,6601,3118,27,1764,3184,2464,1435,845,13,942,2250,1830,926,640,14,822,934,634,509,205
20203,A,골목상권,3110703,개봉역,8618,4789,3829,41,1381,2048,1932,2036,1180,22,796,1309,965,946,751,19,585,739,967,1090,429
20203,A,골목상권,3110693,오류동역 4번,2696,1879,817,4,369,515,637,750,421,3,300,366,437,480,293,1,69,149,200,270,128
20203,A,골목상권,3110709,구로119안전센터,1187,559,628,4,117,165,257,381,263,2,53,88,142,137,137,2,64,77,115,244,126
20203,A,골목상권,3110716,구로나눔길,4822,2652,2170,7,579,1315,1117,1252,552,3,265,697,592,776,319,4,314,618,525,476,233
20203,A,골목상권,3110769,대림차이나타운(대림역 12번),1954,1208,746,5,121,251,393,460,724,3,75,164,232,290,444,2,46,87,161,170,280
20203,A,골목상권,3110761,문래동남성맨션,1158,827,331,2,91,236,304,299,226,1,64,159,218,197,188,1,27,77,86,102,38
20203,A,골목상권,3110741,독산2동주민센터,1504,811,693,3,175,295,351,425,255,2,91,145,170,215,188,1,84,150,181,210,67
20203,A,골목상권,3110859,난향초등학교,512,230,282,1,45,111,154,119,82,0,3,44,63,56,64,1,42,67,91,63,18
20203,A,골목상권,3110789,대림성모병원,3410,1458,1952,2,996,845,702,539,326,2,257,378,363,264,194,0,739,467,339,275,132
20203,A,골목상권,3110780,신길대성유니드아파트,1394,925,469,1,137,277,365,360,254,1,88,167,227,235,207,0,49,110,138,125,47
20203,A,골목상권,3110772,신우어린이공원,1405,839,566,1,221,295,338,329,221,0,93,177,214,205,150,1,128,118,124,124,71
20203,A,골목상권,3110785,영등포푸르지오아파트,2009,1361,648,6,207,449,544,471,332,4,93,298,379,338,249,2,114,151,165,133,83
20203,A,골목상권,3110787,신길3동주민센터,1010,595,415,3,99,199,285,264,160,3,47,107,166,160,112,0,52,92,119,104,48
20203,A,골목상권,3110758,문래소공원,14709,7623,7086,103,3376,3787,3217,3111,1115,31,1541,2760,1604,829,858,72,1835,1027,1613,2282,257
20203,A,골목상권,3110815,공군호텔,3580,1559,2021,5,645,846,827,727,530,0,194,396,377,297,295,5,451,450,450,430,235
20203,A,골목상권,3110808,신길역 1번,1130,445,685,0,100,235,310,302,183,0,32,108,122,98,85,0,68,127,188,204,98
20203,A,골목상권,3110804,신풍역 1번,1741,798,943,1,169,357,520,405,289,0,76,149,168,199,206,1,93,208,352,206,83
20203,A,골목상권,3110832,노량진초등학교,4040,2156,1884,1,568,1114,970,953,434,0,307,514,509,572,254,1,261,600,461,381,180
20203,A,골목상권,3110822,신대방삼거리역 4번(대림초등학교),2751,1560,1191,2,363,614,588,613,571,0,112,362,360,362,364,2,251,252,228,251,207
20203,A,골목상권,3110850,사당역 10번,7894,4180,3714,14,1345,2053,2169,1428,885,5,442,1014,1153,889,677,9,903,1039,1016,539,208
20203,A,골목상권,3110907,방배초등학교,7536,4093,3443,28,1176,1611,1757,1598,1366,16,482,896,974,820,905,12,694,715,783,778,461
20203,A,골목상권,3110886,관악해태어린이공원,1445,959,486,3,127,237,384,457,237,1,51,115,248,345,199,2,76,122,136,112,38
20203,A,골목상권,3110870,신림주공2단지(광신고등학교),926,524,402,2,74,142,244,279,185,0,27,71,123,158,145,2,47,71,121,121,40
20203,A,골목상권,3110888,청룡동주민센터,1962,823,1139,4,400,564,469,301,224,0,83,193,220,164,163,4,317,371,249,137,61
20203,A,골목상권,3110880,신림역 1번,1885,706,1179,2,469,465,373,346,230,1,114,169,180,115,127,1,355,296,193,231,103
20203,A,골목상권,3110896,관악우성아파트,736,263,473,3,103,109,175,206,140,2,34,34,61,79,53,1,69,75,114,127,87
20203,A,골목상권,3110948,헌인가구단지,57,27,30,0,5,24,14,11,3,0,4,12,6,2,3,0,1,12,8,9,0
20203,A,골목상권,3110921,서울프랑스학교,78980,73122,5858,28,7548,16129,20976,31809,2490,12,6231,14222,19329,31052,2276,16,1317,1907,1647,757,214
20203,A,골목상권,3110912,방배동사이길,10864,6872,3992,39,2280,3332,2614,1988,611,11,836,2031,1921,1590,483,28,1444,1301,693,398,128
20203,A,골목상권,3110933,한국상담대학원대학교,5166,2935,2231,17,1332,1552,1139,789,337,4,500,976,763,474,218,13,832,576,376,315,119
20203,A,골목상권,3110935,한전아트센터,15447,13162,2285,22,2512,5659,3695,2968,591,17,1823,4896,3229,2703,494,5,689,763,466,265,97
20203,A,골목상권,3110984,포이초등학교(개포목련어린이공원),3582,2150,1432,4,498,767,882,784,647,1,250,501,486,430,482,3,248,266,396,354,165
20203,A,골목상권,3110978,도곡2동주민센터(대치중학교),9979,6980,2999,40,2087,3214,2294,1200,1144,23,1136,2370,1884,909,658,17,951,844,410,291,486
20203,A,골목상권,3110971,선정릉역 4번,19901,10561,9340,56,4117,6246,4806,2922,1754,20,1411,3453,2772,1734,1171,36,2706,2793,2034,1188,583
20203,A,골목상권,3110974,언주중학교,8256,5430,2826,32,1847,2573,1708,1193,903,20,851,1532,1318,975,734,12,996,1041,390,218,169
20203,A,골목상권,3110975,매봉역 1번,20752,14192,6560,76,4365,5383,5577,4328,1023,51,2288,3472,4126,3439,816,25,2077,1911,1451,889,207
20203,A,골목상권,3111040,거여초등학교,2357,1472,885,10,310,602,594,522,319,9,179,402,365,295,222,1,131,200,229,227,97
20203,A,골목상권,3111026,문정역 2번,5159,3277,1882,8,771,1232,1312,1131,705,3,429,810,876,634,525,5,342,422,436,497,180
20203,A,골목상권,3111017,송파나루역 3번,3628,2432,1196,16,792,796,869,755,400,11,460,537,585,527,312,5,332,259,284,228,88
20203,A,골목상권,3111010,석촌역 7번,7142,5058,2084,9,802,1620,1617,1242,1852,6,441,1150,1102,793,1566,3,361,470,515,449,286
20203,A,골목상권,3111034,오동나무공원(송파레미니스1단지),3543,2415,1128,7,500,770,849,906,511,6,300,543,575,584,407,1,200,227,274,322,104
20203,A,골목상권,3111030,방이역 2번,20738,15418,5320,18,2658,5004,5332,4928,2798,6,1628,3495,4144,4200,1945,12,1030,1509,1188,728,853
20203,A,골목상권,3111085,묘곡초등학교(고덕아이파크아파트),1513,784,729,0,146,290,369,382,326,0,61,149,169,194,211,0,85,141,200,188,115
20203,A,골목상권,3111077,길동주민센터(강동도서관),6406,3327,3079,16,671,1129,1499,1694,1397,9,330,650,809,710,819,7,341,479,690,984,578
20203,A,골목상권,3111076,둔촌2동주민센터,2137,1170,967,3,262,433,458,484,497,1,104,223,250,249,343,2,158,210,208,235,154
20203,A,골목상권,3111080,굽은다리역 3번,1729,778,951,2,186,308,401,447,385,0,66,164,188,178,182,2,120,144,213,269,203
20203,A,골목상권,3110050,약수역 7번,1836,960,876,2,250,436,467,418,263,2,91,213,281,223,150,0,159,223,186,195,113
20203,A,골목상권,3110536,돈의문센트레빌아파트입구,1695,833,862,1,260,434,449,376,175,1,78,212,254,177,111,0,182,222,195,199,64
20203,A,골목상권,3110029,동대문역 1번,1644,738,906,3,231,331,381,390,308,1,67,127,179,186,178,2,164,204,202,204,130
20203,A,골목상권,3110037,신설동역 12번,6845,2610,4235,8,686,1039,1229,1827,2056,0,200,462,558,454,936,8,486,577,671,1373,1120
20203,A,골목상권,3110021,성균관대학교,1380,854,526,13,176,218,316,344,313,11,77,113,213,233,207,2,99,105,103,111,106
20203,A,골목상권,3110056,신당역 3번,2607,1426,1181,6,401,693,647,505,355,6,185,356,340,292,247,0,216,337,307,213,108
20203,A,골목상권,3110042,남산골공원옆,3487,1845,1642,11,347,719,1132,882,396,6,133,341,523,568,274,5,214,378,609,314,122
20203,A,골목상권,3110067,배문고등학교,6040,2831,3209,9,1156,1772,1294,977,832,3,287,644,651,605,641,6,869,1128,643,372,191
20203,A,골목상권,3110398,쌍문2동우체국,1663,972,691,0,162,244,383,523,351,0,72,129,192,328,251,0,90,115,191,195,100
20203,A,골목상권,3110090,한국폴리텍대학서울정수캠퍼스,6854,4231,2623,17,1075,2196,2359,934,273,8,504,1107,1684,735,193,9,571,1089,675,199,80
20203,A,골목상권,3110088,오산고등학교,7060,4470,2590,17,1103,2335,2474,899,232,7,558,1213,1793,727,172,10,545,1122,681,172,60
20203,A,골목상권,3110087,이태원엔틱가구거리,3473,1835,1638,14,616,996,784,725,338,11,220,474,424,457,249,3,396,522,360,268,89
20203,A,골목상권,3110063,효창공원앞역 5번,2545,1665,880,15,308,566,692,530,434,12,172,383,458,344,296,3,136,183,234,186,138
20203,A,골목상권,3110058,성심여자고등학교,6811,4886,1925,22,1067,2028,1812,1308,574,7,598,1398,1383,1048,452,15,469,630,429,260,122
20203,A,골목상권,3110098,서울독일학교,19270,15584,3686,22,2331,4742,5464,6112,599,14,1127,3406,4759,5764,514,8,1204,1336,705,348,85
20203,A,골목상권,3110096,한남힐사이드아파트,5546,3662,1884,5,1168,1544,1281,1282,266,3,498,976,912,1046,227,2,670,568,369,236,39
20203,A,골목상권,3110100,옥수동우편취급국,7613,6422,1191,7,609,2450,2479,1864,204,4,305,1915,2241,1784,173,3,304,535,238,80,31
20203,A,골목상권,3110119,마장지하차도,2046,656,1390,1,159,260,428,704,494,0,83,139,167,155,112,1,76,121,261,549,382
20203,A,골목상권,3110118,왕십리역 9번,1141,733,408,1,167,270,301,259,143,0,85,164,189,178,117,1,82,106,112,81,26
20203,A,골목상권,3110131,성수동카페거리,16372,10013,6359,69,3574,4475,3610,2782,1862,39,1790,2879,2348,1642,1315,30,1784,1596,1262,1140,547
20203,A,골목상권,3110134,성수119안전센터,3342,2382,960,73,532,823,835,706,373,34,330,619,609,498,292,39,202,204,226,208,81
20203,A,골목상권,3110139,자양4동주민센터,2367,1870,497,9,270,601,637,559,291,5,194,486,509,441,235,4,76,115,128,118,56
20203,A,골목상권,3110136,경수초등학교,16150,9947,6203,123,3454,3934,3551,3098,1990,71,1698,2541,2333,1900,1404,52,1756,1393,1218,1198,586
20203,A,골목상권,3110155,광진구청,12629,9937,2692,11,781,1849,3528,5069,1391,11,385,1169,2772,4413,1187,0,396,680,756,656,204
20203,A,골목상권,3110176,해오름공원,3579,1917,1662,4,675,798,998,836,268,2,178,374,601,542,220,2,497,424,397,294,48
20203,A,골목상권,3110149,세종대학교,799,452,347,0,93,197,215,179,115,0,44,101,133,91,83,0,49,96,82,88,32
20203,A,골목상권,3110167,용마초등학교,3707,2122,1585,11,501,762,961,828,644,3,272,440,519,426,462,8,229,322,442,402,182
20203,A,골목상권,3110204,간데메공원,1356,905,451,5,205,278,356,322,190,3,135,169,223,225,150,2,70,109,133,97,40
20203,A,골목상권,3110226,장안1동주민센터,5867,3209,2658,15,722,1138,1352,1410,1230,12,347,658,734,772,686,3,375,480,618,638,544
20203,A,골목상권,3110211,전곡마을마당공원,1820,983,837,4,278,348,454,491,245,1,111,192,268,266,145,3,167,156,186,225,100
20203,A,골목상권,3110207,시립대앞사거리,1345,584,761,3,233,270,311,303,225,1,53,120,140,127,143,2,180,150,171,176,82
20203,A,골목상권,3110198,동대문중앙새마을금고본점,361,189,172,0,20,53,86,133,69,0,9,28,50,59,43,0,11,25,36,74,26
20203,A,골목상권,3110200,동대문경찰서,703,390,313,0,77,108,145,182,191,0,37,54,78,85,136,0,40,54,67,97,55
20203,A,골목상권,3110256,면목2동체육관,3260,1961,1299,5,413,680,888,780,494,1,188,448,483,445,396,4,225,232,405,335,98
20203,A,골목상권,3110266,면목동우체국,2501,1548,953,5,244,423,558,704,567,0,78,210,314,502,444,5,166,213,244,202,123
20203,A,골목상권,3110236,신묵초등학교,2212,1481,731,2,311,516,532,603,248,2,174,350,347,432,176,0,137,166,185,171,72
20203,A,골목상권,3110267,망우역 2번,2430,1427,1003,13,334,482,518,637,446,11,202,293,263,329,329,2,132,189,255,308,117
20203,A,골목상권,3110234,중랑역 4번,2773,2036,737,11,275,619,860,768,240,9,142,418,643,647,177,2,133,201,217,121,63
20203,A,골목상권,3110314,종암경찰서,3397,2472,925,6,380,670,726,731,884,0,231,492,518,565,666,6,149,178,208,166,218
20203,A,골목상권,3110421,석계역 1번,1218,593,625,4,119,205,323,328,239,2,49,90,144,169,139,2,70,115,179,159,100
20203,A,골목상권,3110321,동덕여대,1128,697,431,0,75,117,219,296,421,0,24,61,110,162,340,0,51,56,109,134,81
20203,A,골목상권,3110324,월곡역 4번,1184,675,509,5,167,321,341,226,124,1,78,187,188,134,87,4,89,134,153,92,37
20203,A,골목상권,3110298,솔숲어린이공원,1115,539,576,6,144,199,273,276,217,1,36,66,112,152,172,5,108,133,161,124,45
20203,A,골목상권,3110365,미아역 5번,1266,616,650,2,97,152,267,320,428,2,36,63,110,186,219,0,61,89,157,134,209
20203,A,골목상권,3110367,강북구청,3460,1492,1968,10,334,684,730,796,906,8,94,264,328,453,345,2,240,420,402,343,561
20203,A,골목상권,3110368,송천초등학교,981,601,380,1,93,195,242,259,191,1,32,95,129,181,163,0,61,100,113,78,28
20203,A,골목상권,3110352,수유1동주민센터,1291,576,715,0,118,244,368,418,143,0,49,99,154,183,91,0,69,145,214,235,52
20203,A,골목상권,3110349,화계역 2번,641,353,288,0,50,92,172,256,71,0,28,41,97,133,54,0,22,51,75,123,17
20203,A,골목상권,3110346,4.19민주묘지역 2번,605,334,271,0,71,106,179,136,113,0,18,62,103,75,76,0,53,44,76,61,37
20203,A,골목상권,3110339,국립4.19민주묘지,819,555,264,6,104,130,193,232,154,6,50,99,122,143,135,0,54,31,71,89,19
20203,A,골목상권,3110393,국민은행방학지점,749,350,399,3,91,217,207,154,77,2,32,106,101,63,46,1,59,111,106,91,31
20203,A,골목상권,3110395,신한은행 방학동지점,591,318,273,1,73,99,158,142,118,1,38,50,73,83,73,0,35,49,85,59,45
20203,A,골목상권,3110403,방학1동주민센터,1702,974,728,4,211,309,359,482,337,2,94,177,211,286,204,2,117,132,148,196,133
20203,A,골목상권,3110401,도봉구민회관,1586,856,730,0,181,221,327,460,397,0,78,117,164,255,242,0,103,104,163,205,155
20203,A,골목상권,3110425,계상초등학교,1457,683,774,4,150,232,387,426,258,3,63,143,181,181,112,1,87,89,206,245,146
20203,A,골목상권,3110419,수락산디자인거리,3472,2282,1190,13,387,781,865,882,544,12,226,552,591,566,335,1,161,229,274,316,209
20203,A,골목상권,3110474,세명컴퓨터고등학교,1360,647,713,2,130,295,356,348,229,2,46,137,159,153,150,0,84,158,197,195,79
20203,A,골목상권,3110473,구산역 1번,3155,1679,1476,5,325,617,795,785,628,5,131,352,419,351,421,0,194,265,376,434,207
20203,A,골목상권,3110455,역촌노인복지관,3715,1747,1968,9,658,760,944,829,515,3,247,351,416,367,363,6,411,409,528,462,152
20203,A,골목상권,3110487,불광역 8번,761,291,470,1,73,171,207,181,128,1,23,75,72,60,60,0,50,96,135,121,68
20203,A,골목상권,3110480,연신내역 3번,1023,428,595,6,192,199,279,216,131,2,70,88,121,80,67,4,122,111,158,136,64
20203,A,골목상권,3110482,연신초등학교,359,158,201,0,27,53,117,116,46,0,8,20,39,58,33,0,19,33,78,58,13
20203,A,골목상권,3110470,신진과학기술고등학교,1610,976,634,2,161,266,382,390,409,2,76,145,208,227,318,0,85,121,174,163,91
20203,A,골목상권,3110475,백련산해모로아파트,1745,1026,719,2,202,326,375,357,483,1,91,165,203,202,364,1,111,161,172,155,119
20203,A,골목상권,3110532,아현역 2번,1847,1072,775,2,422,522,371,290,240,1,165,307,218,208,173,1,257,215,153,82,67
20203,A,골목상권,3110534,경기대학교,3370,2048,1322,4,575,933,722,580,556,1,256,531,484,399,377,3,319,402,238,181,179
20203,A,골목상권,3110572,서강대역 1번,7726,3653,4073,68,2565,1977,1384,1231,501,24,960,907,708,748,306,44,1605,1070,676,483,195
20203,A,골목상권,3110575,대흥동주민센터,4172,1903,2269,62,2086,953,452,399,220,20,782,476,212,248,165,42,1304,477,240,151,55
20203,A,골목상권,3110516,정원여중,1299,656,643,0,226,284,343,307,139,0,78,137,188,165,88,0,148,147,155,142,51
20203,A,골목상권,3110569,홍대땡땡거리,3039,1407,1632,7,650,662,678,622,420,3,308,321,302,232,241,4,342,341,376,390,179
20203,A,골목상권,3110517,서대문소방서,2671,1696,975,14,441,700,687,557,272,8,191,471,487,368,171,6,250,229,200,189,101
20203,A,골목상권,3110512,연희지하차도,5089,3101,1988,67,1146,1450,1174,973,279,39,591,926,702,649,194,28,555,524,472,324,85
20203,A,골목상권,3110527,홍제역 2번,1712,867,845,2,169,226,456,564,295,1,44,119,214,314,175,1,125,107,242,250,120
20203,A,골목상권,3110546,양화대교북단,1549,938,611,3,314,420,380,250,182,3,138,208,258,183,148,0,176,212,122,67,34
20203,A,골목상권,3110550,합정역 8번,5374,2859,2515,13,961,1416,1292,955,737,8,367,677,778,563,466,5,594,739,514,392,271
20203,A,골목상권,3110554,망원역 1번,6464,3487,2977,10,913,1410,1559,1192,1380,7,345,648,802,647,1038,3,568,762,757,545,342
20203,A,골목상권,3110547,KB국민은행 망원동지점,6579,4117,2462,11,769,1170,1322,1746,1561,7,405,819,889,860,1137,4,364,351,433,886,424
20203,A,골목상권,3110551,성서초등학교,3102,1803,1299,3,301,471,703,601,1023,3,132,235,314,304,815,0,169,236,389,297,208
20203,A,골목상권,3110619,목4동주민센터,1689,1078,611,4,202,379,491,407,206,1,93,210,315,291,168,3,109,169,176,116,38
20203,A,골목상권,3110600,신월7동주민센터,4248,2844,1404,3,317,496,745,1209,1478,3,179,312,490,845,1015,0,138,184,255,364,463
20203,A,골목상권,3110647,화곡역 5번,3340,1821,1519,8,438,691,768,828,607,5,192,403,428,449,344,3,246,288,340,379,263
20203,A,골목상권,3110607,금빛새마을금고본점,2729,2241,488,2,110,221,394,521,1481,1,64,132,235,385,1424,1,46,89,159,136,57
20203,A,골목상권,3110608,신월2동주민센터,3392,1915,1477,10,282,562,891,941,706,9,134,332,463,486,491,1,148,230,428,455,215
20203,A,골목상권,3110611,신정역 1번,4475,2720,1755,14,895,697,748,814,1307,7,295,382,444,461,1131,7,600,315,304,353,176
20203,A,골목상권,3110594,신월중학교,1144,543,601,7,149,285,301,297,105,4,58,119,141,150,71,3,91,166,160,147,34
20203,A,골목상권,3110602,신월시영아파트중문,3056,2108,948,3,204,356,700,967,826,2,124,226,400,664,692,1,80,130,300,303,134
20203,A,골목상권,3110610,계남근린공원,648,338,310,2,87,129,151,148,131,0,26,50,86,87,89,2,61,79,65,61,42
20203,A,골목상권,3110616,양목초등학교,1359,706,653,2,110,255,266,391,335,1,43,136,132,202,192,1,67,119,134,189,143
20203,A,골목상권,3110635,공항시장역 3번,3727,1849,1878,9,361,571,664,1054,1068,2,153,336,399,431,528,7,208,235,265,623,540
20203,A,골목상권,3110650,우장산힐스테이트,1737,995,742,4,194,325,396,415,403,3,107,202,240,204,239,1,87,123,156,211,164
20203,A,골목상권,3110638,신방화역 2번,3645,2335,1310,10,416,661,1045,983,530,8,205,404,713,617,388,2,211,257,332,366,142
20203,A,골목상권,3110712,남구로역 5번,1579,913,666,8,183,331,363,324,370,5,99,196,189,176,248,3,84,135,174,148,122
20203,A,골목상권,3110702,개봉초등학교,1569,818,751,1,157,329,420,390,272,1,72,153,202,214,176,0,85,176,218,176,96
20203,A,골목상권,3110699,덕의초등학교,2451,1563,888,9,303,578,623,646,292,7,187,384,391,378,216,2,116,194,232,268,76
20203,A,골목상권,3110720,대림역 2번,2280,1556,724,2,188,387,574,709,420,2,83,218,387,538,328,0,105,169,187,171,92
20203,A,골목상권,3110778,구로디지털단지역 4번,13303,7796,5507,56,2966,4427,3201,1627,1026,23,1254,2669,2063,1065,722,33,1712,1758,1138,562,304
20203,A,골목상권,3110745,독산동정훈단지,1306,773,533,1,137,196,260,372,340,0,71,92,115,221,274,1,66,104,145,151,66
20203,A,골목상권,3110856,미성초등학교,5264,3671,1593,18,465,913,970,948,1950,13,238,541,608,563,1708,5,227,372,362,385,242
20203,A,골목상권,3110855,신대방역 2번,4936,3401,1535,6,709,900,888,794,1639,2,282,540,546,528,1503,4,427,360,342,266,136
20203,A,골목상권,3110755,동일여자고등학교,2033,1040,993,21,274,503,487,453,295,16,131,278,253,192,170,5,143,225,234,261,125
20203,A,골목상권,3110771,대림역 11번,2420,1335,1085,5,268,314,456,542,835,2,91,160,234,316,532,3,177,154,222,226,303
20203,A,골목상권,3110768,도림2동유수지내체육시설,1219,778,441,9,118,206,287,302,297,8,48,126,182,211,203,1,70,80,105,91,94
20203,A,골목상권,3110759,문래예술촌(문래창작촌),65954,51168,14786,61,8786,22706,21719,9637,3045,32,5433,17446,18749,7800,1708,29,3353,5260,2970,1837,1337
20203,A,골목상권,3110818,신대방역 3번,1692,950,742,2,287,451,397,278,277,2,124,277,228,138,181,0,163,174,169,140,96
20203,A,골목상권,3110858,신대방역 1번,2669,2004,665,0,421,756,879,491,122,0,195,575,748,404,82,0,226,181,131,87,40
20203,A,골목상권,3110874,원신초등학교(구세군관악영문교회),732,381,351,8,77,186,200,173,88,2,22,81,122,86,68,6,55,105,78,87,20
20203,A,골목상권,3110879,신림현대아파트,1116,536,580,7,212,210,278,222,187,1,100,99,137,109,90,6,112,111,141,113,97
20203,A,골목상권,3110885,영락고등학교,1746,990,756,7,240,328,434,376,361,1,122,173,232,224,238,6,118,155,202,152,123
20203,A,골목상권,3110872,신림초등학교,689,382,307,5,101,168,168,152,95,3,54,93,102,85,45,2,47,75,66,67,50
20203,A,골목상권,3110947,청계산입구역 2번(내곡동주민센터),182,79,103,0,26,23,46,37,50,0,13,11,28,10,17,0,13,12,18,27,33
20203,A,골목상권,3110913,방현초등학교(방배119안전센터),9674,6057,3617,22,1677,2842,2518,1523,1092,5,797,1829,1720,957,749,17,880,1013,798,566,343
20203,A,골목상권,3110934,우면주공아파트,1489,946,543,6,264,423,395,260,141,5,105,290,271,170,105,1,159,133,124,90,36
20203,A,골목상권,3110937,방아다리근린공원(횃불트리니티신학대학원대학교),14952,9277,5675,329,4835,4416,2991,1697,684,151,2497,2972,2135,1021,501,178,2338,1444,856,676,183
20203,A,골목상권,3110955,논현초등학교,20906,14265,6641,76,4625,6342,4724,3259,1880,45,2535,4372,3537,2430,1346,31,2090,1970,1187,829,534
20203,A,골목상권,3110992,도곡초등학교,8628,4357,4271,50,1508,2156,1880,1719,1315,28,647,1065,939,866,812,22,861,1091,941,853,503
20203,A,골목상권,3110963,역삼월드메르디앙아파트,18186,10655,7531,122,4620,5292,4181,2560,1411,33,1769,3113,2948,1716,1076,89,2851,2179,1233,844,335
20203,A,골목상권,3110972,강남세브란스병원미래의학연구센터,22138,12993,9145,207,6590,6499,5019,2834,989,69,2849,4088,3556,1696,735,138,3741,2411,1463,1138,254
20203,A,골목상권,3110991,삼성중앙역 5번,10374,5378,4996,43,2958,2855,2028,1298,1192,9,932,1472,1304,854,807,34,2026,1383,724,444,385
20203,A,골목상권,3110990,청담역 12번,7833,5477,2356,20,1213,2652,2394,1251,303,9,506,1665,1965,1094,238,11,707,987,429,157,65
20203,A,골목상권,3111000,대왕초등학교(세곡동사거리서남측),156,35,121,1,22,55,43,25,10,0,2,7,12,5,9,1,20,48,31,20,1
20203,A,골목상권,3110999,윗방죽마을공원,408,226,182,3,33,70,73,122,107,1,17,45,46,70,47,2,16,25,27,52,60
20203,A,골목상권,3110969,베르사이유1아파트,29014,17556,11458,73,5335,8726,7783,5424,1673,29,2616,5589,5487,2693,1142,44,2719,3137,2296,2731,531
20203,A,골목상권,3110967,역삼역 8번,24226,18490,5736,23,4422,7830,6561,4334,1056,10,2559,5859,5511,3785,766,13,1863,1971,1050,549,290
20203,A,골목상권,3110985,청담근린공원,9800,6589,3211,34,1729,2898,2625,1790,724,17,815,1972,1966,1323,496,17,914,926,659,467,228
20203,A,골목상권,3111008,석촌고분역 3번,3907,2479,1428,12,490,799,912,951,743,10,289,528,566,545,541,2,201,271,346,406,202
20203,A,골목상권,3111016,송파역 2번,15479,10229,5250,62,2083,3454,3732,3349,2799,44,1020,2251,2780,2219,1915,18,1063,1203,952,1130,884
20203,A,골목상권,3111038,보인중학교,2602,1770,832,14,377,689,649,574,299,13,214,471,461,405,206,1,163,218,188,169,93
20203,A,골목상권,3111021,방이역 4번,11137,8092,3045,38,1448,2300,2854,2754,1743,26,767,1502,2125,2188,1484,12,681,798,729,566,259
20203,A,골목상권,3111015,석촌역 3번,10932,6847,4085,26,1640,2424,2423,2333,2086,11,799,1507,1612,1477,1441,15,841,917,811,856,645
20203,A,골목상권,3111003,삼전역 4번,4568,3024,1544,18,600,1083,1254,905,708,1,324,732,817,598,552,17,276,351,437,307,156
20203,A,골목상권,3111062,둔촌동역 3번(성내3동주민센터),3255,2100,1155,7,480,811,880,607,470,6,266,532,569,389,338,1,214,279,311,218,132
20203,A,골목상권,3111011,잠실나루역,9608,7747,1861,42,1275,3018,2795,2046,432,18,924,2492,2309,1674,330,24,351,526,486,372,102
20203,A,골목상권,3111048,천호역 1번(천호문구완구거리),1608,876,732,7,195,360,372,323,351,4,82,170,209,171,240,3,113,190,163,152,111
20203,A,골목상권,3111088,고덕동성당,1134,951,183,0,35,82,216,447,354,0,9,53,173,388,328,0,26,29,43,59,26
20203,A,골목상권,3111079,둔촌고등학교(둔촌중학교),1407,838,569,2,141,259,315,339,351,2,81,153,184,167,251,0,60,106,131,172,100
20203,A,골목상권,3111066,암사동성당(효정하나플러스아파트),1710,995,715,5,169,380,394,455,307,1,71,188,219,302,214,4,98,192,175,153,93
20203,A,골목상권,3111071,천동초등학교,2013,1097,916,2,200,393,515,454,449,1,72,204,289,251,280,1,128,189,226,203,169
20203,A,골목상권,3111069,천호1동주민센터,2143,1118,1025,5,185,409,525,555,464,3,66,183,269,288,309,2,119,226,256,267,155
20203,A,골목상권,3111050,강동구청(강동구청역 2번),6451,4040,2411,30,768,1601,1613,1617,822,12,384,869,987,1154,634,18,384,732,626,463,188
20203,A,골목상권,3111052,암사역 3번(천호동자전거거리),1652,885,767,3,192,365,475,387,230,2,74,188,246,218,157,1,118,177,229,169,73
20203,A,골목상권,3110003,세검정초등학교,3208,1681,1527,12,383,849,849,655,460,7,132,383,486,370,303,5,251,466,363,285,157
20203,A,골목상권,3110032,수족관거리,1721,729,992,8,316,378,484,355,180,7,101,148,164,183,126,1,215,230,320,172,54
20203,A,골목상권,3110049,장충단 고개,7948,4363,3585,17,1488,2210,1865,1591,777,6,534,1186,1138,986,513,11,954,1024,727,605,264
20203,A,골목상권,3110054,청구역 3번,5615,2963,2652,16,1124,1473,1173,1085,744,5,384,793,702,621,458,11,740,680,471,464,286
20203,A,골목상권,3110041,남산케이블카,5723,3089,2634,10,793,1518,1444,1163,795,7,334,836,819,626,467,3,459,682,625,537,328
20203,A,골목상권,3110533,충정로역 7번,2911,1774,1137,1,433,782,782,547,366,0,223,473,484,349,245,1,210,309,298,198,121
20203,A,골목상권,3110065,남정초등학교,2218,1561,657,13,351,641,535,358,320,11,227,499,376,234,214,2,124,142,159,124,106
20203,A,골목상권,3110080,해방촌예술마을,2226,1456,770,3,252,385,746,672,168,3,84,214,546,496,113,0,168,171,200,176,55
20203,A,골목상권,3110579,마포역 4번,5616,3529,2087,8,1017,1486,1468,1076,561,6,371,893,1024,805,430,2,646,593,444,271,131
20203,A,골목상권,3110123,마장역 3번,1433,884,549,1,176,272,329,389,266,1,78,159,191,253,202,0,98,113,138,136,64
20203,A,골목상권,3110114,왕십리파출소,2346,644,1702,8,434,328,413,711,452,1,142,144,153,139,65,7,292,184,260,572,387
20203,A,골목상권,3110121,한양대역 4번,102,61,41,0,13,22,20,20,27,0,6,11,11,12,21,0,7,11,9,8,6
20203,A,골목상권,3110127,성수1가1동주민센터,3267,2102,1165,10,572,1007,809,584,285,5,303,663,543,374,214,5,269,344,266,210,71
20203,A,골목상권,3110140,건대입구역 6번,3220,2119,1101,14,390,614,754,831,617,10,183,373,498,562,493,4,207,241,256,269,124
20203,A,골목상권,3110141,건대입구역 1번,1987,1285,702,10,275,407,532,461,302,6,137,258,349,297,238,4,138,149,183,164,64
20203,A,골목상권,3110209,답십리 장령당공원,4227,1926,2301,4,629,938,1189,1163,304,1,465,673,394,189,204,3,164,265,795,974,100
20203,A,골목상권,3110174,아차산역 1번,2909,1780,1129,7,346,545,901,765,345,3,151,328,577,479,242,4,195,217,324,286,103
20203,A,골목상권,3110144,어린이대공원역 4번,1502,932,570,0,160,238,383,492,229,0,60,133,242,323,174,0,100,105,141,169,55
20203,A,골목상권,3110152,중곡어린이공원,1671,1070,601,49,338,283,323,400,278,6,137,200,206,286,235,43,201,83,117,114,43
20203,A,골목상권,3110161,중곡역 3번,1960,1296,664,4,150,317,503,672,314,0,67,189,303,504,233,4,83,128,200,168,81
20203,A,골목상권,3110202,전농1동주민센터(전농시장),478,273,205,0,58,96,127,105,92,0,44,55,85,53,36,0,14,41,42,52,56
20203,A,골목상권,3110186,종암초등학교,1751,1308,443,2,179,330,416,475,349,0,82,256,306,362,302,2,97,74,110,113,47
20203,A,골목상권,3110221,의릉,731,443,288,0,69,158,210,196,98,0,28,92,111,132,80,0,41,66,99,64,18
20203,A,골목상권,3110206,텃골근린공원,1126,651,475,2,118,187,312,318,189,1,71,108,193,192,86,1,47,79,119,126,103
20203,A,골목상권,3110219,삼육보건대학교,4329,2321,2008,4,574,869,1055,1098,729,2,178,407,603,643,488,2,396,462,452,455,241
20203,A,골목상권,3110199,홍릉시장,962,521,441,0,76,146,204,306,230,0,34,77,102,142,166,0,42,69,102,164,64
20203,A,골목상권,3110268,망우3동주민센터,981,580,401,0,94,152,205,296,234,0,55,83,101,168,173,0,39,69,104,128,61
20203,A,골목상권,3110264,면목역 2번,1816,1064,752,3,185,354,425,524,325,0,72,184,239,342,227,3,113,170,186,182,98
20203,A,골목상권,3110279,신내역 2번,153,118,35,0,17,28,41,48,19,0,13,24,30,34,17,0,4,4,11,14,2
20203,A,골목상권,3110258,면동초등학교,1659,911,748,2,207,394,460,372,224,1,84,220,233,212,161,1,123,174,227,160,63
20203,A,골목상권,3110237,메가박스 상봉,2944,2064,880,11,293,688,935,821,196,10,142,441,668,655,148,1,151,247,267,166,48
20203,A,골목상권,3110254,오거리공원,1604,894,710,3,171,342,447,427,214,2,70,170,244,256,152,1,101,172,203,171,62
20203,A,골목상권,3110248,먹골파출소,993,487,506,3,102,224,281,230,153,0,31,111,138,105,102,3,71,113,143,125,51
20201,A,골목상권,3110843,사당5동주민센터,856,499,357,1,74,130,224,245,182,0,30,57,123,154,135,1,44,73,101,91,47
20201,A,골목상권,3110898,청림동주민센터(상도중학교),3140,1745,1395,2,453,1024,1007,483,171,1,197,571,572,281,123,1,256,453,435,202,48
20201,A,골목상권,3110835,상도역 1번,1284,685,599,4,217,336,311,268,148,2,91,204,169,124,95,2,126,132,142,144,53
20201,A,골목상권,3110830,상도초등학교,1099,508,591,0,192,255,269,254,129,0,84,114,104,127,79,0,108,141,165,127,50
20201,A,골목상권,3110863,난우초등학교,1274,596,678,21,162,252,274,330,235,16,65,112,116,144,143,5,97,140,158,186,92
20201,A,골목상권,3110882,신성초등학교,1461,843,618,4,181,268,423,344,241,1,87,139,232,207,177,3,94,129,191,137,64
20201,A,골목상권,3110867,국제신학대학원대학교(남서울중학교),1284,802,482,3,150,289,290,284,268,1,93,193,167,179,169,2,57,96,123,105,99
20201,A,골목상권,3110871,신원동주민센터,1221,662,559,5,110,197,235,300,374,0,62,122,135,146,197,5,48,75,100,154,177
20201,A,골목상권,3110864,신림우방아파트,3078,2254,824,2,485,863,972,582,174,2,229,637,794,472,120,0,256,226,178,110,54
20201,A,골목상권,3110917,서초소방서,10472,8160,2312,29,1128,2908,2901,2625,881,18,710,2263,2404,2117,648,11,418,645,497,508,233
20201,A,골목상권,3110927,잠원역,3312,2219,1093,5,550,1142,865,499,251,3,321,787,627,322,159,2,229,355,238,177,92
20201,A,골목상권,3110915,서래초등학교,89045,79397,9648,58,9613,19204,23591,33698,2881,23,6991,15974,21216,32574,2619,35,2622,3230,2375,1124,262
20201,A,골목상권,3110918,방배역 3번,7950,4877,3073,25,1436,1942,1884,1479,1184,9,623,1168,1279,916,882,16,813,774,605,563,302
20201,A,골목상권,3110926,신중초등학교,18935,13842,5093,26,2537,6187,5342,3491,1352,11,1323,4503,4347,2701,957,15,1214,1684,995,790,395
20201,A,골목상권,3110928,서초우방유쉘아파트,8601,5394,3207,32,1319,2349,2192,1755,954,20,686,1554,1461,1019,654,12,633,795,731,736,300
20201,A,골목상권,3110941,언남고등학교,3148,2001,1147,15,501,854,828,599,351,13,285,552,530,367,254,2,216,302,298,232,97
20201,A,골목상권,3110977,논현로18길,8768,6092,2676,17,1345,2688,2352,1426,940,7,731,1839,1812,1000,703,10,614,849,540,426,237
20201,A,골목상권,3110956,언주역 8번,10460,6708,3752,44,2484,3229,2399,1398,906,30,1284,2052,1709,952,681,14,1200,1177,690,446,225
20201,A,골목상권,3110961,언주역 3번,19048,12835,6213,40,3657,5606,4187,2889,2669,10,1697,3702,3162,2277,1987,30,1960,1904,1025,612,682
20201,A,골목상권,3110970,학동초등학교,8274,4686,3588,35,1750,2524,1972,1193,800,17,746,1341,1253,767,562,18,1004,1183,719,426,238
20201,A,골목상권,3110986,삼성중앙역 7번,7054,4250,2804,39,1478,2059,1499,883,1096,9,622,1271,1051,561,736,30,856,788,448,322,360
20201,A,골목상권,3110958,역삼역 4번,13145,7672,5473,25,2620,4104,3148,1957,1291,13,968,2265,2168,1344,914,12,1652,1839,980,613,377
20201,A,골목상권,3111025,경찰병원역 3번,9858,5487,4371,53,1071,1688,1733,1768,3545,24,506,1023,1074,799,2061,29,565,665,659,969,1484
20201,A,골목상권,3111029,오금역 4번,6170,4510,1660,14,1076,1905,1533,1053,589,8,670,1374,1159,778,521,6,406,531,374,275,68
20201,A,골목상권,3111023,문정역 1번,3188,1943,1245,5,559,689,779,662,494,2,274,426,517,382,342,3,285,263,262,280,152
20201,A,골목상권,3111042,거여역 1번(거여공원),4647,2955,1692,20,677,1102,1208,1011,629,16,473,746,745,568,407,4,204,356,463,443,222
20201,A,골목상권,3111006,석촌고분역 1번,13231,9393,3838,32,1634,2684,3221,2686,2974,27,996,1913,2319,1807,2331,5,638,771,902,879,643
20201,A,골목상권,3111090,강일동주민센터,199,120,79,0,24,45,67,44,19,0,9,25,41,30,15,0,15,20,26,14,4
20201,A,골목상권,3111068,강동성심병원,3440,1771,1669,8,770,842,809,570,441,5,225,389,495,352,305,3,545,453,314,218,136
20201,A,골목상권,3111065,천일초등학교,1242,677,565,2,112,177,234,284,433,2,39,75,105,131,325,0,73,102,129,153,108
20201,A,골목상권,3111060,암사역 2번(서울강동초등학교),3038,1600,1438,3,337,620,746,749,583,2,117,297,376,407,401,1,220,323,370,342,182
20201,A,골목상권,3111054,암사역 4번(삼성광나루아파트),3175,1255,1920,2,329,487,578,782,997,2,142,257,245,207,402,0,187,230,333,575,595
20201,A,골목상권,3111049,천호지구대(천호동자전거거리),1795,986,809,7,217,342,414,400,415,3,102,177,213,206,285,4,115,165,201,194,130
20201,A,골목상권,3110007,사직공원(한국사회과학도서관),2261,1151,1110,4,393,616,566,444,238,2,142,279,306,251,171,2,251,337,260,193,67
20201,A,골목상권,3110531,홍지문,828,402,426,2,118,219,178,187,124,0,39,117,90,81,75,2,79,102,88,106,49
20201,A,골목상권,3110010,평창동서측,8863,4827,4036,16,958,2387,3264,1811,427,1,407,1007,1802,1306,304,15,551,1380,1462,505,123
20201,A,골목상권,3110013,체부동홍종문가옥,1116,630,486,4,122,231,265,248,246,0,42,116,139,143,190,4,80,115,126,105,56
20201,A,골목상권,3110051,한양공고앞 교차로,1270,665,605,0,194,259,304,324,189,0,76,137,166,173,113,0,118,122,138,151,76
20201,A,골목상권,3110587,공덕동주민센터,4777,2727,2050,20,903,1328,1318,886,322,3,450,775,774,531,194,17,453,553,544,355,128
20201,A,골목상권,3110075,숙대입구역 1번,11721,3647,8074,164,6494,2357,1245,865,596,15,739,1093,761,587,452,149,5755,1264,484,278,144
20201,A,골목상권,3110094,오산중학교,293,171,122,0,19,48,84,96,46,0,8,24,50,58,31,0,11,24,34,38,15
20201,A,골목상권,3110093,우사단길,5722,3218,2504,28,1105,1870,1447,876,396,11,353,986,985,650,233,17,752,884,462,226,163
20201,A,골목상권,3110089,서빙고동주민센터,1027,643,384,1,125,313,300,153,135,0,47,186,191,106,113,1,78,127,109,47,22
20201,A,골목상권,3110064,효창공원앞역 2번,3452,2255,1197,8,448,903,911,799,383,7,272,598,596,522,260,1,176,305,315,277,123
20201,A,골목상권,3110109,금호삼성래미안아파트,2637,1124,1513,17,315,812,1046,338,109,1,116,291,459,171,86,16,199,521,587,167,23
20201,A,골목상권,3110135,성동세무서,6003,3797,2206,7,862,1512,1538,1291,793,5,450,954,1006,780,602,2,412,558,532,511,191
20201,A,골목상권,3110108,성동구립금호도서관,186,90,96,0,24,35,54,55,18,0,12,20,24,19,15,0,12,15,30,36,3
20201,A,골목상권,3110104,신금호역 4번,732,398,334,0,85,142,175,168,162,0,25,62,94,95,122,0,60,80,81,73,40
20201,A,골목상권,3110115,상왕십리역 3번,4711,2086,2625,18,803,828,947,1248,867,3,269,473,519,510,312,15,534,355,428,738,555
20201,A,골목상권,3110126,서울숲역 1번,3085,1944,1141,11,616,755,648,538,517,5,355,479,400,356,349,6,261,276,248,182,168
20201,A,골목상권,3110133,서울교통공사,4981,3435,1546,23,1308,1313,957,778,602,20,760,917,708,550,480,3,548,396,249,228,122
20201,A,골목상권,3110130,답십리역 6번,5008,2174,2834,4,714,1041,1495,1390,364,2,492,707,504,247,222,2,222,334,991,1143,142
20201,A,골목상권,3110170,동대부여고,1909,989,920,3,252,420,535,456,243,1,90,195,287,248,168,2,162,225,248,208,75
20201,A,골목상권,3110172,광진초등학교,2650,1482,1168,56,464,506,558,636,430,25,237,266,298,348,308,31,227,240,260,288,122
20201,A,골목상권,3110173,구남초등학교,6227,3640,2587,15,457,1113,1646,2007,989,4,265,728,1023,979,641,11,192,385,623,1028,348
20201,A,골목상권,3110143,뚝섬유원지역 1번,1815,1480,335,4,196,506,523,433,153,1,151,416,440,351,121,3,45,90,83,82,32
20201,A,골목상권,3110165,국립정신건강센터,2364,1365,999,3,223,480,601,647,410,0,85,228,319,404,329,3,138,252,282,243,81
20201,A,골목상권,3110185,용두초등학교,8144,4248,3896,8,666,1891,2614,2141,824,3,322,1123,1308,948,544,5,344,768,1306,1193,280
20201,A,골목상권,3110313,안암역 3번,4007,2603,1404,7,479,974,1134,933,480,3,232,606,749,655,358,4,247,368,385,278,122
20201,A,골목상권,3110205,경희대삼거리,2042,1155,887,3,307,699,408,383,242,2,146,461,194,203,149,1,161,238,214,180,93
20201,A,골목상권,3110263,면목역 1번,2374,1295,1079,3,342,596,740,505,188,0,167,400,365,229,134,3,175,196,375,276,54
20201,A,골목상권,3110265,망우역 1번,2560,1588,972,13,240,367,540,748,652,2,93,155,261,513,564,11,147,212,279,235,88
20201,A,골목상권,3110272,신내1동주민센터,3286,2011,1275,4,411,585,632,841,813,4,214,329,339,496,629,0,197,256,293,345,184
20201,A,골목상권,3110429,공릉동 국수거리,4838,2587,2251,6,483,668,995,1400,1286,2,224,366,498,716,781,4,259,302,497,684,505
20201,A,골목상권,3110307,길음역 7번,2161,758,1403,9,665,611,420,293,163,0,120,232,163,133,110,9,545,379,257,160,53
20201,A,골목상권,3110310,길음역 10번,1961,875,1086,9,604,603,400,252,93,0,140,299,228,141,67,9,464,304,172,111,26
20201,A,골목상권,3110288,동구여중,1859,769,1090,6,181,454,656,400,162,0,55,184,238,173,119,6,126,270,418,227,43
20201,A,골목상권,3110326,장위동성당,1271,741,530,3,141,245,334,297,251,3,57,121,191,187,182,0,84,124,143,110,69
20201,A,골목상권,3110282,국민대학교앞,1906,1357,549,15,321,599,445,311,215,14,185,437,349,245,127,1,136,162,96,66,88
20201,A,골목상권,3110358,인수동 우편취급국,1765,939,826,2,170,270,351,489,483,0,51,121,160,260,347,2,119,149,191,229,136
20201,A,골목상권,3110404,신창초등학교,1553,862,691,11,174,258,430,465,215,8,68,144,234,271,137,3,106,114,196,194,78
20201,A,골목상권,3110380,강북문화정보도서관,592,293,299,0,63,86,106,169,168,0,17,49,52,80,95,0,46,37,54,89,73
20201,A,골목상권,3110370,도봉세무서,1155,642,513,7,84,180,290,317,277,6,25,81,136,177,217,1,59,99,154,140,60
20201,A,골목상권,3110359,수유시장옆,1979,746,1233,2,174,251,355,450,747,0,62,112,146,178,248,2,112,139,209,272,499
20201,A,골목상권,3110366,광산사거리,1102,553,549,2,152,230,302,260,156,0,71,120,146,119,97,2,81,110,156,141,59
20201,A,골목상권,3110391,샘말어린이공원,1105,495,610,0,95,176,215,283,336,0,30,73,100,108,184,0,65,103,115,175,152
20201,A,골목상권,3110386,연산군묘,898,534,364,0,132,210,207,211,138,0,60,118,124,120,112,0,72,92,83,91,26
20201,A,골목상권,3110385,효문고등학교,492,210,282,0,72,109,138,115,58,0,15,34,51,62,48,0,57,75,87,53,10
20201,A,골목상권,3110396,쌍문역1번(쌍리단길),873,388,485,4,110,167,201,233,158,1,36,63,88,108,92,3,74,104,113,125,66
20201,A,골목상권,3110438,경춘선숲길 우측,1262,670,592,2,165,313,395,265,122,1,79,159,202,145,84,1,86,154,193,120,38
20201,A,골목상권,3110472,연신내역 4번,2101,1115,986,9,291,420,561,452,368,4,112,235,265,229,270,5,179,185,296,223,98
20201,A,골목상권,3110458,선일여고,1561,717,844,5,204,370,371,412,199,2,85,168,169,166,127,3,119,202,202,246,72
20201,A,골목상권,3110460,구산역 4번,4098,2463,1635,10,303,617,938,1372,858,6,136,347,489,872,613,4,167,270,449,500,245
20201,A,골목상권,3110450,시립서북병원,3765,1891,1874,8,699,863,827,786,582,2,293,433,413,369,381,6,406,430,414,417,201
20201,A,골목상권,3110456,구산보건지소,2822,1445,1377,11,571,580,644,581,435,3,244,277,308,315,298,8,327,303,336,266,137
20201,A,골목상권,3110486,은평구청,3565,1859,1706,8,390,827,963,954,423,5,183,376,460,548,287,3,207,451,503,406,136
20201,A,골목상권,3110484,역촌역 3번,1849,903,946,7,208,399,493,442,300,5,86,179,219,212,202,2,122,220,274,230,98
20201,A,골목상권,3110461,새절역 2번,927,505,422,2,86,134,215,259,231,1,30,51,97,146,180,1,56,83,118,113,51
20201,A,골목상권,3110445,덕산중학교,1113,537,576,5,235,253,205,221,194,0,73,130,116,94,124,5,162,123,89,127,70
20201,A,골목상권,3110451,증산역 4번,2598,1818,780,3,354,592,647,619,383,2,156,421,488,450,301,1,198,171,159,169,82
20201,A,골목상권,3110446,내를건너서숲으로도서관,760,517,243,0,100,159,174,187,140,0,83,108,97,110,119,0,17,51,77,77,21
20201,A,골목상권,3110504,명지전문대,601,306,295,1,61,72,145,194,128,0,30,29,70,105,72,1,31,43,75,89,56
20201,A,골목상권,3110502,남가좌파출소,820,489,331,0,68,121,216,264,151,0,31,62,124,166,106,0,37,59,92,98,45
20201,A,골목상권,3110543,중암중학교,668,466,202,0,37,70,115,223,223,0,16,35,56,145,214,0,21,35,59,78,9
20201,A,골목상권,3110582,이대역 5번,907,344,563,2,105,192,252,226,130,1,24,52,78,110,79,1,81,140,174,116,51
20201,A,골목상권,3110520,경의중앙 신촌역,1500,752,748,8,322,367,324,282,197,5,111,177,147,168,144,3,211,190,177,114,53
20201,A,골목상권,3110566,경의선책거리,7387,4414,2973,27,1465,1717,1712,1423,1043,16,758,1040,1073,796,731,11,707,677,639,627,312
20201,A,골목상권,3110511,연희초등학교,5789,4486,1303,7,719,1297,1142,1990,634,1,495,983,811,1677,519,6,224,314,331,313,115
20201,A,골목상권,3110526,봉원사,367,217,150,1,22,70,135,80,59,1,9,35,92,46,34,0,13,35,43,34,25
20201,A,골목상권,3110585,마포경찰서,3239,2093,1146,1,420,1126,934,559,199,0,226,683,634,427,123,1,194,443,300,132,76
20201,A,골목상권,3110578,대흥역 2번,4903,3185,1718,78,872,1109,1037,1047,760,28,453,737,756,701,510,50,419,372,281,346,250
20201,A,골목상권,3110574,서강대학교,896,599,297,4,117,204,240,201,130,2,74,135,174,124,90,2,43,69,66,77,40
20201,A,골목상권,3110544,망리단길,6222,3617,2605,17,1248,1421,1318,976,1242,8,640,721,675,587,986,9,608,700,643,389,256
20201,A,골목상권,3110548,마포구청역 4번,5895,3452,2443,18,764,1118,1304,1728,963,10,390,797,862,809,584,8,374,321,442,919,379
20201,A,골목상권,3110557,홍대부속여중고앞,5872,3326,2546,15,903,1543,1632,1119,660,15,389,832,977,651,462,0,514,711,655,468,198
20201,A,골목상권,3110618,강서고등학교,3661,1791,1870,7,785,1002,801,724,342,3,195,468,416,435,274,4,590,534,385,289,68
20201,A,골목상권,3110596,서서울호수공원,2036,1321,715,5,229,365,459,585,393,2,117,220,272,383,327,3,112,145,187,202,66
20201,A,골목상권,3110599,신월1파출소,1680,1078,602,4,158,295,421,566,236,2,93,182,259,368,174,2,65,113,162,198,62
20201,A,골목상권,3110651,화원중학교,2712,1532,1180,8,300,556,660,686,502,6,148,340,365,391,282,2,152,216,295,295,220
20201,A,골목상권,3110623,갈산공원,1473,855,618,6,162,331,380,329,265,4,90,177,200,190,194,2,72,154,180,139,71
20201,A,골목상권,3110632,방화역 3번,3801,2575,1226,6,332,705,1119,1071,568,4,193,413,783,737,445,2,139,292,336,334,123
20201,A,골목상권,3110659,화곡역 4번,3626,1901,1725,18,457,804,957,853,537,15,183,460,522,422,299,3,274,344,435,431,238
20201,A,골목상권,3110722,G타워,19389,12310,7079,60,3607,6404,5129,2626,1563,29,1836,4264,3348,1661,1172,31,1771,2140,1781,965,391
20201,A,골목상권,3110682,온수역 8번,361,283,78,0,13,52,95,107,94,0,11,34,65,83,90,0,2,18,30,24,4
20201,A,골목상권,3110696,오류동역 1번,3475,2139,1336,33,914,1147,671,456,254,17,516,814,390,225,177,16,398,333,281,231,77
20201,A,골목상권,3110698,개웅초등학교(개웅중학교),2757,1234,1523,7,405,493,704,774,374,5,210,265,264,263,227,2,195,228,440,511,147
20201,A,골목상권,3110697,개봉3동주민센터,1101,686,415,1,168,226,252,244,210,1,77,141,156,157,154,0,91,85,96,87,56
20201,A,골목상권,3110688,오류지구대,1309,724,585,5,130,240,332,393,209,4,56,137,187,212,128,1,74,103,145,181,81
20201,A,골목상권,3110684,서울공연예술고등학교,980,521,459,4,124,208,238,273,133,2,54,118,122,154,71,2,70,90,116,119,62
20201,A,골목상권,3110728,두산초등학교,7779,4797,2982,17,403,805,1036,1484,4034,15,223,510,611,873,2565,2,180,295,425,611,1469
20201,A,골목상권,3110731,금천구청역 1번 출입구,4469,2258,2211,11,672,1215,1026,1039,506,6,276,550,486,608,332,5,396,665,540,431,174
20201,A,골목상권,3110730,서울축산농협 독산역지점(독산파출소),7158,4528,2630,15,350,639,810,1307,4037,13,197,420,491,801,2606,2,153,219,319,506,1431
20201,A,골목상권,3110752,한울중학교,2059,1251,808,13,294,388,526,539,299,10,181,248,303,289,220,3,113,140,223,250,79
20201,A,골목상권,3110753,시흥동 은행나무사거리,1767,985,782,8,199,364,416,443,337,7,105,218,220,235,200,1,94,146,196,208,137
20201,A,골목상권,3110743,시흥초등학교(시흥1동우체국),1901,835,1066,7,317,358,467,487,265,6,126,168,210,183,142,1,191,190,257,304,123
20201,A,골목상권,3110764,문래역 3번,3153,1905,1248,2,407,744,863,599,538,2,173,425,526,380,399,0,234,319,337,219,139
20201,A,골목상권,3110782,영등포시장역 4번,1839,1063,776,5,208,345,454,439,388,3,97,205,292,249,217,2,111,140,162,190,171
20201,A,골목상권,3110779,대림갑을명가아파트,800,491,309,1,87,130,177,235,170,0,44,84,105,135,123,1,43,46,72,100,47
20201,A,골목상권,3110765,문래동사거리,2020,1394,626,4,169,352,494,465,536,2,82,219,333,315,443,2,87,133,161,150,93
20201,A,골목상권,3110810,영신초등학교,2994,1643,1351,2,368,625,659,659,681,0,176,353,376,324,414,2,192,272,283,335,267
20201,A,골목상권,3110809,장훈고등학교,1484,885,599,1,203,345,302,292,341,0,102,180,180,183,240,1,101,165,122,109,101
20201,A,골목상권,3110824,대방역 3번,2129,1361,768,5,292,552,582,381,317,4,165,378,384,224,206,1,127,174,198,157,111
20201,A,골목상권,3110813,보라매역 6번,5419,3837,1582,9,1033,1296,1111,1526,444,6,590,941,791,1194,315,3,443,355,320,332,129
20201,A,골목상권,3110834,동작구자원봉사센터,2564,1472,1092,14,261,540,690,627,432,11,135,308,409,356,253,3,126,232,281,271,179
20201,A,골목상권,3110828,노량진역 6번,7261,4126,3135,15,905,2214,1977,1542,608,3,417,1160,1187,977,382,12,488,1054,790,565,226
20201,A,골목상권,3110827,NH농협은행 상도동지점,1082,439,643,2,105,183,271,274,247,1,38,79,104,103,114,1,67,104,167,171,133
20201,A,골목상권,3110852,이수역 9번,2529,1175,1354,5,473,620,696,447,288,1,132,264,309,240,229,4,341,356,387,207,59
20201,A,골목상권,3110905,방배노인종합복지관(이수중학교),5242,2054,3188,12,1165,1458,1271,885,451,1,334,540,486,427,266,11,831,918,785,458,185
20201,A,골목상권,3110851,경문고등학교(동작동성당),3368,1773,1595,14,635,1032,934,524,229,8,236,520,595,291,123,6,399,512,339,233,106
20201,A,골목상권,3110899,낙성대역 5번(관악중학교),4614,3107,1507,19,916,1345,1018,737,579,11,468,959,710,495,464,8,448,386,308,242,115
20201,A,골목상권,3110831,상도4동주민센터,1928,1233,695,2,251,423,419,532,301,2,136,263,284,407,141,0,115,160,135,125,160
20201,A,골목상권,3110873,당곡중학교,2525,1427,1098,7,341,547,627,540,463,4,156,299,352,290,326,3,185,248,275,250,137
20201,A,골목상권,3110841,중대부중,360,156,204,0,43,52,85,105,75,0,14,21,31,46,44,0,29,31,54,59,31
20201,A,골목상권,3110900,낙성대역 1번(관악구민 종합체육센터),4337,2627,1710,15,852,1276,966,653,575,7,368,802,610,388,452,8,484,474,356,265,123
20201,A,골목상권,3110892,관악구 중앙길,4005,1888,2117,12,627,825,985,859,697,7,212,389,474,444,362,5,415,436,511,415,335
20201,A,골목상권,3110866,난우중학교,1102,622,480,0,111,196,289,322,184,0,50,105,148,183,136,0,61,91,141,139,48
20201,A,골목상권,3110857,미성동주민센터,1238,578,660,17,154,236,276,322,233,13,73,114,121,124,133,4,81,122,155,198,100
20201,A,골목상권,3110875,보라매동주민센터(당곡고등학교),940,526,414,2,104,162,206,235,231,0,48,85,103,128,162,2,56,77,103,107,69
20201,A,골목상권,3110891,구암초등학교,1342,607,735,0,232,374,420,224,92,0,68,168,205,117,49,0,164,206,215,107,43
20201,A,골목상권,3110944,서울나래학교(염곡어린이공원),1156,798,358,10,148,272,221,240,265,8,109,212,164,151,154,2,39,60,57,89,111
20201,A,골목상권,3110942,염곡동 구룡사(포이동성당),13415,8394,5021,55,2287,3724,3222,2573,1554,26,1169,2292,2042,1698,1167,29,1118,1432,1180,875,387
20201,A,골목상권,3110920,방배역 2번(백석예술대학교),5016,3055,1961,91,1042,1259,931,793,900,26,459,731,622,507,710,65,583,528,309,286,190
20201,A,골목상권,3110910,내방역 5번,6436,3785,2651,20,1118,1455,1481,1224,1138,10,430,857,865,759,864,10,688,598,616,465,274
20201,A,골목상권,3110906,서문여고,11702,5247,6455,16,2248,2996,3566,2017,859,4,688,1244,1668,1074,569,12,1560,1752,1898,943,290
20201,A,골목상권,3110932,서울시인재개발원,4209,2306,1903,8,1038,1226,942,667,328,6,350,687,621,424,218,2,688,539,321,243,110
20201,A,골목상권,3110930,서초동성당,32660,17166,15494,63,6180,7719,7177,9753,1768,35,2030,3676,3572,6555,1298,28,4150,4043,3605,3198,470
20201,A,골목상권,3110931,삼성전자서울R&D(서울우면초등학교),211,106,105,0,53,63,49,28,18,0,20,37,22,17,10,0,33,26,27,11,8
20201,A,골목상권,3110938,바우뫼공원,4722,3197,1525,17,814,1339,1276,836,440,8,422,921,904,581,361,9,392,418,372,255,79
20201,A,골목상권,3110943,법제교육센터(버들어린이공원),5935,3672,2263,18,851,1433,1538,1193,902,10,470,907,945,696,644,8,381,526,593,497,258
20201,A,골목상권,3110994,개포고등학교,4345,2839,1506,57,867,1222,970,768,461,24,505,806,631,503,370,33,362,416,339,265,91
20201,A,골목상권,3110988,청담역 3번,14773,6151,8622,65,3286,4402,3877,2145,998,27,1018,1851,1536,1027,692,38,2268,2551,2341,1118,306
20201,A,골목상권,3111012,석촌역 6번,3563,1857,1706,6,341,717,926,795,778,4,123,380,473,406,471,2,218,337,453,389,307
20201,A,골목상권,3111043,마천공원,1725,1113,612,1,183,389,411,423,318,0,112,251,235,271,244,1,71,138,176,152,74
20201,A,골목상권,3111045,개미어린이공원,1629,952,677,8,240,270,383,466,262,2,144,178,243,239,146,6,96,92,140,227,116
20201,A,골목상권,3111047,마천1치안센터,1130,680,450,1,120,251,299,266,193,1,60,143,171,153,152,0,60,108,128,113,41
20201,A,골목상권,3111028,문현중학교(장지역 1번),2770,1677,1093,9,489,714,682,541,335,5,271,467,421,262,251,4,218,247,261,279,84
20201,A,골목상권,3111035,오금공원(오주중학교),2277,1464,813,2,256,487,582,635,315,1,148,328,395,374,218,1,108,159,187,261,97
20201,A,골목상권,3111053,성내천어린이공원(하니사랑길),13219,9342,3877,40,1620,2605,2692,3224,3038,16,990,1785,1878,2342,2331,24,630,820,814,882,707
20201,A,골목상권,3111087,고덕중학교(고덕2동주민센터),472,171,301,0,46,83,108,137,98,0,8,31,45,43,44,0,38,52,63,94,54
20201,A,골목상권,3111083,GS강동자이아파트,2192,1281,911,3,253,379,423,595,539,3,145,235,242,299,357,0,108,144,181,296,182
20201,A,골목상권,3111074,명일역 1번,1560,927,633,3,195,368,374,356,264,2,96,213,197,225,194,1,99,155,177,131,70
20201,A,골목상권,3111056,천호태영아파트,2371,1291,1080,1,166,256,372,396,1180,0,61,99,164,203,764,1,105,157,208,193,416
20201,A,골목상권,3111061,암사역 1번,3505,1543,1962,2,374,555,668,876,1030,1,150,309,306,294,483,1,224,246,362,582,547
20201,A,골목상권,3110036,동묘앞역 3번,1190,660,530,2,181,238,291,276,202,0,47,113,169,190,141,2,134,125,122,86,61
20201,A,골목상권,3110034,창신1동주민센터,1885,871,1014,8,319,394,521,412,231,7,104,157,206,228,169,1,215,237,315,184,62
20201,A,골목상권,3110028,이화달팽이길,3695,2004,1691,7,657,966,880,710,475,3,229,479,515,444,334,4,428,487,365,266,141
20201,A,골목상권,3110014,경복고등학교,1637,871,766,2,154,436,502,373,170,2,50,215,274,204,126,0,104,221,228,169,44
20201,A,골목상권,3110001,이북5도청사,3311,2335,976,10,598,774,665,978,286,6,331,504,493,810,191,4,267,270,172,168,95
20201,A,골목상권,3110286,한성대입구역 5번,4861,2170,2691,20,736,1306,1268,999,532,9,240,613,591,455,262,11,496,693,677,544,270
20201,A,골목상권,3110283,성북초등학교앞,2067,1295,772,12,288,580,641,380,166,8,150,391,427,218,101,4,138,189,214,162,65
20201,A,골목상권,3110039,회현역 1번,23622,11623,11999,133,4395,7509,7184,3821,580,38,1547,3599,3487,2668,284,95,2848,3910,3697,1153,296
20201,A,골목상권,3110285,홍대부중,2796,1807,989,11,479,748,779,536,243,6,237,471,486,420,187,5,242,277,293,116,56
20201,A,골목상권,3110053,청구역 1번,1887,973,914,1,292,413,473,444,264,0,94,203,258,251,167,1,198,210,215,193,97
20201,A,골목상권,3110040,중구회현체육센터(정화예술대남산캠퍼스),15872,7161,8711,64,2309,4970,5377,2758,394,8,703,2069,2118,2073,190,56,1606,2901,3259,685,204
20201,A,골목상권,3110069,숙대입구,5692,2925,2767,14,842,1738,1501,985,612,6,238,745,833,646,457,8,604,993,668,339,155
20201,A,골목상권,3110077,삼광초등학교,1617,1102,515,8,162,358,490,381,218,7,93,234,360,254,154,1,69,124,130,127,64
20201,A,골목상권,3110072,열정도,1822,1125,697,9,264,375,438,367,369,3,123,236,278,230,255,6,141,139,160,137,114
20201,A,골목상권,3110059,새남터성지,2836,1935,901,8,404,789,837,608,190,3,181,500,636,477,138,5,223,289,201,131,52
20201,A,골목상권,3110095,한강진역 3번,5622,3227,2395,35,1349,2001,1256,664,317,20,544,1116,858,496,193,15,805,885,398,168,124
20201,A,골목상권,3110097,한남초등학교,5721,3746,1975,12,1028,2374,1313,590,404,7,478,1484,985,454,338,5,550,890,328,136,66
20201,A,골목상권,3110106,금북초등학교,123,49,74,0,15,25,38,29,16,0,2,11,13,12,11,0,13,14,25,17,5
20201,A,골목상권,3110103,옥수터널,545,284,261,1,45,141,155,157,46,0,17,64,87,85,31,1,28,77,68,72,15
20201,A,골목상권,3110137,성수초등학교,14338,9448,4890,60,2205,3717,3817,2875,1664,46,1146,2457,2601,1900,1298,14,1059,1260,1216,975,366
20201,A,골목상권,3110138,송정체육공원,2546,1233,1313,1,395,634,646,528,342,0,147,319,328,219,220,1,248,315,318,309,122
20201,A,골목상권,3110150,중곡1동 마을마당,5687,2821,2866,84,1470,1113,1132,1310,578,30,642,611,577,542,419,54,828,502,555,768,159
20201,A,골목상권,3110175,푸른동산공원,7435,3844,3591,8,711,1236,1667,2238,1575,4,374,802,970,930,764,4,337,434,697,1308,811
20201,A,골목상권,3110177,동의초등학교,1191,614,577,1,140,224,315,322,189,0,46,118,168,160,122,1,94,106,147,162,67
20201,A,골목상권,3110146,신자초등학교,2819,2113,706,7,317,659,835,751,250,3,224,506,625,563,192,4,93,153,210,188,58
20201,A,골목상권,3110195,동대문구청,3806,1797,2009,5,412,804,896,1082,607,3,155,327,374,598,340,2,257,477,522,484,267
20201,A,골목상권,3110201,전농119안전센터,669,454,215,0,93,145,215,139,77,0,61,94,144,99,56,0,32,51,71,40,21
20201,A,골목상권,3110189,제기동역 1번,4287,2552,1735,8,675,1174,895,684,851,2,252,688,568,412,630,6,423,486,327,272,221
20201,A,골목상권,3110215,회기역 1번,2285,799,1486,3,612,739,515,282,134,1,114,254,199,124,107,2,498,485,316,158,27
20201,A,골목상권,3110224,외대앞역 2번,1271,746,525,3,119,240,371,332,206,1,48,142,229,232,94,2,71,98,142,100,112
20201,A,골목상권,3110214,경희대후문,3212,1375,1837,1,688,904,837,553,229,1,133,324,406,334,177,0,555,580,431,219,52
20201,A,골목상권,3110334,석관중앙교회,1188,720,468,0,136,249,282,330,191,0,69,127,145,232,147,0,67,122,137,98,44
20201,A,골목상권,3110232,동대부고,2450,1295,1155,3,270,438,601,702,436,1,110,219,302,355,308,2,160,219,299,347,128
20201,A,골목상권,3110190,고대앞사거리,2811,1514,1297,5,408,813,812,528,245,2,171,410,436,326,169,3,237,403,376,202,76
20201,A,골목상권,3110196,홍릉근린공원,813,501,312,1,63,163,273,228,85,1,32,79,174,139,76,0,31,84,99,89,9
20201,A,골목상권,3110312,안암역 2번,1646,844,802,1,199,449,557,333,107,0,70,193,307,200,74,1,129,256,250,133,33
20201,A,골목상권,3110222,회기역 2번,2106,1033,1073,1,371,448,535,549,202,0,86,231,303,298,115,1,285,217,232,251,87
20201,A,골목상권,3110273,장스여성병원,1451,933,518,9,121,171,256,458,436,1,29,69,134,320,380,8,92,102,122,138,56
20201,A,골목상권,3110260,면목역 3번,2350,1372,978,3,344,558,668,508,269,0,147,374,336,286,229,3,197,184,332,222,40
20201,A,골목상권,3110238,배꽃어린이공원,1298,1025,273,1,203,312,289,312,181,1,146,248,219,268,143,0,57,64,70,44,38
20201,A,골목상권,3110257,상봉역 7번,1447,1068,379,2,86,174,301,412,472,1,40,93,179,332,423,1,46,81,122,80,49
20201,A,골목상권,3110239,중랑역 2번,478,213,265,1,58,81,106,116,116,0,23,34,39,50,67,1,35,47,67,66,49
20201,A,골목상권,3110294,서경대학교,1909,1071,838,1,218,284,476,532,398,0,68,128,255,335,285,1,150,156,221,197,113
20201,A,골목상권,3110316,숭곡초등학교,3255,1971,1284,7,264,440,671,666,1207,6,113,208,325,382,937,1,151,232,346,284,270
20201,A,골목상권,3110303,성신여대입구역 1번,1418,675,743,8,188,301,315,361,245,3,62,134,147,190,139,5,126,167,168,171,106
20201,A,골목상권,3110293,삼선중학교,15384,8771,6613,60,2292,3733,4993,2745,1561,27,1049,2116,3024,1840,715,33,1243,1617,1969,905,846
20201,A,골목상권,3110305,보문역 5번,6037,4718,1319,11,742,2042,1228,1245,769,5,463,1703,1006,1012,529,6,279,339,222,233,240
20201,A,골목상권,3110331,돌곶이역 8번,1135,748,387,4,137,251,271,224,248,0,50,166,174,147,211,4,87,85,97,77,37
20201,A,골목상권,3110423,석계역 2번,1311,574,737,4,152,235,386,321,213,2,65,110,173,127,97,2,87,125,213,194,116
20201,A,골목상권,3110319,종암동주민센터,1893,933,960,3,270,388,460,529,243,1,103,217,229,277,106,2,167,171,231,252,137
20201,A,골목상권,3110322,장위1동주민센터,871,527,344,2,161,181,190,183,154,1,77,118,116,111,104,1,84,63,74,72,50
20201,A,골목상권,3110361,삼양사거리역 1번,993,499,494,2,47,112,177,256,399,1,14,50,90,149,195,1,33,62,87,107,204
20201,A,골목상권,3110364,미아역 8번,1531,881,650,2,169,302,433,416,209,1,79,160,252,251,138,1,90,142,181,165,71
20201,A,골목상권,3110360,수유초등학교,2034,877,1157,5,275,331,439,521,463,1,65,139,157,219,296,4,210,192,282,302,167
20201,A,골목상권,3110381,번동주공2단지,791,418,373,5,81,172,201,218,114,4,26,69,100,134,85,1,55,103,101,84,29
20201,A,골목상권,3110363,송천동주민센터,409,210,199,2,30,68,123,98,88,1,8,30,50,50,71,1,22,38,73,48,17
20201,A,골목상권,3110371,삼양입구사거리,930,529,401,1,86,197,218,253,175,1,33,94,108,159,134,0,53,103,110,94,41
20201,A,골목상권,3110374,송중초등학교,1719,817,902,7,155,286,471,442,358,6,44,101,191,221,254,1,111,185,280,221,104
20201,A,골목상권,3110357,가오리역 1번,2168,1460,708,1,94,117,339,588,1029,0,22,54,236,446,702,1,72,63,103,142,327
20201,A,골목상권,3110340,인수중학교,1210,779,431,6,158,254,272,328,192,6,80,172,168,192,161,0,78,82,104,136,31
20201,A,골목상권,3110341,북한산우이역 2번,566,439,127,0,22,43,96,273,132,0,5,15,59,245,115,0,17,28,37,28,17
20201,A,골목상권,3110390,방학초등학교,1597,753,844,3,167,399,387,400,241,2,55,196,185,170,145,1,112,203,202,230,96
20201,A,골목상권,3110408,가인초등학교,5003,3437,1566,5,529,1188,1209,961,1111,3,315,894,903,569,753,2,214,294,306,392,358
20201,A,골목상권,3110433,공릉역 2번,3355,1631,1724,8,286,413,725,1012,911,3,111,214,339,463,501,5,175,199,386,549,410
20201,A,골목상권,3110462,갈현건영아파트,1644,949,695,7,239,380,374,357,287,5,127,224,218,183,192,2,112,156,156,174,95
20201,A,골목상권,3110468,응암역 3번,3641,1667,1974,6,385,681,1020,975,574,1,133,299,452,447,335,5,252,382,568,528,239
20201,A,골목상권,3110478,응암1동주민센터,2441,1361,1080,5,214,382,537,597,706,3,104,189,272,292,501,2,110,193,265,305,205
20201,A,골목상권,3110481,불광역 7번,1180,586,594,2,144,250,312,287,185,2,57,126,153,135,113,0,87,124,159,152,72
20201,A,골목상권,3110443,수색역 1번,216,134,82,0,17,25,57,64,53,0,8,14,33,40,39,0,9,11,24,24,14
20201,A,골목상권,3110463,응암3동주민센터,974,399,575,1,102,172,257,281,161,0,35,51,90,125,98,1,67,121,167,156,63
20201,A,골목상권,3110459,응암역 2번,3086,1443,1643,3,303,575,877,817,511,0,113,267,388,352,323,3,190,308,489,465,188
20201,A,골목상권,3110495,북가좌2동주민센터,3425,1703,1722,7,515,851,808,729,515,3,154,458,454,363,271,4,361,393,354,366,244
20201,A,골목상권,3110507,명지대학교,3062,2160,902,30,511,879,694,667,281,27,328,632,494,452,227,3,183,247,200,215,54
20201,A,골목상권,3110584,아현역 4번,1154,595,559,2,327,402,209,121,93,1,129,232,107,64,62,1,198,170,102,57,31
20201,A,골목상권,3110528,서울여자간호대학교,7567,1522,6045,6,217,511,2006,3643,1184,1,75,158,342,456,490,5,142,353,1664,3187,694
20201,A,골목상권,3110556,절두산순교성지,1036,634,402,3,129,274,296,242,92,3,52,152,183,174,70,0,77,122,113,68,22
20201,A,골목상권,3110580,양원초등학교,498,212,286,1,65,95,130,125,82,0,16,34,56,63,43,1,49,61,74,62,39
20201,A,골목상권,3110545,마포구청역 1번,2002,1003,999,13,262,386,532,510,299,6,101,203,265,254,174,7,161,183,267,256,125
20201,A,골목상권,3110568,광흥창역 1번,1865,940,925,2,319,532,473,379,160,0,93,278,268,220,81,2,226,254,205,159,79
20201,A,골목상권,3110622,달마을공원,3703,2251,1452,3,469,828,1090,957,356,2,224,483,702,584,256,1,245,345,388,373,100
20201,A,골목상권,3110675,화곡4동주민센터,2797,1278,1519,5,643,758,578,544,269,4,133,328,273,318,222,1,510,430,305,226,47
20201,A,골목상권,3110672,백석중학교,3412,1929,1483,2,392,661,820,891,646,1,172,329,509,533,385,1,220,332,311,358,261
20201,A,골목상권,3110601,신월1동우편취급국,2705,1819,886,9,277,464,638,855,462,4,152,304,424,572,363,5,125,160,214,283,99
20201,A,골목상권,3110609,신정네거리역 2번,3128,2387,741,7,203,302,527,602,1487,2,96,167,286,425,1411,5,107,135,241,177,76
20201,A,골목상권,3110598,신월문화체육센터,3588,2130,1458,4,271,421,690,983,1219,3,154,260,389,589,735,1,117,161,301,394,484
20201,A,골목상권,3110655,발산역 5번,4161,1917,2244,5,419,692,805,852,1388,3,173,359,411,358,613,2,246,333,394,494,775
20201,A,골목상권,3110652,양천향교역 2번,5355,3360,1995,14,588,1103,1158,1394,1098,8,298,697,700,851,806,6,290,406,458,543,292
20201,A,골목상권,3110630,공항시장역 1번,3398,1986,1412,9,371,571,654,788,1005,3,149,321,407,512,594,6,222,250,247,276,411
20201,A,골목상권,3110660,등촌3동주민센터,10361,5421,4940,46,1465,2249,2361,2354,1886,16,655,1444,1390,1025,891,30,810,805,971,1329,995
20201,A,골목상권,3110645,우장산역 4번,6211,3689,2522,11,755,1459,1633,1576,777,7,408,941,907,852,574,4,347,518,726,724,203
20201,A,골목상권,3110640,방화역 1번,4330,2746,1584,7,432,979,1112,1131,669,5,222,521,675,783,540,2,210,458,437,348,129
20201,A,골목상권,3110695,개봉1동주민센터,2132,1220,912,8,180,491,579,523,351,7,99,290,309,285,230,1,81,201,270,238,121
20201,A,골목상권,3110692,큰굴다리,3257,2221,1036,5,464,656,827,912,393,4,364,453,539,571,290,1,100,203,288,341,103
20201,A,골목상권,3110714,구로4동주민센터,3993,2731,1262,7,467,935,917,1103,564,4,223,587,636,850,431,3,244,348,281,253,133
20201,A,골목상권,3110715,구로구민회관,4993,2481,2512,4,601,1291,1353,1189,555,2,225,636,658,644,316,2,376,655,695,545,239
20201,A,골목상권,3110708,화원어린이공원,1274,488,786,6,311,266,296,208,187,1,66,71,108,97,145,5,245,195,188,111,42
20201,A,골목상권,3110713,구로보건소,7675,4823,2852,13,1134,1919,2115,1590,904,6,626,1277,1358,961,595,7,508,642,757,629,309
20201,A,골목상권,3110718,한국SGI본부,6477,4079,2398,33,1087,1712,1798,1241,606,26,598,1087,1157,798,413,7,489,625,641,443,193
20201,A,골목상권,3110707,구로창업지원센터,5470,4040,1430,11,555,1651,1506,1116,631,9,302,1244,1178,827,480,2,253,407,328,289,151
20201,A,골목상권,3110727,독산역 1번 출입구,3120,2126,994,18,378,675,804,825,420,18,221,481,534,577,295,0,157,194,270,248,125
20201,A,골목상권,3110726,금천철쭉어린이공원(금하마을),1222,795,427,13,185,229,245,307,243,11,116,157,160,167,184,2,69,72,85,140,59
20201,A,골목상권,3110738,문성초등학교,2470,1462,1008,12,359,479,571,602,447,3,208,314,345,327,265,9,151,165,226,275,182
20201,A,골목상권,3110744,독산동성당,2100,1247,853,1,190,325,415,592,577,0,116,185,232,327,387,1,74,140,183,265,190
20201,A,골목상권,3110754,삼성산자연공원(서울금천초등학교),1854,1031,823,19,228,370,484,441,312,12,101,240,284,208,186,7,127,130,200,233,126
20201,A,골목상권,3110734,금천파출소,1807,760,1047,8,475,533,360,289,142,3,200,263,141,92,61,5,275,270,219,197,81
20201,A,골목상권,3110747,석수역 1번 출입구,1082,802,280,4,73,141,239,286,339,4,48,101,156,202,291,0,25,40,83,84,48
20201,A,골목상권,3110819,신대방역 4번,5159,3199,1960,20,841,1350,1310,962,676,14,426,897,852,558,452,6,415,453,458,404,224
20201,A,골목상권,3110781,대림한신아파트,2145,1183,962,3,313,387,472,543,427,0,106,213,256,304,304,3,207,174,216,239,123
20201,A,골목상권,3110776,도신초등학교,4342,3047,1295,14,543,1061,1275,922,527,5,283,767,959,627,406,9,260,294,316,295,121
20201,A,골목상권,3110798,신풍역 2번,1786,1078,708,7,160,456,560,380,223,6,95,279,287,241,170,1,65,177,273,139,53
20201,A,골목상권,3110792,영등포역 2번,4524,2496,2028,35,680,1023,1028,1131,627,16,283,485,583,698,431,19,397,538,445,433,196
20201,A,골목상권,3110756,문래중학교,1572,1015,557,2,185,356,383,362,284,0,97,271,248,213,186,2,88,85,135,149,98
20201,A,골목상권,3110801,신풍역 6번(신길6동공영주차장),245,84,161,1,32,37,52,64,59,0,1,12,15,24,32,1,31,25,37,40,27
20201,A,골목상권,3110812,신길6동주민센터,2401,1555,846,4,382,558,565,498,394,3,189,346,367,345,305,1,193,212,198,153,89
20201,A,골목상권,3110811,보라매역 4번,1485,937,548,4,212,413,375,284,197,3,100,268,233,183,150,1,112,145,142,101,47
20201,A,골목상권,3110820,성남고등학교,4803,3512,1291,4,807,999,907,1587,499,3,498,725,655,1252,379,1,309,274,252,335,120
20201,A,골목상권,3110800,영등포동성당,4742,2638,2104,14,1219,1149,1000,824,536,6,385,590,637,579,441,8,834,559,363,245,95
20201,A,골목상권,3110806,서울시립영등포장애인복지관,2220,1555,665,16,339,498,524,501,342,8,181,328,388,376,274,8,158,170,136,125,68
20201,A,골목상권,3110839,숭실대입구역 4번,3303,2046,1257,2,371,954,1107,622,247,1,177,536,682,434,216,1,194,418,425,188,31
20201,A,골목상권,3110833,상도역 2번,1336,685,651,6,207,356,332,277,158,2,88,215,184,115,81,4,119,141,148,162,77
20201,A,골목상권,3110876,서원동주민센터(신관중학교),1010,458,552,0,95,206,235,294,180,0,31,95,124,113,95,0,64,111,111,181,85
20201,A,골목상권,3110889,봉천역 6번,1263,796,467,1,114,181,251,361,355,0,57,94,152,270,223,1,57,87,99,91,132
20201,A,골목상권,3110901,인헌고등학교(인헌중학교),1830,934,896,7,276,482,543,370,152,4,127,251,267,170,115,3,149,231,276,200,37
20201,A,골목상권,3110919,내방역 8번,17656,12077,5579,47,2980,5187,5004,3205,1233,19,1390,3288,3826,2627,927,28,1590,1899,1178,578,306
20201,A,골목상권,3110908,구반포역,8972,4814,4158,21,1548,2263,2440,2159,541,21,607,1187,1452,1153,394,0,941,1076,988,1006,147
20201,A,골목상권,3110916,내방역 4번,9127,6122,3005,73,1885,2725,2144,1385,915,60,1124,1946,1492,851,649,13,761,779,652,534,266
20201,A,골목상권,3110914,내방역 6번,6099,3888,2211,13,1069,1570,1366,1162,919,9,527,958,903,780,711,4,542,612,463,382,208
20201,A,골목상권,3110981,국악고교사거리,4814,3009,1805,11,674,1061,1231,1002,835,3,342,675,767,584,638,8,332,386,464,418,197
20201,A,골목상권,3110952,논현목련공원,6619,4360,2259,19,1063,1760,1774,1271,732,13,616,1186,1215,839,491,6,447,574,559,432,241
20201,A,골목상권,3110953,학동근린공원,21063,12969,8094,82,5828,6708,4428,2577,1440,26,2619,4180,3209,1850,1085,56,3209,2528,1219,727,355
20201,A,골목상권,3110968,강남구청역 2번,13705,8449,5256,49,2620,3694,3410,2525,1407,16,1163,2112,2388,1751,1019,33,1457,1582,1022,774,388
20201,A,골목상권,3110966,논현2동주민센터,18787,11747,7040,55,3807,5812,4775,2774,1564,16,1620,3352,3408,2154,1197,39,2187,2460,1367,620,367
20201,A,골목상권,3110973,강남구청역 4번,10030,5790,4240,39,1911,2711,2341,1849,1179,16,845,1639,1467,1073,750,23,1066,1072,874,776,429
20201,A,골목상권,3110996,대치2동주민센터,35867,16914,18953,262,6657,8765,8045,7435,4703,105,3082,5222,4330,2505,1670,157,3575,3543,3715,4930,3033
20201,A,골목상권,3110982,강남구보훈회관,4003,2221,1782,8,984,1036,920,571,484,5,350,614,590,298,364,3,634,422,330,273,120
20201,A,골목상권,3111002,한국교통안전공단 강남자동차검사소,409,194,215,0,27,74,87,129,92,0,8,39,41,58,48,0,19,35,46,71,44
20201,A,골목상권,3110987,영동대교남단,6140,4147,1993,37,1147,1773,1594,1067,522,17,553,1233,1221,750,373,20,594,540,373,317,149
20201,A,골목상권,3111022,석촌중학교(방이육교),7523,4484,3039,23,1128,1955,1970,1642,805,9,549,1248,1293,845,540,14,579,707,677,797,265
20201,A,골목상권,3111041,거여역 8번,2127,1468,659,8,544,521,474,308,272,6,288,381,370,220,203,2,256,140,104,88,69
20201,A,골목상권,3111031,장지동주민센터(한림연예예술고교),34991,27580,7411,16,3048,6307,10062,13354,2204,7,1885,4657,7895,11621,1515,9,1163,1650,2167,1733,689
20201,A,골목상권,3111014,송파나루역 2번,9836,5551,4285,11,1370,2414,2283,2319,1439,5,597,1499,1467,1202,781,6,773,915,816,1117,658
20201,A,골목상권,3111073,둔촌동역 1번(한산중학교),3288,1796,1492,11,429,739,851,706,552,8,165,384,502,371,366,3,264,355,349,335,186
20201,A,골목상권,3110004,대신고등학교,402,232,170,6,56,96,96,104,44,5,32,54,54,53,34,1,24,42,42,51,10
20201,A,골목상권,3111072,굽은다리역 1번(십자성마을),2946,1789,1157,8,298,573,759,699,609,3,146,346,440,433,421,5,152,227,319,266,188
20201,A,골목상권,3111084,길동신동아아파트,1097,568,529,2,102,184,201,327,281,2,56,104,100,149,157,0,46,80,101,178,124
20201,A,골목상권,3110017,정독도서관,4793,3571,1222,1,747,1261,1255,1054,475,1,404,870,1019,890,387,0,343,391,236,164,88
20201,A,골목상권,3110002,독립문역 1번,616,177,439,7,166,170,151,84,38,6,34,34,51,28,24,1,132,136,100,56,14
20201,A,골목상권,3110031,창신역 1번,499,243,256,2,65,123,115,127,67,0,17,56,56,68,46,2,48,67,59,59,21
20201,A,골목상권,3110181,신설동역 9번,11325,6319,5006,32,1034,2438,3253,2841,1727,17,532,1500,1747,1415,1108,15,502,938,1506,1426,619
20201,A,골목상권,3110025,충신시장옆,2953,1750,1203,6,522,768,705,591,361,1,198,408,447,419,277,5,324,360,258,172,84
20201,A,골목상권,3110291,한성대입구역 3번,2792,1638,1154,3,210,450,857,801,471,1,83,257,522,485,290,2,127,193,335,316,181
20201,A,골목상권,3110026,종로5가역 4번,1316,680,636,4,165,282,370,283,212,1,63,132,176,155,153,3,102,150,194,128,59
20201,A,골목상권,3110016,평창동동측,12725,5785,6940,17,1035,3438,5042,2657,536,8,355,1373,2545,1209,295,9,680,2065,2497,1448,241
20201,A,골목상권,3110020,서울국제고등학교,2158,1200,958,4,389,630,516,385,234,3,162,347,310,219,159,1,227,283,206,166,75
20201,A,골목상권,3110048,장충동주민센터,10743,5949,4794,32,1907,2975,2905,2265,659,5,684,1762,1731,1314,453,27,1223,1213,1174,951,206
20201,A,골목상권,3110046,버티고개,2463,1750,713,3,241,901,673,506,139,0,143,678,502,330,97,3,98,223,171,176,42
20201,A,골목상권,3110047,다산성곽길,5084,2935,2149,11,1086,1445,1154,887,501,3,410,865,765,531,361,8,676,580,389,356,140
20201,A,골목상권,3110539,미근동,12732,7479,5253,42,2010,4180,3436,2242,822,19,832,2371,2093,1519,645,23,1178,1809,1343,723,177
20201,A,골목상권,3110110,상왕십리역 6번,2405,1457,948,12,383,537,534,531,408,3,127,319,375,375,258,9,256,218,159,156,150
20201,A,골목상권,3110066,서울역 15번,4167,2123,2044,9,838,1274,877,641,528,4,288,582,482,374,393,5,550,692,395,267,135
20201,A,골목상권,3110591,충정로역 6번,3780,2155,1625,0,729,1051,1004,652,344,0,358,619,586,387,205,0,371,432,418,265,139
20201,A,골목상권,3110086,이태원역 북측,13166,6107,7059,36,4072,5077,2603,1007,371,14,1114,2293,1610,799,277,22,2958,2784,993,208,94
20201,A,골목상권,3110085,경리단길남측,12274,5390,6884,26,3823,4925,2402,861,237,12,993,2133,1397,675,180,14,2830,2792,1005,186,57
20201,A,골목상권,3110105,금동어린이공원,2664,1110,1554,16,327,830,1025,337,129,1,110,292,450,175,82,15,217,538,575,162,47
20201,A,골목상권,3110116,청계천박물관,6537,4739,1798,43,541,1177,1527,2151,1098,31,326,844,1178,1561,799,12,215,333,349,590,299
20201,A,골목상권,3110128,성원중학교,3542,2310,1232,18,454,892,940,801,437,8,266,660,634,494,248,10,188,232,306,307,189
20201,A,골목상권,3110120,서울숲카페거리,835,506,329,0,85,162,225,202,161,0,41,83,109,130,143,0,44,79,116,72,18
20201,A,골목상권,3110124,뚝섬역교차로,2595,1874,721,12,366,472,586,575,584,10,183,303,387,461,530,2,183,169,199,114,54
20201,A,골목상권,3110129,성원어린이공원,3599,2300,1299,18,579,846,820,729,607,14,311,541,561,470,403,4,268,305,259,259,204
20201,A,골목상권,3110132,성수2가3동주민센터,3491,2130,1361,9,415,835,861,811,560,8,209,510,554,495,354,1,206,325,307,316,206
20201,A,골목상권,3110223,군자초등학교,3357,2271,1086,35,621,967,788,549,397,8,327,680,552,382,322,27,294,287,236,167,75
20201,A,골목상권,3110111,대현산장미원,74,52,22,0,7,13,12,21,21,0,6,5,6,16,19,0,1,8,6,5,2
20201,A,골목상권,3110166,구의1동주민센터,13530,10491,3039,13,880,2121,3757,5357,1402,11,448,1352,2902,4600,1178,2,432,769,855,757,224
20201,A,골목상권,3110160,광진경찰서,1622,1121,501,1,270,514,389,345,103,1,174,364,263,239,80,0,96,150,126,106,23
20201,A,골목상권,3110164,아차산역 5번,2452,1482,970,7,311,484,595,582,473,2,153,274,370,328,355,5,158,210,225,254,118
20201,A,골목상권,3110145,장안초등학교,626,318,308,0,48,90,132,215,141,0,20,45,59,100,94,0,28,45,73,115,47
20201,A,골목상권,3110158,중곡3동주민센터,1689,1085,604,3,201,401,431,405,248,0,113,280,259,259,174,3,88,121,172,146,74
20201,A,골목상권,3110253,중곡초등학교,1551,1093,458,2,104,216,386,589,254,1,47,124,250,474,197,1,57,92,136,115,57
20201,A,골목상권,3110227,답십리공원,3666,2141,1525,43,1527,620,564,543,369,25,873,404,327,274,238,18,654,216,237,269,131
20201,A,골목상권,3110192,동의보감타워,1689,798,891,2,156,273,358,433,467,0,54,114,189,200,241,2,102,159,169,233,226
20201,A,골목상권,3110182,용두희망어린이공원,6164,2634,3530,4,747,1233,1297,1729,1154,0,240,665,668,567,494,4,507,568,629,1162,660
20201,A,골목상권,3110208,시조사삼거리,1810,1056,754,3,255,573,311,351,317,2,120,403,184,193,154,1,135,170,127,158,163
20201,A,골목상권,3110191,고려대역 6번,817,524,293,1,45,155,267,206,143,1,24,76,163,146,114,0,21,79,104,60,29
20201,A,골목상권,3110193,고려대역 4번,827,531,296,1,49,167,287,216,107,1,25,93,176,149,87,0,24,74,111,67,20
20201,A,골목상권,3110274,서일대학교,1874,1209,665,2,153,270,455,529,465,1,54,150,285,380,339,1,99,120,170,149,126
20201,A,골목상권,3110270,혜원여고,1057,631,426,0,86,153,246,300,272,0,32,87,130,187,195,0,54,66,116,113,77
20201,A,골목상권,3110277,러스크서울병원,1417,798,619,5,161,220,285,429,317,1,56,69,143,266,263,4,105,151,142,163,54
20201,A,골목상권,3110249,중화역 1번,2900,1839,1061,1,380,672,715,696,436,1,208,379,410,482,359,0,172,293,305,214,77
20201,A,골목상권,3110250,화랑대역 7번,1016,501,515,5,84,215,300,277,135,1,28,102,135,142,93,4,56,113,165,135,42
20201,A,골목상권,3110235,세화어린이공원,352,192,160,6,86,56,94,66,44,5,50,30,41,35,31,1,36,26,53,31,13
20201,A,골목상권,3110306,미아초등학교,5040,2548,2492,418,2027,1281,681,387,246,176,903,701,375,192,201,242,1124,580,306,195,45
20201,A,골목상권,3110304,보문역 4번,3586,1900,1686,4,465,1014,939,889,275,3,200,485,478,545,189,1,265,529,461,344,86
20201,A,골목상권,3110336,석관고등학교,933,606,327,1,108,181,209,262,172,0,57,97,124,192,136,1,51,84,85,70,36
20201,A,골목상권,3110327,상월곡역 2번,1727,1049,678,4,291,422,476,347,187,1,146,269,289,200,144,3,145,153,187,147,43
20201,A,골목상권,3110330,돌곶이역 1번,785,481,304,1,83,124,161,170,246,0,26,63,88,101,203,1,57,61,73,69,43
20201,A,골목상권,3110335,석계역 7번,2390,1663,727,2,154,218,357,467,1192,0,68,110,204,330,951,2,86,108,153,137,241
20201,A,골목상권,3110332,돌곶이역 3번,2136,1489,647,1,156,186,243,364,1186,0,59,94,136,223,977,1,97,92,107,141,209
20201,A,골목상권,3110389,한일병원,2913,1480,1433,1,556,681,702,645,328,1,161,333,390,368,227,0,395,348,312,277,101
20201,A,골목상권,3110347,구세군강북종합사회복지관,229,109,120,0,29,43,60,41,56,0,5,15,30,21,38,0,24,28,30,20,18
20201,A,골목상권,3110344,화계중학교,765,403,362,0,70,135,208,278,74,0,39,56,106,139,63,0,31,79,102,139,11
20201,A,골목상권,3110353,수유동우체국,2195,1467,728,0,76,117,357,593,1052,0,17,56,240,437,717,0,59,61,117,156,335
20201,A,골목상권,3110387,쌍문초등학교,1023,569,454,0,115,155,279,298,176,0,47,78,125,166,153,0,68,77,154,132,23
20201,A,골목상권,3110337,아카데미하우스,1220,817,403,6,149,254,287,330,194,6,70,184,184,207,166,0,79,70,103,123,28
20201,A,골목상권,3110397,도봉산입구,1081,690,391,0,65,132,223,329,332,0,17,63,112,226,272,0,48,69,111,103,60
20201,A,골목상권,3110406,도봉산역 1번,1282,894,388,0,35,92,248,427,480,0,12,56,183,328,315,0,23,36,65,99,165
20201,A,골목상권,3110415,수락산역 4번,3127,1795,1332,19,436,611,756,776,529,16,238,366,437,450,288,3,198,245,319,326,241
20201,A,골목상권,3110435,서울과학기술대,486,320,166,0,28,85,109,148,116,0,14,37,61,104,104,0,14,48,48,44,12
20201,A,골목상권,3110436,상계제일중학교,1604,823,781,12,185,351,391,391,274,7,70,171,207,186,182,5,115,180,184,205,92
20201,A,골목상권,3110432,대진고등학교,2273,1419,854,3,199,364,570,753,384,2,72,175,325,556,289,1,127,189,245,197,95
20201,A,골목상권,3110483,연천초등학교,1888,990,898,2,87,158,205,289,1147,1,35,83,95,136,640,1,52,75,110,153,507
20201,A,골목상권,3110491,불광중학교,467,194,273,1,38,82,132,139,75,1,13,39,53,48,40,0,25,43,79,91,35
20201,A,골목상권,3110494,증산3교남측,1503,1100,403,0,61,162,176,249,855,0,27,76,66,146,785,0,34,86,110,103,70
20201,A,골목상권,3110452,새절역 3번,1150,767,383,3,83,169,269,341,285,3,52,85,159,216,252,0,31,84,110,125,33
20201,A,골목상권,3110469,응암정보도서관,2593,1307,1286,1,277,517,711,671,416,0,105,249,330,338,285,1,172,268,381,333,131
20201,A,골목상권,3110471,응암동우체국,1068,455,613,2,131,198,295,296,146,1,38,64,109,149,94,1,93,134,186,147,52
20201,A,골목상권,3110497,가좌역 3번,3639,2210,1429,4,227,430,591,916,1471,2,157,288,394,494,875,2,70,142,197,422,596
20201,A,골목상권,3110501,연희어린이공원,1435,806,629,9,204,340,341,335,206,8,95,227,185,158,133,1,109,113,156,177,73
20201,A,골목상권,3110500,남가좌동현대아파트,219,118,101,0,28,30,52,77,32,0,13,18,25,47,15,0,15,12,27,30,17
20201,A,골목상권,3110530,아현역 1번,1285,656,629,2,341,431,249,154,108,1,130,243,133,83,66,1,211,188,116,71,42
20201,A,골목상권,3110509,연희대우아파트앞,3108,1452,1656,10,588,768,762,647,333,7,195,340,413,291,206,3,393,428,349,356,127
20201,A,골목상권,3110564,홍대입구역 3번,3719,2005,1714,13,669,919,827,753,538,9,248,448,456,453,391,4,421,471,371,300,147
20201,A,골목상권,3110524,연희세브란스병원,103,61,42,0,12,14,21,21,35,0,6,7,10,13,25,0,6,7,11,8,10
20201,A,골목상권,3110519,서대문구보건소별관,1507,688,819,1,235,290,399,374,208,1,79,135,203,162,108,0,156,155,196,212,100
20201,A,골목상권,3110576,대흥역 3번,5382,3414,1968,79,939,1223,1169,1147,825,29,466,793,820,754,552,50,473,430,349,393,273
20201,A,골목상권,3110573,신촌역 6번,3658,1638,2020,59,1952,841,356,296,154,19,740,412,168,189,110,40,1212,429,188,107,44
20201,A,골목상권,3110563,상수역 3번,1775,1091,684,20,394,537,380,269,175,14,185,322,259,186,125,6,209,215,121,83,50
20201,A,골목상권,3110621,목동역 5번,6561,3403,3158,13,1373,1658,1558,1218,741,7,459,886,925,658,468,6,914,772,633,560,273
20201,A,골목상권,3110604,신월4동주민센터,2562,1829,733,1,147,307,531,813,763,1,63,163,324,591,687,0,84,144,207,222,76
20201,A,골목상권,3110592,서울금융고등학교,1418,826,592,0,159,268,306,388,297,0,60,114,154,262,236,0,99,154,152,126,61
20201,A,골목상권,3110595,메디힐병원,2673,1506,1167,2,265,534,570,717,585,1,120,277,304,429,375,1,145,257,266,288,210
20201,A,골목상권,3110603,지향초등학교,1491,835,656,3,116,242,379,451,300,0,47,129,201,246,212,3,69,113,178,205,88
20201,A,골목상권,3110625,신정2동주민센터,16198,9820,6378,112,2886,5330,4076,2804,990,78,1380,3276,2623,1819,644,34,1506,2054,1453,985,346
20201,A,골목상권,3110694,세곡초등학교,1785,1047,738,2,177,395,445,464,302,0,103,223,225,258,238,2,74,172,220,206,64
20201,A,골목상권,3110614,목동로데오거리,2417,1098,1319,3,334,528,600,608,344,2,114,230,276,284,192,1,220,298,324,324,152
20201,A,골목상권,3110667,가양역 10번,1800,935,865,11,274,339,420,410,346,3,109,178,245,204,196,8,165,161,175,206,150
20201,A,골목상권,3110643,강서구다솔마을,965,598,367,1,130,245,288,220,81,0,61,147,186,143,61,1,69,98,102,77,20
20201,A,골목상권,3110639,신방화역 8번,2731,1181,1550,7,220,288,413,883,920,4,100,169,211,292,405,3,120,119,202,591,515
20201,A,골목상권,3110663,우장산롯데캐슬아파트앞,5359,3199,2160,30,999,1445,1422,975,488,6,423,940,917,567,346,24,576,505,505,408,142
20201,A,골목상권,3110641,공항고등학교,1128,713,415,5,140,196,275,310,202,4,68,126,151,195,169,1,72,70,124,115,33
20201,A,골목상권,3110633,개화산역 1번,1889,1400,489,5,147,329,613,532,263,3,96,226,475,385,215,2,51,103,138,147,48
20201,A,골목상권,3110642,정곡초등학교,685,546,139,4,37,93,162,180,209,3,26,69,120,144,184,1,11,24,42,36,25
20201,A,골목상권,3110678,염창무학아파트,1394,954,440,1,153,288,345,353,254,1,67,196,230,253,207,0,86,92,115,100,47
20201,A,골목상권,3110653,화곡역 2번,3217,1604,1613,4,830,737,647,610,389,2,234,386,349,374,259,2,596,351,298,236,130
20201,A,골목상권,3110664,강서구청옆,5115,3052,2063,3,737,1589,1285,1162,339,2,325,916,765,801,243,1,412,673,520,361,96
20201,A,골목상권,3110661,강서새말어린이공원,5000,2990,2010,3,614,1412,1299,1279,393,1,264,757,773,902,293,2,350,655,526,377,100
20201,A,골목상권,3110710,남구로역 3번,11294,7278,4016,42,2025,3289,2861,1783,1294,27,997,2122,1963,1237,932,15,1028,1167,898,546,362
20201,A,골목상권,3110683,오류고등학교,947,549,398,2,104,203,251,259,128,0,46,117,149,161,76,2,58,86,102,98,52
20201,A,골목상권,3110687,"천왕역 3번(오류2동주민센터, 서울오류남초등학교)",611,327,284,2,64,145,181,164,55,0,25,67,94,101,40,2,39,78,87,63,15
20201,A,골목상권,3110740,금천해태공원,2272,1221,1051,12,314,449,585,607,305,12,140,242,307,289,231,0,174,207,278,318,74
20201,A,골목상권,3110733,금천어울림복지센터,1394,848,546,6,220,294,309,352,213,6,95,175,196,198,178,0,125,119,113,154,35
20201,A,골목상권,3110739,시흥3동 우편취급국,6057,3396,2661,12,415,798,1378,1593,1861,3,218,521,767,793,1094,9,197,277,611,800,767
20201,A,골목상권,3110794,영동초등학교,6731,4384,2347,7,908,1678,1868,1488,782,4,484,1187,1296,880,533,3,424,491,572,608,249
20201,A,골목상권,3110796,한림대학교한강성심병원,4703,2546,2157,8,1205,1185,1032,730,543,0,356,602,664,496,428,8,849,583,368,234,115
20201,A,골목상권,3110773,당산역 13번,2296,1625,671,5,321,455,469,433,613,2,200,319,306,314,484,3,121,136,163,119,129
20201,A,골목상권,3110775,대동초등학교,2205,1172,1033,3,265,305,440,491,701,2,87,154,225,267,437,1,178,151,215,224,264
20201,A,골목상권,3110802,신길동홍어거리,1688,958,730,2,163,356,336,340,491,0,66,161,165,198,368,2,97,195,171,142,123
20201,A,골목상권,3110814,서울지방병무청,7231,4542,2689,9,1277,1559,1449,2091,846,3,648,1005,888,1436,562,6,629,554,561,655,284
20201,A,골목상권,3110791,신풍역 3번,962,409,553,2,107,204,340,219,90,1,55,84,106,98,65,1,52,120,234,121,25
20201,A,골목상권,3110826,장승배기역 4번,1539,717,822,2,208,317,383,327,302,1,88,174,163,145,146,1,120,143,220,182,156
20201,A,골목상권,3110846,남성역 1번,3023,1643,1380,6,279,488,722,688,840,4,110,241,329,370,589,2,169,247,393,318,251
20201,A,골목상권,3110849,이수역 10번,2020,917,1103,9,243,385,555,503,325,3,74,176,237,222,205,6,169,209,318,281,120
20201,A,골목상권,3110904,이수역 5번,7580,3075,4505,27,1481,1942,1814,1328,988,11,481,754,719,541,569,16,1000,1188,1095,787,419
20201,A,골목상권,3110845,사당종합체육관,2216,1328,888,1,343,604,608,487,173,0,142,347,418,296,125,1,201,257,190,191,48
20201,A,골목상권,3110838,상도1동주민센터앞,470,279,191,0,38,134,125,108,65,0,24,64,76,59,56,0,14,70,49,49,9
20201,A,골목상권,3110842,흑리단길,333,124,209,1,42,51,91,88,60,0,9,16,31,31,37,1,33,35,60,57,23
20201,A,골목상권,3110895,샤로수길,9100,5774,3326,22,1457,2643,2011,1949,1018,12,741,1663,1249,1320,789,10,716,980,762,629,229
20201,A,골목상권,3110862,난곡초등학교(난곡동벽화마을),751,369,382,4,90,142,198,179,138,2,33,61,89,89,95,2,57,81,109,90,43
20201,A,골목상권,3110881,구립대학경로당(관악산샘말공원),3491,2506,985,7,487,876,989,802,330,2,285,574,762,628,255,5,202,302,227,174,75
20201,A,골목상권,3110868,남부초등학교,1203,669,534,1,119,222,307,292,262,1,58,121,153,170,166,0,61,101,154,122,96
20201,A,골목상권,3110884,봉천역 4번(봉천110안전센터),2449,1248,1201,5,344,475,517,594,514,2,117,236,287,288,318,3,227,239,230,306,196
20201,A,골목상권,3110945,본마을노인복지센터(서초구립내곡도서관),282,173,109,3,60,68,60,61,30,3,24,39,39,44,24,0,36,29,21,17,6
20201,A,골목상권,3110923,방배역 1번,7685,4925,2760,99,1271,2216,1992,1225,882,30,656,1274,1396,874,695,69,615,942,596,351,187
20201,A,골목상권,3110911,방배배수지체육공원,5174,3320,1854,19,999,1738,1199,574,645,7,472,1151,868,368,454,12,527,587,331,206,191
20201,A,골목상권,3110925,서초중학교,7154,4224,2930,46,1556,2069,1769,1060,654,22,621,1233,1169,687,492,24,935,836,600,373,162
20201,A,골목상권,3110939,양재역 8번(양재동우체국),41563,20436,21127,491,8989,10005,11680,7308,3090,234,4386,5999,4772,2772,2273,257,4603,4006,6908,4536,817
20201,A,골목상권,3110957,언북중학교,19599,10831,8768,50,4379,6251,4791,2651,1477,12,1584,3303,3059,1807,1066,38,2795,2948,1732,844,411
20201,A,골목상권,3110965,언주역 6번,9740,5517,4223,23,2101,3089,2326,1335,866,8,808,1801,1548,764,588,15,1293,1288,778,571,278
20201,A,골목상권,3110989,대치동아우편취급국,11455,6945,4510,30,1728,2699,2466,2216,2316,10,807,1670,1718,1423,1317,20,921,1029,748,793,999
20201,A,골목상권,3110976,언북초등학교,7421,3945,3476,22,1768,2422,1579,974,656,5,662,1328,981,573,396,17,1106,1094,598,401,260
20201,A,골목상권,3111013,송파나루역 1번(송리단길),13204,8353,4851,24,2104,4019,3310,2243,1504,8,1026,2562,2230,1466,1061,16,1078,1457,1080,777,443
20201,A,골목상권,3111009,송파책박물관,1894,1412,482,3,218,363,367,454,489,1,177,296,267,293,378,2,41,67,100,161,111
20201,A,골목상권,3111036,투구봉어린이공원,2144,1386,758,11,342,562,503,501,225,9,231,389,324,276,157,2,111,173,179,225,68
20201,A,골목상권,3111039,벌말어린이공원,2919,1879,1040,10,337,724,752,674,422,9,200,492,489,409,280,1,137,232,263,265,142
20201,A,골목상권,3111063,강동구립 천호도서관,2780,1638,1142,5,183,340,451,548,1253,5,84,173,243,277,856,0,99,167,208,271,397
20201,A,골목상권,3111075,굽은다리역 2번,2417,1284,1133,3,301,474,580,612,447,1,128,269,277,326,283,2,173,205,303,286,164
20201,A,골목상권,3111058,성내중학교,2021,1203,818,3,223,404,536,552,303,1,135,242,295,323,207,2,88,162,241,229,96
20201,A,골목상권,3111055,선사초등학교,1504,437,1067,1,125,210,322,498,348,0,66,114,117,64,76,1,59,96,205,434,272
20201,A,골목상권,3110535,영천시장입구,1407,635,772,2,148,229,338,457,233,2,47,91,151,210,134,0,101,138,187,247,99
20201,A,골목상권,3110009,자하문터널,2236,1348,888,1,463,684,579,375,134,1,207,424,359,259,98,0,256,260,220,116,36
20201,A,골목상권,3110033,창신역 4번,852,441,411,1,111,175,201,230,134,0,33,87,107,143,71,1,78,88,94,87,63
20201,A,골목상권,3110023,서울대병원,2374,1256,1118,7,511,735,518,390,213,2,179,349,299,269,158,5,332,386,219,121,55
20201,A,골목상권,3110022,경신고등학교,5909,2689,3220,26,974,1661,1479,1083,686,19,336,787,696,497,354,7,638,874,783,586,332
20201,A,골목상권,3110280,북정마을,1209,815,394,9,195,326,356,231,92,2,107,241,255,149,61,7,88,85,101,82,31
20201,A,골목상권,3110044,관성묘,34192,15760,18432,442,11564,8837,6437,4830,2082,190,5585,5080,3417,1066,422,252,5979,3757,3020,3764,1660
20201,A,골목상권,3110590,만리재,1137,499,638,0,203,311,256,242,125,0,72,138,121,98,70,0,131,173,135,144,55
20201,A,골목상권,3110538,충정로역 3번,6660,3985,2675,3,1234,1988,1797,1041,597,2,614,1164,1117,687,401,1,620,824,680,354,196
20201,A,골목상권,3110074,서울역 12번,26467,15378,11089,166,9386,8469,5337,2396,713,16,2581,5612,4442,2143,584,150,6805,2857,895,253,129
20201,A,골목상권,3110079,후암동주민센터,23635,17320,6315,25,4338,8442,6036,3464,1330,14,2507,5969,5038,2823,969,11,1831,2473,998,641,361
20201,A,골목상권,3110084,경리단길북측,1137,629,508,2,162,321,292,215,145,0,72,172,152,124,109,2,90,149,140,91,36
20201,A,골목상권,3110081,해방촌 남동측,1004,549,455,0,167,274,244,214,105,0,70,167,133,107,72,0,97,107,111,107,33
20201,A,골목상권,3110071,한강미주맨션아파트,7694,4336,3358,39,937,1689,2729,1822,478,30,410,993,1467,1121,315,9,527,696,1262,701,163
20201,A,골목상권,3110070,용산세무서,4544,2531,2013,7,511,842,1763,1106,315,0,317,511,830,654,219,7,194,331,933,452,96
20201,A,골목상권,3110062,한강로동땡땡거리(은행나무길),6939,4293,2646,11,881,2017,1923,1394,713,7,381,1078,1310,1036,481,4,500,939,613,358,232
20201,A,골목상권,3110101,옥정중학교,7875,6553,1322,8,667,2533,2557,1899,211,4,336,1961,2280,1793,179,4,331,572,277,106,32
20201,A,골목상권,3110102,옥수역 6번,3841,1318,2523,3,1030,1177,844,551,236,0,231,368,353,245,121,3,799,809,491,306,115
20201,A,골목상권,3110142,화양사거리,2804,1663,1141,4,514,723,673,527,363,1,251,457,441,258,255,3,263,266,232,269,108
20201,A,골목상권,3110179,광나루역 1번,5756,3390,2366,160,2246,981,941,998,430,51,1063,679,646,684,267,109,1183,302,295,314,163
20201,A,골목상권,3110180,광진정보도서관,8061,5134,2927,18,2150,2859,1722,920,392,5,1092,1920,1198,611,308,13,1058,939,524,309,84
20201,A,골목상권,3110159,구의역 4번,5367,2836,2531,7,750,1225,1369,1270,746,7,284,550,682,767,546,0,466,675,687,503,200
20201,A,골목상권,3110148,어린이대공원역 3번,1054,772,282,0,83,139,292,374,166,0,39,93,207,287,146,0,44,46,85,87,20
20201,A,골목상권,3110153,중곡1동주민센터,4344,1904,2440,82,1289,748,851,997,377,28,556,394,376,309,241,54,733,354,475,688,136
20201,A,골목상권,3110228,장안근린공원,5579,2983,2596,50,1846,996,988,1029,670,31,967,565,447,513,460,19,879,431,541,516,210
20201,A,골목상권,3110183,한국의류시험연구원,5635,1896,3739,5,941,1338,1052,1352,947,1,284,602,411,281,317,4,657,736,641,1071,630
20201,A,골목상권,3110210,서울시립대,1290,734,556,4,172,214,230,290,380,1,63,119,130,137,284,3,109,95,100,153,96
20201,A,골목상권,3110197,세종대왕기념관교차로,681,441,240,1,42,138,243,179,78,1,22,79,156,117,66,0,20,59,87,62,12
20201,A,골목상권,3110317,종암중학교,856,427,429,0,69,203,291,204,89,0,23,84,143,127,50,0,46,119,148,77,39
20201,A,골목상권,3110269,용마문화복지센터,1193,806,387,1,105,206,253,351,277,0,39,123,168,269,207,1,66,83,85,82,70
20201,A,골목상권,3110262,상봉역 3번,2597,1501,1096,5,405,724,834,459,170,3,233,499,436,209,121,2,172,225,398,250,49
20201,A,골목상권,3110243,중랑노인종합복지관,1280,706,574,2,112,204,300,372,290,1,37,90,161,202,215,1,75,114,139,170,75
20201,A,골목상권,3110252,장안제일시장,1463,895,568,1,172,277,384,342,287,1,77,179,182,215,241,0,95,98,202,127,46
20201,A,골목상권,3110255,상봉역 4번,4054,2483,1571,6,455,886,1164,879,664,1,218,560,648,531,525,5,237,326,516,348,139
20201,A,골목상권,3110259,사가정역 1번,2849,1765,1084,6,311,616,796,665,455,3,137,348,463,463,351,3,174,268,333,202,104
20201,A,골목상권,3110247,먹골역 1번,1727,841,886,0,201,366,470,450,240,0,59,164,206,235,177,0,142,202,264,215,63
20201,A,골목상권,3110244,중화역 4번,2138,1412,726,2,328,556,501,482,269,2,197,350,310,346,207,0,131,206,191,136,62
20201,A,골목상권,3110251,장안중학교,1630,858,772,0,198,364,401,366,301,0,75,156,203,193,231,0,123,208,198,173,70
20201,A,골목상권,3110271,신내역 1번,2482,929,1553,4,592,712,487,573,114,1,121,285,240,223,59,3,471,427,247,350,55
20201,A,골목상권,3110296,성신여대입구역 4번,12695,7697,4998,59,1926,3038,3949,2285,1438,26,872,1766,2632,1690,711,33,1054,1272,1317,595,727
20201,A,골목상권,3110297,경동고등학교,7690,3952,3738,8,907,1939,2285,1889,662,4,314,848,1159,1261,366,4,593,1091,1126,628,296
20201,A,골목상권,3110378,송중동주민센터,1126,533,593,8,114,164,325,277,238,6,49,71,143,123,141,2,65,93,182,154,97
20201,A,골목상권,3110414,장석교회,402,255,147,4,50,79,115,101,53,2,29,47,75,62,40,2,21,32,40,39,13
20201,A,골목상권,3110287,정릉3동주민센터,875,585,290,0,79,170,271,258,97,0,28,91,181,204,81,0,51,79,90,54,16
20201,A,골목상권,3110375,서울북부고용노동지청,845,360,485,1,109,138,239,204,154,0,39,61,79,89,92,1,70,77,160,115,62
20201,A,골목상권,3110399,창2동주민센터,1602,880,722,10,196,366,466,372,192,9,106,227,240,168,130,1,90,139,226,204,62
20201,A,골목상권,3110354,삼각산119안전센터,344,130,214,1,37,80,102,76,48,0,8,21,42,29,30,1,29,59,60,47,18
20201,A,골목상권,3110350,가오리역 2번,1785,1189,596,0,95,235,490,631,334,0,24,137,343,423,262,0,71,98,147,208,72
20201,A,골목상권,3110410,방학역 2번,5184,3020,2164,10,533,1200,1296,1319,826,9,263,670,687,796,595,1,270,530,609,523,231
20201,A,골목상권,3110411,도봉역 3번,1429,925,504,2,98,247,291,426,365,1,28,129,162,293,312,1,70,118,129,133,53
20201,A,골목상권,3110400,도봉구보건소,1846,892,954,4,271,357,453,479,282,3,89,169,210,236,185,1,182,188,243,243,97
20201,A,골목상권,3110409,창동역 2번,5869,3927,1942,2,646,1342,1458,1180,1241,0,365,971,1044,680,867,2,281,371,414,500,374
20201,A,골목상권,3110434,태릉입구역 4번,2447,893,1554,4,239,367,566,692,579,2,84,195,227,195,190,2,155,172,339,497,389
20201,A,골목상권,3110426,상계2동주민센터,2416,1320,1096,14,360,487,625,559,371,11,137,269,322,324,257,3,223,218,303,235,114
20201,A,골목상권,3110465,연신내역 7번,2257,927,1330,9,386,528,559,476,299,5,118,240,230,184,150,4,268,288,329,292,149
20201,A,골목상권,3110490,녹번동근린공원,3783,1923,1860,7,438,883,1034,1016,405,4,202,399,477,577,264,3,236,484,557,439,141
20201,A,골목상권,3110489,불광역 3번,716,357,359,0,96,185,192,137,106,0,35,89,98,60,75,0,61,96,94,77,31
20201,A,골목상권,3110479,연신내역 2번,2576,1321,1255,3,157,300,327,507,1282,1,56,170,162,218,714,2,101,130,165,289,568
20201,A,골목상권,3110493,북가좌초등학교,1809,1358,451,0,58,129,215,372,1035,0,18,54,90,234,962,0,40,75,125,138,73
20201,A,골목상권,3110492,하나고등학교,540,262,278,1,21,104,141,149,124,0,6,75,108,50,23,1,15,29,33,99,101
20201,A,골목상권,3110513,연희파출소,3363,2204,1159,22,567,790,725,790,469,9,272,540,501,544,338,13,295,250,224,246,131
20201,A,골목상권,3110514,서대문우체국,5884,4292,1592,5,831,1136,1085,2109,718,2,601,819,690,1648,532,3,230,317,395,461,186
20201,A,골목상권,3110562,연트럴파크(연남동주민센터),2875,1653,1222,6,493,708,654,605,409,5,216,416,353,352,311,1,277,292,301,253,98
20201,A,골목상권,3110508,서연중학교,4731,2947,1784,65,1080,1249,854,927,556,33,608,915,530,502,359,32,472,334,324,425,197
20201,A,골목상권,3110518,서대문구청,3722,1975,1747,12,546,1034,1058,869,203,9,200,479,568,581,138,3,346,555,490,288,65
20201,A,골목상권,3110525,홍은종합사회복지관,7221,1312,5909,3,183,467,1911,3557,1100,1,69,144,285,391,422,2,114,323,1626,3166,678
20201,A,골목상권,3110515,홍은중학교,1043,706,337,1,143,296,295,199,109,1,75,191,205,147,87,0,68,105,90,52,22
20201,A,골목상권,3110583,공덕래미안3차아파트,6179,4019,2160,25,972,2169,1807,999,207,2,442,1254,1331,841,149,23,530,915,476,158,58
20201,A,골목상권,3110577,용강동주민센터,9059,5496,3563,86,1376,2019,2088,1811,1679,35,752,1266,1421,1058,964,51,624,753,667,753,715
20201,A,골목상권,3110559,성산중학교,3953,2244,1709,15,791,1163,989,658,337,10,291,617,630,448,248,5,500,546,359,210,89
20201,A,골목상권,3110673,뜸부기어린이공원,3925,1626,2299,2,811,1050,872,768,422,1,199,434,404,342,246,1,612,616,468,426,176
20201,A,골목상권,3110593,신월3동주민센터,1762,1006,756,1,186,325,388,471,391,0,75,151,191,286,303,1,111,174,197,185,88
20201,A,골목상권,3110605,목동센트럴아이파크앞,1499,829,670,1,100,208,369,491,330,0,43,115,174,261,236,1,57,93,195,230,94
20201,A,골목상권,3110644,신광명마을,984,638,346,8,82,134,249,286,225,5,35,58,135,196,209,3,47,76,114,90,16
20201,A,골목상권,3110634,송정역 3번,2258,1399,859,4,275,506,610,511,352,1,117,307,373,338,263,3,158,199,237,173,89
20201,A,골목상권,3110637,송정역 2번,2971,1382,1589,8,213,374,533,870,973,1,106,229,321,293,432,7,107,145,212,577,541
20201,A,골목상권,3110717,남구로역 2번,14015,9786,4229,70,2885,4254,3438,2015,1353,55,1641,3012,2557,1417,1104,15,1244,1242,881,598,249
20201,A,골목상권,3110704,고척중학교,2226,1605,621,3,212,447,479,523,562,2,146,303,298,357,499,1,66,144,181,166,63
20201,A,골목상권,3110711,구로초등학교,6053,3126,2927,18,987,1548,1351,1432,717,6,398,756,689,847,430,12,589,792,662,585,287
20201,A,골목상권,3110853,KT구로지사,2641,1608,1033,1,319,772,649,545,355,0,145,461,405,335,262,1,174,311,244,210,93
20201,A,골목상권,3110719,영서중학교,8289,5933,2356,59,1796,2525,2024,1273,612,45,1066,1810,1558,970,484,14,730,715,466,303,128
20201,A,골목상권,3110681,온수역 1번,770,608,162,1,32,106,134,230,267,1,15,68,84,193,247,0,17,38,50,37,20
20201,A,골목상권,3110686,수궁동주민센터,1712,942,770,4,166,281,410,516,335,2,67,147,225,281,220,2,99,134,185,235,115
20201,A,골목상권,3110724,금천구립가산도서관,11383,7546,3837,40,1693,3181,2821,2099,1549,26,938,2131,2094,1485,872,14,755,1050,727,614,677
20201,A,골목상권,3110737,금천세무서,1798,1125,673,11,253,347,446,436,305,2,132,205,256,291,239,9,121,142,190,145,66
20201,A,골목상권,3110751,난곡중학교,4170,2971,1199,5,268,560,768,723,1846,4,152,299,440,412,1664,1,116,261,328,311,182
20201,A,골목상권,3110770,영등포구청역 6번,3743,2293,1450,10,456,798,1009,775,695,8,198,431,610,510,536,2,258,367,399,265,159
20201,A,골목상권,3110774,당산반도유보라팰리스아파트,6057,3990,2067,23,1174,1514,1210,1260,876,16,690,964,811,881,628,7,484,550,399,379,248
20201,A,골목상권,3110784,신대림초등학교,635,358,277,0,52,113,172,193,105,0,17,54,98,114,75,0,35,59,74,79,30
20201,A,골목상권,3110790,대림1동주민센터,1866,1133,733,8,165,442,606,439,206,6,106,276,315,276,154,2,59,166,291,163,52
20201,A,골목상권,3110797,KT대방빌딩,2388,1195,1193,9,744,610,471,373,181,6,202,321,282,247,137,3,542,289,189,126,44
20201,A,골목상권,3110767,도림동주민센터,1986,1301,685,12,195,337,469,452,521,9,94,206,296,293,403,3,101,131,173,159,118
20201,A,골목상권,3110795,도림초등학교,1472,844,628,3,149,235,336,361,388,3,60,124,194,196,267,0,89,111,142,165,121
20201,A,골목상권,3110816,대방역 6번,1738,1058,680,6,221,364,462,314,371,4,113,216,301,190,234,2,108,148,161,124,137
20201,A,골목상권,3110805,신길새마을금고신길4동지점,1023,537,486,1,157,206,259,272,128,0,62,106,133,146,90,1,95,100,126,126,38
20201,A,골목상권,3110760,선유도역 6번,5228,3263,1965,14,772,1203,1346,1246,647,10,420,748,783,769,533,4,352,455,563,477,114
20201,A,골목상권,3110829,장승배기역 5번,1910,1113,797,2,354,419,433,426,276,1,244,230,215,246,177,1,110,189,218,180,99
20201,A,골목상권,3110823,신대방삼거리역 3번,18527,11847,6680,53,3630,3578,3043,4396,3827,29,2845,2902,1956,2093,2022,24,785,676,1087,2303,1805
20201,A,골목상권,3110825,신대방삼거리역 1번,1887,1186,701,4,200,384,537,438,324,2,118,234,332,261,239,2,82,150,205,177,85
20201,A,골목상권,3110902,사당역 4번,4587,2962,1625,5,748,1134,1234,856,610,3,391,730,829,555,454,2,357,404,405,301,156
20201,A,골목상권,3110848,양지어린이공원,2097,1112,985,2,190,322,522,478,583,1,51,160,244,247,409,1,139,162,278,231,174
20201,A,골목상권,3110837,숭실대입구역 1번,7582,3000,4582,54,1016,1317,1684,2308,1203,29,513,708,790,619,341,25,503,609,894,1689,862
20201,A,골목상권,3110869,"신림역 5번(신림동주민센터, 신림동별빛거리)",3655,2148,1507,5,394,824,948,715,769,3,166,460,534,430,555,2,228,364,414,285,214
20201,A,골목상권,3110844,흑석2치안센터,160,91,69,1,22,48,41,25,23,1,12,21,23,16,18,0,10,27,18,9,5
20201,A,골목상권,3110897,서울대입구역 8번,3249,1771,1478,17,519,696,762,756,499,10,216,361,414,426,344,7,303,335,348,330,155
20201,A,골목상권,3110865,남강고등학교(남강중학교),1253,655,598,10,151,251,310,354,177,7,69,139,159,167,114,3,82,112,151,187,63
20201,A,골목상권,3110909,남태령역(서울전자고등학교),640,329,311,2,35,69,132,263,139,2,9,34,62,132,90,0,26,35,70,131,49
20201,A,골목상권,3110887,서울산업정보학교(서울삼성초등학교),1438,924,514,2,150,309,356,436,185,0,51,150,237,337,149,2,99,159,119,99,36
20201,A,골목상권,3110860,호림박물관(성보고등학교),1990,1169,821,6,297,530,482,443,232,2,133,294,297,266,177,4,164,236,185,177,55
20201,A,골목상권,3110883,은천초등학교(은천교앞),3082,1294,1788,17,445,582,703,892,443,2,110,250,330,308,294,15,335,332,373,584,149
20201,A,골목상권,3110877,신림역 8번,2858,1276,1582,5,569,617,591,596,480,1,169,257,289,245,315,4,400,360,302,351,165
20201,A,골목상권,3110894,관악동부센트레빌아파트(은천로35라길),7043,2668,4375,54,994,1207,1567,2169,1052,30,470,649,731,579,209,24,524,558,836,1590,843
20201,A,골목상권,3110946,청계산원터골,162,69,93,0,24,18,42,31,47,0,12,10,25,7,15,0,12,8,17,24,32
20201,A,골목상권,3110924,반포4동주민센터(몽마르뜨공원),77734,71457,6277,26,7647,15682,20670,31194,2515,11,6234,13666,18911,30353,2282,15,1413,2016,1759,841,233
20201,A,골목상권,3110922,내방역 1번,15637,10488,5149,75,3040,4842,3871,2935,874,57,1457,2908,2911,2496,659,18,1583,1934,960,439,215
20201,A,골목상권,3110929,남부터미널역 1번,36239,19956,16283,80,7810,8818,7565,9758,2208,25,2589,4537,4266,6904,1635,55,5221,4281,3299,2854,573
20201,A,골목상권,3110980,개포지구대옆,18101,5325,12776,71,2848,3483,6555,4107,1037,34,1294,1688,1158,625,526,37,1554,1795,5397,3482,511
20201,A,골목상권,3110951,신사은행나무공원,9132,5156,3976,46,2729,2597,1929,1129,702,14,1093,1493,1282,764,510,32,1636,1104,647,365,192
20201,A,골목상권,3111024,경찰병원역 4번(건너말공원),10720,6112,4608,57,1433,2394,2566,2144,2126,27,681,1469,1754,1167,1014,30,752,925,812,977,1112
20201,A,골목상권,3111046,마천역(마천초등학교),2560,1555,1005,5,274,560,700,645,376,1,145,333,390,383,303,4,129,227,310,262,73
20201,A,골목상권,3111044,남천초등학교,1831,923,908,1,191,385,506,486,262,0,87,192,216,220,208,1,104,193,290,266,54
20201,A,골목상권,3111033,문정동성당,32663,26076,6587,11,2622,5719,9448,12913,1950,4,1647,4277,7502,11343,1303,7,975,1442,1946,1570,647
20201,A,골목상권,3111019,한성백제역 3번,15362,8061,7301,39,2405,3433,3255,3668,2562,30,1305,2236,1757,1393,1340,9,1100,1197,1498,2275,1222
20201,A,골목상권,3111007,석촌고분역 4번,4469,2987,1482,9,625,1051,1004,989,791,8,392,705,646,633,603,1,233,346,358,356,188
20201,A,골목상권,3111004,삼전역 1번,11074,7193,3881,42,1623,2462,2544,2663,1740,4,728,1489,1666,1950,1356,38,895,973,878,713,384
20201,A,골목상권,3111051,천호역 6번,3537,1976,1561,10,608,745,821,822,531,4,339,401,414,434,384,6,269,344,407,388,147
20201,A,골목상권,3111018,풍납초등학교(풍납백제문화공원),958,634,324,0,133,194,216,258,157,0,84,122,134,175,119,0,49,72,82,83,38
20201,A,골목상권,3111064,둔촌동역 4번,2203,1364,839,6,236,423,519,533,486,5,121,252,314,340,332,1,115,171,205,193,154
20201,A,골목상권,3111078,굽은다리역 4번,3935,2367,1568,9,362,678,891,1032,963,5,192,427,513,612,618,4,170,251,378,420,345
20201,A,골목상권,3111082,중앙보훈병원,476,316,160,0,30,57,76,119,194,0,18,40,52,73,133,0,12,17,24,46,61
20201,A,골목상권,3111086,한영중고,702,392,310,1,68,159,171,215,88,1,31,67,87,136,70,0,37,92,84,79,18
20201,A,골목상권,3111070,천호초등학교,1434,798,636,6,118,348,397,393,172,1,45,166,221,243,122,5,73,182,176,150,50
20201,A,골목상권,3111057,천호공원(해공체육문화센터),1546,745,801,2,167,228,317,374,458,2,47,73,121,162,340,0,120,155,196,212,118
20203,A,골목상권,3110245,KB국민은행 중화동지점,1375,794,581,3,141,276,386,300,269,1,58,154,230,167,184,2,83,122,156,133,85
20203,A,골목상권,3110308,길음역 8번,5558,2775,2783,420,2091,1398,817,515,317,177,921,761,443,234,239,243,1170,637,374,281,78
20203,A,골목상권,3110301,성신여대입구역 7번,2035,1073,962,20,279,387,462,501,386,15,95,170,238,285,270,5,184,217,224,216,116
20203,A,골목상권,3110300,삼선동주민센터,6172,2933,3239,11,709,1579,1872,1508,493,2,213,608,842,960,308,9,496,971,1030,548,185
20203,A,골목상권,3110328,상월곡역 3번,745,414,331,3,111,200,209,158,64,1,47,116,119,84,47,2,64,84,90,74,17
20203,A,골목상권,3110323,상월곡역 1번,2096,1206,890,4,330,425,556,516,265,0,143,247,333,295,188,4,187,178,223,221,77
20203,A,골목상권,3110325,장곡초등학교,1196,710,486,3,130,246,318,285,214,3,60,131,186,172,158,0,70,115,132,113,56
20203,A,골목상권,3110329,우리은행체육관,1168,696,472,8,126,245,281,288,220,4,44,127,158,191,172,4,82,118,123,97,48
20203,A,골목상권,3110418,광운대학교 남단,2395,1300,1095,17,439,649,567,454,269,5,188,388,277,239,203,12,251,261,290,215,66
20203,A,골목상권,3110292,정릉역 2번,1165,443,722,1,229,306,319,217,93,0,57,124,99,95,68,1,172,182,220,122,25
20203,A,골목상권,3110289,북한산보국문역 2번,1565,804,761,0,234,320,398,370,243,0,63,140,184,230,187,0,171,180,214,140,56
20203,A,골목상권,3110320,KB국민은행 종암동지점,1030,585,445,1,84,202,331,295,117,1,23,84,177,219,81,0,61,118,154,76,36
20203,A,골목상권,3110369,성신여대운정그린캠퍼스,1935,860,1075,5,242,321,436,458,473,1,65,112,181,208,293,4,177,209,255,250,180
20203,A,골목상권,3110376,수송초등학교,2101,1069,1032,3,230,420,522,498,428,2,80,208,286,240,253,1,150,212,236,258,175
20203,A,골목상권,3110351,수유북부시장옆,1198,652,546,0,84,147,263,467,237,0,30,65,139,235,183,0,54,82,124,232,54
20203,A,골목상권,3110362,우이천 계성교,961,497,464,1,126,190,258,236,150,0,48,103,126,120,100,1,78,87,132,116,50
20203,A,골목상권,3110356,덕수교,687,389,298,0,56,108,200,172,151,0,20,63,108,94,104,0,36,45,92,78,47
20203,A,골목상권,3110343,무너미어린이공원,1770,1049,721,0,112,212,300,288,858,0,32,122,161,148,586,0,80,90,139,140,272
20203,A,골목상권,3110382,솔밭공원역 1번,391,147,244,1,43,67,98,118,64,0,9,21,28,46,43,1,34,46,70,72,21
20203,A,골목상권,3110413,누원고등학교,568,365,203,0,36,70,115,162,185,0,15,44,66,102,138,0,21,26,49,60,47
20203,A,골목상권,3110422,노원역 9번,1516,697,819,1,187,294,388,390,256,1,71,171,178,157,119,0,116,123,210,233,137
20203,A,골목상권,3110430,중계초등학교,1110,567,543,3,90,168,259,328,262,0,28,66,114,160,199,3,62,102,145,168,63
20203,A,골목상권,3110417,월계역 3번,348,134,214,2,49,63,67,100,67,2,18,35,21,34,24,0,31,28,46,66,43
20203,A,골목상권,3110441,영신여고,1036,451,585,3,105,241,280,305,102,3,45,111,106,125,61,0,60,130,174,180,41
20203,A,골목상권,3110427,노원 을지대학교병원,1752,1176,576,1,156,280,416,577,322,0,59,139,273,460,245,1,97,141,143,117,77
20203,A,골목상권,3110477,은평세무서,2219,1137,1082,6,199,354,531,627,502,2,93,192,270,298,282,4,106,162,261,329,220
20203,A,골목상권,3110476,역촌역 2번,1304,706,598,1,170,308,350,300,175,1,61,154,198,161,131,0,109,154,152,139,44
20203,A,골목상권,3110503,명지대학교교회,3329,2219,1110,30,564,1004,816,642,273,26,345,725,552,388,183,4,219,279,264,254,90
20203,A,골목상권,3110499,연가초등학교,1715,905,810,0,165,359,447,470,274,0,64,203,231,222,185,0,101,156,216,248,89
20203,A,골목상권,3110558,경성고등학교,4895,3051,1844,21,679,1152,1227,1106,710,18,346,676,765,727,519,3,333,476,462,379,191
20203,A,골목상권,3110537,충정로현대아파트,4722,3057,1665,15,800,1434,1132,868,473,9,385,840,810,674,339,6,415,594,322,194,134
20203,A,골목상권,3110541,동교초등학교,1947,1046,901,2,295,400,519,419,312,1,112,214,273,234,212,1,183,186,246,185,100
20203,A,골목상권,3110522,홍제역 3번,1269,694,575,3,128,184,351,436,167,1,37,93,189,254,120,2,91,91,162,182,47
20203,A,골목상권,3110571,신수동주민센터,5389,2967,2422,10,665,1386,1427,1276,625,9,253,623,760,871,451,1,412,763,667,405,174
20203,A,골목상권,3110555,홍익지구대,3611,1855,1756,10,638,968,938,631,426,5,213,449,543,370,275,5,425,519,395,261,151
20203,A,골목상권,3110627,신정롯데캐슬아파트,12409,6926,5483,66,2312,4020,3158,2183,670,31,900,2143,1942,1409,501,35,1412,1877,1216,774,169
20203,A,골목상권,3110628,신목동역,2125,1374,751,4,260,583,583,460,235,2,128,352,393,345,154,2,132,231,190,115,81
20203,A,골목상권,3110679,염창역 2번,2730,2023,707,4,276,584,863,682,321,3,134,413,667,544,262,1,142,171,196,138,59
20203,A,골목상권,3110612,신정역 5번,4440,2606,1834,12,892,682,723,821,1310,5,273,329,389,473,1137,7,619,353,334,348,173
20203,A,골목상권,3110629,송정역 4번,923,553,370,1,104,171,216,231,200,1,47,114,124,142,125,0,57,57,92,89,75
20203,A,골목상권,3110669,화곡보람2차아파트,4693,2768,1925,4,1133,1316,897,642,701,3,357,873,675,396,464,1,776,443,222,246,237
20203,A,골목상권,3110649,우장산역 1번,1340,739,601,2,254,249,320,285,230,0,111,132,152,166,178,2,143,117,168,119,52
20203,A,골목상권,3110670,신곡초등학교,1600,1036,564,8,185,409,399,404,195,5,114,286,251,246,134,3,71,123,148,158,61
20203,A,골목상권,3110666,KC대학교,2132,1568,564,4,303,715,531,460,119,2,205,564,385,312,100,2,98,151,146,148,19
20203,A,골목상권,3110725,가산동주민센터,1841,864,977,4,142,241,320,390,744,2,70,130,189,193,280,2,72,111,131,197,464
20203,A,골목상권,3110700,고척초등학교,5750,4109,1641,10,516,1259,1605,1791,569,7,268,901,1181,1363,389,3,248,358,424,428,180
20203,A,골목상권,3110689,오류동역 3번,4517,2899,1618,15,569,864,1106,1262,701,8,405,556,678,764,488,7,164,308,428,498,213
20203,A,골목상권,3110690,오류2동버들시장,2262,1291,971,1,225,460,530,550,496,0,85,257,277,318,354,1,140,203,253,232,142
20203,A,골목상권,3110766,대림역 5번,5601,3708,1893,16,432,998,1379,1285,1491,5,258,730,1005,825,885,11,174,268,374,460,606
20203,A,골목상권,3110735,말미고개,2955,1738,1217,9,360,595,662,815,514,5,187,340,372,445,389,4,173,255,290,370,125
20203,A,골목상권,3110736,독산119안전센터,2709,1626,1083,4,307,444,561,745,648,2,174,271,330,427,422,2,133,173,231,318,226
20203,A,골목상권,3110746,금천금빛공원(은행나무사거리서측),971,444,527,1,93,156,237,270,214,1,36,71,105,122,109,0,57,85,132,148,105
20203,A,골목상권,3110783,영등포시장역 1번,2418,1654,764,5,411,700,493,528,281,3,259,492,345,391,164,2,152,208,148,137,117
20203,A,골목상권,3110793,대림썬프라자,1502,904,598,6,139,384,505,343,125,5,85,243,259,219,93,1,54,141,246,124,32
20203,A,골목상권,3110799,영등포본동주민센터,524,336,188,5,69,90,131,119,110,3,34,56,85,77,81,2,35,34,46,42,29
20203,A,골목상권,3110777,구로세무서,5825,3399,2426,22,1229,1703,1556,963,352,10,493,985,1009,609,293,12,736,718,547,354,59
20203,A,골목상권,3110821,보라매역 2번,19310,12435,6875,51,3710,3777,3102,4534,4136,27,2841,3091,2036,2222,2218,24,869,686,1066,2312,1918
20203,A,골목상권,3110788,영등포시장역 3번,924,604,320,3,106,166,286,224,139,1,58,113,202,145,85,2,48,53,84,79,54
20203,A,골목상권,3110840,중앙대학교,417,214,203,1,67,68,111,97,73,0,25,31,63,47,48,1,42,37,48,50,25
20203,A,골목상권,3110836,상도역 5번,4431,2490,1941,12,805,1182,1020,914,498,2,328,680,619,553,308,10,477,502,401,361,190
20203,A,골목상권,3110893,관악소방서(문영여고),1814,1409,405,2,342,557,398,425,90,1,237,436,304,357,74,1,105,121,94,68,16
20203,A,골목상권,3110878,미림여고,694,367,327,6,72,190,185,152,89,1,25,91,112,75,63,5,47,99,73,77,26
20203,A,골목상권,3110861,관악구신사동주민센터,4975,3397,1578,4,758,1388,1398,981,446,2,354,958,1075,707,301,2,404,430,323,274,145
20203,A,골목상권,3110890,봉천역 1번(관악초등학교),2071,803,1268,4,374,519,473,347,354,0,67,152,208,174,202,4,307,367,265,173,152
20203,A,골목상권,3110960,은광여고,20267,15455,4812,50,2314,4244,5292,6237,2130,36,1372,3182,4359,5022,1484,14,942,1062,933,1215,646
20203,A,골목상권,3110954,국기원,7043,3734,3309,24,2010,2434,1352,626,597,8,648,1239,953,450,436,16,1362,1195,399,176,161
20203,A,골목상권,3110936,더케이호텔(양재리본타워2단지아파트),1540,1105,435,14,246,433,389,311,147,10,159,288,286,247,115,4,87,145,103,64,32
20203,A,골목상권,3110940,양재근린공원(양재2동주민센터),6573,4578,1995,36,1029,1761,1701,1243,803,22,601,1228,1211,872,644,14,428,533,490,371,159
20203,A,골목상권,3110950,논현역 7번,14453,8508,5945,36,3283,4779,3414,1982,959,15,1326,2815,2305,1346,701,21,1957,1964,1109,636,258
20203,A,골목상권,3110949,한남IC,8417,5196,3221,28,1675,2570,2221,1300,623,15,760,1654,1435,852,480,13,915,916,786,448,143
20203,A,골목상권,3110993,개포지하차도 북측,142,86,56,0,14,21,31,45,31,0,4,14,19,28,21,0,10,7,12,17,10
20203,A,골목상권,3110983,국립국악고등학교,3034,1919,1115,12,544,819,737,554,368,2,245,512,476,373,311,10,299,307,261,181,57
20203,A,골목상권,3110964,싸리고개근린공원,8566,5556,3010,26,1611,2345,2176,1418,990,12,704,1538,1503,1014,785,14,907,807,673,404,205
20203,A,골목상권,3110995,봉은사역 4번,25206,19697,5509,27,4263,7944,7350,4403,1219,8,2756,6028,6191,3798,916,19,1507,1916,1159,605,303
20203,A,골목상권,3111001,아래방죽마을공원(율현초등학교),219,110,109,0,13,33,35,73,65,0,7,22,21,34,26,0,6,11,14,39,39
20203,A,골목상권,3110998,은곡마을(은곡마을공원),32,21,11,1,2,11,8,6,4,0,0,5,7,6,3,1,2,6,1,0,1
20203,A,골목상권,3110959,신구중학교,10232,5500,4732,112,2286,2945,2031,1596,1262,41,1015,1708,1395,759,582,71,1271,1237,636,837,680
20203,A,골목상권,3110962,도산공원북측,5103,2987,2116,21,1320,1864,1050,603,245,7,552,1132,729,415,152,14,768,732,321,188,93
20203,A,골목상권,3110997,대청초등학교,11645,4219,7426,31,3352,3686,2392,1435,749,3,709,1330,968,683,526,28,2643,2356,1424,752,223
20203,A,골목상권,3110979,청담초등학교,13513,6688,6825,34,3681,4952,2707,1503,636,14,1248,2542,1596,814,474,20,2433,2410,1111,689,162
20203,A,골목상권,3111027,문정초등학교,37078,28582,8496,20,3311,6648,10483,13841,2775,8,1965,4804,8129,11835,1841,12,1346,1844,2354,2006,934
20203,A,골목상권,3111020,방이동고분군(방산고등학교),4863,2790,2073,7,576,1242,1105,1165,768,4,274,719,681,609,503,3,302,523,424,556,265
20203,A,골목상권,3111032,방이역 1번,21842,16091,5751,28,2688,5066,5500,5171,3389,14,1606,3510,4215,4282,2464,14,1082,1556,1285,889,925
20203,A,골목상권,3111005,삼전역 3번,5492,3680,1812,15,836,1398,1269,1121,853,5,485,996,882,696,616,10,351,402,387,425,237
20203,A,골목상권,3111037,Sh수협은행 오금동금융센터(아랫말어린이공원),1645,894,751,0,186,380,425,449,205,0,97,235,228,207,127,0,89,145,197,242,78
20203,A,골목상권,3111089,상일여고(상일초등학교),858,553,305,0,66,157,203,261,171,0,37,92,135,164,125,0,29,65,68,97,46
20203,A,골목상권,3111067,강동구립성내도서관,5641,2901,2740,16,1009,1238,1344,1086,948,11,337,615,758,580,600,5,672,623,586,506,348
20203,A,골목상권,3111081,둔촌푸르지오아파트,986,603,383,2,117,183,200,251,233,1,58,108,117,139,180,1,59,75,83,112,53
20203,A,골목상권,3111059,강동역 4번(강풀만화거리),6849,3822,3027,10,1115,1236,1379,1299,1810,5,483,642,758,760,1174,5,632,594,621,539,636
20203,A,골목상권,3110005,세검정,2126,1089,1037,8,301,565,557,474,221,3,123,271,287,262,143,5,178,294,270,212,78
20203,A,골목상권,3110008,배화여자대학교(박노수미술관),3476,1938,1538,39,627,808,767,729,506,0,227,405,439,476,391,39,400,403,328,253,115
20203,A,골목상권,3110015,청와대사랑채,2312,1284,1028,37,513,765,497,301,199,0,191,422,324,192,155,37,322,343,173,109,44
20203,A,골목상권,3110035,동묘앞역 2번,3390,1775,1615,3,258,367,549,741,1472,0,87,183,285,341,879,3,171,184,264,400,593
20203,A,골목상권,3110055,황학동벼룩시장,2333,1280,1053,28,821,479,422,378,205,15,352,239,270,253,151,13,469,240,152,125,54
20203,A,골목상권,3110027,혜화역 1번,3124,1658,1466,9,394,650,865,728,478,5,112,253,479,462,347,4,282,397,386,266,131
20203,A,골목상권,3110030,동대문역 3번,1126,461,665,0,92,206,371,274,183,0,28,77,108,117,131,0,64,129,263,157,52
20203,A,골목상권,3110011,청운초등학교,1873,802,1071,13,318,482,437,339,284,2,65,197,195,159,184,11,253,285,242,180,100
20203,A,골목상권,3110024,혜회동주민센터,4244,1855,2389,27,697,1078,959,887,596,17,228,488,437,385,300,10,469,590,522,502,296
20203,A,골목상권,3110043,충무초등학교,6397,3882,2515,33,1241,1562,1628,1186,747,16,534,903,1084,808,537,17,707,659,544,378,210
20203,A,골목상권,3110082,용산구청,2532,1305,1227,13,448,730,571,554,216,10,162,304,295,368,166,3,286,426,276,186,50
20203,A,골목상권,3110045,동대문역사문화공원역 5번,40455,19049,21406,468,12792,10627,8138,6043,2387,192,5994,6220,4414,1662,567,276,6798,4407,3724,4381,1820
20203,A,골목상권,3110057,황학코아루아파트,1699,938,761,4,273,439,448,319,216,3,142,252,209,171,161,1,131,187,239,148,55
20203,A,골목상권,3110078,이촌동점보아파트,4727,2990,1737,17,766,1262,1193,1032,457,3,410,782,806,673,316,14,356,480,387,359,141
20203,A,골목상권,3110588,한겨레신문사,1133,567,566,1,166,237,297,284,148,1,73,129,147,128,89,0,93,108,150,156,59
20203,A,골목상권,3110073,삼각지역 3번,21368,6873,14495,123,6007,7127,5572,1957,582,50,2112,2306,1403,668,334,73,3895,4821,4169,1289,248
20203,A,골목상권,3110076,삼각지역 14번,2654,1645,1009,1,399,738,689,600,227,1,224,455,468,356,141,0,175,283,221,244,86
20203,A,골목상권,3110099,유엔빌리지길,21963,17803,4160,47,2625,5547,6288,6683,773,36,1322,4089,5454,6255,647,11,1303,1458,834,428,126
20203,A,골목상권,3110107,금호사거리,2695,1164,1531,16,307,810,1020,361,181,1,105,274,437,205,142,15,202,536,583,156,39
20203,A,골목상권,3110117,성동구보건소,3042,1046,1996,9,527,459,593,877,577,2,180,225,258,242,139,7,347,234,335,635,438
20203,A,골목상권,3110112,행당역 2번,1354,720,634,1,163,289,360,364,177,0,63,131,193,205,128,1,100,158,167,159,49
20203,A,골목상권,3110229,장평중학교,4729,3089,1640,10,521,877,975,1057,1289,6,275,555,639,696,918,4,246,322,336,361,371
20203,A,골목상권,3110113,응봉산,260,138,122,1,39,45,77,52,46,0,10,23,38,26,41,1,29,22,39,26,5
20203,A,골목상권,3110169,성동초등학교,4265,2889,1376,14,444,930,1078,1032,767,2,248,611,726,722,580,12,196,319,352,310,187
20203,A,골목상권,3110156,군자역 5번,3040,1883,1157,7,484,700,775,587,487,3,263,406,480,355,376,4,221,294,295,232,111
20203,A,골목상권,3110157,자양동우체국,1846,1325,521,14,427,408,437,359,201,10,335,309,286,227,158,4,92,99,151,132,43
20203,A,골목상권,3110163,성자초등학교,1358,679,679,1,136,233,372,407,209,1,60,112,160,197,149,0,76,121,212,210,60
20203,A,골목상권,3110168,대원고등학교,1985,1153,832,0,192,440,482,552,319,0,76,207,253,351,266,0,116,233,229,201,53
20203,A,골목상권,3110212,답십리초등학교,3380,2234,1146,24,681,841,827,639,368,21,491,622,488,363,249,3,190,219,339,276,119
20203,A,골목상권,3110187,제기동역 6번,5909,3849,2060,18,1010,1530,1329,1085,937,8,568,966,887,742,678,10,442,564,442,343,259
20203,A,골목상권,3110309,대광초등학교,2784,1954,830,10,336,612,722,679,425,4,187,423,511,486,343,6,149,189,211,193,82
20203,A,골목상권,3110231,장안교,728,483,245,0,55,125,159,208,181,0,22,52,89,162,158,0,33,73,70,46,23
20203,A,골목상권,3110203,떡전교사거리,1653,740,913,2,227,282,322,365,455,2,66,119,144,167,242,0,161,163,178,198,213
20203,A,골목상권,3110194,홍파초등학교,1028,599,429,1,94,200,292,318,123,0,58,123,168,168,82,1,36,77,124,150,41
20203,A,골목상권,3110278,망우본동주민센터,1851,1277,574,3,136,243,393,562,514,1,62,113,218,409,474,2,74,130,175,153,40
20203,A,골목상권,3110242,면목5동주민센터,867,570,297,0,78,153,226,199,211,0,36,99,119,132,184,0,42,54,107,67,27
20203,A,골목상권,3110246,월드순복음교회,1402,769,633,4,139,280,360,346,273,1,42,139,213,197,177,3,97,141,147,149,96
20203,A,골목상권,3110261,사가정역 4번,1640,972,668,5,175,265,434,463,298,4,62,125,253,303,225,1,113,140,181,160,73
20203,A,골목상권,3110241,먹골역 5번,2166,1475,691,1,315,530,524,571,225,1,183,366,341,415,169,0,132,164,183,156,56
20203,A,골목상권,3110233,중랑역 1번,893,461,432,6,154,146,204,200,183,4,65,61,89,121,121,2,89,85,115,79,62
20203,A,골목상권,3110318,KT월곡지사,3595,2540,1055,4,306,612,723,786,1164,2,171,405,460,571,931,2,135,207,263,215,233
20203,A,골목상권,3110377,미아사거리역 3번,694,331,363,7,98,129,184,169,107,6,42,61,75,80,67,1,56,68,109,89,40
20203,A,골목상권,3110281,길상사,16413,13694,2719,22,1927,3775,4747,5449,493,3,1165,2821,4173,5180,352,19,762,954,574,269,141
20203,A,골목상권,3110373,수유역 2번,2772,1558,1214,6,358,532,544,703,629,4,150,310,293,432,369,2,208,222,251,271,260
20203,A,골목상권,3110379,KT&G 북부지사,623,302,321,2,67,85,155,224,90,0,26,30,63,131,52,2,41,55,92,93,38
20203,A,골목상권,3110348,강북문화예술회관,2983,2155,828,0,93,237,630,911,1112,0,20,143,489,717,786,0,73,94,141,194,326
20203,A,골목상권,3110383,덕성여대시반거리,437,131,306,0,77,73,112,105,70,0,9,16,36,28,42,0,68,57,76,77,28
20203,A,골목상권,3110345,솔밭공원역 2번,708,263,445,1,82,141,166,188,130,0,15,41,54,71,82,1,67,100,112,117,48
20203,A,골목상권,3110342,국립재활원,1911,1168,743,0,163,409,566,562,211,0,54,205,383,372,154,0,109,204,183,190,57
20203,A,골목상권,3110338,인수초등학교,1029,648,381,3,137,254,247,265,123,3,70,171,149,154,101,0,67,83,98,111,22
20203,A,골목상권,3110402,도봉구 정병원,1673,968,705,5,226,351,392,442,257,4,101,216,235,250,162,1,125,135,157,192,95
20203,A,골목상권,3110392,발바닥공원,590,396,194,3,85,182,168,101,51,2,37,113,135,71,38,1,48,69,33,30,13
20203,A,골목상권,3110416,노원초등학교,1205,552,653,8,124,241,275,314,243,6,45,126,116,149,110,2,79,115,159,165,133
20203,A,골목상권,3110428,상계5동주민센터,1874,914,960,5,133,226,324,460,726,1,48,116,138,200,411,4,85,110,186,260,315
20203,A,골목상권,3110464,연신내역 5번,1985,1122,863,7,199,380,509,459,431,5,83,205,246,266,317,2,116,175,263,193,114
20203,A,골목상권,3110457,예일여고,3334,1823,1511,11,339,504,700,1175,605,2,131,234,342,705,409,9,208,270,358,470,196
20203,A,골목상권,3110488,우리은행응암동지점,3399,1825,1574,8,407,862,868,872,382,5,208,429,423,511,249,3,199,433,445,361,133
20203,A,골목상권,3110485,연신내우체국,2037,1061,976,2,103,180,239,350,1163,1,45,107,106,143,659,1,58,73,133,207,504
20203,A,골목상권,3110449,증산역 3번,2851,1858,993,1,398,704,743,668,337,0,156,480,515,477,230,1,242,224,228,191,107
20203,A,골목상권,3110523,홍제성원아파트,259,109,150,1,36,55,62,74,31,0,14,19,28,27,21,1,22,36,34,47,10
20203,A,골목상권,3110586,서울서부지방법원,11593,7273,4320,37,2044,3389,3339,2245,539,5,959,1962,2248,1752,347,32,1085,1427,1091,493,192
20203,A,골목상권,3110540,망원나들목체육관,1899,1092,807,8,639,591,325,211,125,1,387,316,158,136,94,7,252,275,167,75,31
20203,A,골목상권,3110567,광흥창역 6번,510,261,249,0,80,126,127,118,59,0,35,61,66,62,37,0,45,65,61,56,22
20203,A,골목상권,3110565,홍익대,4319,2959,1360,13,708,1013,1064,875,646,7,389,669,759,621,514,6,319,344,305,254,132
20203,A,골목상권,3110560,마포FM,4675,2819,1856,11,653,1106,1054,998,853,9,292,695,738,584,501,2,361,411,316,414,352
20203,A,골목상권,3110549,새터산,2447,1476,971,6,323,490,622,631,375,4,169,276,370,408,249,2,154,214,252,223,126
20203,A,골목상권,3110581,염리초등학교,8998,5077,3921,16,1305,2124,2079,1885,1589,7,628,1198,1340,989,915,9,677,926,739,896,674
20203,A,골목상권,3110617,등촌역 4번,2496,1419,1077,2,330,561,641,599,363,0,156,350,350,329,234,2,174,211,291,270,129
20203,A,골목상권,3110676,등촌역 7번,2587,1617,970,12,360,533,656,601,425,6,154,333,395,389,340,6,206,200,261,212,85
20203,A,골목상권,3110656,까치산역 3번,3071,1778,1293,17,286,570,813,925,460,15,146,353,484,505,275,2,140,217,329,420,185
20203,A,골목상권,3110654,까치산역 4번,3556,2235,1321,15,324,625,928,1128,536,13,164,373,533,736,416,2,160,252,395,392,120
20203,A,골목상권,3110597,신월1동주민센터,2472,1402,1070,4,249,481,521,657,560,1,110,252,269,403,367,3,139,229,252,254,193
20203,A,골목상권,3110665,곰달래도서관,2356,1305,1051,4,236,435,587,666,428,4,101,243,325,344,288,0,135,192,262,322,140
20203,A,골목상권,3110615,신서초등학교,848,519,329,2,79,148,152,220,247,1,36,81,84,146,171,1,43,67,68,74,76
20203,A,골목상권,3110674,강서구청가양동별관,2810,1867,943,13,484,647,757,564,345,8,334,446,510,346,223,5,150,201,247,218,122
20203,A,골목상권,3110677,등촌역 1번,3921,2407,1514,15,590,925,884,897,610,12,265,549,522,592,467,3,325,376,362,305,143
20203,A,골목상권,3110631,방화초등학교,2022,1206,816,5,282,386,462,504,383,5,137,222,260,288,294,0,145,164,202,216,89
20203,A,골목상권,3110636,방화역 2번,2261,1548,713,6,180,387,715,586,387,4,92,216,507,418,311,2,88,171,208,168,76
20203,A,골목상권,3110723,가산디지털단지역 1번 출입구,6364,4269,2095,13,1161,2024,1564,904,698,8,553,1337,1145,699,527,5,608,687,419,205,171
20203,A,골목상권,3110662,까치산역 1번,3644,2133,1511,8,464,871,961,872,468,6,214,496,504,566,347,2,250,375,457,306,121
20203,A,골목상권,3110732,가산초등학교(세일중학교),2697,1734,963,13,406,604,664,616,394,4,232,369,400,410,319,9,174,235,264,206,75
20203,A,골목상권,3110729,가산동우체국,3002,1566,1436,10,310,527,627,607,921,6,171,294,365,336,394,4,139,233,262,271,527
20203,A,골목상권,3110691,개봉중학교,2121,1250,871,6,243,460,510,560,342,1,134,278,283,301,253,5,109,182,227,259,89
20203,A,골목상권,3110705,고산초등학교,2324,1523,801,3,295,489,490,507,540,2,148,292,274,324,483,1,147,197,216,183,57
20203,A,골목상권,3110680,온수역 5번(온수산업단지),1651,1405,246,18,174,252,303,480,424,18,138,209,238,407,395,0,36,43,65,73,29
20203,A,골목상권,3110685,금강수목원아파트,1014,749,265,2,60,190,279,274,209,1,35,123,189,214,187,1,25,67,90,60,22
20203,A,골목상권,3110854,조원동주민센터,3686,2722,964,3,494,609,555,569,1456,1,220,390,345,394,1372,2,274,219,210,175,84
20203,A,골목상권,3110742,KT금천빌딩(금천구시설관리공단),1604,1021,583,0,211,338,390,400,265,0,133,223,244,230,191,0,78,115,146,170,74
20203,A,골목상권,3110748,백산초등학교,1088,584,504,0,104,213,289,304,178,0,44,118,147,162,113,0,60,95,142,142,65
20203,A,골목상권,3110750,시흥4동주민센터(서울신흥초등학교),1125,636,489,9,163,218,324,281,130,8,89,133,186,127,93,1,74,85,138,154,37
20203,A,골목상권,3110749,금산초등학교(금천고등학교),7714,4555,3159,13,568,1109,1786,2003,2235,4,300,718,1027,1087,1419,9,268,391,759,916,816
20203,A,골목상권,3110763,영등포구청역 2번,7998,3926,4072,23,1606,2127,1491,1555,1196,12,684,1112,819,673,626,11,922,1015,672,882,570
20203,A,골목상권,3110786,당산역 8번,7202,5111,2091,19,1007,1783,1914,1612,867,6,490,1180,1444,1314,677,13,517,603,470,298,190
20203,A,골목상권,3110762,선유도역 1번,6490,4189,2301,17,859,1406,1594,1541,1073,11,470,902,970,975,861,6,389,504,624,566,212
20203,A,골목상권,3110803,신길2동우편취급국,2306,1308,998,6,226,496,505,482,591,3,103,233,253,261,455,3,123,263,252,221,136
20203,A,골목상권,3110757,양평역 2번,2594,1895,699,3,271,581,643,581,515,2,144,438,483,429,399,1,127,143,160,152,116
20203,A,골목상권,3110817,대방역 4번,3279,1548,1731,9,625,746,811,579,509,4,208,342,403,284,307,5,417,404,408,295,202
20203,A,골목상권,3110807,신길역 3번,994,401,593,5,113,194,247,269,166,2,40,84,97,101,77,3,73,110,150,168,89
20203,A,골목상권,3110847,예술인마을,2033,1270,763,3,284,468,518,409,351,3,131,269,312,253,302,0,153,199,206,156,49
20203,A,골목상권,3110903,방배아이파크아파트,13318,6720,6598,17,2219,3034,3683,2226,2139,5,678,1278,1774,1240,1745,12,1541,1756,1909,986,394
20203,A,골목상권,3110843,사당5동주민센터,856,499,357,1,74,130,224,245,182,0,30,57,123,154,135,1,44,73,101,91,47
20203,A,골목상권,3110898,청림동주민센터(상도중학교),3140,1745,1395,2,453,1024,1007,483,171,1,197,571,572,281,123,1,256,453,435,202,48
20203,A,골목상권,3110835,상도역 1번,1284,685,599,4,217,336,311,268,148,2,91,204,169,124,95,2,126,132,142,144,53
20203,A,골목상권,3110830,상도초등학교,1099,508,591,0,192,255,269,254,129,0,84,114,104,127,79,0,108,141,165,127,50
20203,A,골목상권,3110863,난우초등학교,1274,596,678,21,162,252,274,330,235,16,65,112,116,144,143,5,97,140,158,186,92
20203,A,골목상권,3110882,신성초등학교,1461,843,618,4,181,268,423,344,241,1,87,139,232,207,177,3,94,129,191,137,64
20203,A,골목상권,3110867,국제신학대학원대학교(남서울중학교),1284,802,482,3,150,289,290,284,268,1,93,193,167,179,169,2,57,96,123,105,99
20203,A,골목상권,3110871,신원동주민센터,1221,662,559,5,110,197,235,300,374,0,62,122,135,146,197,5,48,75,100,154,177
20203,A,골목상권,3110864,신림우방아파트,3078,2254,824,2,485,863,972,582,174,2,229,637,794,472,120,0,256,226,178,110,54
20203,A,골목상권,3110917,서초소방서,10472,8160,2312,29,1128,2908,2901,2625,881,18,710,2263,2404,2117,648,11,418,645,497,508,233
20203,A,골목상권,3110927,잠원역,3312,2219,1093,5,550,1142,865,499,251,3,321,787,627,322,159,2,229,355,238,177,92
20203,A,골목상권,3110915,서래초등학교,89045,79397,9648,58,9613,19204,23591,33698,2881,23,6991,15974,21216,32574,2619,35,2622,3230,2375,1124,262
20203,A,골목상권,3110918,방배역 3번,7950,4877,3073,25,1436,1942,1884,1479,1184,9,623,1168,1279,916,882,16,813,774,605,563,302
20203,A,골목상권,3110926,신중초등학교,18935,13842,5093,26,2537,6187,5342,3491,1352,11,1323,4503,4347,2701,957,15,1214,1684,995,790,395
20203,A,골목상권,3110928,서초우방유쉘아파트,8601,5394,3207,32,1319,2349,2192,1755,954,20,686,1554,1461,1019,654,12,633,795,731,736,300
20203,A,골목상권,3110941,언남고등학교,3148,2001,1147,15,501,854,828,599,351,13,285,552,530,367,254,2,216,302,298,232,97
20203,A,골목상권,3110977,논현로18길,8768,6092,2676,17,1345,2688,2352,1426,940,7,731,1839,1812,1000,703,10,614,849,540,426,237
20203,A,골목상권,3110956,언주역 8번,10460,6708,3752,44,2484,3229,2399,1398,906,30,1284,2052,1709,952,681,14,1200,1177,690,446,225
20203,A,골목상권,3110961,언주역 3번,19048,12835,6213,40,3657,5606,4187,2889,2669,10,1697,3702,3162,2277,1987,30,1960,1904,1025,612,682
20203,A,골목상권,3110970,학동초등학교,8274,4686,3588,35,1750,2524,1972,1193,800,17,746,1341,1253,767,562,18,1004,1183,719,426,238
20203,A,골목상권,3110986,삼성중앙역 7번,7054,4250,2804,39,1478,2059,1499,883,1096,9,622,1271,1051,561,736,30,856,788,448,322,360
20203,A,골목상권,3110958,역삼역 4번,13145,7672,5473,25,2620,4104,3148,1957,1291,13,968,2265,2168,1344,914,12,1652,1839,980,613,377
20203,A,골목상권,3111025,경찰병원역 3번,9858,5487,4371,53,1071,1688,1733,1768,3545,24,506,1023,1074,799,2061,29,565,665,659,969,1484
20203,A,골목상권,3111029,오금역 4번,6170,4510,1660,14,1076,1905,1533,1053,589,8,670,1374,1159,778,521,6,406,531,374,275,68
20203,A,골목상권,3111023,문정역 1번,3188,1943,1245,5,559,689,779,662,494,2,274,426,517,382,342,3,285,263,262,280,152
20203,A,골목상권,3111042,거여역 1번(거여공원),4647,2955,1692,20,677,1102,1208,1011,629,16,473,746,745,568,407,4,204,356,463,443,222
20203,A,골목상권,3111006,석촌고분역 1번,13231,9393,3838,32,1634,2684,3221,2686,2974,27,996,1913,2319,1807,2331,5,638,771,902,879,643
20203,A,골목상권,3111090,강일동주민센터,199,120,79,0,24,45,67,44,19,0,9,25,41,30,15,0,15,20,26,14,4
20203,A,골목상권,3111068,강동성심병원,3440,1771,1669,8,770,842,809,570,441,5,225,389,495,352,305,3,545,453,314,218,136
20203,A,골목상권,3111065,천일초등학교,1242,677,565,2,112,177,234,284,433,2,39,75,105,131,325,0,73,102,129,153,108
20203,A,골목상권,3111060,암사역 2번(서울강동초등학교),3038,1600,1438,3,337,620,746,749,583,2,117,297,376,407,401,1,220,323,370,342,182
20203,A,골목상권,3111054,암사역 4번(삼성광나루아파트),3175,1255,1920,2,329,487,578,782,997,2,142,257,245,207,402,0,187,230,333,575,595
20203,A,골목상권,3111049,천호지구대(천호동자전거거리),1795,986,809,7,217,342,414,400,415,3,102,177,213,206,285,4,115,165,201,194,130
20203,A,골목상권,3110007,사직공원(한국사회과학도서관),2261,1151,1110,4,393,616,566,444,238,2,142,279,306,251,171,2,251,337,260,193,67
20203,A,골목상권,3110531,홍지문,828,402,426,2,118,219,178,187,124,0,39,117,90,81,75,2,79,102,88,106,49
20203,A,골목상권,3110010,평창동서측,8863,4827,4036,16,958,2387,3264,1811,427,1,407,1007,1802,1306,304,15,551,1380,1462,505,123
20203,A,골목상권,3110013,체부동홍종문가옥,1116,630,486,4,122,231,265,248,246,0,42,116,139,143,190,4,80,115,126,105,56
20203,A,골목상권,3110051,한양공고앞 교차로,1270,665,605,0,194,259,304,324,189,0,76,137,166,173,113,0,118,122,138,151,76
20231,A,골목상권,3110758,문래소공원,14709,7623,7086,103,3376,3787,3217,3111,1115,31,1541,2760,1604,829,858,72,1835,1027,1613,2282,257
20203,A,골목상권,3110587,공덕동주민센터,4777,2727,2050,20,903,1328,1318,886,322,3,450,775,774,531,194,17,453,553,544,355,128
20203,A,골목상권,3110075,숙대입구역 1번,11721,3647,8074,164,6494,2357,1245,865,596,15,739,1093,761,587,452,149,5755,1264,484,278,144
20203,A,골목상권,3110094,오산중학교,293,171,122,0,19,48,84,96,46,0,8,24,50,58,31,0,11,24,34,38,15
20203,A,골목상권,3110093,우사단길,5722,3218,2504,28,1105,1870,1447,876,396,11,353,986,985,650,233,17,752,884,462,226,163
20203,A,골목상권,3110089,서빙고동주민센터,1027,643,384,1,125,313,300,153,135,0,47,186,191,106,113,1,78,127,109,47,22
20203,A,골목상권,3110064,효창공원앞역 2번,3452,2255,1197,8,448,903,911,799,383,7,272,598,596,522,260,1,176,305,315,277,123
20203,A,골목상권,3110109,금호삼성래미안아파트,2637,1124,1513,17,315,812,1046,338,109,1,116,291,459,171,86,16,199,521,587,167,23
20203,A,골목상권,3110135,성동세무서,6003,3797,2206,7,862,1512,1538,1291,793,5,450,954,1006,780,602,2,412,558,532,511,191
20203,A,골목상권,3110108,성동구립금호도서관,186,90,96,0,24,35,54,55,18,0,12,20,24,19,15,0,12,15,30,36,3
20203,A,골목상권,3110104,신금호역 4번,732,398,334,0,85,142,175,168,162,0,25,62,94,95,122,0,60,80,81,73,40
20203,A,골목상권,3110115,상왕십리역 3번,4711,2086,2625,18,803,828,947,1248,867,3,269,473,519,510,312,15,534,355,428,738,555
20203,A,골목상권,3110126,서울숲역 1번,3085,1944,1141,11,616,755,648,538,517,5,355,479,400,356,349,6,261,276,248,182,168
20203,A,골목상권,3110133,서울교통공사,4981,3435,1546,23,1308,1313,957,778,602,20,760,917,708,550,480,3,548,396,249,228,122
20203,A,골목상권,3110130,답십리역 6번,5008,2174,2834,4,714,1041,1495,1390,364,2,492,707,504,247,222,2,222,334,991,1143,142
20203,A,골목상권,3110170,동대부여고,1909,989,920,3,252,420,535,456,243,1,90,195,287,248,168,2,162,225,248,208,75
20203,A,골목상권,3110172,광진초등학교,2650,1482,1168,56,464,506,558,636,430,25,237,266,298,348,308,31,227,240,260,288,122
20203,A,골목상권,3110173,구남초등학교,6227,3640,2587,15,457,1113,1646,2007,989,4,265,728,1023,979,641,11,192,385,623,1028,348
20203,A,골목상권,3110143,뚝섬유원지역 1번,1815,1480,335,4,196,506,523,433,153,1,151,416,440,351,121,3,45,90,83,82,32
20203,A,골목상권,3110165,국립정신건강센터,2364,1365,999,3,223,480,601,647,410,0,85,228,319,404,329,3,138,252,282,243,81
20203,A,골목상권,3110185,용두초등학교,8144,4248,3896,8,666,1891,2614,2141,824,3,322,1123,1308,948,544,5,344,768,1306,1193,280
20203,A,골목상권,3110313,안암역 3번,4007,2603,1404,7,479,974,1134,933,480,3,232,606,749,655,358,4,247,368,385,278,122
20203,A,골목상권,3110205,경희대삼거리,2042,1155,887,3,307,699,408,383,242,2,146,461,194,203,149,1,161,238,214,180,93
20203,A,골목상권,3110263,면목역 1번,2374,1295,1079,3,342,596,740,505,188,0,167,400,365,229,134,3,175,196,375,276,54
20203,A,골목상권,3110265,망우역 1번,2560,1588,972,13,240,367,540,748,652,2,93,155,261,513,564,11,147,212,279,235,88
20203,A,골목상권,3110272,신내1동주민센터,3286,2011,1275,4,411,585,632,841,813,4,214,329,339,496,629,0,197,256,293,345,184
20203,A,골목상권,3110429,공릉동 국수거리,4838,2587,2251,6,483,668,995,1400,1286,2,224,366,498,716,781,4,259,302,497,684,505
20203,A,골목상권,3110307,길음역 7번,2161,758,1403,9,665,611,420,293,163,0,120,232,163,133,110,9,545,379,257,160,53
20203,A,골목상권,3110310,길음역 10번,1961,875,1086,9,604,603,400,252,93,0,140,299,228,141,67,9,464,304,172,111,26
20203,A,골목상권,3110288,동구여중,1859,769,1090,6,181,454,656,400,162,0,55,184,238,173,119,6,126,270,418,227,43
20203,A,골목상권,3110326,장위동성당,1271,741,530,3,141,245,334,297,251,3,57,121,191,187,182,0,84,124,143,110,69
20203,A,골목상권,3110282,국민대학교앞,1906,1357,549,15,321,599,445,311,215,14,185,437,349,245,127,1,136,162,96,66,88
20203,A,골목상권,3110358,인수동 우편취급국,1765,939,826,2,170,270,351,489,483,0,51,121,160,260,347,2,119,149,191,229,136
20203,A,골목상권,3110404,신창초등학교,1553,862,691,11,174,258,430,465,215,8,68,144,234,271,137,3,106,114,196,194,78
20203,A,골목상권,3110380,강북문화정보도서관,592,293,299,0,63,86,106,169,168,0,17,49,52,80,95,0,46,37,54,89,73
20203,A,골목상권,3110370,도봉세무서,1155,642,513,7,84,180,290,317,277,6,25,81,136,177,217,1,59,99,154,140,60
20203,A,골목상권,3110359,수유시장옆,1979,746,1233,2,174,251,355,450,747,0,62,112,146,178,248,2,112,139,209,272,499
20203,A,골목상권,3110366,광산사거리,1102,553,549,2,152,230,302,260,156,0,71,120,146,119,97,2,81,110,156,141,59
20203,A,골목상권,3110391,샘말어린이공원,1105,495,610,0,95,176,215,283,336,0,30,73,100,108,184,0,65,103,115,175,152
20203,A,골목상권,3110386,연산군묘,898,534,364,0,132,210,207,211,138,0,60,118,124,120,112,0,72,92,83,91,26
20203,A,골목상권,3110385,효문고등학교,492,210,282,0,72,109,138,115,58,0,15,34,51,62,48,0,57,75,87,53,10
20203,A,골목상권,3110396,쌍문역1번(쌍리단길),873,388,485,4,110,167,201,233,158,1,36,63,88,108,92,3,74,104,113,125,66
20203,A,골목상권,3110438,경춘선숲길 우측,1262,670,592,2,165,313,395,265,122,1,79,159,202,145,84,1,86,154,193,120,38
20203,A,골목상권,3110472,연신내역 4번,2101,1115,986,9,291,420,561,452,368,4,112,235,265,229,270,5,179,185,296,223,98
20203,A,골목상권,3110458,선일여고,1561,717,844,5,204,370,371,412,199,2,85,168,169,166,127,3,119,202,202,246,72
20203,A,골목상권,3110460,구산역 4번,4098,2463,1635,10,303,617,938,1372,858,6,136,347,489,872,613,4,167,270,449,500,245
20203,A,골목상권,3110450,시립서북병원,3765,1891,1874,8,699,863,827,786,582,2,293,433,413,369,381,6,406,430,414,417,201
20203,A,골목상권,3110456,구산보건지소,2822,1445,1377,11,571,580,644,581,435,3,244,277,308,315,298,8,327,303,336,266,137
20203,A,골목상권,3110486,은평구청,3565,1859,1706,8,390,827,963,954,423,5,183,376,460,548,287,3,207,451,503,406,136
20203,A,골목상권,3110484,역촌역 3번,1849,903,946,7,208,399,493,442,300,5,86,179,219,212,202,2,122,220,274,230,98
20203,A,골목상권,3110461,새절역 2번,927,505,422,2,86,134,215,259,231,1,30,51,97,146,180,1,56,83,118,113,51
20203,A,골목상권,3110445,덕산중학교,1113,537,576,5,235,253,205,221,194,0,73,130,116,94,124,5,162,123,89,127,70
20203,A,골목상권,3110451,증산역 4번,2598,1818,780,3,354,592,647,619,383,2,156,421,488,450,301,1,198,171,159,169,82
20203,A,골목상권,3110446,내를건너서숲으로도서관,760,517,243,0,100,159,174,187,140,0,83,108,97,110,119,0,17,51,77,77,21
20203,A,골목상권,3110504,명지전문대,601,306,295,1,61,72,145,194,128,0,30,29,70,105,72,1,31,43,75,89,56
20203,A,골목상권,3110502,남가좌파출소,820,489,331,0,68,121,216,264,151,0,31,62,124,166,106,0,37,59,92,98,45
20203,A,골목상권,3110543,중암중학교,668,466,202,0,37,70,115,223,223,0,16,35,56,145,214,0,21,35,59,78,9
20203,A,골목상권,3110582,이대역 5번,907,344,563,2,105,192,252,226,130,1,24,52,78,110,79,1,81,140,174,116,51
20203,A,골목상권,3110520,경의중앙 신촌역,1500,752,748,8,322,367,324,282,197,5,111,177,147,168,144,3,211,190,177,114,53
20203,A,골목상권,3110566,경의선책거리,7387,4414,2973,27,1465,1717,1712,1423,1043,16,758,1040,1073,796,731,11,707,677,639,627,312
20203,A,골목상권,3110511,연희초등학교,5789,4486,1303,7,719,1297,1142,1990,634,1,495,983,811,1677,519,6,224,314,331,313,115
20203,A,골목상권,3110526,봉원사,367,217,150,1,22,70,135,80,59,1,9,35,92,46,34,0,13,35,43,34,25
20203,A,골목상권,3110585,마포경찰서,3239,2093,1146,1,420,1126,934,559,199,0,226,683,634,427,123,1,194,443,300,132,76
20203,A,골목상권,3110578,대흥역 2번,4903,3185,1718,78,872,1109,1037,1047,760,28,453,737,756,701,510,50,419,372,281,346,250
20203,A,골목상권,3110574,서강대학교,896,599,297,4,117,204,240,201,130,2,74,135,174,124,90,2,43,69,66,77,40
20203,A,골목상권,3110544,망리단길,6222,3617,2605,17,1248,1421,1318,976,1242,8,640,721,675,587,986,9,608,700,643,389,256
20203,A,골목상권,3110548,마포구청역 4번,5895,3452,2443,18,764,1118,1304,1728,963,10,390,797,862,809,584,8,374,321,442,919,379
20203,A,골목상권,3110557,홍대부속여중고앞,5872,3326,2546,15,903,1543,1632,1119,660,15,389,832,977,651,462,0,514,711,655,468,198
20203,A,골목상권,3110618,강서고등학교,3661,1791,1870,7,785,1002,801,724,342,3,195,468,416,435,274,4,590,534,385,289,68
20203,A,골목상권,3110596,서서울호수공원,2036,1321,715,5,229,365,459,585,393,2,117,220,272,383,327,3,112,145,187,202,66
20203,A,골목상권,3110599,신월1파출소,1680,1078,602,4,158,295,421,566,236,2,93,182,259,368,174,2,65,113,162,198,62
20203,A,골목상권,3110651,화원중학교,2712,1532,1180,8,300,556,660,686,502,6,148,340,365,391,282,2,152,216,295,295,220
20203,A,골목상권,3110623,갈산공원,1473,855,618,6,162,331,380,329,265,4,90,177,200,190,194,2,72,154,180,139,71
20203,A,골목상권,3110632,방화역 3번,3801,2575,1226,6,332,705,1119,1071,568,4,193,413,783,737,445,2,139,292,336,334,123
20203,A,골목상권,3110659,화곡역 4번,3626,1901,1725,18,457,804,957,853,537,15,183,460,522,422,299,3,274,344,435,431,238
20203,A,골목상권,3110722,G타워,19389,12310,7079,60,3607,6404,5129,2626,1563,29,1836,4264,3348,1661,1172,31,1771,2140,1781,965,391
20203,A,골목상권,3110682,온수역 8번,361,283,78,0,13,52,95,107,94,0,11,34,65,83,90,0,2,18,30,24,4
20203,A,골목상권,3110696,오류동역 1번,3475,2139,1336,33,914,1147,671,456,254,17,516,814,390,225,177,16,398,333,281,231,77
20203,A,골목상권,3110698,개웅초등학교(개웅중학교),2757,1234,1523,7,405,493,704,774,374,5,210,265,264,263,227,2,195,228,440,511,147
20203,A,골목상권,3110697,개봉3동주민센터,1101,686,415,1,168,226,252,244,210,1,77,141,156,157,154,0,91,85,96,87,56
20203,A,골목상권,3110688,오류지구대,1309,724,585,5,130,240,332,393,209,4,56,137,187,212,128,1,74,103,145,181,81
20203,A,골목상권,3110684,서울공연예술고등학교,980,521,459,4,124,208,238,273,133,2,54,118,122,154,71,2,70,90,116,119,62
20203,A,골목상권,3110728,두산초등학교,7779,4797,2982,17,403,805,1036,1484,4034,15,223,510,611,873,2565,2,180,295,425,611,1469
20203,A,골목상권,3110731,금천구청역 1번 출입구,4469,2258,2211,11,672,1215,1026,1039,506,6,276,550,486,608,332,5,396,665,540,431,174
20203,A,골목상권,3110730,서울축산농협 독산역지점(독산파출소),7158,4528,2630,15,350,639,810,1307,4037,13,197,420,491,801,2606,2,153,219,319,506,1431
20203,A,골목상권,3110752,한울중학교,2059,1251,808,13,294,388,526,539,299,10,181,248,303,289,220,3,113,140,223,250,79
20203,A,골목상권,3110753,시흥동 은행나무사거리,1767,985,782,8,199,364,416,443,337,7,105,218,220,235,200,1,94,146,196,208,137
20203,A,골목상권,3110743,시흥초등학교(시흥1동우체국),1901,835,1066,7,317,358,467,487,265,6,126,168,210,183,142,1,191,190,257,304,123
20203,A,골목상권,3110764,문래역 3번,3153,1905,1248,2,407,744,863,599,538,2,173,425,526,380,399,0,234,319,337,219,139
20203,A,골목상권,3110782,영등포시장역 4번,1839,1063,776,5,208,345,454,439,388,3,97,205,292,249,217,2,111,140,162,190,171
20203,A,골목상권,3110779,대림갑을명가아파트,800,491,309,1,87,130,177,235,170,0,44,84,105,135,123,1,43,46,72,100,47
20203,A,골목상권,3110765,문래동사거리,2020,1394,626,4,169,352,494,465,536,2,82,219,333,315,443,2,87,133,161,150,93
20203,A,골목상권,3110810,영신초등학교,2994,1643,1351,2,368,625,659,659,681,0,176,353,376,324,414,2,192,272,283,335,267
20203,A,골목상권,3110809,장훈고등학교,1484,885,599,1,203,345,302,292,341,0,102,180,180,183,240,1,101,165,122,109,101
20203,A,골목상권,3110824,대방역 3번,2129,1361,768,5,292,552,582,381,317,4,165,378,384,224,206,1,127,174,198,157,111
20203,A,골목상권,3110813,보라매역 6번,5419,3837,1582,9,1033,1296,1111,1526,444,6,590,941,791,1194,315,3,443,355,320,332,129
20203,A,골목상권,3110834,동작구자원봉사센터,2564,1472,1092,14,261,540,690,627,432,11,135,308,409,356,253,3,126,232,281,271,179
20203,A,골목상권,3110828,노량진역 6번,7261,4126,3135,15,905,2214,1977,1542,608,3,417,1160,1187,977,382,12,488,1054,790,565,226
20203,A,골목상권,3110827,NH농협은행 상도동지점,1082,439,643,2,105,183,271,274,247,1,38,79,104,103,114,1,67,104,167,171,133
20203,A,골목상권,3110852,이수역 9번,2529,1175,1354,5,473,620,696,447,288,1,132,264,309,240,229,4,341,356,387,207,59
20203,A,골목상권,3110905,방배노인종합복지관(이수중학교),5242,2054,3188,12,1165,1458,1271,885,451,1,334,540,486,427,266,11,831,918,785,458,185
20203,A,골목상권,3110851,경문고등학교(동작동성당),3368,1773,1595,14,635,1032,934,524,229,8,236,520,595,291,123,6,399,512,339,233,106
20203,A,골목상권,3110899,낙성대역 5번(관악중학교),4614,3107,1507,19,916,1345,1018,737,579,11,468,959,710,495,464,8,448,386,308,242,115
20203,A,골목상권,3110831,상도4동주민센터,1928,1233,695,2,251,423,419,532,301,2,136,263,284,407,141,0,115,160,135,125,160
20203,A,골목상권,3110873,당곡중학교,2525,1427,1098,7,341,547,627,540,463,4,156,299,352,290,326,3,185,248,275,250,137
20203,A,골목상권,3110841,중대부중,360,156,204,0,43,52,85,105,75,0,14,21,31,46,44,0,29,31,54,59,31
20203,A,골목상권,3110900,낙성대역 1번(관악구민 종합체육센터),4337,2627,1710,15,852,1276,966,653,575,7,368,802,610,388,452,8,484,474,356,265,123
20203,A,골목상권,3110892,관악구 중앙길,4005,1888,2117,12,627,825,985,859,697,7,212,389,474,444,362,5,415,436,511,415,335
20203,A,골목상권,3110866,난우중학교,1102,622,480,0,111,196,289,322,184,0,50,105,148,183,136,0,61,91,141,139,48
20203,A,골목상권,3110857,미성동주민센터,1238,578,660,17,154,236,276,322,233,13,73,114,121,124,133,4,81,122,155,198,100
20203,A,골목상권,3110875,보라매동주민센터(당곡고등학교),940,526,414,2,104,162,206,235,231,0,48,85,103,128,162,2,56,77,103,107,69
20203,A,골목상권,3110891,구암초등학교,1342,607,735,0,232,374,420,224,92,0,68,168,205,117,49,0,164,206,215,107,43
20203,A,골목상권,3110944,서울나래학교(염곡어린이공원),1156,798,358,10,148,272,221,240,265,8,109,212,164,151,154,2,39,60,57,89,111
20203,A,골목상권,3110942,염곡동 구룡사(포이동성당),13415,8394,5021,55,2287,3724,3222,2573,1554,26,1169,2292,2042,1698,1167,29,1118,1432,1180,875,387
20203,A,골목상권,3110920,방배역 2번(백석예술대학교),5016,3055,1961,91,1042,1259,931,793,900,26,459,731,622,507,710,65,583,528,309,286,190
20203,A,골목상권,3110910,내방역 5번,6436,3785,2651,20,1118,1455,1481,1224,1138,10,430,857,865,759,864,10,688,598,616,465,274
20203,A,골목상권,3110906,서문여고,11702,5247,6455,16,2248,2996,3566,2017,859,4,688,1244,1668,1074,569,12,1560,1752,1898,943,290
20203,A,골목상권,3110932,서울시인재개발원,4209,2306,1903,8,1038,1226,942,667,328,6,350,687,621,424,218,2,688,539,321,243,110
20203,A,골목상권,3110930,서초동성당,32660,17166,15494,63,6180,7719,7177,9753,1768,35,2030,3676,3572,6555,1298,28,4150,4043,3605,3198,470
20203,A,골목상권,3110931,삼성전자서울R&D(서울우면초등학교),211,106,105,0,53,63,49,28,18,0,20,37,22,17,10,0,33,26,27,11,8
20203,A,골목상권,3110938,바우뫼공원,4722,3197,1525,17,814,1339,1276,836,440,8,422,921,904,581,361,9,392,418,372,255,79
20203,A,골목상권,3110943,법제교육센터(버들어린이공원),5935,3672,2263,18,851,1433,1538,1193,902,10,470,907,945,696,644,8,381,526,593,497,258
20203,A,골목상권,3110994,개포고등학교,4345,2839,1506,57,867,1222,970,768,461,24,505,806,631,503,370,33,362,416,339,265,91
20203,A,골목상권,3110988,청담역 3번,14773,6151,8622,65,3286,4402,3877,2145,998,27,1018,1851,1536,1027,692,38,2268,2551,2341,1118,306
20203,A,골목상권,3111012,석촌역 6번,3563,1857,1706,6,341,717,926,795,778,4,123,380,473,406,471,2,218,337,453,389,307
20203,A,골목상권,3111043,마천공원,1725,1113,612,1,183,389,411,423,318,0,112,251,235,271,244,1,71,138,176,152,74
20203,A,골목상권,3111045,개미어린이공원,1629,952,677,8,240,270,383,466,262,2,144,178,243,239,146,6,96,92,140,227,116
20203,A,골목상권,3111047,마천1치안센터,1130,680,450,1,120,251,299,266,193,1,60,143,171,153,152,0,60,108,128,113,41
20203,A,골목상권,3111028,문현중학교(장지역 1번),2770,1677,1093,9,489,714,682,541,335,5,271,467,421,262,251,4,218,247,261,279,84
20203,A,골목상권,3111035,오금공원(오주중학교),2277,1464,813,2,256,487,582,635,315,1,148,328,395,374,218,1,108,159,187,261,97
20203,A,골목상권,3111053,성내천어린이공원(하니사랑길),13219,9342,3877,40,1620,2605,2692,3224,3038,16,990,1785,1878,2342,2331,24,630,820,814,882,707
20203,A,골목상권,3111087,고덕중학교(고덕2동주민센터),472,171,301,0,46,83,108,137,98,0,8,31,45,43,44,0,38,52,63,94,54
20203,A,골목상권,3111083,GS강동자이아파트,2192,1281,911,3,253,379,423,595,539,3,145,235,242,299,357,0,108,144,181,296,182
20203,A,골목상권,3111074,명일역 1번,1560,927,633,3,195,368,374,356,264,2,96,213,197,225,194,1,99,155,177,131,70
20203,A,골목상권,3111056,천호태영아파트,2371,1291,1080,1,166,256,372,396,1180,0,61,99,164,203,764,1,105,157,208,193,416
20203,A,골목상권,3111061,암사역 1번,3505,1543,1962,2,374,555,668,876,1030,1,150,309,306,294,483,1,224,246,362,582,547
20203,A,골목상권,3110036,동묘앞역 3번,1190,660,530,2,181,238,291,276,202,0,47,113,169,190,141,2,134,125,122,86,61
20203,A,골목상권,3110034,창신1동주민센터,1885,871,1014,8,319,394,521,412,231,7,104,157,206,228,169,1,215,237,315,184,62
20203,A,골목상권,3110028,이화달팽이길,3695,2004,1691,7,657,966,880,710,475,3,229,479,515,444,334,4,428,487,365,266,141
20203,A,골목상권,3110014,경복고등학교,1637,871,766,2,154,436,502,373,170,2,50,215,274,204,126,0,104,221,228,169,44
20203,A,골목상권,3110001,이북5도청사,3311,2335,976,10,598,774,665,978,286,6,331,504,493,810,191,4,267,270,172,168,95
20203,A,골목상권,3110286,한성대입구역 5번,4861,2170,2691,20,736,1306,1268,999,532,9,240,613,591,455,262,11,496,693,677,544,270
20203,A,골목상권,3110283,성북초등학교앞,2067,1295,772,12,288,580,641,380,166,8,150,391,427,218,101,4,138,189,214,162,65
20203,A,골목상권,3110039,회현역 1번,23622,11623,11999,133,4395,7509,7184,3821,580,38,1547,3599,3487,2668,284,95,2848,3910,3697,1153,296
20203,A,골목상권,3110285,홍대부중,2796,1807,989,11,479,748,779,536,243,6,237,471,486,420,187,5,242,277,293,116,56
20203,A,골목상권,3110053,청구역 1번,1887,973,914,1,292,413,473,444,264,0,94,203,258,251,167,1,198,210,215,193,97
20203,A,골목상권,3110040,중구회현체육센터(정화예술대남산캠퍼스),15872,7161,8711,64,2309,4970,5377,2758,394,8,703,2069,2118,2073,190,56,1606,2901,3259,685,204
20203,A,골목상권,3110069,숙대입구,5692,2925,2767,14,842,1738,1501,985,612,6,238,745,833,646,457,8,604,993,668,339,155
20203,A,골목상권,3110077,삼광초등학교,1617,1102,515,8,162,358,490,381,218,7,93,234,360,254,154,1,69,124,130,127,64
20203,A,골목상권,3110072,열정도,1822,1125,697,9,264,375,438,367,369,3,123,236,278,230,255,6,141,139,160,137,114
20203,A,골목상권,3110059,새남터성지,2836,1935,901,8,404,789,837,608,190,3,181,500,636,477,138,5,223,289,201,131,52
20203,A,골목상권,3110095,한강진역 3번,5622,3227,2395,35,1349,2001,1256,664,317,20,544,1116,858,496,193,15,805,885,398,168,124
20203,A,골목상권,3110097,한남초등학교,5721,3746,1975,12,1028,2374,1313,590,404,7,478,1484,985,454,338,5,550,890,328,136,66
20203,A,골목상권,3110106,금북초등학교,123,49,74,0,15,25,38,29,16,0,2,11,13,12,11,0,13,14,25,17,5
20203,A,골목상권,3110103,옥수터널,545,284,261,1,45,141,155,157,46,0,17,64,87,85,31,1,28,77,68,72,15
20203,A,골목상권,3110137,성수초등학교,14338,9448,4890,60,2205,3717,3817,2875,1664,46,1146,2457,2601,1900,1298,14,1059,1260,1216,975,366
20203,A,골목상권,3110138,송정체육공원,2546,1233,1313,1,395,634,646,528,342,0,147,319,328,219,220,1,248,315,318,309,122
20203,A,골목상권,3110150,중곡1동 마을마당,5687,2821,2866,84,1470,1113,1132,1310,578,30,642,611,577,542,419,54,828,502,555,768,159
20203,A,골목상권,3110175,푸른동산공원,7435,3844,3591,8,711,1236,1667,2238,1575,4,374,802,970,930,764,4,337,434,697,1308,811
20203,A,골목상권,3110177,동의초등학교,1191,614,577,1,140,224,315,322,189,0,46,118,168,160,122,1,94,106,147,162,67
20203,A,골목상권,3110146,신자초등학교,2819,2113,706,7,317,659,835,751,250,3,224,506,625,563,192,4,93,153,210,188,58
20203,A,골목상권,3110195,동대문구청,3806,1797,2009,5,412,804,896,1082,607,3,155,327,374,598,340,2,257,477,522,484,267
20203,A,골목상권,3110201,전농119안전센터,669,454,215,0,93,145,215,139,77,0,61,94,144,99,56,0,32,51,71,40,21
20203,A,골목상권,3110189,제기동역 1번,4287,2552,1735,8,675,1174,895,684,851,2,252,688,568,412,630,6,423,486,327,272,221
20203,A,골목상권,3110215,회기역 1번,2285,799,1486,3,612,739,515,282,134,1,114,254,199,124,107,2,498,485,316,158,27
20203,A,골목상권,3110224,외대앞역 2번,1271,746,525,3,119,240,371,332,206,1,48,142,229,232,94,2,71,98,142,100,112
20203,A,골목상권,3110214,경희대후문,3212,1375,1837,1,688,904,837,553,229,1,133,324,406,334,177,0,555,580,431,219,52
20203,A,골목상권,3110334,석관중앙교회,1188,720,468,0,136,249,282,330,191,0,69,127,145,232,147,0,67,122,137,98,44
20203,A,골목상권,3110232,동대부고,2450,1295,1155,3,270,438,601,702,436,1,110,219,302,355,308,2,160,219,299,347,128
20203,A,골목상권,3110190,고대앞사거리,2811,1514,1297,5,408,813,812,528,245,2,171,410,436,326,169,3,237,403,376,202,76
20203,A,골목상권,3110196,홍릉근린공원,813,501,312,1,63,163,273,228,85,1,32,79,174,139,76,0,31,84,99,89,9
20203,A,골목상권,3110312,안암역 2번,1646,844,802,1,199,449,557,333,107,0,70,193,307,200,74,1,129,256,250,133,33
20203,A,골목상권,3110222,회기역 2번,2106,1033,1073,1,371,448,535,549,202,0,86,231,303,298,115,1,285,217,232,251,87
20203,A,골목상권,3110273,장스여성병원,1451,933,518,9,121,171,256,458,436,1,29,69,134,320,380,8,92,102,122,138,56
20203,A,골목상권,3110260,면목역 3번,2350,1372,978,3,344,558,668,508,269,0,147,374,336,286,229,3,197,184,332,222,40
20203,A,골목상권,3110238,배꽃어린이공원,1298,1025,273,1,203,312,289,312,181,1,146,248,219,268,143,0,57,64,70,44,38
20203,A,골목상권,3110257,상봉역 7번,1447,1068,379,2,86,174,301,412,472,1,40,93,179,332,423,1,46,81,122,80,49
20203,A,골목상권,3110239,중랑역 2번,478,213,265,1,58,81,106,116,116,0,23,34,39,50,67,1,35,47,67,66,49
20203,A,골목상권,3110294,서경대학교,1909,1071,838,1,218,284,476,532,398,0,68,128,255,335,285,1,150,156,221,197,113
20203,A,골목상권,3110316,숭곡초등학교,3255,1971,1284,7,264,440,671,666,1207,6,113,208,325,382,937,1,151,232,346,284,270
20203,A,골목상권,3110303,성신여대입구역 1번,1418,675,743,8,188,301,315,361,245,3,62,134,147,190,139,5,126,167,168,171,106
20203,A,골목상권,3110293,삼선중학교,15384,8771,6613,60,2292,3733,4993,2745,1561,27,1049,2116,3024,1840,715,33,1243,1617,1969,905,846
20203,A,골목상권,3110305,보문역 5번,6037,4718,1319,11,742,2042,1228,1245,769,5,463,1703,1006,1012,529,6,279,339,222,233,240
20203,A,골목상권,3110331,돌곶이역 8번,1135,748,387,4,137,251,271,224,248,0,50,166,174,147,211,4,87,85,97,77,37
20203,A,골목상권,3110423,석계역 2번,1311,574,737,4,152,235,386,321,213,2,65,110,173,127,97,2,87,125,213,194,116
20203,A,골목상권,3110319,종암동주민센터,1893,933,960,3,270,388,460,529,243,1,103,217,229,277,106,2,167,171,231,252,137
20203,A,골목상권,3110322,장위1동주민센터,871,527,344,2,161,181,190,183,154,1,77,118,116,111,104,1,84,63,74,72,50
20203,A,골목상권,3110361,삼양사거리역 1번,993,499,494,2,47,112,177,256,399,1,14,50,90,149,195,1,33,62,87,107,204
20203,A,골목상권,3110364,미아역 8번,1531,881,650,2,169,302,433,416,209,1,79,160,252,251,138,1,90,142,181,165,71
20203,A,골목상권,3110360,수유초등학교,2034,877,1157,5,275,331,439,521,463,1,65,139,157,219,296,4,210,192,282,302,167
20203,A,골목상권,3110381,번동주공2단지,791,418,373,5,81,172,201,218,114,4,26,69,100,134,85,1,55,103,101,84,29
20203,A,골목상권,3110363,송천동주민센터,409,210,199,2,30,68,123,98,88,1,8,30,50,50,71,1,22,38,73,48,17
20203,A,골목상권,3110371,삼양입구사거리,930,529,401,1,86,197,218,253,175,1,33,94,108,159,134,0,53,103,110,94,41
20203,A,골목상권,3110374,송중초등학교,1719,817,902,7,155,286,471,442,358,6,44,101,191,221,254,1,111,185,280,221,104
20203,A,골목상권,3110357,가오리역 1번,2168,1460,708,1,94,117,339,588,1029,0,22,54,236,446,702,1,72,63,103,142,327
20203,A,골목상권,3110340,인수중학교,1210,779,431,6,158,254,272,328,192,6,80,172,168,192,161,0,78,82,104,136,31
20203,A,골목상권,3110341,북한산우이역 2번,566,439,127,0,22,43,96,273,132,0,5,15,59,245,115,0,17,28,37,28,17
20203,A,골목상권,3110390,방학초등학교,1597,753,844,3,167,399,387,400,241,2,55,196,185,170,145,1,112,203,202,230,96
20203,A,골목상권,3110408,가인초등학교,5003,3437,1566,5,529,1188,1209,961,1111,3,315,894,903,569,753,2,214,294,306,392,358
20203,A,골목상권,3110433,공릉역 2번,3355,1631,1724,8,286,413,725,1012,911,3,111,214,339,463,501,5,175,199,386,549,410
20203,A,골목상권,3110462,갈현건영아파트,1644,949,695,7,239,380,374,357,287,5,127,224,218,183,192,2,112,156,156,174,95
20203,A,골목상권,3110468,응암역 3번,3641,1667,1974,6,385,681,1020,975,574,1,133,299,452,447,335,5,252,382,568,528,239
20203,A,골목상권,3110478,응암1동주민센터,2441,1361,1080,5,214,382,537,597,706,3,104,189,272,292,501,2,110,193,265,305,205
20203,A,골목상권,3110481,불광역 7번,1180,586,594,2,144,250,312,287,185,2,57,126,153,135,113,0,87,124,159,152,72
20203,A,골목상권,3110443,수색역 1번,216,134,82,0,17,25,57,64,53,0,8,14,33,40,39,0,9,11,24,24,14
20203,A,골목상권,3110463,응암3동주민센터,974,399,575,1,102,172,257,281,161,0,35,51,90,125,98,1,67,121,167,156,63
20203,A,골목상권,3110459,응암역 2번,3086,1443,1643,3,303,575,877,817,511,0,113,267,388,352,323,3,190,308,489,465,188
20203,A,골목상권,3110495,북가좌2동주민센터,3425,1703,1722,7,515,851,808,729,515,3,154,458,454,363,271,4,361,393,354,366,244
20203,A,골목상권,3110507,명지대학교,3062,2160,902,30,511,879,694,667,281,27,328,632,494,452,227,3,183,247,200,215,54
20203,A,골목상권,3110584,아현역 4번,1154,595,559,2,327,402,209,121,93,1,129,232,107,64,62,1,198,170,102,57,31
20203,A,골목상권,3110528,서울여자간호대학교,7567,1522,6045,6,217,511,2006,3643,1184,1,75,158,342,456,490,5,142,353,1664,3187,694
20203,A,골목상권,3110556,절두산순교성지,1036,634,402,3,129,274,296,242,92,3,52,152,183,174,70,0,77,122,113,68,22
20203,A,골목상권,3110580,양원초등학교,498,212,286,1,65,95,130,125,82,0,16,34,56,63,43,1,49,61,74,62,39
20203,A,골목상권,3110545,마포구청역 1번,2002,1003,999,13,262,386,532,510,299,6,101,203,265,254,174,7,161,183,267,256,125
20203,A,골목상권,3110568,광흥창역 1번,1865,940,925,2,319,532,473,379,160,0,93,278,268,220,81,2,226,254,205,159,79
20203,A,골목상권,3110622,달마을공원,3703,2251,1452,3,469,828,1090,957,356,2,224,483,702,584,256,1,245,345,388,373,100
20203,A,골목상권,3110675,화곡4동주민센터,2797,1278,1519,5,643,758,578,544,269,4,133,328,273,318,222,1,510,430,305,226,47
20203,A,골목상권,3110672,백석중학교,3412,1929,1483,2,392,661,820,891,646,1,172,329,509,533,385,1,220,332,311,358,261
20203,A,골목상권,3110601,신월1동우편취급국,2705,1819,886,9,277,464,638,855,462,4,152,304,424,572,363,5,125,160,214,283,99
20203,A,골목상권,3110609,신정네거리역 2번,3128,2387,741,7,203,302,527,602,1487,2,96,167,286,425,1411,5,107,135,241,177,76
20203,A,골목상권,3110598,신월문화체육센터,3588,2130,1458,4,271,421,690,983,1219,3,154,260,389,589,735,1,117,161,301,394,484
20203,A,골목상권,3110655,발산역 5번,4161,1917,2244,5,419,692,805,852,1388,3,173,359,411,358,613,2,246,333,394,494,775
20203,A,골목상권,3110652,양천향교역 2번,5355,3360,1995,14,588,1103,1158,1394,1098,8,298,697,700,851,806,6,290,406,458,543,292
20203,A,골목상권,3110630,공항시장역 1번,3398,1986,1412,9,371,571,654,788,1005,3,149,321,407,512,594,6,222,250,247,276,411
20203,A,골목상권,3110660,등촌3동주민센터,10361,5421,4940,46,1465,2249,2361,2354,1886,16,655,1444,1390,1025,891,30,810,805,971,1329,995
20203,A,골목상권,3110645,우장산역 4번,6211,3689,2522,11,755,1459,1633,1576,777,7,408,941,907,852,574,4,347,518,726,724,203
20203,A,골목상권,3110640,방화역 1번,4330,2746,1584,7,432,979,1112,1131,669,5,222,521,675,783,540,2,210,458,437,348,129
20203,A,골목상권,3110695,개봉1동주민센터,2132,1220,912,8,180,491,579,523,351,7,99,290,309,285,230,1,81,201,270,238,121
20203,A,골목상권,3110692,큰굴다리,3257,2221,1036,5,464,656,827,912,393,4,364,453,539,571,290,1,100,203,288,341,103
20203,A,골목상권,3110714,구로4동주민센터,3993,2731,1262,7,467,935,917,1103,564,4,223,587,636,850,431,3,244,348,281,253,133
20203,A,골목상권,3110715,구로구민회관,4993,2481,2512,4,601,1291,1353,1189,555,2,225,636,658,644,316,2,376,655,695,545,239
20203,A,골목상권,3110708,화원어린이공원,1274,488,786,6,311,266,296,208,187,1,66,71,108,97,145,5,245,195,188,111,42
20203,A,골목상권,3110713,구로보건소,7675,4823,2852,13,1134,1919,2115,1590,904,6,626,1277,1358,961,595,7,508,642,757,629,309
20203,A,골목상권,3110718,한국SGI본부,6477,4079,2398,33,1087,1712,1798,1241,606,26,598,1087,1157,798,413,7,489,625,641,443,193
20203,A,골목상권,3110707,구로창업지원센터,5470,4040,1430,11,555,1651,1506,1116,631,9,302,1244,1178,827,480,2,253,407,328,289,151
20203,A,골목상권,3110727,독산역 1번 출입구,3120,2126,994,18,378,675,804,825,420,18,221,481,534,577,295,0,157,194,270,248,125
20203,A,골목상권,3110726,금천철쭉어린이공원(금하마을),1222,795,427,13,185,229,245,307,243,11,116,157,160,167,184,2,69,72,85,140,59
20203,A,골목상권,3110738,문성초등학교,2470,1462,1008,12,359,479,571,602,447,3,208,314,345,327,265,9,151,165,226,275,182
20203,A,골목상권,3110744,독산동성당,2100,1247,853,1,190,325,415,592,577,0,116,185,232,327,387,1,74,140,183,265,190
20203,A,골목상권,3110754,삼성산자연공원(서울금천초등학교),1854,1031,823,19,228,370,484,441,312,12,101,240,284,208,186,7,127,130,200,233,126
20203,A,골목상권,3110734,금천파출소,1807,760,1047,8,475,533,360,289,142,3,200,263,141,92,61,5,275,270,219,197,81
20203,A,골목상권,3110747,석수역 1번 출입구,1082,802,280,4,73,141,239,286,339,4,48,101,156,202,291,0,25,40,83,84,48
20203,A,골목상권,3110819,신대방역 4번,5159,3199,1960,20,841,1350,1310,962,676,14,426,897,852,558,452,6,415,453,458,404,224
20203,A,골목상권,3110781,대림한신아파트,2145,1183,962,3,313,387,472,543,427,0,106,213,256,304,304,3,207,174,216,239,123
20203,A,골목상권,3110776,도신초등학교,4342,3047,1295,14,543,1061,1275,922,527,5,283,767,959,627,406,9,260,294,316,295,121
20203,A,골목상권,3110798,신풍역 2번,1786,1078,708,7,160,456,560,380,223,6,95,279,287,241,170,1,65,177,273,139,53
20203,A,골목상권,3110792,영등포역 2번,4524,2496,2028,35,680,1023,1028,1131,627,16,283,485,583,698,431,19,397,538,445,433,196
20203,A,골목상권,3110756,문래중학교,1572,1015,557,2,185,356,383,362,284,0,97,271,248,213,186,2,88,85,135,149,98
20203,A,골목상권,3110801,신풍역 6번(신길6동공영주차장),245,84,161,1,32,37,52,64,59,0,1,12,15,24,32,1,31,25,37,40,27
20203,A,골목상권,3110812,신길6동주민센터,2401,1555,846,4,382,558,565,498,394,3,189,346,367,345,305,1,193,212,198,153,89
20203,A,골목상권,3110811,보라매역 4번,1485,937,548,4,212,413,375,284,197,3,100,268,233,183,150,1,112,145,142,101,47
20203,A,골목상권,3110820,성남고등학교,4803,3512,1291,4,807,999,907,1587,499,3,498,725,655,1252,379,1,309,274,252,335,120
20203,A,골목상권,3110800,영등포동성당,4742,2638,2104,14,1219,1149,1000,824,536,6,385,590,637,579,441,8,834,559,363,245,95
20203,A,골목상권,3110806,서울시립영등포장애인복지관,2220,1555,665,16,339,498,524,501,342,8,181,328,388,376,274,8,158,170,136,125,68
20203,A,골목상권,3110839,숭실대입구역 4번,3303,2046,1257,2,371,954,1107,622,247,1,177,536,682,434,216,1,194,418,425,188,31
20203,A,골목상권,3110833,상도역 2번,1336,685,651,6,207,356,332,277,158,2,88,215,184,115,81,4,119,141,148,162,77
20203,A,골목상권,3110876,서원동주민센터(신관중학교),1010,458,552,0,95,206,235,294,180,0,31,95,124,113,95,0,64,111,111,181,85
20203,A,골목상권,3110889,봉천역 6번,1263,796,467,1,114,181,251,361,355,0,57,94,152,270,223,1,57,87,99,91,132
20203,A,골목상권,3110901,인헌고등학교(인헌중학교),1830,934,896,7,276,482,543,370,152,4,127,251,267,170,115,3,149,231,276,200,37
20203,A,골목상권,3110919,내방역 8번,17656,12077,5579,47,2980,5187,5004,3205,1233,19,1390,3288,3826,2627,927,28,1590,1899,1178,578,306
20203,A,골목상권,3110908,구반포역,8972,4814,4158,21,1548,2263,2440,2159,541,21,607,1187,1452,1153,394,0,941,1076,988,1006,147
20203,A,골목상권,3110916,내방역 4번,9127,6122,3005,73,1885,2725,2144,1385,915,60,1124,1946,1492,851,649,13,761,779,652,534,266
20203,A,골목상권,3110914,내방역 6번,6099,3888,2211,13,1069,1570,1366,1162,919,9,527,958,903,780,711,4,542,612,463,382,208
20203,A,골목상권,3110981,국악고교사거리,4814,3009,1805,11,674,1061,1231,1002,835,3,342,675,767,584,638,8,332,386,464,418,197
20203,A,골목상권,3110952,논현목련공원,6619,4360,2259,19,1063,1760,1774,1271,732,13,616,1186,1215,839,491,6,447,574,559,432,241
20203,A,골목상권,3110953,학동근린공원,21063,12969,8094,82,5828,6708,4428,2577,1440,26,2619,4180,3209,1850,1085,56,3209,2528,1219,727,355
20203,A,골목상권,3110968,강남구청역 2번,13705,8449,5256,49,2620,3694,3410,2525,1407,16,1163,2112,2388,1751,1019,33,1457,1582,1022,774,388
20203,A,골목상권,3110966,논현2동주민센터,18787,11747,7040,55,3807,5812,4775,2774,1564,16,1620,3352,3408,2154,1197,39,2187,2460,1367,620,367
20203,A,골목상권,3110973,강남구청역 4번,10030,5790,4240,39,1911,2711,2341,1849,1179,16,845,1639,1467,1073,750,23,1066,1072,874,776,429
20203,A,골목상권,3110996,대치2동주민센터,35867,16914,18953,262,6657,8765,8045,7435,4703,105,3082,5222,4330,2505,1670,157,3575,3543,3715,4930,3033
20203,A,골목상권,3110982,강남구보훈회관,4003,2221,1782,8,984,1036,920,571,484,5,350,614,590,298,364,3,634,422,330,273,120
20203,A,골목상권,3111002,한국교통안전공단 강남자동차검사소,409,194,215,0,27,74,87,129,92,0,8,39,41,58,48,0,19,35,46,71,44
20203,A,골목상권,3110987,영동대교남단,6140,4147,1993,37,1147,1773,1594,1067,522,17,553,1233,1221,750,373,20,594,540,373,317,149
20203,A,골목상권,3111022,석촌중학교(방이육교),7523,4484,3039,23,1128,1955,1970,1642,805,9,549,1248,1293,845,540,14,579,707,677,797,265
20203,A,골목상권,3111041,거여역 8번,2127,1468,659,8,544,521,474,308,272,6,288,381,370,220,203,2,256,140,104,88,69
20203,A,골목상권,3111031,장지동주민센터(한림연예예술고교),34991,27580,7411,16,3048,6307,10062,13354,2204,7,1885,4657,7895,11621,1515,9,1163,1650,2167,1733,689
20203,A,골목상권,3111014,송파나루역 2번,9836,5551,4285,11,1370,2414,2283,2319,1439,5,597,1499,1467,1202,781,6,773,915,816,1117,658
20203,A,골목상권,3111073,둔촌동역 1번(한산중학교),3288,1796,1492,11,429,739,851,706,552,8,165,384,502,371,366,3,264,355,349,335,186
20203,A,골목상권,3110002,독립문역 1번,616,177,439,7,166,170,151,84,38,6,34,34,51,28,24,1,132,136,100,56,14
20203,A,골목상권,3111072,굽은다리역 1번(십자성마을),2946,1789,1157,8,298,573,759,699,609,3,146,346,440,433,421,5,152,227,319,266,188
20203,A,골목상권,3111084,길동신동아아파트,1097,568,529,2,102,184,201,327,281,2,56,104,100,149,157,0,46,80,101,178,124
20203,A,골목상권,3110017,정독도서관,4793,3571,1222,1,747,1261,1255,1054,475,1,404,870,1019,890,387,0,343,391,236,164,88
20203,A,골목상권,3110004,대신고등학교,402,232,170,6,56,96,96,104,44,5,32,54,54,53,34,1,24,42,42,51,10
20203,A,골목상권,3110031,창신역 1번,499,243,256,2,65,123,115,127,67,0,17,56,56,68,46,2,48,67,59,59,21
20203,A,골목상권,3110181,신설동역 9번,11325,6319,5006,32,1034,2438,3253,2841,1727,17,532,1500,1747,1415,1108,15,502,938,1506,1426,619
20203,A,골목상권,3110025,충신시장옆,2953,1750,1203,6,522,768,705,591,361,1,198,408,447,419,277,5,324,360,258,172,84
20203,A,골목상권,3110291,한성대입구역 3번,2792,1638,1154,3,210,450,857,801,471,1,83,257,522,485,290,2,127,193,335,316,181
20203,A,골목상권,3110026,종로5가역 4번,1316,680,636,4,165,282,370,283,212,1,63,132,176,155,153,3,102,150,194,128,59
20203,A,골목상권,3110016,평창동동측,12725,5785,6940,17,1035,3438,5042,2657,536,8,355,1373,2545,1209,295,9,680,2065,2497,1448,241
20203,A,골목상권,3110020,서울국제고등학교,2158,1200,958,4,389,630,516,385,234,3,162,347,310,219,159,1,227,283,206,166,75
20203,A,골목상권,3110048,장충동주민센터,10743,5949,4794,32,1907,2975,2905,2265,659,5,684,1762,1731,1314,453,27,1223,1213,1174,951,206
20203,A,골목상권,3110046,버티고개,2463,1750,713,3,241,901,673,506,139,0,143,678,502,330,97,3,98,223,171,176,42
20203,A,골목상권,3110047,다산성곽길,5084,2935,2149,11,1086,1445,1154,887,501,3,410,865,765,531,361,8,676,580,389,356,140
20203,A,골목상권,3110539,미근동,12732,7479,5253,42,2010,4180,3436,2242,822,19,832,2371,2093,1519,645,23,1178,1809,1343,723,177
20203,A,골목상권,3110110,상왕십리역 6번,2405,1457,948,12,383,537,534,531,408,3,127,319,375,375,258,9,256,218,159,156,150
20203,A,골목상권,3110066,서울역 15번,4167,2123,2044,9,838,1274,877,641,528,4,288,582,482,374,393,5,550,692,395,267,135
20203,A,골목상권,3110591,충정로역 6번,3780,2155,1625,0,729,1051,1004,652,344,0,358,619,586,387,205,0,371,432,418,265,139
20203,A,골목상권,3110086,이태원역 북측,13166,6107,7059,36,4072,5077,2603,1007,371,14,1114,2293,1610,799,277,22,2958,2784,993,208,94
20203,A,골목상권,3110085,경리단길남측,12274,5390,6884,26,3823,4925,2402,861,237,12,993,2133,1397,675,180,14,2830,2792,1005,186,57
20203,A,골목상권,3110105,금동어린이공원,2664,1110,1554,16,327,830,1025,337,129,1,110,292,450,175,82,15,217,538,575,162,47
20203,A,골목상권,3110116,청계천박물관,6537,4739,1798,43,541,1177,1527,2151,1098,31,326,844,1178,1561,799,12,215,333,349,590,299
20203,A,골목상권,3110128,성원중학교,3542,2310,1232,18,454,892,940,801,437,8,266,660,634,494,248,10,188,232,306,307,189
20203,A,골목상권,3110120,서울숲카페거리,835,506,329,0,85,162,225,202,161,0,41,83,109,130,143,0,44,79,116,72,18
20203,A,골목상권,3110124,뚝섬역교차로,2595,1874,721,12,366,472,586,575,584,10,183,303,387,461,530,2,183,169,199,114,54
20203,A,골목상권,3110129,성원어린이공원,3599,2300,1299,18,579,846,820,729,607,14,311,541,561,470,403,4,268,305,259,259,204
20203,A,골목상권,3110132,성수2가3동주민센터,3491,2130,1361,9,415,835,861,811,560,8,209,510,554,495,354,1,206,325,307,316,206
20203,A,골목상권,3110223,군자초등학교,3357,2271,1086,35,621,967,788,549,397,8,327,680,552,382,322,27,294,287,236,167,75
20203,A,골목상권,3110111,대현산장미원,74,52,22,0,7,13,12,21,21,0,6,5,6,16,19,0,1,8,6,5,2
20203,A,골목상권,3110166,구의1동주민센터,13530,10491,3039,13,880,2121,3757,5357,1402,11,448,1352,2902,4600,1178,2,432,769,855,757,224
20203,A,골목상권,3110160,광진경찰서,1622,1121,501,1,270,514,389,345,103,1,174,364,263,239,80,0,96,150,126,106,23
20203,A,골목상권,3110164,아차산역 5번,2452,1482,970,7,311,484,595,582,473,2,153,274,370,328,355,5,158,210,225,254,118
20203,A,골목상권,3110145,장안초등학교,626,318,308,0,48,90,132,215,141,0,20,45,59,100,94,0,28,45,73,115,47
20203,A,골목상권,3110158,중곡3동주민센터,1689,1085,604,3,201,401,431,405,248,0,113,280,259,259,174,3,88,121,172,146,74
20203,A,골목상권,3110253,중곡초등학교,1551,1093,458,2,104,216,386,589,254,1,47,124,250,474,197,1,57,92,136,115,57
20203,A,골목상권,3110227,답십리공원,3666,2141,1525,43,1527,620,564,543,369,25,873,404,327,274,238,18,654,216,237,269,131
20203,A,골목상권,3110192,동의보감타워,1689,798,891,2,156,273,358,433,467,0,54,114,189,200,241,2,102,159,169,233,226
20203,A,골목상권,3110182,용두희망어린이공원,6164,2634,3530,4,747,1233,1297,1729,1154,0,240,665,668,567,494,4,507,568,629,1162,660
20203,A,골목상권,3110208,시조사삼거리,1810,1056,754,3,255,573,311,351,317,2,120,403,184,193,154,1,135,170,127,158,163
20203,A,골목상권,3110191,고려대역 6번,817,524,293,1,45,155,267,206,143,1,24,76,163,146,114,0,21,79,104,60,29
20203,A,골목상권,3110193,고려대역 4번,827,531,296,1,49,167,287,216,107,1,25,93,176,149,87,0,24,74,111,67,20
20203,A,골목상권,3110274,서일대학교,1874,1209,665,2,153,270,455,529,465,1,54,150,285,380,339,1,99,120,170,149,126
20203,A,골목상권,3110270,혜원여고,1057,631,426,0,86,153,246,300,272,0,32,87,130,187,195,0,54,66,116,113,77
20203,A,골목상권,3110277,러스크서울병원,1417,798,619,5,161,220,285,429,317,1,56,69,143,266,263,4,105,151,142,163,54
20203,A,골목상권,3110249,중화역 1번,2900,1839,1061,1,380,672,715,696,436,1,208,379,410,482,359,0,172,293,305,214,77
20203,A,골목상권,3110250,화랑대역 7번,1016,501,515,5,84,215,300,277,135,1,28,102,135,142,93,4,56,113,165,135,42
20203,A,골목상권,3110235,세화어린이공원,352,192,160,6,86,56,94,66,44,5,50,30,41,35,31,1,36,26,53,31,13
20203,A,골목상권,3110306,미아초등학교,5040,2548,2492,418,2027,1281,681,387,246,176,903,701,375,192,201,242,1124,580,306,195,45
20203,A,골목상권,3110304,보문역 4번,3586,1900,1686,4,465,1014,939,889,275,3,200,485,478,545,189,1,265,529,461,344,86
20203,A,골목상권,3110336,석관고등학교,933,606,327,1,108,181,209,262,172,0,57,97,124,192,136,1,51,84,85,70,36
20203,A,골목상권,3110327,상월곡역 2번,1727,1049,678,4,291,422,476,347,187,1,146,269,289,200,144,3,145,153,187,147,43
20203,A,골목상권,3110330,돌곶이역 1번,785,481,304,1,83,124,161,170,246,0,26,63,88,101,203,1,57,61,73,69,43
20203,A,골목상권,3110335,석계역 7번,2390,1663,727,2,154,218,357,467,1192,0,68,110,204,330,951,2,86,108,153,137,241
20203,A,골목상권,3110332,돌곶이역 3번,2136,1489,647,1,156,186,243,364,1186,0,59,94,136,223,977,1,97,92,107,141,209
20203,A,골목상권,3110389,한일병원,2913,1480,1433,1,556,681,702,645,328,1,161,333,390,368,227,0,395,348,312,277,101
20203,A,골목상권,3110347,구세군강북종합사회복지관,229,109,120,0,29,43,60,41,56,0,5,15,30,21,38,0,24,28,30,20,18
20203,A,골목상권,3110344,화계중학교,765,403,362,0,70,135,208,278,74,0,39,56,106,139,63,0,31,79,102,139,11
20203,A,골목상권,3110353,수유동우체국,2195,1467,728,0,76,117,357,593,1052,0,17,56,240,437,717,0,59,61,117,156,335
20203,A,골목상권,3110387,쌍문초등학교,1023,569,454,0,115,155,279,298,176,0,47,78,125,166,153,0,68,77,154,132,23
20203,A,골목상권,3110337,아카데미하우스,1220,817,403,6,149,254,287,330,194,6,70,184,184,207,166,0,79,70,103,123,28
20203,A,골목상권,3110397,도봉산입구,1081,690,391,0,65,132,223,329,332,0,17,63,112,226,272,0,48,69,111,103,60
20203,A,골목상권,3110406,도봉산역 1번,1282,894,388,0,35,92,248,427,480,0,12,56,183,328,315,0,23,36,65,99,165
20203,A,골목상권,3110415,수락산역 4번,3127,1795,1332,19,436,611,756,776,529,16,238,366,437,450,288,3,198,245,319,326,241
20203,A,골목상권,3110435,서울과학기술대,486,320,166,0,28,85,109,148,116,0,14,37,61,104,104,0,14,48,48,44,12
20203,A,골목상권,3110436,상계제일중학교,1604,823,781,12,185,351,391,391,274,7,70,171,207,186,182,5,115,180,184,205,92
20203,A,골목상권,3110432,대진고등학교,2273,1419,854,3,199,364,570,753,384,2,72,175,325,556,289,1,127,189,245,197,95
20203,A,골목상권,3110483,연천초등학교,1888,990,898,2,87,158,205,289,1147,1,35,83,95,136,640,1,52,75,110,153,507
20203,A,골목상권,3110491,불광중학교,467,194,273,1,38,82,132,139,75,1,13,39,53,48,40,0,25,43,79,91,35
20203,A,골목상권,3110494,증산3교남측,1503,1100,403,0,61,162,176,249,855,0,27,76,66,146,785,0,34,86,110,103,70
20203,A,골목상권,3110452,새절역 3번,1150,767,383,3,83,169,269,341,285,3,52,85,159,216,252,0,31,84,110,125,33
20203,A,골목상권,3110469,응암정보도서관,2593,1307,1286,1,277,517,711,671,416,0,105,249,330,338,285,1,172,268,381,333,131
20203,A,골목상권,3110471,응암동우체국,1068,455,613,2,131,198,295,296,146,1,38,64,109,149,94,1,93,134,186,147,52
20203,A,골목상권,3110497,가좌역 3번,3639,2210,1429,4,227,430,591,916,1471,2,157,288,394,494,875,2,70,142,197,422,596
20203,A,골목상권,3110501,연희어린이공원,1435,806,629,9,204,340,341,335,206,8,95,227,185,158,133,1,109,113,156,177,73
20203,A,골목상권,3110500,남가좌동현대아파트,219,118,101,0,28,30,52,77,32,0,13,18,25,47,15,0,15,12,27,30,17
20203,A,골목상권,3110530,아현역 1번,1285,656,629,2,341,431,249,154,108,1,130,243,133,83,66,1,211,188,116,71,42
20203,A,골목상권,3110509,연희대우아파트앞,3108,1452,1656,10,588,768,762,647,333,7,195,340,413,291,206,3,393,428,349,356,127
20203,A,골목상권,3110564,홍대입구역 3번,3719,2005,1714,13,669,919,827,753,538,9,248,448,456,453,391,4,421,471,371,300,147
20203,A,골목상권,3110524,연희세브란스병원,103,61,42,0,12,14,21,21,35,0,6,7,10,13,25,0,6,7,11,8,10
20203,A,골목상권,3110519,서대문구보건소별관,1507,688,819,1,235,290,399,374,208,1,79,135,203,162,108,0,156,155,196,212,100
20203,A,골목상권,3110576,대흥역 3번,5382,3414,1968,79,939,1223,1169,1147,825,29,466,793,820,754,552,50,473,430,349,393,273
20203,A,골목상권,3110573,신촌역 6번,3658,1638,2020,59,1952,841,356,296,154,19,740,412,168,189,110,40,1212,429,188,107,44
20203,A,골목상권,3110563,상수역 3번,1775,1091,684,20,394,537,380,269,175,14,185,322,259,186,125,6,209,215,121,83,50
20203,A,골목상권,3110621,목동역 5번,6561,3403,3158,13,1373,1658,1558,1218,741,7,459,886,925,658,468,6,914,772,633,560,273
20203,A,골목상권,3110604,신월4동주민센터,2562,1829,733,1,147,307,531,813,763,1,63,163,324,591,687,0,84,144,207,222,76
20203,A,골목상권,3110592,서울금융고등학교,1418,826,592,0,159,268,306,388,297,0,60,114,154,262,236,0,99,154,152,126,61
20203,A,골목상권,3110595,메디힐병원,2673,1506,1167,2,265,534,570,717,585,1,120,277,304,429,375,1,145,257,266,288,210
20203,A,골목상권,3110603,지향초등학교,1491,835,656,3,116,242,379,451,300,0,47,129,201,246,212,3,69,113,178,205,88
20203,A,골목상권,3110625,신정2동주민센터,16198,9820,6378,112,2886,5330,4076,2804,990,78,1380,3276,2623,1819,644,34,1506,2054,1453,985,346
20203,A,골목상권,3110694,세곡초등학교,1785,1047,738,2,177,395,445,464,302,0,103,223,225,258,238,2,74,172,220,206,64
20203,A,골목상권,3110614,목동로데오거리,2417,1098,1319,3,334,528,600,608,344,2,114,230,276,284,192,1,220,298,324,324,152
20203,A,골목상권,3110667,가양역 10번,1800,935,865,11,274,339,420,410,346,3,109,178,245,204,196,8,165,161,175,206,150
20203,A,골목상권,3110643,강서구다솔마을,965,598,367,1,130,245,288,220,81,0,61,147,186,143,61,1,69,98,102,77,20
20203,A,골목상권,3110639,신방화역 8번,2731,1181,1550,7,220,288,413,883,920,4,100,169,211,292,405,3,120,119,202,591,515
20203,A,골목상권,3110663,우장산롯데캐슬아파트앞,5359,3199,2160,30,999,1445,1422,975,488,6,423,940,917,567,346,24,576,505,505,408,142
20203,A,골목상권,3110641,공항고등학교,1128,713,415,5,140,196,275,310,202,4,68,126,151,195,169,1,72,70,124,115,33
20203,A,골목상권,3110633,개화산역 1번,1889,1400,489,5,147,329,613,532,263,3,96,226,475,385,215,2,51,103,138,147,48
20203,A,골목상권,3110642,정곡초등학교,685,546,139,4,37,93,162,180,209,3,26,69,120,144,184,1,11,24,42,36,25
20203,A,골목상권,3110678,염창무학아파트,1394,954,440,1,153,288,345,353,254,1,67,196,230,253,207,0,86,92,115,100,47
20203,A,골목상권,3110653,화곡역 2번,3217,1604,1613,4,830,737,647,610,389,2,234,386,349,374,259,2,596,351,298,236,130
20203,A,골목상권,3110664,강서구청옆,5115,3052,2063,3,737,1589,1285,1162,339,2,325,916,765,801,243,1,412,673,520,361,96
20203,A,골목상권,3110661,강서새말어린이공원,5000,2990,2010,3,614,1412,1299,1279,393,1,264,757,773,902,293,2,350,655,526,377,100
20203,A,골목상권,3110710,남구로역 3번,11294,7278,4016,42,2025,3289,2861,1783,1294,27,997,2122,1963,1237,932,15,1028,1167,898,546,362
20203,A,골목상권,3110683,오류고등학교,947,549,398,2,104,203,251,259,128,0,46,117,149,161,76,2,58,86,102,98,52
20203,A,골목상권,3110687,"천왕역 3번(오류2동주민센터, 서울오류남초등학교)",611,327,284,2,64,145,181,164,55,0,25,67,94,101,40,2,39,78,87,63,15
20203,A,골목상권,3110740,금천해태공원,2272,1221,1051,12,314,449,585,607,305,12,140,242,307,289,231,0,174,207,278,318,74
20203,A,골목상권,3110733,금천어울림복지센터,1394,848,546,6,220,294,309,352,213,6,95,175,196,198,178,0,125,119,113,154,35
20203,A,골목상권,3110739,시흥3동 우편취급국,6057,3396,2661,12,415,798,1378,1593,1861,3,218,521,767,793,1094,9,197,277,611,800,767
20203,A,골목상권,3110794,영동초등학교,6731,4384,2347,7,908,1678,1868,1488,782,4,484,1187,1296,880,533,3,424,491,572,608,249
20203,A,골목상권,3110796,한림대학교한강성심병원,4703,2546,2157,8,1205,1185,1032,730,543,0,356,602,664,496,428,8,849,583,368,234,115
20203,A,골목상권,3110773,당산역 13번,2296,1625,671,5,321,455,469,433,613,2,200,319,306,314,484,3,121,136,163,119,129
20203,A,골목상권,3110775,대동초등학교,2205,1172,1033,3,265,305,440,491,701,2,87,154,225,267,437,1,178,151,215,224,264
20203,A,골목상권,3110802,신길동홍어거리,1688,958,730,2,163,356,336,340,491,0,66,161,165,198,368,2,97,195,171,142,123
20203,A,골목상권,3110814,서울지방병무청,7231,4542,2689,9,1277,1559,1449,2091,846,3,648,1005,888,1436,562,6,629,554,561,655,284
20203,A,골목상권,3110791,신풍역 3번,962,409,553,2,107,204,340,219,90,1,55,84,106,98,65,1,52,120,234,121,25
20203,A,골목상권,3110826,장승배기역 4번,1539,717,822,2,208,317,383,327,302,1,88,174,163,145,146,1,120,143,220,182,156
20203,A,골목상권,3110846,남성역 1번,3023,1643,1380,6,279,488,722,688,840,4,110,241,329,370,589,2,169,247,393,318,251
20203,A,골목상권,3110849,이수역 10번,2020,917,1103,9,243,385,555,503,325,3,74,176,237,222,205,6,169,209,318,281,120
20203,A,골목상권,3110904,이수역 5번,7580,3075,4505,27,1481,1942,1814,1328,988,11,481,754,719,541,569,16,1000,1188,1095,787,419
20203,A,골목상권,3110845,사당종합체육관,2216,1328,888,1,343,604,608,487,173,0,142,347,418,296,125,1,201,257,190,191,48
20203,A,골목상권,3110838,상도1동주민센터앞,470,279,191,0,38,134,125,108,65,0,24,64,76,59,56,0,14,70,49,49,9
20203,A,골목상권,3110842,흑리단길,333,124,209,1,42,51,91,88,60,0,9,16,31,31,37,1,33,35,60,57,23
20203,A,골목상권,3110895,샤로수길,9100,5774,3326,22,1457,2643,2011,1949,1018,12,741,1663,1249,1320,789,10,716,980,762,629,229
20203,A,골목상권,3110862,난곡초등학교(난곡동벽화마을),751,369,382,4,90,142,198,179,138,2,33,61,89,89,95,2,57,81,109,90,43
20203,A,골목상권,3110881,구립대학경로당(관악산샘말공원),3491,2506,985,7,487,876,989,802,330,2,285,574,762,628,255,5,202,302,227,174,75
20203,A,골목상권,3110868,남부초등학교,1203,669,534,1,119,222,307,292,262,1,58,121,153,170,166,0,61,101,154,122,96
20203,A,골목상권,3110884,봉천역 4번(봉천110안전센터),2449,1248,1201,5,344,475,517,594,514,2,117,236,287,288,318,3,227,239,230,306,196
20203,A,골목상권,3110945,본마을노인복지센터(서초구립내곡도서관),282,173,109,3,60,68,60,61,30,3,24,39,39,44,24,0,36,29,21,17,6
20203,A,골목상권,3110923,방배역 1번,7685,4925,2760,99,1271,2216,1992,1225,882,30,656,1274,1396,874,695,69,615,942,596,351,187
20203,A,골목상권,3110911,방배배수지체육공원,5174,3320,1854,19,999,1738,1199,574,645,7,472,1151,868,368,454,12,527,587,331,206,191
20203,A,골목상권,3110925,서초중학교,7154,4224,2930,46,1556,2069,1769,1060,654,22,621,1233,1169,687,492,24,935,836,600,373,162
20203,A,골목상권,3110939,양재역 8번(양재동우체국),41563,20436,21127,491,8989,10005,11680,7308,3090,234,4386,5999,4772,2772,2273,257,4603,4006,6908,4536,817
20203,A,골목상권,3110957,언북중학교,19599,10831,8768,50,4379,6251,4791,2651,1477,12,1584,3303,3059,1807,1066,38,2795,2948,1732,844,411
20203,A,골목상권,3110965,언주역 6번,9740,5517,4223,23,2101,3089,2326,1335,866,8,808,1801,1548,764,588,15,1293,1288,778,571,278
20203,A,골목상권,3110989,대치동아우편취급국,11455,6945,4510,30,1728,2699,2466,2216,2316,10,807,1670,1718,1423,1317,20,921,1029,748,793,999
20203,A,골목상권,3110976,언북초등학교,7421,3945,3476,22,1768,2422,1579,974,656,5,662,1328,981,573,396,17,1106,1094,598,401,260
20203,A,골목상권,3111013,송파나루역 1번(송리단길),13204,8353,4851,24,2104,4019,3310,2243,1504,8,1026,2562,2230,1466,1061,16,1078,1457,1080,777,443
20203,A,골목상권,3111009,송파책박물관,1894,1412,482,3,218,363,367,454,489,1,177,296,267,293,378,2,41,67,100,161,111
20203,A,골목상권,3111036,투구봉어린이공원,2144,1386,758,11,342,562,503,501,225,9,231,389,324,276,157,2,111,173,179,225,68
20203,A,골목상권,3111039,벌말어린이공원,2919,1879,1040,10,337,724,752,674,422,9,200,492,489,409,280,1,137,232,263,265,142
20203,A,골목상권,3111063,강동구립 천호도서관,2780,1638,1142,5,183,340,451,548,1253,5,84,173,243,277,856,0,99,167,208,271,397
20203,A,골목상권,3111075,굽은다리역 2번,2417,1284,1133,3,301,474,580,612,447,1,128,269,277,326,283,2,173,205,303,286,164
20203,A,골목상권,3111058,성내중학교,2021,1203,818,3,223,404,536,552,303,1,135,242,295,323,207,2,88,162,241,229,96
20203,A,골목상권,3111055,선사초등학교,1504,437,1067,1,125,210,322,498,348,0,66,114,117,64,76,1,59,96,205,434,272
20203,A,골목상권,3110535,영천시장입구,1407,635,772,2,148,229,338,457,233,2,47,91,151,210,134,0,101,138,187,247,99
20203,A,골목상권,3110009,자하문터널,2236,1348,888,1,463,684,579,375,134,1,207,424,359,259,98,0,256,260,220,116,36
20203,A,골목상권,3110033,창신역 4번,852,441,411,1,111,175,201,230,134,0,33,87,107,143,71,1,78,88,94,87,63
20203,A,골목상권,3110023,서울대병원,2374,1256,1118,7,511,735,518,390,213,2,179,349,299,269,158,5,332,386,219,121,55
20203,A,골목상권,3110022,경신고등학교,5909,2689,3220,26,974,1661,1479,1083,686,19,336,787,696,497,354,7,638,874,783,586,332
20203,A,골목상권,3110280,북정마을,1209,815,394,9,195,326,356,231,92,2,107,241,255,149,61,7,88,85,101,82,31
20203,A,골목상권,3110044,관성묘,34192,15760,18432,442,11564,8837,6437,4830,2082,190,5585,5080,3417,1066,422,252,5979,3757,3020,3764,1660
20203,A,골목상권,3110590,만리재,1137,499,638,0,203,311,256,242,125,0,72,138,121,98,70,0,131,173,135,144,55
20203,A,골목상권,3110538,충정로역 3번,6660,3985,2675,3,1234,1988,1797,1041,597,2,614,1164,1117,687,401,1,620,824,680,354,196
20203,A,골목상권,3110074,서울역 12번,26467,15378,11089,166,9386,8469,5337,2396,713,16,2581,5612,4442,2143,584,150,6805,2857,895,253,129
20203,A,골목상권,3110079,후암동주민센터,23635,17320,6315,25,4338,8442,6036,3464,1330,14,2507,5969,5038,2823,969,11,1831,2473,998,641,361
20203,A,골목상권,3110084,경리단길북측,1137,629,508,2,162,321,292,215,145,0,72,172,152,124,109,2,90,149,140,91,36
20203,A,골목상권,3110081,해방촌 남동측,1004,549,455,0,167,274,244,214,105,0,70,167,133,107,72,0,97,107,111,107,33
20203,A,골목상권,3110071,한강미주맨션아파트,7694,4336,3358,39,937,1689,2729,1822,478,30,410,993,1467,1121,315,9,527,696,1262,701,163
20203,A,골목상권,3110070,용산세무서,4544,2531,2013,7,511,842,1763,1106,315,0,317,511,830,654,219,7,194,331,933,452,96
20203,A,골목상권,3110062,한강로동땡땡거리(은행나무길),6939,4293,2646,11,881,2017,1923,1394,713,7,381,1078,1310,1036,481,4,500,939,613,358,232
20203,A,골목상권,3110101,옥정중학교,7875,6553,1322,8,667,2533,2557,1899,211,4,336,1961,2280,1793,179,4,331,572,277,106,32
20203,A,골목상권,3110102,옥수역 6번,3841,1318,2523,3,1030,1177,844,551,236,0,231,368,353,245,121,3,799,809,491,306,115
20203,A,골목상권,3110142,화양사거리,2804,1663,1141,4,514,723,673,527,363,1,251,457,441,258,255,3,263,266,232,269,108
20203,A,골목상권,3110179,광나루역 1번,5756,3390,2366,160,2246,981,941,998,430,51,1063,679,646,684,267,109,1183,302,295,314,163
20203,A,골목상권,3110180,광진정보도서관,8061,5134,2927,18,2150,2859,1722,920,392,5,1092,1920,1198,611,308,13,1058,939,524,309,84
20203,A,골목상권,3110159,구의역 4번,5367,2836,2531,7,750,1225,1369,1270,746,7,284,550,682,767,546,0,466,675,687,503,200
20203,A,골목상권,3110148,어린이대공원역 3번,1054,772,282,0,83,139,292,374,166,0,39,93,207,287,146,0,44,46,85,87,20
20203,A,골목상권,3110153,중곡1동주민센터,4344,1904,2440,82,1289,748,851,997,377,28,556,394,376,309,241,54,733,354,475,688,136
20203,A,골목상권,3110228,장안근린공원,5579,2983,2596,50,1846,996,988,1029,670,31,967,565,447,513,460,19,879,431,541,516,210
20203,A,골목상권,3110183,한국의류시험연구원,5635,1896,3739,5,941,1338,1052,1352,947,1,284,602,411,281,317,4,657,736,641,1071,630
20203,A,골목상권,3110210,서울시립대,1290,734,556,4,172,214,230,290,380,1,63,119,130,137,284,3,109,95,100,153,96
20203,A,골목상권,3110197,세종대왕기념관교차로,681,441,240,1,42,138,243,179,78,1,22,79,156,117,66,0,20,59,87,62,12
20203,A,골목상권,3110317,종암중학교,856,427,429,0,69,203,291,204,89,0,23,84,143,127,50,0,46,119,148,77,39
20203,A,골목상권,3110269,용마문화복지센터,1193,806,387,1,105,206,253,351,277,0,39,123,168,269,207,1,66,83,85,82,70
20203,A,골목상권,3110262,상봉역 3번,2597,1501,1096,5,405,724,834,459,170,3,233,499,436,209,121,2,172,225,398,250,49
20203,A,골목상권,3110243,중랑노인종합복지관,1280,706,574,2,112,204,300,372,290,1,37,90,161,202,215,1,75,114,139,170,75
20203,A,골목상권,3110252,장안제일시장,1463,895,568,1,172,277,384,342,287,1,77,179,182,215,241,0,95,98,202,127,46
20203,A,골목상권,3110255,상봉역 4번,4054,2483,1571,6,455,886,1164,879,664,1,218,560,648,531,525,5,237,326,516,348,139
20203,A,골목상권,3110259,사가정역 1번,2849,1765,1084,6,311,616,796,665,455,3,137,348,463,463,351,3,174,268,333,202,104
20203,A,골목상권,3110247,먹골역 1번,1727,841,886,0,201,366,470,450,240,0,59,164,206,235,177,0,142,202,264,215,63
20203,A,골목상권,3110244,중화역 4번,2138,1412,726,2,328,556,501,482,269,2,197,350,310,346,207,0,131,206,191,136,62
20203,A,골목상권,3110251,장안중학교,1630,858,772,0,198,364,401,366,301,0,75,156,203,193,231,0,123,208,198,173,70
20203,A,골목상권,3110271,신내역 1번,2482,929,1553,4,592,712,487,573,114,1,121,285,240,223,59,3,471,427,247,350,55
20203,A,골목상권,3110296,성신여대입구역 4번,12695,7697,4998,59,1926,3038,3949,2285,1438,26,872,1766,2632,1690,711,33,1054,1272,1317,595,727
20203,A,골목상권,3110297,경동고등학교,7690,3952,3738,8,907,1939,2285,1889,662,4,314,848,1159,1261,366,4,593,1091,1126,628,296
20203,A,골목상권,3110378,송중동주민센터,1126,533,593,8,114,164,325,277,238,6,49,71,143,123,141,2,65,93,182,154,97
20203,A,골목상권,3110414,장석교회,402,255,147,4,50,79,115,101,53,2,29,47,75,62,40,2,21,32,40,39,13
20203,A,골목상권,3110287,정릉3동주민센터,875,585,290,0,79,170,271,258,97,0,28,91,181,204,81,0,51,79,90,54,16
20203,A,골목상권,3110375,서울북부고용노동지청,845,360,485,1,109,138,239,204,154,0,39,61,79,89,92,1,70,77,160,115,62
20203,A,골목상권,3110399,창2동주민센터,1602,880,722,10,196,366,466,372,192,9,106,227,240,168,130,1,90,139,226,204,62
20203,A,골목상권,3110354,삼각산119안전센터,344,130,214,1,37,80,102,76,48,0,8,21,42,29,30,1,29,59,60,47,18
20203,A,골목상권,3110350,가오리역 2번,1785,1189,596,0,95,235,490,631,334,0,24,137,343,423,262,0,71,98,147,208,72
20203,A,골목상권,3110410,방학역 2번,5184,3020,2164,10,533,1200,1296,1319,826,9,263,670,687,796,595,1,270,530,609,523,231
20203,A,골목상권,3110411,도봉역 3번,1429,925,504,2,98,247,291,426,365,1,28,129,162,293,312,1,70,118,129,133,53
20203,A,골목상권,3110400,도봉구보건소,1846,892,954,4,271,357,453,479,282,3,89,169,210,236,185,1,182,188,243,243,97
20203,A,골목상권,3110409,창동역 2번,5869,3927,1942,2,646,1342,1458,1180,1241,0,365,971,1044,680,867,2,281,371,414,500,374
20203,A,골목상권,3110434,태릉입구역 4번,2447,893,1554,4,239,367,566,692,579,2,84,195,227,195,190,2,155,172,339,497,389
20203,A,골목상권,3110426,상계2동주민센터,2416,1320,1096,14,360,487,625,559,371,11,137,269,322,324,257,3,223,218,303,235,114
20203,A,골목상권,3110465,연신내역 7번,2257,927,1330,9,386,528,559,476,299,5,118,240,230,184,150,4,268,288,329,292,149
20203,A,골목상권,3110490,녹번동근린공원,3783,1923,1860,7,438,883,1034,1016,405,4,202,399,477,577,264,3,236,484,557,439,141
20203,A,골목상권,3110489,불광역 3번,716,357,359,0,96,185,192,137,106,0,35,89,98,60,75,0,61,96,94,77,31
20203,A,골목상권,3110479,연신내역 2번,2576,1321,1255,3,157,300,327,507,1282,1,56,170,162,218,714,2,101,130,165,289,568
20203,A,골목상권,3110493,북가좌초등학교,1809,1358,451,0,58,129,215,372,1035,0,18,54,90,234,962,0,40,75,125,138,73
20203,A,골목상권,3110492,하나고등학교,540,262,278,1,21,104,141,149,124,0,6,75,108,50,23,1,15,29,33,99,101
20203,A,골목상권,3110513,연희파출소,3363,2204,1159,22,567,790,725,790,469,9,272,540,501,544,338,13,295,250,224,246,131
20203,A,골목상권,3110514,서대문우체국,5884,4292,1592,5,831,1136,1085,2109,718,2,601,819,690,1648,532,3,230,317,395,461,186
20203,A,골목상권,3110562,연트럴파크(연남동주민센터),2875,1653,1222,6,493,708,654,605,409,5,216,416,353,352,311,1,277,292,301,253,98
20203,A,골목상권,3110508,서연중학교,4731,2947,1784,65,1080,1249,854,927,556,33,608,915,530,502,359,32,472,334,324,425,197
20203,A,골목상권,3110518,서대문구청,3722,1975,1747,12,546,1034,1058,869,203,9,200,479,568,581,138,3,346,555,490,288,65
20203,A,골목상권,3110525,홍은종합사회복지관,7221,1312,5909,3,183,467,1911,3557,1100,1,69,144,285,391,422,2,114,323,1626,3166,678
20203,A,골목상권,3110515,홍은중학교,1043,706,337,1,143,296,295,199,109,1,75,191,205,147,87,0,68,105,90,52,22
20203,A,골목상권,3110583,공덕래미안3차아파트,6179,4019,2160,25,972,2169,1807,999,207,2,442,1254,1331,841,149,23,530,915,476,158,58
20203,A,골목상권,3110577,용강동주민센터,9059,5496,3563,86,1376,2019,2088,1811,1679,35,752,1266,1421,1058,964,51,624,753,667,753,715
20203,A,골목상권,3110559,성산중학교,3953,2244,1709,15,791,1163,989,658,337,10,291,617,630,448,248,5,500,546,359,210,89
20203,A,골목상권,3110673,뜸부기어린이공원,3925,1626,2299,2,811,1050,872,768,422,1,199,434,404,342,246,1,612,616,468,426,176
20203,A,골목상권,3110593,신월3동주민센터,1762,1006,756,1,186,325,388,471,391,0,75,151,191,286,303,1,111,174,197,185,88
20203,A,골목상권,3110605,목동센트럴아이파크앞,1499,829,670,1,100,208,369,491,330,0,43,115,174,261,236,1,57,93,195,230,94
20203,A,골목상권,3110644,신광명마을,984,638,346,8,82,134,249,286,225,5,35,58,135,196,209,3,47,76,114,90,16
20203,A,골목상권,3110634,송정역 3번,2258,1399,859,4,275,506,610,511,352,1,117,307,373,338,263,3,158,199,237,173,89
20203,A,골목상권,3110637,송정역 2번,2971,1382,1589,8,213,374,533,870,973,1,106,229,321,293,432,7,107,145,212,577,541
20203,A,골목상권,3110717,남구로역 2번,14015,9786,4229,70,2885,4254,3438,2015,1353,55,1641,3012,2557,1417,1104,15,1244,1242,881,598,249
20203,A,골목상권,3110704,고척중학교,2226,1605,621,3,212,447,479,523,562,2,146,303,298,357,499,1,66,144,181,166,63
20203,A,골목상권,3110711,구로초등학교,6053,3126,2927,18,987,1548,1351,1432,717,6,398,756,689,847,430,12,589,792,662,585,287
20203,A,골목상권,3110853,KT구로지사,2641,1608,1033,1,319,772,649,545,355,0,145,461,405,335,262,1,174,311,244,210,93
20203,A,골목상권,3110719,영서중학교,8289,5933,2356,59,1796,2525,2024,1273,612,45,1066,1810,1558,970,484,14,730,715,466,303,128
20203,A,골목상권,3110681,온수역 1번,770,608,162,1,32,106,134,230,267,1,15,68,84,193,247,0,17,38,50,37,20
20203,A,골목상권,3110686,수궁동주민센터,1712,942,770,4,166,281,410,516,335,2,67,147,225,281,220,2,99,134,185,235,115
20203,A,골목상권,3110724,금천구립가산도서관,11383,7546,3837,40,1693,3181,2821,2099,1549,26,938,2131,2094,1485,872,14,755,1050,727,614,677
20203,A,골목상권,3110737,금천세무서,1798,1125,673,11,253,347,446,436,305,2,132,205,256,291,239,9,121,142,190,145,66
20203,A,골목상권,3110751,난곡중학교,4170,2971,1199,5,268,560,768,723,1846,4,152,299,440,412,1664,1,116,261,328,311,182
20203,A,골목상권,3110770,영등포구청역 6번,3743,2293,1450,10,456,798,1009,775,695,8,198,431,610,510,536,2,258,367,399,265,159
20203,A,골목상권,3110774,당산반도유보라팰리스아파트,6057,3990,2067,23,1174,1514,1210,1260,876,16,690,964,811,881,628,7,484,550,399,379,248
20203,A,골목상권,3110784,신대림초등학교,635,358,277,0,52,113,172,193,105,0,17,54,98,114,75,0,35,59,74,79,30
20203,A,골목상권,3110790,대림1동주민센터,1866,1133,733,8,165,442,606,439,206,6,106,276,315,276,154,2,59,166,291,163,52
20203,A,골목상권,3110797,KT대방빌딩,2388,1195,1193,9,744,610,471,373,181,6,202,321,282,247,137,3,542,289,189,126,44
20203,A,골목상권,3110767,도림동주민센터,1986,1301,685,12,195,337,469,452,521,9,94,206,296,293,403,3,101,131,173,159,118
20203,A,골목상권,3110795,도림초등학교,1472,844,628,3,149,235,336,361,388,3,60,124,194,196,267,0,89,111,142,165,121
20203,A,골목상권,3110816,대방역 6번,1738,1058,680,6,221,364,462,314,371,4,113,216,301,190,234,2,108,148,161,124,137
20203,A,골목상권,3110805,신길새마을금고신길4동지점,1023,537,486,1,157,206,259,272,128,0,62,106,133,146,90,1,95,100,126,126,38
20203,A,골목상권,3110760,선유도역 6번,5228,3263,1965,14,772,1203,1346,1246,647,10,420,748,783,769,533,4,352,455,563,477,114
20203,A,골목상권,3110829,장승배기역 5번,1910,1113,797,2,354,419,433,426,276,1,244,230,215,246,177,1,110,189,218,180,99
20203,A,골목상권,3110823,신대방삼거리역 3번,18527,11847,6680,53,3630,3578,3043,4396,3827,29,2845,2902,1956,2093,2022,24,785,676,1087,2303,1805
20203,A,골목상권,3110825,신대방삼거리역 1번,1887,1186,701,4,200,384,537,438,324,2,118,234,332,261,239,2,82,150,205,177,85
20203,A,골목상권,3110902,사당역 4번,4587,2962,1625,5,748,1134,1234,856,610,3,391,730,829,555,454,2,357,404,405,301,156
20203,A,골목상권,3110848,양지어린이공원,2097,1112,985,2,190,322,522,478,583,1,51,160,244,247,409,1,139,162,278,231,174
20203,A,골목상권,3110837,숭실대입구역 1번,7582,3000,4582,54,1016,1317,1684,2308,1203,29,513,708,790,619,341,25,503,609,894,1689,862
20203,A,골목상권,3110869,"신림역 5번(신림동주민센터, 신림동별빛거리)",3655,2148,1507,5,394,824,948,715,769,3,166,460,534,430,555,2,228,364,414,285,214
20203,A,골목상권,3110844,흑석2치안센터,160,91,69,1,22,48,41,25,23,1,12,21,23,16,18,0,10,27,18,9,5
20203,A,골목상권,3110897,서울대입구역 8번,3249,1771,1478,17,519,696,762,756,499,10,216,361,414,426,344,7,303,335,348,330,155
20203,A,골목상권,3110865,남강고등학교(남강중학교),1253,655,598,10,151,251,310,354,177,7,69,139,159,167,114,3,82,112,151,187,63
20203,A,골목상권,3110909,남태령역(서울전자고등학교),640,329,311,2,35,69,132,263,139,2,9,34,62,132,90,0,26,35,70,131,49
20203,A,골목상권,3110887,서울산업정보학교(서울삼성초등학교),1438,924,514,2,150,309,356,436,185,0,51,150,237,337,149,2,99,159,119,99,36
20203,A,골목상권,3110860,호림박물관(성보고등학교),1990,1169,821,6,297,530,482,443,232,2,133,294,297,266,177,4,164,236,185,177,55
20203,A,골목상권,3110883,은천초등학교(은천교앞),3082,1294,1788,17,445,582,703,892,443,2,110,250,330,308,294,15,335,332,373,584,149
20203,A,골목상권,3110877,신림역 8번,2858,1276,1582,5,569,617,591,596,480,1,169,257,289,245,315,4,400,360,302,351,165
20203,A,골목상권,3110894,관악동부센트레빌아파트(은천로35라길),7043,2668,4375,54,994,1207,1567,2169,1052,30,470,649,731,579,209,24,524,558,836,1590,843
20203,A,골목상권,3110946,청계산원터골,162,69,93,0,24,18,42,31,47,0,12,10,25,7,15,0,12,8,17,24,32
20203,A,골목상권,3110924,반포4동주민센터(몽마르뜨공원),77734,71457,6277,26,7647,15682,20670,31194,2515,11,6234,13666,18911,30353,2282,15,1413,2016,1759,841,233
20203,A,골목상권,3110922,내방역 1번,15637,10488,5149,75,3040,4842,3871,2935,874,57,1457,2908,2911,2496,659,18,1583,1934,960,439,215
20203,A,골목상권,3110929,남부터미널역 1번,36239,19956,16283,80,7810,8818,7565,9758,2208,25,2589,4537,4266,6904,1635,55,5221,4281,3299,2854,573
20203,A,골목상권,3110980,개포지구대옆,18101,5325,12776,71,2848,3483,6555,4107,1037,34,1294,1688,1158,625,526,37,1554,1795,5397,3482,511
20203,A,골목상권,3110951,신사은행나무공원,9132,5156,3976,46,2729,2597,1929,1129,702,14,1093,1493,1282,764,510,32,1636,1104,647,365,192
20203,A,골목상권,3111024,경찰병원역 4번(건너말공원),10720,6112,4608,57,1433,2394,2566,2144,2126,27,681,1469,1754,1167,1014,30,752,925,812,977,1112
20203,A,골목상권,3111046,마천역(마천초등학교),2560,1555,1005,5,274,560,700,645,376,1,145,333,390,383,303,4,129,227,310,262,73
20203,A,골목상권,3111044,남천초등학교,1831,923,908,1,191,385,506,486,262,0,87,192,216,220,208,1,104,193,290,266,54
20203,A,골목상권,3111033,문정동성당,32663,26076,6587,11,2622,5719,9448,12913,1950,4,1647,4277,7502,11343,1303,7,975,1442,1946,1570,647
20203,A,골목상권,3111019,한성백제역 3번,15362,8061,7301,39,2405,3433,3255,3668,2562,30,1305,2236,1757,1393,1340,9,1100,1197,1498,2275,1222
20203,A,골목상권,3111007,석촌고분역 4번,4469,2987,1482,9,625,1051,1004,989,791,8,392,705,646,633,603,1,233,346,358,356,188
20203,A,골목상권,3111004,삼전역 1번,11074,7193,3881,42,1623,2462,2544,2663,1740,4,728,1489,1666,1950,1356,38,895,973,878,713,384
20203,A,골목상권,3111051,천호역 6번,3537,1976,1561,10,608,745,821,822,531,4,339,401,414,434,384,6,269,344,407,388,147
20203,A,골목상권,3111018,풍납초등학교(풍납백제문화공원),958,634,324,0,133,194,216,258,157,0,84,122,134,175,119,0,49,72,82,83,38
20203,A,골목상권,3111064,둔촌동역 4번,2203,1364,839,6,236,423,519,533,486,5,121,252,314,340,332,1,115,171,205,193,154
20203,A,골목상권,3111078,굽은다리역 4번,3935,2367,1568,9,362,678,891,1032,963,5,192,427,513,612,618,4,170,251,378,420,345
20203,A,골목상권,3111082,중앙보훈병원,476,316,160,0,30,57,76,119,194,0,18,40,52,73,133,0,12,17,24,46,61
20203,A,골목상권,3111086,한영중고,702,392,310,1,68,159,171,215,88,1,31,67,87,136,70,0,37,92,84,79,18
20203,A,골목상권,3111070,천호초등학교,1434,798,636,6,118,348,397,393,172,1,45,166,221,243,122,5,73,182,176,150,50
20203,A,골목상권,3111057,천호공원(해공체육문화센터),1546,745,801,2,167,228,317,374,458,2,47,73,121,162,340,0,120,155,196,212,118
20202,A,골목상권,3110006,부암동주민센터,773,347,426,0,158,275,203,101,36,0,69,129,83,45,21,0,89,146,120,56,15
20202,A,골목상권,3110018,중앙고등학교,11262,8487,2775,7,1250,3853,3350,2089,713,6,649,2888,2664,1739,541,1,601,965,686,350,172
20202,A,골목상권,3110038,경향신문사,10172,7008,3164,16,1531,3252,3390,1653,330,3,695,2090,2547,1430,243,13,836,1162,843,223,87
20202,A,골목상권,3110012,성곡미술관,27735,18834,8901,37,3819,8129,8256,5229,2265,7,1836,5632,6275,3697,1387,30,1983,2497,1981,1532,878
20202,A,골목상권,3110019,창덕궁,6319,4360,1959,10,1053,2069,1767,953,467,3,559,1386,1342,701,369,7,494,683,425,252,98
20202,A,골목상권,3110052,장충초등학교,5705,3122,2583,6,827,1468,1432,1344,628,3,309,713,830,859,408,3,518,755,602,485,220
20202,A,골목상권,3110589,애오개역 3번,559,265,294,0,108,185,141,80,45,0,38,87,71,42,27,0,70,98,70,38,18
20202,A,골목상권,3110068,남영역 1번,8193,5432,2761,40,1419,2582,2050,1326,776,19,721,1609,1516,1011,556,21,698,973,534,315,220
20202,A,골목상권,3110092,NH농협은행 보광동지점,3281,2252,1029,31,523,841,877,713,296,21,277,569,627,533,225,10,246,272,250,180,71
20202,A,골목상권,3110083,서빙고역 1번,6594,4364,2230,19,1375,1883,1618,1157,542,7,651,1268,1156,865,417,12,724,615,462,292,125
20202,A,골목상권,3110060,효창공원앞역 6번,6789,4650,2139,19,1230,1825,1872,1318,525,10,677,1315,1333,926,389,9,553,510,539,392,136
20202,A,골목상권,3110061,효창동주민센터,5303,3773,1530,6,882,1448,1482,1038,447,4,527,1073,1109,722,338,2,355,375,373,316,109
20202,A,골목상권,3110091,리움미술관,5605,3483,2122,16,1353,2027,1384,612,213,8,579,1155,1049,531,161,8,774,872,335,81,52
20202,A,골목상권,3110122,마장역 2번,1288,844,444,1,128,208,307,373,271,1,73,133,188,246,203,0,55,75,119,127,68
20202,A,골목상권,3110188,용두동신동아아파트,8552,6410,2142,56,940,1775,2007,2538,1236,37,653,1318,1585,1899,918,19,287,457,422,639,318
20202,A,골목상권,3110125,사근동살곶이상점가,304,167,137,2,52,66,90,59,35,2,21,32,48,39,25,0,31,34,42,20,10
20202,A,골목상권,3110147,능동우편취급국,4531,2184,2347,31,1146,862,890,1066,536,19,559,502,431,345,328,12,587,360,459,721,208
20202,A,골목상권,3110217,자동차부품상가,3677,2888,789,21,732,983,868,595,478,20,576,785,687,435,385,1,156,198,181,160,93
20202,A,골목상권,3110178,장로회신학대학교,2404,1638,766,1,341,582,567,559,354,0,195,410,420,386,227,1,146,172,147,173,127
20202,A,골목상권,3110162,군자역 4번,3299,1971,1328,5,497,696,811,692,598,2,300,424,470,362,413,3,197,272,341,330,185
20202,A,골목상권,3110154,광진정말공원,1521,878,643,6,193,294,396,399,233,4,99,168,215,220,172,2,94,126,181,179,61
20202,A,골목상권,3110151,자양한강도서관,2110,1470,640,7,384,424,537,519,239,4,274,300,362,348,182,3,110,124,175,171,57
20202,A,골목상권,3110171,중곡4동주민센터,2069,805,1264,3,502,500,486,436,142,1,84,182,208,224,106,2,418,318,278,212,36
20202,A,골목상권,3110218,답십리사거리,1293,747,546,6,152,258,330,326,221,5,58,132,175,207,170,1,94,126,155,119,51
20202,A,골목상권,3110225,촬영소사거리,1955,992,963,2,123,189,335,525,781,2,67,108,191,252,372,0,56,81,144,273,409
20202,A,골목상권,3110184,용두사거리,3021,1527,1494,5,599,895,617,491,414,2,203,397,289,306,330,3,396,498,328,185,84
20202,A,골목상권,3110213,청량초등학교,2045,619,1426,0,582,702,456,221,84,0,98,228,161,74,58,0,484,474,295,147,26
20202,A,골목상권,3110220,외대앞역 1번,3279,1428,1851,2,649,864,843,597,324,1,120,311,409,369,218,1,529,553,434,228,106
20202,A,골목상권,3110230,장안현대홈타운1차아파트,4180,2588,1592,14,740,1026,1066,899,435,10,450,646,636,535,311,4,290,380,430,364,124
20202,A,골목상권,3110216,전농중학교,1431,725,706,2,194,328,385,371,151,1,84,149,201,194,96,1,110,179,184,177,55
20202,A,골목상권,3110275,하나은행 망우동지점,1321,725,596,10,155,180,250,376,350,0,42,46,116,227,294,10,113,134,134,149,56
20202,A,골목상권,3110276,신내IC북측,132,100,32,0,9,22,38,38,25,0,5,19,26,32,18,0,4,3,12,6,7
20202,A,골목상권,3110240,태릉시장 특화거리,439,231,208,3,63,64,129,98,82,2,24,33,65,48,59,1,39,31,64,50,23
20202,A,골목상권,3110299,정릉역 1번,1824,844,980,4,260,396,436,423,305,0,53,150,161,238,242,4,207,246,275,185,63
20202,A,골목상권,3110302,보문역 8번,5898,4601,1297,6,635,1951,1314,1333,659,2,343,1589,1089,1123,455,4,292,362,225,210,204
20202,A,골목상권,3110333,돌곶이역 5번,2180,1597,583,1,138,180,253,395,1213,0,72,102,152,268,1003,1,66,78,101,127,210
20202,A,골목상권,3110295,정릉우체국,2033,967,1066,2,326,405,505,478,317,0,87,174,207,267,232,2,239,231,298,211,85
20202,A,골목상권,3110290,북한산보국문역 1번,956,503,453,2,85,114,198,295,262,0,23,58,103,167,152,2,62,56,95,128,110
20202,A,골목상권,3110284,정릉북한산국립공원입구,1070,775,295,0,67,166,299,370,168,0,17,93,226,294,145,0,50,73,73,76,23
20202,A,골목상권,3110315,종암아이파크2차,19324,9933,9391,57,1503,4968,7106,5488,202,13,619,1647,3160,4363,131,44,884,3321,3946,1125,71
20202,A,골목상권,3110311,종암아이파크2차후문,18326,9454,8872,55,1387,4748,6804,5254,78,12,582,1562,3010,4226,62,43,805,3186,3794,1028,16
20202,A,골목상권,3110372,강북중학교,2235,1039,1196,1,431,564,556,464,219,1,120,285,281,229,123,0,311,279,275,235,96
20202,A,골목상권,3110355,삼양사거리역 2번,841,465,376,2,75,143,202,215,204,1,21,48,103,134,158,1,54,95,99,81,46
20202,A,골목상권,3110384,문이교,515,242,273,1,67,67,122,148,110,0,18,23,41,80,80,1,49,44,81,68,30
20202,A,골목상권,3110407,도봉역 2번,1737,1230,507,2,79,213,329,569,545,1,27,108,185,426,483,1,52,105,144,143,62
20202,A,골목상권,3110405,방학역 1번,2828,1543,1285,6,280,510,686,856,490,5,158,343,328,348,361,1,122,167,358,508,129
20202,A,골목상권,3110412,창동중학교,926,729,197,1,32,75,129,327,362,1,15,31,69,262,351,0,17,44,60,65,11
20202,A,골목상권,3110394,방학중학교,1009,508,501,1,104,211,274,247,172,1,47,99,125,125,111,0,57,112,149,122,61
20202,A,골목상권,3110388,도봉우체국,1888,873,1015,4,412,414,447,441,170,3,100,202,209,231,128,1,312,212,238,210,42
20202,A,골목상권,3110442,화랑대철도공원,516,235,281,2,52,82,125,173,82,2,27,35,48,69,54,0,25,47,77,104,28
20202,A,골목상권,3110424,상계초등학교,1733,729,1004,5,214,302,436,475,301,5,84,152,179,184,125,0,130,150,257,291,176
20202,A,골목상권,3110431,상계역,1287,621,666,3,148,275,353,314,194,0,43,131,187,139,121,3,105,144,166,175,73
20202,A,골목상권,3110437,당고개역 2번,1939,1463,476,1,93,154,435,765,491,0,35,83,301,619,425,1,58,71,134,146,66
20202,A,골목상권,3110439,당고개역 5번,1564,1295,269,1,57,95,313,641,457,0,18,56,256,564,401,1,39,39,57,77,56
20202,A,골목상권,3110440,상계3동4동주민센터,169,56,113,0,26,25,43,40,35,0,8,5,11,16,16,0,18,20,32,24,19
20202,A,골목상권,3110420,광운대역 1번,1471,830,641,9,301,445,400,204,112,2,145,305,217,102,59,7,156,140,183,102,53
20202,A,골목상권,3110467,은평요양병원,1379,737,642,5,189,335,332,289,229,4,86,184,174,140,149,1,103,151,158,149,80
20202,A,골목상권,3110454,선정중학교,2790,1775,1015,7,272,500,645,930,436,3,129,261,343,687,352,4,143,239,302,243,84
20202,A,골목상권,3110447,구산초등학교,1598,1138,460,2,95,229,339,680,253,0,42,106,199,571,220,2,53,123,140,109,33
20202,A,골목상권,3110466,구산역 2번,1798,899,899,10,243,407,457,413,268,2,80,171,240,218,188,8,163,236,217,195,80
20202,A,골목상권,3110444,수색성당,1892,1313,579,0,137,252,283,320,900,0,54,128,127,184,820,0,83,124,156,136,80
20202,A,골목상권,3110453,신사1동주민센터,1978,1132,846,1,218,408,518,480,353,1,127,200,295,268,241,0,91,208,223,212,112
20202,A,골목상권,3110448,상신초등학교입구,1073,613,460,3,129,216,240,258,227,1,83,123,122,132,152,2,46,93,118,126,75
20202,A,골목상권,3110498,증산역 1번,2535,1338,1197,4,342,517,554,649,469,2,109,293,309,322,303,2,233,224,245,327,166
20202,A,골목상권,3110505,홍남교남측,2126,1435,691,49,700,599,355,283,140,26,407,498,226,172,106,23,293,101,129,111,34
20202,A,골목상권,3110510,홍연시장,2641,1768,873,55,777,683,448,457,221,30,445,554,273,293,173,25,332,129,175,164,48
20202,A,골목상권,3110553,가좌역 2번,1511,856,655,3,170,321,388,384,245,2,77,175,235,224,143,1,93,146,153,160,102
20202,A,골목상권,3110496,모래내우체국,1812,822,990,7,281,445,449,349,281,4,85,208,221,148,156,3,196,237,228,201,125
20202,A,골목상권,3110542,마포구청역 7번,5558,3298,2260,20,707,1052,1202,1656,921,11,378,760,825,770,554,9,329,292,377,886,367
20202,A,골목상권,3110506,연희임광아파트,1391,746,645,2,205,313,340,335,196,2,93,209,169,157,116,0,112,104,171,178,80
20202,A,골목상권,3110529,홍제3동주민센터,1091,564,527,4,122,140,206,257,362,1,44,66,95,138,220,3,78,74,111,119,142
20202,A,골목상권,3110521,홍제역 4번,1109,612,497,3,108,134,316,391,157,1,30,70,168,242,101,2,78,64,148,149,56
20202,A,골목상권,3110561,상수역 4번,2460,1498,962,31,569,746,545,348,221,20,264,444,364,239,167,11,305,302,181,109,54
20202,A,골목상권,3110552,성미산체육관,2995,1818,1177,8,379,652,778,730,448,4,185,366,457,506,300,4,194,286,321,224,148
20202,A,골목상권,3110570,KB국민은행 서강지점,1410,826,584,7,199,376,380,261,187,7,100,222,201,154,142,0,99,154,179,107,45
20202,A,골목상권,3110620,목동보건지소,3652,1851,1801,7,412,863,1018,883,469,5,182,474,447,423,320,2,230,389,571,460,149
20202,A,골목상권,3110624,목동문화체육센터,1670,856,814,1,264,453,486,298,168,1,140,240,200,155,120,0,124,213,286,143,48
20202,A,골목상권,3110626,양화초등학교,3807,2364,1443,4,517,846,1106,938,396,3,219,458,758,652,274,1,298,388,348,286,122
20202,A,골목상권,3110606,신한은행 신월동지점,2588,1783,805,3,138,296,550,822,779,1,58,158,318,568,680,2,80,138,232,254,99
20202,A,골목상권,3110646,푸른들청소년도서관,6554,3939,2615,12,861,1499,1624,1593,965,9,445,957,950,890,688,3,416,542,674,703,277
20202,A,골목상권,3110613,신정네거리역 4번,532,258,274,0,62,116,114,119,121,0,13,47,48,66,84,0,49,69,66,53,37
20202,A,골목상권,3110706,그라운드 고척,2411,1613,798,2,310,586,628,638,247,2,161,381,415,463,191,0,149,205,213,175,56
20202,A,골목상권,3110701,고척동성당,2031,1278,753,7,310,414,454,523,323,1,176,260,284,305,252,6,134,154,170,218,71
20202,A,골목상권,3110657,양천향교역 5번,8471,5307,3164,17,1024,2088,2090,1892,1360,11,513,1206,1353,1162,1062,6,511,882,737,730,298
20202,A,골목상권,3110648,양천향교역 7번,4059,2626,1433,14,469,835,925,929,887,10,238,536,594,535,713,4,231,299,331,394,174
20202,A,골목상권,3110671,등촌1동주민센터,10403,6389,4014,31,1969,2531,2337,1997,1538,18,787,1620,1611,1312,1041,13,1182,911,726,685,497
20202,A,골목상권,3110658,화곡초등학교,3192,1856,1336,2,811,765,628,538,448,0,270,453,376,381,376,2,541,312,252,157,72
20202,A,골목상권,3110668,화곡2동주민센터,3004,1684,1320,10,406,790,822,630,346,7,198,431,436,373,239,3,208,359,386,257,107
20202,A,골목상권,3110721,가리봉파출소,9719,6601,3118,27,1764,3184,2464,1435,845,13,942,2250,1830,926,640,14,822,934,634,509,205
20202,A,골목상권,3110703,개봉역,8618,4789,3829,41,1381,2048,1932,2036,1180,22,796,1309,965,946,751,19,585,739,967,1090,429
20202,A,골목상권,3110693,오류동역 4번,2696,1879,817,4,369,515,637,750,421,3,300,366,437,480,293,1,69,149,200,270,128
20202,A,골목상권,3110709,구로119안전센터,1187,559,628,4,117,165,257,381,263,2,53,88,142,137,137,2,64,77,115,244,126
20202,A,골목상권,3110716,구로나눔길,4822,2652,2170,7,579,1315,1117,1252,552,3,265,697,592,776,319,4,314,618,525,476,233
20202,A,골목상권,3110769,대림차이나타운(대림역 12번),1954,1208,746,5,121,251,393,460,724,3,75,164,232,290,444,2,46,87,161,170,280
20202,A,골목상권,3110761,문래동남성맨션,1158,827,331,2,91,236,304,299,226,1,64,159,218,197,188,1,27,77,86,102,38
20202,A,골목상권,3110741,독산2동주민센터,1504,811,693,3,175,295,351,425,255,2,91,145,170,215,188,1,84,150,181,210,67
20202,A,골목상권,3110859,난향초등학교,512,230,282,1,45,111,154,119,82,0,3,44,63,56,64,1,42,67,91,63,18
20202,A,골목상권,3110789,대림성모병원,3410,1458,1952,2,996,845,702,539,326,2,257,378,363,264,194,0,739,467,339,275,132
20202,A,골목상권,3110780,신길대성유니드아파트,1394,925,469,1,137,277,365,360,254,1,88,167,227,235,207,0,49,110,138,125,47
20202,A,골목상권,3110772,신우어린이공원,1405,839,566,1,221,295,338,329,221,0,93,177,214,205,150,1,128,118,124,124,71
20202,A,골목상권,3110785,영등포푸르지오아파트,2009,1361,648,6,207,449,544,471,332,4,93,298,379,338,249,2,114,151,165,133,83
20202,A,골목상권,3110787,신길3동주민센터,1010,595,415,3,99,199,285,264,160,3,47,107,166,160,112,0,52,92,119,104,48
20202,A,골목상권,3110758,문래소공원,14709,7623,7086,103,3376,3787,3217,3111,1115,31,1541,2760,1604,829,858,72,1835,1027,1613,2282,257
20202,A,골목상권,3110815,공군호텔,3580,1559,2021,5,645,846,827,727,530,0,194,396,377,297,295,5,451,450,450,430,235
20202,A,골목상권,3110808,신길역 1번,1130,445,685,0,100,235,310,302,183,0,32,108,122,98,85,0,68,127,188,204,98
20202,A,골목상권,3110804,신풍역 1번,1741,798,943,1,169,357,520,405,289,0,76,149,168,199,206,1,93,208,352,206,83
20202,A,골목상권,3110832,노량진초등학교,4040,2156,1884,1,568,1114,970,953,434,0,307,514,509,572,254,1,261,600,461,381,180
20202,A,골목상권,3110822,신대방삼거리역 4번(대림초등학교),2751,1560,1191,2,363,614,588,613,571,0,112,362,360,362,364,2,251,252,228,251,207
20202,A,골목상권,3110850,사당역 10번,7894,4180,3714,14,1345,2053,2169,1428,885,5,442,1014,1153,889,677,9,903,1039,1016,539,208
20202,A,골목상권,3110907,방배초등학교,7536,4093,3443,28,1176,1611,1757,1598,1366,16,482,896,974,820,905,12,694,715,783,778,461
20202,A,골목상권,3110886,관악해태어린이공원,1445,959,486,3,127,237,384,457,237,1,51,115,248,345,199,2,76,122,136,112,38
20202,A,골목상권,3110870,신림주공2단지(광신고등학교),926,524,402,2,74,142,244,279,185,0,27,71,123,158,145,2,47,71,121,121,40
20202,A,골목상권,3110888,청룡동주민센터,1962,823,1139,4,400,564,469,301,224,0,83,193,220,164,163,4,317,371,249,137,61
20202,A,골목상권,3110880,신림역 1번,1885,706,1179,2,469,465,373,346,230,1,114,169,180,115,127,1,355,296,193,231,103
20202,A,골목상권,3110896,관악우성아파트,736,263,473,3,103,109,175,206,140,2,34,34,61,79,53,1,69,75,114,127,87
20202,A,골목상권,3110948,헌인가구단지,57,27,30,0,5,24,14,11,3,0,4,12,6,2,3,0,1,12,8,9,0
20202,A,골목상권,3110921,서울프랑스학교,78980,73122,5858,28,7548,16129,20976,31809,2490,12,6231,14222,19329,31052,2276,16,1317,1907,1647,757,214
20202,A,골목상권,3110912,방배동사이길,10864,6872,3992,39,2280,3332,2614,1988,611,11,836,2031,1921,1590,483,28,1444,1301,693,398,128
20202,A,골목상권,3110933,한국상담대학원대학교,5166,2935,2231,17,1332,1552,1139,789,337,4,500,976,763,474,218,13,832,576,376,315,119
20202,A,골목상권,3110935,한전아트센터,15447,13162,2285,22,2512,5659,3695,2968,591,17,1823,4896,3229,2703,494,5,689,763,466,265,97
20202,A,골목상권,3110984,포이초등학교(개포목련어린이공원),3582,2150,1432,4,498,767,882,784,647,1,250,501,486,430,482,3,248,266,396,354,165
20202,A,골목상권,3110978,도곡2동주민센터(대치중학교),9979,6980,2999,40,2087,3214,2294,1200,1144,23,1136,2370,1884,909,658,17,951,844,410,291,486
20202,A,골목상권,3110971,선정릉역 4번,19901,10561,9340,56,4117,6246,4806,2922,1754,20,1411,3453,2772,1734,1171,36,2706,2793,2034,1188,583
20202,A,골목상권,3110974,언주중학교,8256,5430,2826,32,1847,2573,1708,1193,903,20,851,1532,1318,975,734,12,996,1041,390,218,169
20202,A,골목상권,3110975,매봉역 1번,20752,14192,6560,76,4365,5383,5577,4328,1023,51,2288,3472,4126,3439,816,25,2077,1911,1451,889,207
20202,A,골목상권,3111040,거여초등학교,2357,1472,885,10,310,602,594,522,319,9,179,402,365,295,222,1,131,200,229,227,97
20202,A,골목상권,3111026,문정역 2번,5159,3277,1882,8,771,1232,1312,1131,705,3,429,810,876,634,525,5,342,422,436,497,180
20202,A,골목상권,3111017,송파나루역 3번,3628,2432,1196,16,792,796,869,755,400,11,460,537,585,527,312,5,332,259,284,228,88
20202,A,골목상권,3111010,석촌역 7번,7142,5058,2084,9,802,1620,1617,1242,1852,6,441,1150,1102,793,1566,3,361,470,515,449,286
20202,A,골목상권,3111034,오동나무공원(송파레미니스1단지),3543,2415,1128,7,500,770,849,906,511,6,300,543,575,584,407,1,200,227,274,322,104
20202,A,골목상권,3111030,방이역 2번,20738,15418,5320,18,2658,5004,5332,4928,2798,6,1628,3495,4144,4200,1945,12,1030,1509,1188,728,853
20202,A,골목상권,3111085,묘곡초등학교(고덕아이파크아파트),1513,784,729,0,146,290,369,382,326,0,61,149,169,194,211,0,85,141,200,188,115
20202,A,골목상권,3111077,길동주민센터(강동도서관),6406,3327,3079,16,671,1129,1499,1694,1397,9,330,650,809,710,819,7,341,479,690,984,578
20202,A,골목상권,3111076,둔촌2동주민센터,2137,1170,967,3,262,433,458,484,497,1,104,223,250,249,343,2,158,210,208,235,154
20202,A,골목상권,3111080,굽은다리역 3번,1729,778,951,2,186,308,401,447,385,0,66,164,188,178,182,2,120,144,213,269,203
20202,A,골목상권,3110021,성균관대학교,1380,854,526,13,176,218,316,344,313,11,77,113,213,233,207,2,99,105,103,111,106
20202,A,골목상권,3110536,돈의문센트레빌아파트입구,1695,833,862,1,260,434,449,376,175,1,78,212,254,177,111,0,182,222,195,199,64
20202,A,골목상권,3110029,동대문역 1번,1644,738,906,3,231,331,381,390,308,1,67,127,179,186,178,2,164,204,202,204,130
20202,A,골목상권,3110037,신설동역 12번,6845,2610,4235,8,686,1039,1229,1827,2056,0,200,462,558,454,936,8,486,577,671,1373,1120
20202,A,골목상권,3110050,약수역 7번,1836,960,876,2,250,436,467,418,263,2,91,213,281,223,150,0,159,223,186,195,113
20202,A,골목상권,3110056,신당역 3번,2607,1426,1181,6,401,693,647,505,355,6,185,356,340,292,247,0,216,337,307,213,108
20202,A,골목상권,3110042,남산골공원옆,3487,1845,1642,11,347,719,1132,882,396,6,133,341,523,568,274,5,214,378,609,314,122
20202,A,골목상권,3110067,배문고등학교,6040,2831,3209,9,1156,1772,1294,977,832,3,287,644,651,605,641,6,869,1128,643,372,191
20202,A,골목상권,3110090,한국폴리텍대학서울정수캠퍼스,6854,4231,2623,17,1075,2196,2359,934,273,8,504,1107,1684,735,193,9,571,1089,675,199,80
20202,A,골목상권,3110088,오산고등학교,7060,4470,2590,17,1103,2335,2474,899,232,7,558,1213,1793,727,172,10,545,1122,681,172,60
20202,A,골목상권,3110087,이태원엔틱가구거리,3473,1835,1638,14,616,996,784,725,338,11,220,474,424,457,249,3,396,522,360,268,89
20202,A,골목상권,3110063,효창공원앞역 5번,2545,1665,880,15,308,566,692,530,434,12,172,383,458,344,296,3,136,183,234,186,138
20202,A,골목상권,3110058,성심여자고등학교,6811,4886,1925,22,1067,2028,1812,1308,574,7,598,1398,1383,1048,452,15,469,630,429,260,122
20202,A,골목상권,3110098,서울독일학교,19270,15584,3686,22,2331,4742,5464,6112,599,14,1127,3406,4759,5764,514,8,1204,1336,705,348,85
20202,A,골목상권,3110096,한남힐사이드아파트,5546,3662,1884,5,1168,1544,1281,1282,266,3,498,976,912,1046,227,2,670,568,369,236,39
20202,A,골목상권,3110100,옥수동우편취급국,7613,6422,1191,7,609,2450,2479,1864,204,4,305,1915,2241,1784,173,3,304,535,238,80,31
20202,A,골목상권,3110119,마장지하차도,2046,656,1390,1,159,260,428,704,494,0,83,139,167,155,112,1,76,121,261,549,382
20202,A,골목상권,3110118,왕십리역 9번,1141,733,408,1,167,270,301,259,143,0,85,164,189,178,117,1,82,106,112,81,26
20202,A,골목상권,3110131,성수동카페거리,16372,10013,6359,69,3574,4475,3610,2782,1862,39,1790,2879,2348,1642,1315,30,1784,1596,1262,1140,547
20202,A,골목상권,3110134,성수119안전센터,3342,2382,960,73,532,823,835,706,373,34,330,619,609,498,292,39,202,204,226,208,81
20202,A,골목상권,3110139,자양4동주민센터,2367,1870,497,9,270,601,637,559,291,5,194,486,509,441,235,4,76,115,128,118,56
20202,A,골목상권,3110136,경수초등학교,16150,9947,6203,123,3454,3934,3551,3098,1990,71,1698,2541,2333,1900,1404,52,1756,1393,1218,1198,586
20202,A,골목상권,3110155,광진구청,12629,9937,2692,11,781,1849,3528,5069,1391,11,385,1169,2772,4413,1187,0,396,680,756,656,204
20202,A,골목상권,3110176,해오름공원,3579,1917,1662,4,675,798,998,836,268,2,178,374,601,542,220,2,497,424,397,294,48
20202,A,골목상권,3110149,세종대학교,799,452,347,0,93,197,215,179,115,0,44,101,133,91,83,0,49,96,82,88,32
20202,A,골목상권,3110167,용마초등학교,3707,2122,1585,11,501,762,961,828,644,3,272,440,519,426,462,8,229,322,442,402,182
20202,A,골목상권,3110204,간데메공원,1356,905,451,5,205,278,356,322,190,3,135,169,223,225,150,2,70,109,133,97,40
20202,A,골목상권,3110226,장안1동주민센터,5867,3209,2658,15,722,1138,1352,1410,1230,12,347,658,734,772,686,3,375,480,618,638,544
20202,A,골목상권,3110211,전곡마을마당공원,1820,983,837,4,278,348,454,491,245,1,111,192,268,266,145,3,167,156,186,225,100
20202,A,골목상권,3110207,시립대앞사거리,1345,584,761,3,233,270,311,303,225,1,53,120,140,127,143,2,180,150,171,176,82
20202,A,골목상권,3110198,동대문중앙새마을금고본점,361,189,172,0,20,53,86,133,69,0,9,28,50,59,43,0,11,25,36,74,26
20202,A,골목상권,3110200,동대문경찰서,703,390,313,0,77,108,145,182,191,0,37,54,78,85,136,0,40,54,67,97,55
20202,A,골목상권,3110256,면목2동체육관,3260,1961,1299,5,413,680,888,780,494,1,188,448,483,445,396,4,225,232,405,335,98
20202,A,골목상권,3110266,면목동우체국,2501,1548,953,5,244,423,558,704,567,0,78,210,314,502,444,5,166,213,244,202,123
20202,A,골목상권,3110236,신묵초등학교,2212,1481,731,2,311,516,532,603,248,2,174,350,347,432,176,0,137,166,185,171,72
20202,A,골목상권,3110267,망우역 2번,2430,1427,1003,13,334,482,518,637,446,11,202,293,263,329,329,2,132,189,255,308,117
20202,A,골목상권,3110234,중랑역 4번,2773,2036,737,11,275,619,860,768,240,9,142,418,643,647,177,2,133,201,217,121,63
20202,A,골목상권,3110314,종암경찰서,3397,2472,925,6,380,670,726,731,884,0,231,492,518,565,666,6,149,178,208,166,218
20202,A,골목상권,3110421,석계역 1번,1218,593,625,4,119,205,323,328,239,2,49,90,144,169,139,2,70,115,179,159,100
20202,A,골목상권,3110321,동덕여대,1128,697,431,0,75,117,219,296,421,0,24,61,110,162,340,0,51,56,109,134,81
20202,A,골목상권,3110324,월곡역 4번,1184,675,509,5,167,321,341,226,124,1,78,187,188,134,87,4,89,134,153,92,37
20202,A,골목상권,3110298,솔숲어린이공원,1115,539,576,6,144,199,273,276,217,1,36,66,112,152,172,5,108,133,161,124,45
20202,A,골목상권,3110365,미아역 5번,1266,616,650,2,97,152,267,320,428,2,36,63,110,186,219,0,61,89,157,134,209
20202,A,골목상권,3110367,강북구청,3460,1492,1968,10,334,684,730,796,906,8,94,264,328,453,345,2,240,420,402,343,561
20202,A,골목상권,3110368,송천초등학교,981,601,380,1,93,195,242,259,191,1,32,95,129,181,163,0,61,100,113,78,28
20202,A,골목상권,3110352,수유1동주민센터,1291,576,715,0,118,244,368,418,143,0,49,99,154,183,91,0,69,145,214,235,52
20202,A,골목상권,3110349,화계역 2번,641,353,288,0,50,92,172,256,71,0,28,41,97,133,54,0,22,51,75,123,17
20202,A,골목상권,3110346,4.19민주묘지역 2번,605,334,271,0,71,106,179,136,113,0,18,62,103,75,76,0,53,44,76,61,37
20202,A,골목상권,3110339,국립4.19민주묘지,819,555,264,6,104,130,193,232,154,6,50,99,122,143,135,0,54,31,71,89,19
20202,A,골목상권,3110393,국민은행방학지점,749,350,399,3,91,217,207,154,77,2,32,106,101,63,46,1,59,111,106,91,31
20202,A,골목상권,3110395,신한은행 방학동지점,591,318,273,1,73,99,158,142,118,1,38,50,73,83,73,0,35,49,85,59,45
20202,A,골목상권,3110403,방학1동주민센터,1702,974,728,4,211,309,359,482,337,2,94,177,211,286,204,2,117,132,148,196,133
20202,A,골목상권,3110398,쌍문2동우체국,1663,972,691,0,162,244,383,523,351,0,72,129,192,328,251,0,90,115,191,195,100
20202,A,골목상권,3110401,도봉구민회관,1586,856,730,0,181,221,327,460,397,0,78,117,164,255,242,0,103,104,163,205,155
20202,A,골목상권,3110425,계상초등학교,1457,683,774,4,150,232,387,426,258,3,63,143,181,181,112,1,87,89,206,245,146
20202,A,골목상권,3110419,수락산디자인거리,3472,2282,1190,13,387,781,865,882,544,12,226,552,591,566,335,1,161,229,274,316,209
20202,A,골목상권,3110474,세명컴퓨터고등학교,1360,647,713,2,130,295,356,348,229,2,46,137,159,153,150,0,84,158,197,195,79
20202,A,골목상권,3110473,구산역 1번,3155,1679,1476,5,325,617,795,785,628,5,131,352,419,351,421,0,194,265,376,434,207
20202,A,골목상권,3110455,역촌노인복지관,3715,1747,1968,9,658,760,944,829,515,3,247,351,416,367,363,6,411,409,528,462,152
20202,A,골목상권,3110487,불광역 8번,761,291,470,1,73,171,207,181,128,1,23,75,72,60,60,0,50,96,135,121,68
20202,A,골목상권,3110480,연신내역 3번,1023,428,595,6,192,199,279,216,131,2,70,88,121,80,67,4,122,111,158,136,64
20202,A,골목상권,3110482,연신초등학교,359,158,201,0,27,53,117,116,46,0,8,20,39,58,33,0,19,33,78,58,13
20202,A,골목상권,3110470,신진과학기술고등학교,1610,976,634,2,161,266,382,390,409,2,76,145,208,227,318,0,85,121,174,163,91
20202,A,골목상권,3110475,백련산해모로아파트,1745,1026,719,2,202,326,375,357,483,1,91,165,203,202,364,1,111,161,172,155,119
20202,A,골목상권,3110532,아현역 2번,1847,1072,775,2,422,522,371,290,240,1,165,307,218,208,173,1,257,215,153,82,67
20202,A,골목상권,3110534,경기대학교,3370,2048,1322,4,575,933,722,580,556,1,256,531,484,399,377,3,319,402,238,181,179
20202,A,골목상권,3110572,서강대역 1번,7726,3653,4073,68,2565,1977,1384,1231,501,24,960,907,708,748,306,44,1605,1070,676,483,195
20202,A,골목상권,3110575,대흥동주민센터,4172,1903,2269,62,2086,953,452,399,220,20,782,476,212,248,165,42,1304,477,240,151,55
20202,A,골목상권,3110516,정원여중,1299,656,643,0,226,284,343,307,139,0,78,137,188,165,88,0,148,147,155,142,51
20202,A,골목상권,3110569,홍대땡땡거리,3039,1407,1632,7,650,662,678,622,420,3,308,321,302,232,241,4,342,341,376,390,179
20202,A,골목상권,3110517,서대문소방서,2671,1696,975,14,441,700,687,557,272,8,191,471,487,368,171,6,250,229,200,189,101
20202,A,골목상권,3110512,연희지하차도,5089,3101,1988,67,1146,1450,1174,973,279,39,591,926,702,649,194,28,555,524,472,324,85
20202,A,골목상권,3110527,홍제역 2번,1712,867,845,2,169,226,456,564,295,1,44,119,214,314,175,1,125,107,242,250,120
20202,A,골목상권,3110546,양화대교북단,1549,938,611,3,314,420,380,250,182,3,138,208,258,183,148,0,176,212,122,67,34
20202,A,골목상권,3110550,합정역 8번,5374,2859,2515,13,961,1416,1292,955,737,8,367,677,778,563,466,5,594,739,514,392,271
20202,A,골목상권,3110554,망원역 1번,6464,3487,2977,10,913,1410,1559,1192,1380,7,345,648,802,647,1038,3,568,762,757,545,342
20202,A,골목상권,3110547,KB국민은행 망원동지점,6579,4117,2462,11,769,1170,1322,1746,1561,7,405,819,889,860,1137,4,364,351,433,886,424
20202,A,골목상권,3110551,성서초등학교,3102,1803,1299,3,301,471,703,601,1023,3,132,235,314,304,815,0,169,236,389,297,208
20202,A,골목상권,3110619,목4동주민센터,1689,1078,611,4,202,379,491,407,206,1,93,210,315,291,168,3,109,169,176,116,38
20202,A,골목상권,3110600,신월7동주민센터,4248,2844,1404,3,317,496,745,1209,1478,3,179,312,490,845,1015,0,138,184,255,364,463
20202,A,골목상권,3110647,화곡역 5번,3340,1821,1519,8,438,691,768,828,607,5,192,403,428,449,344,3,246,288,340,379,263
20202,A,골목상권,3110607,금빛새마을금고본점,2729,2241,488,2,110,221,394,521,1481,1,64,132,235,385,1424,1,46,89,159,136,57
20202,A,골목상권,3110608,신월2동주민센터,3392,1915,1477,10,282,562,891,941,706,9,134,332,463,486,491,1,148,230,428,455,215
20202,A,골목상권,3110611,신정역 1번,4475,2720,1755,14,895,697,748,814,1307,7,295,382,444,461,1131,7,600,315,304,353,176
20202,A,골목상권,3110594,신월중학교,1144,543,601,7,149,285,301,297,105,4,58,119,141,150,71,3,91,166,160,147,34
20202,A,골목상권,3110602,신월시영아파트중문,3056,2108,948,3,204,356,700,967,826,2,124,226,400,664,692,1,80,130,300,303,134
20202,A,골목상권,3110610,계남근린공원,648,338,310,2,87,129,151,148,131,0,26,50,86,87,89,2,61,79,65,61,42
20202,A,골목상권,3110616,양목초등학교,1359,706,653,2,110,255,266,391,335,1,43,136,132,202,192,1,67,119,134,189,143
20202,A,골목상권,3110635,공항시장역 3번,3727,1849,1878,9,361,571,664,1054,1068,2,153,336,399,431,528,7,208,235,265,623,540
20202,A,골목상권,3110650,우장산힐스테이트,1737,995,742,4,194,325,396,415,403,3,107,202,240,204,239,1,87,123,156,211,164
20202,A,골목상권,3110638,신방화역 2번,3645,2335,1310,10,416,661,1045,983,530,8,205,404,713,617,388,2,211,257,332,366,142
20202,A,골목상권,3110712,남구로역 5번,1579,913,666,8,183,331,363,324,370,5,99,196,189,176,248,3,84,135,174,148,122
20204,A,골목상권,3110627,신정롯데캐슬아파트,12409,6926,5483,66,2312,4020,3158,2183,670,31,900,2143,1942,1409,501,35,1412,1877,1216,774,169
20204,A,골목상권,3110522,홍제역 3번,1269,694,575,3,128,184,351,436,167,1,37,93,189,254,120,2,91,91,162,182,47
20204,A,골목상권,3110571,신수동주민센터,5389,2967,2422,10,665,1386,1427,1276,625,9,253,623,760,871,451,1,412,763,667,405,174
20204,A,골목상권,3110555,홍익지구대,3611,1855,1756,10,638,968,938,631,426,5,213,449,543,370,275,5,425,519,395,261,151
20204,A,골목상권,3110541,동교초등학교,1947,1046,901,2,295,400,519,419,312,1,112,214,273,234,212,1,183,186,246,185,100
20204,A,골목상권,3110628,신목동역,2125,1374,751,4,260,583,583,460,235,2,128,352,393,345,154,2,132,231,190,115,81
20204,A,골목상권,3110679,염창역 2번,2730,2023,707,4,276,584,863,682,321,3,134,413,667,544,262,1,142,171,196,138,59
20204,A,골목상권,3110612,신정역 5번,4440,2606,1834,12,892,682,723,821,1310,5,273,329,389,473,1137,7,619,353,334,348,173
20204,A,골목상권,3110629,송정역 4번,923,553,370,1,104,171,216,231,200,1,47,114,124,142,125,0,57,57,92,89,75
20204,A,골목상권,3110669,화곡보람2차아파트,4693,2768,1925,4,1133,1316,897,642,701,3,357,873,675,396,464,1,776,443,222,246,237
20204,A,골목상권,3110649,우장산역 1번,1340,739,601,2,254,249,320,285,230,0,111,132,152,166,178,2,143,117,168,119,52
20204,A,골목상권,3110670,신곡초등학교,1600,1036,564,8,185,409,399,404,195,5,114,286,251,246,134,3,71,123,148,158,61
20204,A,골목상권,3110666,KC대학교,2132,1568,564,4,303,715,531,460,119,2,205,564,385,312,100,2,98,151,146,148,19
20204,A,골목상권,3110725,가산동주민센터,1841,864,977,4,142,241,320,390,744,2,70,130,189,193,280,2,72,111,131,197,464
20204,A,골목상권,3110700,고척초등학교,5750,4109,1641,10,516,1259,1605,1791,569,7,268,901,1181,1363,389,3,248,358,424,428,180
20204,A,골목상권,3110689,오류동역 3번,4517,2899,1618,15,569,864,1106,1262,701,8,405,556,678,764,488,7,164,308,428,498,213
20204,A,골목상권,3110690,오류2동버들시장,2262,1291,971,1,225,460,530,550,496,0,85,257,277,318,354,1,140,203,253,232,142
20204,A,골목상권,3110766,대림역 5번,5601,3708,1893,16,432,998,1379,1285,1491,5,258,730,1005,825,885,11,174,268,374,460,606
20204,A,골목상권,3110735,말미고개,2955,1738,1217,9,360,595,662,815,514,5,187,340,372,445,389,4,173,255,290,370,125
20204,A,골목상권,3110736,독산119안전센터,2709,1626,1083,4,307,444,561,745,648,2,174,271,330,427,422,2,133,173,231,318,226
20204,A,골목상권,3110746,금천금빛공원(은행나무사거리서측),971,444,527,1,93,156,237,270,214,1,36,71,105,122,109,0,57,85,132,148,105
20204,A,골목상권,3110783,영등포시장역 1번,2418,1654,764,5,411,700,493,528,281,3,259,492,345,391,164,2,152,208,148,137,117
20204,A,골목상권,3110793,대림썬프라자,1502,904,598,6,139,384,505,343,125,5,85,243,259,219,93,1,54,141,246,124,32
20204,A,골목상권,3110799,영등포본동주민센터,524,336,188,5,69,90,131,119,110,3,34,56,85,77,81,2,35,34,46,42,29
20204,A,골목상권,3110777,구로세무서,5825,3399,2426,22,1229,1703,1556,963,352,10,493,985,1009,609,293,12,736,718,547,354,59
20204,A,골목상권,3110821,보라매역 2번,19310,12435,6875,51,3710,3777,3102,4534,4136,27,2841,3091,2036,2222,2218,24,869,686,1066,2312,1918
20204,A,골목상권,3110788,영등포시장역 3번,924,604,320,3,106,166,286,224,139,1,58,113,202,145,85,2,48,53,84,79,54
20204,A,골목상권,3110840,중앙대학교,417,214,203,1,67,68,111,97,73,0,25,31,63,47,48,1,42,37,48,50,25
20204,A,골목상권,3110836,상도역 5번,4431,2490,1941,12,805,1182,1020,914,498,2,328,680,619,553,308,10,477,502,401,361,190
20204,A,골목상권,3110893,관악소방서(문영여고),1814,1409,405,2,342,557,398,425,90,1,237,436,304,357,74,1,105,121,94,68,16
20204,A,골목상권,3110878,미림여고,694,367,327,6,72,190,185,152,89,1,25,91,112,75,63,5,47,99,73,77,26
20204,A,골목상권,3110861,관악구신사동주민센터,4975,3397,1578,4,758,1388,1398,981,446,2,354,958,1075,707,301,2,404,430,323,274,145
20204,A,골목상권,3110890,봉천역 1번(관악초등학교),2071,803,1268,4,374,519,473,347,354,0,67,152,208,174,202,4,307,367,265,173,152
20204,A,골목상권,3110960,은광여고,20267,15455,4812,50,2314,4244,5292,6237,2130,36,1372,3182,4359,5022,1484,14,942,1062,933,1215,646
20204,A,골목상권,3110954,국기원,7043,3734,3309,24,2010,2434,1352,626,597,8,648,1239,953,450,436,16,1362,1195,399,176,161
20204,A,골목상권,3110936,더케이호텔(양재리본타워2단지아파트),1540,1105,435,14,246,433,389,311,147,10,159,288,286,247,115,4,87,145,103,64,32
20204,A,골목상권,3110940,양재근린공원(양재2동주민센터),6573,4578,1995,36,1029,1761,1701,1243,803,22,601,1228,1211,872,644,14,428,533,490,371,159
20204,A,골목상권,3110950,논현역 7번,14453,8508,5945,36,3283,4779,3414,1982,959,15,1326,2815,2305,1346,701,21,1957,1964,1109,636,258
20204,A,골목상권,3110949,한남IC,8417,5196,3221,28,1675,2570,2221,1300,623,15,760,1654,1435,852,480,13,915,916,786,448,143
20204,A,골목상권,3110993,개포지하차도 북측,142,86,56,0,14,21,31,45,31,0,4,14,19,28,21,0,10,7,12,17,10
20204,A,골목상권,3110983,국립국악고등학교,3034,1919,1115,12,544,819,737,554,368,2,245,512,476,373,311,10,299,307,261,181,57
20204,A,골목상권,3110964,싸리고개근린공원,8566,5556,3010,26,1611,2345,2176,1418,990,12,704,1538,1503,1014,785,14,907,807,673,404,205
20204,A,골목상권,3110995,봉은사역 4번,25206,19697,5509,27,4263,7944,7350,4403,1219,8,2756,6028,6191,3798,916,19,1507,1916,1159,605,303
20204,A,골목상권,3111001,아래방죽마을공원(율현초등학교),219,110,109,0,13,33,35,73,65,0,7,22,21,34,26,0,6,11,14,39,39
20204,A,골목상권,3110998,은곡마을(은곡마을공원),32,21,11,1,2,11,8,6,4,0,0,5,7,6,3,1,2,6,1,0,1
20204,A,골목상권,3110959,신구중학교,10232,5500,4732,112,2286,2945,2031,1596,1262,41,1015,1708,1395,759,582,71,1271,1237,636,837,680
20204,A,골목상권,3110962,도산공원북측,5103,2987,2116,21,1320,1864,1050,603,245,7,552,1132,729,415,152,14,768,732,321,188,93
20204,A,골목상권,3110997,대청초등학교,11645,4219,7426,31,3352,3686,2392,1435,749,3,709,1330,968,683,526,28,2643,2356,1424,752,223
20204,A,골목상권,3110979,청담초등학교,13513,6688,6825,34,3681,4952,2707,1503,636,14,1248,2542,1596,814,474,20,2433,2410,1111,689,162
20204,A,골목상권,3111027,문정초등학교,37078,28582,8496,20,3311,6648,10483,13841,2775,8,1965,4804,8129,11835,1841,12,1346,1844,2354,2006,934
20204,A,골목상권,3111020,방이동고분군(방산고등학교),4863,2790,2073,7,576,1242,1105,1165,768,4,274,719,681,609,503,3,302,523,424,556,265
20204,A,골목상권,3111032,방이역 1번,21842,16091,5751,28,2688,5066,5500,5171,3389,14,1606,3510,4215,4282,2464,14,1082,1556,1285,889,925
20204,A,골목상권,3111005,삼전역 3번,5492,3680,1812,15,836,1398,1269,1121,853,5,485,996,882,696,616,10,351,402,387,425,237
20204,A,골목상권,3111037,Sh수협은행 오금동금융센터(아랫말어린이공원),1645,894,751,0,186,380,425,449,205,0,97,235,228,207,127,0,89,145,197,242,78
20204,A,골목상권,3111089,상일여고(상일초등학교),858,553,305,0,66,157,203,261,171,0,37,92,135,164,125,0,29,65,68,97,46
20204,A,골목상권,3111067,강동구립성내도서관,5641,2901,2740,16,1009,1238,1344,1086,948,11,337,615,758,580,600,5,672,623,586,506,348
20204,A,골목상권,3111081,둔촌푸르지오아파트,986,603,383,2,117,183,200,251,233,1,58,108,117,139,180,1,59,75,83,112,53
20204,A,골목상권,3111059,강동역 4번(강풀만화거리),6849,3822,3027,10,1115,1236,1379,1299,1810,5,483,642,758,760,1174,5,632,594,621,539,636
20204,A,골목상권,3110005,세검정,2126,1089,1037,8,301,565,557,474,221,3,123,271,287,262,143,5,178,294,270,212,78
20204,A,골목상권,3110008,배화여자대학교(박노수미술관),3476,1938,1538,39,627,808,767,729,506,0,227,405,439,476,391,39,400,403,328,253,115
20204,A,골목상권,3110015,청와대사랑채,2312,1284,1028,37,513,765,497,301,199,0,191,422,324,192,155,37,322,343,173,109,44
20204,A,골목상권,3110035,동묘앞역 2번,3390,1775,1615,3,258,367,549,741,1472,0,87,183,285,341,879,3,171,184,264,400,593
20204,A,골목상권,3110055,황학동벼룩시장,2333,1280,1053,28,821,479,422,378,205,15,352,239,270,253,151,13,469,240,152,125,54
20204,A,골목상권,3110027,혜화역 1번,3124,1658,1466,9,394,650,865,728,478,5,112,253,479,462,347,4,282,397,386,266,131
20204,A,골목상권,3110030,동대문역 3번,1126,461,665,0,92,206,371,274,183,0,28,77,108,117,131,0,64,129,263,157,52
20204,A,골목상권,3110011,청운초등학교,1873,802,1071,13,318,482,437,339,284,2,65,197,195,159,184,11,253,285,242,180,100
20204,A,골목상권,3110024,혜회동주민센터,4244,1855,2389,27,697,1078,959,887,596,17,228,488,437,385,300,10,469,590,522,502,296
20204,A,골목상권,3110043,충무초등학교,6397,3882,2515,33,1241,1562,1628,1186,747,16,534,903,1084,808,537,17,707,659,544,378,210
20204,A,골목상권,3110082,용산구청,2532,1305,1227,13,448,730,571,554,216,10,162,304,295,368,166,3,286,426,276,186,50
20204,A,골목상권,3110045,동대문역사문화공원역 5번,40455,19049,21406,468,12792,10627,8138,6043,2387,192,5994,6220,4414,1662,567,276,6798,4407,3724,4381,1820
20204,A,골목상권,3110057,황학코아루아파트,1699,938,761,4,273,439,448,319,216,3,142,252,209,171,161,1,131,187,239,148,55
20204,A,골목상권,3110078,이촌동점보아파트,4727,2990,1737,17,766,1262,1193,1032,457,3,410,782,806,673,316,14,356,480,387,359,141
20204,A,골목상권,3110588,한겨레신문사,1133,567,566,1,166,237,297,284,148,1,73,129,147,128,89,0,93,108,150,156,59
20204,A,골목상권,3110073,삼각지역 3번,21368,6873,14495,123,6007,7127,5572,1957,582,50,2112,2306,1403,668,334,73,3895,4821,4169,1289,248
20204,A,골목상권,3110076,삼각지역 14번,2654,1645,1009,1,399,738,689,600,227,1,224,455,468,356,141,0,175,283,221,244,86
20204,A,골목상권,3110099,유엔빌리지길,21963,17803,4160,47,2625,5547,6288,6683,773,36,1322,4089,5454,6255,647,11,1303,1458,834,428,126
20204,A,골목상권,3110107,금호사거리,2695,1164,1531,16,307,810,1020,361,181,1,105,274,437,205,142,15,202,536,583,156,39
20204,A,골목상권,3110117,성동구보건소,3042,1046,1996,9,527,459,593,877,577,2,180,225,258,242,139,7,347,234,335,635,438
20204,A,골목상권,3110112,행당역 2번,1354,720,634,1,163,289,360,364,177,0,63,131,193,205,128,1,100,158,167,159,49
20204,A,골목상권,3110229,장평중학교,4729,3089,1640,10,521,877,975,1057,1289,6,275,555,639,696,918,4,246,322,336,361,371
20204,A,골목상권,3110113,응봉산,260,138,122,1,39,45,77,52,46,0,10,23,38,26,41,1,29,22,39,26,5
20204,A,골목상권,3110169,성동초등학교,4265,2889,1376,14,444,930,1078,1032,767,2,248,611,726,722,580,12,196,319,352,310,187
20204,A,골목상권,3110156,군자역 5번,3040,1883,1157,7,484,700,775,587,487,3,263,406,480,355,376,4,221,294,295,232,111
20204,A,골목상권,3110157,자양동우체국,1846,1325,521,14,427,408,437,359,201,10,335,309,286,227,158,4,92,99,151,132,43
20204,A,골목상권,3110163,성자초등학교,1358,679,679,1,136,233,372,407,209,1,60,112,160,197,149,0,76,121,212,210,60
20204,A,골목상권,3110168,대원고등학교,1985,1153,832,0,192,440,482,552,319,0,76,207,253,351,266,0,116,233,229,201,53
20204,A,골목상권,3110212,답십리초등학교,3380,2234,1146,24,681,841,827,639,368,21,491,622,488,363,249,3,190,219,339,276,119
20204,A,골목상권,3110187,제기동역 6번,5909,3849,2060,18,1010,1530,1329,1085,937,8,568,966,887,742,678,10,442,564,442,343,259
20204,A,골목상권,3110309,대광초등학교,2784,1954,830,10,336,612,722,679,425,4,187,423,511,486,343,6,149,189,211,193,82
20204,A,골목상권,3110231,장안교,728,483,245,0,55,125,159,208,181,0,22,52,89,162,158,0,33,73,70,46,23
20204,A,골목상권,3110203,떡전교사거리,1653,740,913,2,227,282,322,365,455,2,66,119,144,167,242,0,161,163,178,198,213
20204,A,골목상권,3110194,홍파초등학교,1028,599,429,1,94,200,292,318,123,0,58,123,168,168,82,1,36,77,124,150,41
20204,A,골목상권,3110278,망우본동주민센터,1851,1277,574,3,136,243,393,562,514,1,62,113,218,409,474,2,74,130,175,153,40
20204,A,골목상권,3110242,면목5동주민센터,867,570,297,0,78,153,226,199,211,0,36,99,119,132,184,0,42,54,107,67,27
20204,A,골목상권,3110246,월드순복음교회,1402,769,633,4,139,280,360,346,273,1,42,139,213,197,177,3,97,141,147,149,96
20204,A,골목상권,3110261,사가정역 4번,1640,972,668,5,175,265,434,463,298,4,62,125,253,303,225,1,113,140,181,160,73
20204,A,골목상권,3110241,먹골역 5번,2166,1475,691,1,315,530,524,571,225,1,183,366,341,415,169,0,132,164,183,156,56
20204,A,골목상권,3110233,중랑역 1번,893,461,432,6,154,146,204,200,183,4,65,61,89,121,121,2,89,85,115,79,62
20204,A,골목상권,3110318,KT월곡지사,3595,2540,1055,4,306,612,723,786,1164,2,171,405,460,571,931,2,135,207,263,215,233
20202,A,골목상권,3110702,개봉초등학교,1569,818,751,1,157,329,420,390,272,1,72,153,202,214,176,0,85,176,218,176,96
20202,A,골목상권,3110699,덕의초등학교,2451,1563,888,9,303,578,623,646,292,7,187,384,391,378,216,2,116,194,232,268,76
20202,A,골목상권,3110720,대림역 2번,2280,1556,724,2,188,387,574,709,420,2,83,218,387,538,328,0,105,169,187,171,92
20202,A,골목상권,3110778,구로디지털단지역 4번,13303,7796,5507,56,2966,4427,3201,1627,1026,23,1254,2669,2063,1065,722,33,1712,1758,1138,562,304
20202,A,골목상권,3110745,독산동정훈단지,1306,773,533,1,137,196,260,372,340,0,71,92,115,221,274,1,66,104,145,151,66
20202,A,골목상권,3110856,미성초등학교,5264,3671,1593,18,465,913,970,948,1950,13,238,541,608,563,1708,5,227,372,362,385,242
20202,A,골목상권,3110855,신대방역 2번,4936,3401,1535,6,709,900,888,794,1639,2,282,540,546,528,1503,4,427,360,342,266,136
20202,A,골목상권,3110755,동일여자고등학교,2033,1040,993,21,274,503,487,453,295,16,131,278,253,192,170,5,143,225,234,261,125
20202,A,골목상권,3110771,대림역 11번,2420,1335,1085,5,268,314,456,542,835,2,91,160,234,316,532,3,177,154,222,226,303
20202,A,골목상권,3110768,도림2동유수지내체육시설,1219,778,441,9,118,206,287,302,297,8,48,126,182,211,203,1,70,80,105,91,94
20202,A,골목상권,3110759,문래예술촌(문래창작촌),65954,51168,14786,61,8786,22706,21719,9637,3045,32,5433,17446,18749,7800,1708,29,3353,5260,2970,1837,1337
20202,A,골목상권,3110818,신대방역 3번,1692,950,742,2,287,451,397,278,277,2,124,277,228,138,181,0,163,174,169,140,96
20202,A,골목상권,3110858,신대방역 1번,2669,2004,665,0,421,756,879,491,122,0,195,575,748,404,82,0,226,181,131,87,40
20202,A,골목상권,3110874,원신초등학교(구세군관악영문교회),732,381,351,8,77,186,200,173,88,2,22,81,122,86,68,6,55,105,78,87,20
20202,A,골목상권,3110879,신림현대아파트,1116,536,580,7,212,210,278,222,187,1,100,99,137,109,90,6,112,111,141,113,97
20202,A,골목상권,3110885,영락고등학교,1746,990,756,7,240,328,434,376,361,1,122,173,232,224,238,6,118,155,202,152,123
20202,A,골목상권,3110872,신림초등학교,689,382,307,5,101,168,168,152,95,3,54,93,102,85,45,2,47,75,66,67,50
20202,A,골목상권,3110947,청계산입구역 2번(내곡동주민센터),182,79,103,0,26,23,46,37,50,0,13,11,28,10,17,0,13,12,18,27,33
20202,A,골목상권,3110913,방현초등학교(방배119안전센터),9674,6057,3617,22,1677,2842,2518,1523,1092,5,797,1829,1720,957,749,17,880,1013,798,566,343
20202,A,골목상권,3110934,우면주공아파트,1489,946,543,6,264,423,395,260,141,5,105,290,271,170,105,1,159,133,124,90,36
20202,A,골목상권,3110937,방아다리근린공원(횃불트리니티신학대학원대학교),14952,9277,5675,329,4835,4416,2991,1697,684,151,2497,2972,2135,1021,501,178,2338,1444,856,676,183
20202,A,골목상권,3110955,논현초등학교,20906,14265,6641,76,4625,6342,4724,3259,1880,45,2535,4372,3537,2430,1346,31,2090,1970,1187,829,534
20202,A,골목상권,3110992,도곡초등학교,8628,4357,4271,50,1508,2156,1880,1719,1315,28,647,1065,939,866,812,22,861,1091,941,853,503
20202,A,골목상권,3110963,역삼월드메르디앙아파트,18186,10655,7531,122,4620,5292,4181,2560,1411,33,1769,3113,2948,1716,1076,89,2851,2179,1233,844,335
20202,A,골목상권,3110972,강남세브란스병원미래의학연구센터,22138,12993,9145,207,6590,6499,5019,2834,989,69,2849,4088,3556,1696,735,138,3741,2411,1463,1138,254
20202,A,골목상권,3110991,삼성중앙역 5번,10374,5378,4996,43,2958,2855,2028,1298,1192,9,932,1472,1304,854,807,34,2026,1383,724,444,385
20202,A,골목상권,3110990,청담역 12번,7833,5477,2356,20,1213,2652,2394,1251,303,9,506,1665,1965,1094,238,11,707,987,429,157,65
20202,A,골목상권,3111000,대왕초등학교(세곡동사거리서남측),156,35,121,1,22,55,43,25,10,0,2,7,12,5,9,1,20,48,31,20,1
20202,A,골목상권,3110999,윗방죽마을공원,408,226,182,3,33,70,73,122,107,1,17,45,46,70,47,2,16,25,27,52,60
20202,A,골목상권,3110969,베르사이유1아파트,29014,17556,11458,73,5335,8726,7783,5424,1673,29,2616,5589,5487,2693,1142,44,2719,3137,2296,2731,531
20202,A,골목상권,3110967,역삼역 8번,24226,18490,5736,23,4422,7830,6561,4334,1056,10,2559,5859,5511,3785,766,13,1863,1971,1050,549,290
20202,A,골목상권,3110985,청담근린공원,9800,6589,3211,34,1729,2898,2625,1790,724,17,815,1972,1966,1323,496,17,914,926,659,467,228
20202,A,골목상권,3111008,석촌고분역 3번,3907,2479,1428,12,490,799,912,951,743,10,289,528,566,545,541,2,201,271,346,406,202
20202,A,골목상권,3111016,송파역 2번,15479,10229,5250,62,2083,3454,3732,3349,2799,44,1020,2251,2780,2219,1915,18,1063,1203,952,1130,884
20202,A,골목상권,3111038,보인중학교,2602,1770,832,14,377,689,649,574,299,13,214,471,461,405,206,1,163,218,188,169,93
20202,A,골목상권,3111021,방이역 4번,11137,8092,3045,38,1448,2300,2854,2754,1743,26,767,1502,2125,2188,1484,12,681,798,729,566,259
20202,A,골목상권,3111015,석촌역 3번,10932,6847,4085,26,1640,2424,2423,2333,2086,11,799,1507,1612,1477,1441,15,841,917,811,856,645
20202,A,골목상권,3111003,삼전역 4번,4568,3024,1544,18,600,1083,1254,905,708,1,324,732,817,598,552,17,276,351,437,307,156
20202,A,골목상권,3111062,둔촌동역 3번(성내3동주민센터),3255,2100,1155,7,480,811,880,607,470,6,266,532,569,389,338,1,214,279,311,218,132
20202,A,골목상권,3111011,잠실나루역,9608,7747,1861,42,1275,3018,2795,2046,432,18,924,2492,2309,1674,330,24,351,526,486,372,102
20202,A,골목상권,3111048,천호역 1번(천호문구완구거리),1608,876,732,7,195,360,372,323,351,4,82,170,209,171,240,3,113,190,163,152,111
20202,A,골목상권,3111088,고덕동성당,1134,951,183,0,35,82,216,447,354,0,9,53,173,388,328,0,26,29,43,59,26
20202,A,골목상권,3111079,둔촌고등학교(둔촌중학교),1407,838,569,2,141,259,315,339,351,2,81,153,184,167,251,0,60,106,131,172,100
20202,A,골목상권,3111052,암사역 3번(천호동자전거거리),1652,885,767,3,192,365,475,387,230,2,74,188,246,218,157,1,118,177,229,169,73
20202,A,골목상권,3111071,천동초등학교,2013,1097,916,2,200,393,515,454,449,1,72,204,289,251,280,1,128,189,226,203,169
20202,A,골목상권,3111069,천호1동주민센터,2143,1118,1025,5,185,409,525,555,464,3,66,183,269,288,309,2,119,226,256,267,155
20202,A,골목상권,3111050,강동구청(강동구청역 2번),6451,4040,2411,30,768,1601,1613,1617,822,12,384,869,987,1154,634,18,384,732,626,463,188
20202,A,골목상권,3111066,암사동성당(효정하나플러스아파트),1710,995,715,5,169,380,394,455,307,1,71,188,219,302,214,4,98,192,175,153,93
20202,A,골목상권,3110003,세검정초등학교,3208,1681,1527,12,383,849,849,655,460,7,132,383,486,370,303,5,251,466,363,285,157
20202,A,골목상권,3110032,수족관거리,1721,729,992,8,316,378,484,355,180,7,101,148,164,183,126,1,215,230,320,172,54
20202,A,골목상권,3110049,장충단 고개,7948,4363,3585,17,1488,2210,1865,1591,777,6,534,1186,1138,986,513,11,954,1024,727,605,264
20202,A,골목상권,3110054,청구역 3번,5615,2963,2652,16,1124,1473,1173,1085,744,5,384,793,702,621,458,11,740,680,471,464,286
20202,A,골목상권,3110041,남산케이블카,5723,3089,2634,10,793,1518,1444,1163,795,7,334,836,819,626,467,3,459,682,625,537,328
20202,A,골목상권,3110533,충정로역 7번,2911,1774,1137,1,433,782,782,547,366,0,223,473,484,349,245,1,210,309,298,198,121
20202,A,골목상권,3110065,남정초등학교,2218,1561,657,13,351,641,535,358,320,11,227,499,376,234,214,2,124,142,159,124,106
20202,A,골목상권,3110080,해방촌예술마을,2226,1456,770,3,252,385,746,672,168,3,84,214,546,496,113,0,168,171,200,176,55
20202,A,골목상권,3110579,마포역 4번,5616,3529,2087,8,1017,1486,1468,1076,561,6,371,893,1024,805,430,2,646,593,444,271,131
20202,A,골목상권,3110123,마장역 3번,1433,884,549,1,176,272,329,389,266,1,78,159,191,253,202,0,98,113,138,136,64
20202,A,골목상권,3110114,왕십리파출소,2346,644,1702,8,434,328,413,711,452,1,142,144,153,139,65,7,292,184,260,572,387
20202,A,골목상권,3110121,한양대역 4번,102,61,41,0,13,22,20,20,27,0,6,11,11,12,21,0,7,11,9,8,6
20202,A,골목상권,3110127,성수1가1동주민센터,3267,2102,1165,10,572,1007,809,584,285,5,303,663,543,374,214,5,269,344,266,210,71
20202,A,골목상권,3110140,건대입구역 6번,3220,2119,1101,14,390,614,754,831,617,10,183,373,498,562,493,4,207,241,256,269,124
20202,A,골목상권,3110141,건대입구역 1번,1987,1285,702,10,275,407,532,461,302,6,137,258,349,297,238,4,138,149,183,164,64
20202,A,골목상권,3110209,답십리 장령당공원,4227,1926,2301,4,629,938,1189,1163,304,1,465,673,394,189,204,3,164,265,795,974,100
20202,A,골목상권,3110174,아차산역 1번,2909,1780,1129,7,346,545,901,765,345,3,151,328,577,479,242,4,195,217,324,286,103
20202,A,골목상권,3110144,어린이대공원역 4번,1502,932,570,0,160,238,383,492,229,0,60,133,242,323,174,0,100,105,141,169,55
20202,A,골목상권,3110152,중곡어린이공원,1671,1070,601,49,338,283,323,400,278,6,137,200,206,286,235,43,201,83,117,114,43
20202,A,골목상권,3110161,중곡역 3번,1960,1296,664,4,150,317,503,672,314,0,67,189,303,504,233,4,83,128,200,168,81
20202,A,골목상권,3110202,전농1동주민센터(전농시장),478,273,205,0,58,96,127,105,92,0,44,55,85,53,36,0,14,41,42,52,56
20202,A,골목상권,3110186,종암초등학교,1751,1308,443,2,179,330,416,475,349,0,82,256,306,362,302,2,97,74,110,113,47
20202,A,골목상권,3110221,의릉,731,443,288,0,69,158,210,196,98,0,28,92,111,132,80,0,41,66,99,64,18
20202,A,골목상권,3110206,텃골근린공원,1126,651,475,2,118,187,312,318,189,1,71,108,193,192,86,1,47,79,119,126,103
20202,A,골목상권,3110219,삼육보건대학교,4329,2321,2008,4,574,869,1055,1098,729,2,178,407,603,643,488,2,396,462,452,455,241
20202,A,골목상권,3110199,홍릉시장,962,521,441,0,76,146,204,306,230,0,34,77,102,142,166,0,42,69,102,164,64
20202,A,골목상권,3110268,망우3동주민센터,981,580,401,0,94,152,205,296,234,0,55,83,101,168,173,0,39,69,104,128,61
20202,A,골목상권,3110264,면목역 2번,1816,1064,752,3,185,354,425,524,325,0,72,184,239,342,227,3,113,170,186,182,98
20202,A,골목상권,3110279,신내역 2번,153,118,35,0,17,28,41,48,19,0,13,24,30,34,17,0,4,4,11,14,2
20202,A,골목상권,3110258,면동초등학교,1659,911,748,2,207,394,460,372,224,1,84,220,233,212,161,1,123,174,227,160,63
20202,A,골목상권,3110237,메가박스 상봉,2944,2064,880,11,293,688,935,821,196,10,142,441,668,655,148,1,151,247,267,166,48
20202,A,골목상권,3110254,오거리공원,1604,894,710,3,171,342,447,427,214,2,70,170,244,256,152,1,101,172,203,171,62
20202,A,골목상권,3110248,먹골파출소,993,487,506,3,102,224,281,230,153,0,31,111,138,105,102,3,71,113,143,125,51
20202,A,골목상권,3110245,KB국민은행 중화동지점,1375,794,581,3,141,276,386,300,269,1,58,154,230,167,184,2,83,122,156,133,85
20202,A,골목상권,3110308,길음역 8번,5558,2775,2783,420,2091,1398,817,515,317,177,921,761,443,234,239,243,1170,637,374,281,78
20202,A,골목상권,3110301,성신여대입구역 7번,2035,1073,962,20,279,387,462,501,386,15,95,170,238,285,270,5,184,217,224,216,116
20202,A,골목상권,3110300,삼선동주민센터,6172,2933,3239,11,709,1579,1872,1508,493,2,213,608,842,960,308,9,496,971,1030,548,185
20202,A,골목상권,3110328,상월곡역 3번,745,414,331,3,111,200,209,158,64,1,47,116,119,84,47,2,64,84,90,74,17
20202,A,골목상권,3110323,상월곡역 1번,2096,1206,890,4,330,425,556,516,265,0,143,247,333,295,188,4,187,178,223,221,77
20202,A,골목상권,3110325,장곡초등학교,1196,710,486,3,130,246,318,285,214,3,60,131,186,172,158,0,70,115,132,113,56
20202,A,골목상권,3110329,우리은행체육관,1168,696,472,8,126,245,281,288,220,4,44,127,158,191,172,4,82,118,123,97,48
20202,A,골목상권,3110418,광운대학교 남단,2395,1300,1095,17,439,649,567,454,269,5,188,388,277,239,203,12,251,261,290,215,66
20202,A,골목상권,3110292,정릉역 2번,1165,443,722,1,229,306,319,217,93,0,57,124,99,95,68,1,172,182,220,122,25
20202,A,골목상권,3110289,북한산보국문역 2번,1565,804,761,0,234,320,398,370,243,0,63,140,184,230,187,0,171,180,214,140,56
20202,A,골목상권,3110320,KB국민은행 종암동지점,1030,585,445,1,84,202,331,295,117,1,23,84,177,219,81,0,61,118,154,76,36
20202,A,골목상권,3110369,성신여대운정그린캠퍼스,1935,860,1075,5,242,321,436,458,473,1,65,112,181,208,293,4,177,209,255,250,180
20202,A,골목상권,3110376,수송초등학교,2101,1069,1032,3,230,420,522,498,428,2,80,208,286,240,253,1,150,212,236,258,175
20202,A,골목상권,3110351,수유북부시장옆,1198,652,546,0,84,147,263,467,237,0,30,65,139,235,183,0,54,82,124,232,54
20202,A,골목상권,3110362,우이천 계성교,961,497,464,1,126,190,258,236,150,0,48,103,126,120,100,1,78,87,132,116,50
20202,A,골목상권,3110356,덕수교,687,389,298,0,56,108,200,172,151,0,20,63,108,94,104,0,36,45,92,78,47
20202,A,골목상권,3110343,무너미어린이공원,1770,1049,721,0,112,212,300,288,858,0,32,122,161,148,586,0,80,90,139,140,272
20202,A,골목상권,3110382,솔밭공원역 1번,391,147,244,1,43,67,98,118,64,0,9,21,28,46,43,1,34,46,70,72,21
20202,A,골목상권,3110413,누원고등학교,568,365,203,0,36,70,115,162,185,0,15,44,66,102,138,0,21,26,49,60,47
20202,A,골목상권,3110422,노원역 9번,1516,697,819,1,187,294,388,390,256,1,71,171,178,157,119,0,116,123,210,233,137
20202,A,골목상권,3110430,중계초등학교,1110,567,543,3,90,168,259,328,262,0,28,66,114,160,199,3,62,102,145,168,63
20202,A,골목상권,3110417,월계역 3번,348,134,214,2,49,63,67,100,67,2,18,35,21,34,24,0,31,28,46,66,43
20202,A,골목상권,3110441,영신여고,1036,451,585,3,105,241,280,305,102,3,45,111,106,125,61,0,60,130,174,180,41
20202,A,골목상권,3110427,노원 을지대학교병원,1752,1176,576,1,156,280,416,577,322,0,59,139,273,460,245,1,97,141,143,117,77
20202,A,골목상권,3110477,은평세무서,2219,1137,1082,6,199,354,531,627,502,2,93,192,270,298,282,4,106,162,261,329,220
20202,A,골목상권,3110476,역촌역 2번,1304,706,598,1,170,308,350,300,175,1,61,154,198,161,131,0,109,154,152,139,44
20202,A,골목상권,3110503,명지대학교교회,3329,2219,1110,30,564,1004,816,642,273,26,345,725,552,388,183,4,219,279,264,254,90
20202,A,골목상권,3110499,연가초등학교,1715,905,810,0,165,359,447,470,274,0,64,203,231,222,185,0,101,156,216,248,89
20202,A,골목상권,3110558,경성고등학교,4895,3051,1844,21,679,1152,1227,1106,710,18,346,676,765,727,519,3,333,476,462,379,191
20202,A,골목상권,3110537,충정로현대아파트,4722,3057,1665,15,800,1434,1132,868,473,9,385,840,810,674,339,6,415,594,322,194,134
20202,A,골목상권,3110541,동교초등학교,1947,1046,901,2,295,400,519,419,312,1,112,214,273,234,212,1,183,186,246,185,100
20202,A,골목상권,3110522,홍제역 3번,1269,694,575,3,128,184,351,436,167,1,37,93,189,254,120,2,91,91,162,182,47
20202,A,골목상권,3110571,신수동주민센터,5389,2967,2422,10,665,1386,1427,1276,625,9,253,623,760,871,451,1,412,763,667,405,174
20202,A,골목상권,3110555,홍익지구대,3611,1855,1756,10,638,968,938,631,426,5,213,449,543,370,275,5,425,519,395,261,151
20202,A,골목상권,3110627,신정롯데캐슬아파트,12409,6926,5483,66,2312,4020,3158,2183,670,31,900,2143,1942,1409,501,35,1412,1877,1216,774,169
20202,A,골목상권,3110628,신목동역,2125,1374,751,4,260,583,583,460,235,2,128,352,393,345,154,2,132,231,190,115,81
20202,A,골목상권,3110679,염창역 2번,2730,2023,707,4,276,584,863,682,321,3,134,413,667,544,262,1,142,171,196,138,59
20202,A,골목상권,3110612,신정역 5번,4440,2606,1834,12,892,682,723,821,1310,5,273,329,389,473,1137,7,619,353,334,348,173
20202,A,골목상권,3110629,송정역 4번,923,553,370,1,104,171,216,231,200,1,47,114,124,142,125,0,57,57,92,89,75
20202,A,골목상권,3110669,화곡보람2차아파트,4693,2768,1925,4,1133,1316,897,642,701,3,357,873,675,396,464,1,776,443,222,246,237
20202,A,골목상권,3110649,우장산역 1번,1340,739,601,2,254,249,320,285,230,0,111,132,152,166,178,2,143,117,168,119,52
20202,A,골목상권,3110670,신곡초등학교,1600,1036,564,8,185,409,399,404,195,5,114,286,251,246,134,3,71,123,148,158,61
20202,A,골목상권,3110666,KC대학교,2132,1568,564,4,303,715,531,460,119,2,205,564,385,312,100,2,98,151,146,148,19
20202,A,골목상권,3110725,가산동주민센터,1841,864,977,4,142,241,320,390,744,2,70,130,189,193,280,2,72,111,131,197,464
20202,A,골목상권,3110700,고척초등학교,5750,4109,1641,10,516,1259,1605,1791,569,7,268,901,1181,1363,389,3,248,358,424,428,180
20202,A,골목상권,3110689,오류동역 3번,4517,2899,1618,15,569,864,1106,1262,701,8,405,556,678,764,488,7,164,308,428,498,213
20202,A,골목상권,3110690,오류2동버들시장,2262,1291,971,1,225,460,530,550,496,0,85,257,277,318,354,1,140,203,253,232,142
20202,A,골목상권,3110766,대림역 5번,5601,3708,1893,16,432,998,1379,1285,1491,5,258,730,1005,825,885,11,174,268,374,460,606
20202,A,골목상권,3110735,말미고개,2955,1738,1217,9,360,595,662,815,514,5,187,340,372,445,389,4,173,255,290,370,125
20202,A,골목상권,3110736,독산119안전센터,2709,1626,1083,4,307,444,561,745,648,2,174,271,330,427,422,2,133,173,231,318,226
20202,A,골목상권,3110746,금천금빛공원(은행나무사거리서측),971,444,527,1,93,156,237,270,214,1,36,71,105,122,109,0,57,85,132,148,105
20202,A,골목상권,3110783,영등포시장역 1번,2418,1654,764,5,411,700,493,528,281,3,259,492,345,391,164,2,152,208,148,137,117
20202,A,골목상권,3110793,대림썬프라자,1502,904,598,6,139,384,505,343,125,5,85,243,259,219,93,1,54,141,246,124,32
20202,A,골목상권,3110799,영등포본동주민센터,524,336,188,5,69,90,131,119,110,3,34,56,85,77,81,2,35,34,46,42,29
20202,A,골목상권,3110777,구로세무서,5825,3399,2426,22,1229,1703,1556,963,352,10,493,985,1009,609,293,12,736,718,547,354,59
20202,A,골목상권,3110821,보라매역 2번,19310,12435,6875,51,3710,3777,3102,4534,4136,27,2841,3091,2036,2222,2218,24,869,686,1066,2312,1918
20202,A,골목상권,3110788,영등포시장역 3번,924,604,320,3,106,166,286,224,139,1,58,113,202,145,85,2,48,53,84,79,54
20202,A,골목상권,3110840,중앙대학교,417,214,203,1,67,68,111,97,73,0,25,31,63,47,48,1,42,37,48,50,25
20202,A,골목상권,3110836,상도역 5번,4431,2490,1941,12,805,1182,1020,914,498,2,328,680,619,553,308,10,477,502,401,361,190
20202,A,골목상권,3110893,관악소방서(문영여고),1814,1409,405,2,342,557,398,425,90,1,237,436,304,357,74,1,105,121,94,68,16
20202,A,골목상권,3110878,미림여고,694,367,327,6,72,190,185,152,89,1,25,91,112,75,63,5,47,99,73,77,26
20202,A,골목상권,3110861,관악구신사동주민센터,4975,3397,1578,4,758,1388,1398,981,446,2,354,958,1075,707,301,2,404,430,323,274,145
20202,A,골목상권,3110890,봉천역 1번(관악초등학교),2071,803,1268,4,374,519,473,347,354,0,67,152,208,174,202,4,307,367,265,173,152
20202,A,골목상권,3110960,은광여고,20267,15455,4812,50,2314,4244,5292,6237,2130,36,1372,3182,4359,5022,1484,14,942,1062,933,1215,646
20202,A,골목상권,3110954,국기원,7043,3734,3309,24,2010,2434,1352,626,597,8,648,1239,953,450,436,16,1362,1195,399,176,161
20202,A,골목상권,3110936,더케이호텔(양재리본타워2단지아파트),1540,1105,435,14,246,433,389,311,147,10,159,288,286,247,115,4,87,145,103,64,32
20202,A,골목상권,3110940,양재근린공원(양재2동주민센터),6573,4578,1995,36,1029,1761,1701,1243,803,22,601,1228,1211,872,644,14,428,533,490,371,159
20202,A,골목상권,3110950,논현역 7번,14453,8508,5945,36,3283,4779,3414,1982,959,15,1326,2815,2305,1346,701,21,1957,1964,1109,636,258
20202,A,골목상권,3110949,한남IC,8417,5196,3221,28,1675,2570,2221,1300,623,15,760,1654,1435,852,480,13,915,916,786,448,143
20202,A,골목상권,3110993,개포지하차도 북측,142,86,56,0,14,21,31,45,31,0,4,14,19,28,21,0,10,7,12,17,10
20202,A,골목상권,3110983,국립국악고등학교,3034,1919,1115,12,544,819,737,554,368,2,245,512,476,373,311,10,299,307,261,181,57
20202,A,골목상권,3110964,싸리고개근린공원,8566,5556,3010,26,1611,2345,2176,1418,990,12,704,1538,1503,1014,785,14,907,807,673,404,205
20202,A,골목상권,3110995,봉은사역 4번,25206,19697,5509,27,4263,7944,7350,4403,1219,8,2756,6028,6191,3798,916,19,1507,1916,1159,605,303
20202,A,골목상권,3111001,아래방죽마을공원(율현초등학교),219,110,109,0,13,33,35,73,65,0,7,22,21,34,26,0,6,11,14,39,39
20202,A,골목상권,3110998,은곡마을(은곡마을공원),32,21,11,1,2,11,8,6,4,0,0,5,7,6,3,1,2,6,1,0,1
20202,A,골목상권,3110959,신구중학교,10232,5500,4732,112,2286,2945,2031,1596,1262,41,1015,1708,1395,759,582,71,1271,1237,636,837,680
20202,A,골목상권,3110962,도산공원북측,5103,2987,2116,21,1320,1864,1050,603,245,7,552,1132,729,415,152,14,768,732,321,188,93
20202,A,골목상권,3110997,대청초등학교,11645,4219,7426,31,3352,3686,2392,1435,749,3,709,1330,968,683,526,28,2643,2356,1424,752,223
20202,A,골목상권,3110979,청담초등학교,13513,6688,6825,34,3681,4952,2707,1503,636,14,1248,2542,1596,814,474,20,2433,2410,1111,689,162
20202,A,골목상권,3111027,문정초등학교,37078,28582,8496,20,3311,6648,10483,13841,2775,8,1965,4804,8129,11835,1841,12,1346,1844,2354,2006,934
20202,A,골목상권,3111020,방이동고분군(방산고등학교),4863,2790,2073,7,576,1242,1105,1165,768,4,274,719,681,609,503,3,302,523,424,556,265
20202,A,골목상권,3111032,방이역 1번,21842,16091,5751,28,2688,5066,5500,5171,3389,14,1606,3510,4215,4282,2464,14,1082,1556,1285,889,925
20202,A,골목상권,3111005,삼전역 3번,5492,3680,1812,15,836,1398,1269,1121,853,5,485,996,882,696,616,10,351,402,387,425,237
20202,A,골목상권,3111037,Sh수협은행 오금동금융센터(아랫말어린이공원),1645,894,751,0,186,380,425,449,205,0,97,235,228,207,127,0,89,145,197,242,78
20202,A,골목상권,3111089,상일여고(상일초등학교),858,553,305,0,66,157,203,261,171,0,37,92,135,164,125,0,29,65,68,97,46
20202,A,골목상권,3111067,강동구립성내도서관,5641,2901,2740,16,1009,1238,1344,1086,948,11,337,615,758,580,600,5,672,623,586,506,348
20202,A,골목상권,3111081,둔촌푸르지오아파트,986,603,383,2,117,183,200,251,233,1,58,108,117,139,180,1,59,75,83,112,53
20202,A,골목상권,3111059,강동역 4번(강풀만화거리),6849,3822,3027,10,1115,1236,1379,1299,1810,5,483,642,758,760,1174,5,632,594,621,539,636
20202,A,골목상권,3110005,세검정,2126,1089,1037,8,301,565,557,474,221,3,123,271,287,262,143,5,178,294,270,212,78
20202,A,골목상권,3110008,배화여자대학교(박노수미술관),3476,1938,1538,39,627,808,767,729,506,0,227,405,439,476,391,39,400,403,328,253,115
20202,A,골목상권,3110015,청와대사랑채,2312,1284,1028,37,513,765,497,301,199,0,191,422,324,192,155,37,322,343,173,109,44
20202,A,골목상권,3110035,동묘앞역 2번,3390,1775,1615,3,258,367,549,741,1472,0,87,183,285,341,879,3,171,184,264,400,593
20202,A,골목상권,3110055,황학동벼룩시장,2333,1280,1053,28,821,479,422,378,205,15,352,239,270,253,151,13,469,240,152,125,54
20202,A,골목상권,3110027,혜화역 1번,3124,1658,1466,9,394,650,865,728,478,5,112,253,479,462,347,4,282,397,386,266,131
20202,A,골목상권,3110030,동대문역 3번,1126,461,665,0,92,206,371,274,183,0,28,77,108,117,131,0,64,129,263,157,52
20202,A,골목상권,3110011,청운초등학교,1873,802,1071,13,318,482,437,339,284,2,65,197,195,159,184,11,253,285,242,180,100
20202,A,골목상권,3110024,혜회동주민센터,4244,1855,2389,27,697,1078,959,887,596,17,228,488,437,385,300,10,469,590,522,502,296
20202,A,골목상권,3110043,충무초등학교,6397,3882,2515,33,1241,1562,1628,1186,747,16,534,903,1084,808,537,17,707,659,544,378,210
20202,A,골목상권,3110082,용산구청,2532,1305,1227,13,448,730,571,554,216,10,162,304,295,368,166,3,286,426,276,186,50
20202,A,골목상권,3110045,동대문역사문화공원역 5번,40455,19049,21406,468,12792,10627,8138,6043,2387,192,5994,6220,4414,1662,567,276,6798,4407,3724,4381,1820
20202,A,골목상권,3110057,황학코아루아파트,1699,938,761,4,273,439,448,319,216,3,142,252,209,171,161,1,131,187,239,148,55
20202,A,골목상권,3110078,이촌동점보아파트,4727,2990,1737,17,766,1262,1193,1032,457,3,410,782,806,673,316,14,356,480,387,359,141
20202,A,골목상권,3110588,한겨레신문사,1133,567,566,1,166,237,297,284,148,1,73,129,147,128,89,0,93,108,150,156,59
20202,A,골목상권,3110073,삼각지역 3번,21368,6873,14495,123,6007,7127,5572,1957,582,50,2112,2306,1403,668,334,73,3895,4821,4169,1289,248
20202,A,골목상권,3110076,삼각지역 14번,2654,1645,1009,1,399,738,689,600,227,1,224,455,468,356,141,0,175,283,221,244,86
20202,A,골목상권,3110099,유엔빌리지길,21963,17803,4160,47,2625,5547,6288,6683,773,36,1322,4089,5454,6255,647,11,1303,1458,834,428,126
20202,A,골목상권,3110107,금호사거리,2695,1164,1531,16,307,810,1020,361,181,1,105,274,437,205,142,15,202,536,583,156,39
20202,A,골목상권,3110117,성동구보건소,3042,1046,1996,9,527,459,593,877,577,2,180,225,258,242,139,7,347,234,335,635,438
20202,A,골목상권,3110112,행당역 2번,1354,720,634,1,163,289,360,364,177,0,63,131,193,205,128,1,100,158,167,159,49
20202,A,골목상권,3110229,장평중학교,4729,3089,1640,10,521,877,975,1057,1289,6,275,555,639,696,918,4,246,322,336,361,371
20202,A,골목상권,3110113,응봉산,260,138,122,1,39,45,77,52,46,0,10,23,38,26,41,1,29,22,39,26,5
20202,A,골목상권,3110169,성동초등학교,4265,2889,1376,14,444,930,1078,1032,767,2,248,611,726,722,580,12,196,319,352,310,187
20202,A,골목상권,3110156,군자역 5번,3040,1883,1157,7,484,700,775,587,487,3,263,406,480,355,376,4,221,294,295,232,111
20202,A,골목상권,3110157,자양동우체국,1846,1325,521,14,427,408,437,359,201,10,335,309,286,227,158,4,92,99,151,132,43
20202,A,골목상권,3110163,성자초등학교,1358,679,679,1,136,233,372,407,209,1,60,112,160,197,149,0,76,121,212,210,60
20202,A,골목상권,3110168,대원고등학교,1985,1153,832,0,192,440,482,552,319,0,76,207,253,351,266,0,116,233,229,201,53
20202,A,골목상권,3110212,답십리초등학교,3380,2234,1146,24,681,841,827,639,368,21,491,622,488,363,249,3,190,219,339,276,119
20202,A,골목상권,3110187,제기동역 6번,5909,3849,2060,18,1010,1530,1329,1085,937,8,568,966,887,742,678,10,442,564,442,343,259
20202,A,골목상권,3110309,대광초등학교,2784,1954,830,10,336,612,722,679,425,4,187,423,511,486,343,6,149,189,211,193,82
20202,A,골목상권,3110231,장안교,728,483,245,0,55,125,159,208,181,0,22,52,89,162,158,0,33,73,70,46,23
20202,A,골목상권,3110203,떡전교사거리,1653,740,913,2,227,282,322,365,455,2,66,119,144,167,242,0,161,163,178,198,213
20202,A,골목상권,3110194,홍파초등학교,1028,599,429,1,94,200,292,318,123,0,58,123,168,168,82,1,36,77,124,150,41
20202,A,골목상권,3110278,망우본동주민센터,1851,1277,574,3,136,243,393,562,514,1,62,113,218,409,474,2,74,130,175,153,40
20202,A,골목상권,3110242,면목5동주민센터,867,570,297,0,78,153,226,199,211,0,36,99,119,132,184,0,42,54,107,67,27
20202,A,골목상권,3110246,월드순복음교회,1402,769,633,4,139,280,360,346,273,1,42,139,213,197,177,3,97,141,147,149,96
20202,A,골목상권,3110261,사가정역 4번,1640,972,668,5,175,265,434,463,298,4,62,125,253,303,225,1,113,140,181,160,73
20202,A,골목상권,3110241,먹골역 5번,2166,1475,691,1,315,530,524,571,225,1,183,366,341,415,169,0,132,164,183,156,56
20202,A,골목상권,3110233,중랑역 1번,893,461,432,6,154,146,204,200,183,4,65,61,89,121,121,2,89,85,115,79,62
20202,A,골목상권,3110318,KT월곡지사,3595,2540,1055,4,306,612,723,786,1164,2,171,405,460,571,931,2,135,207,263,215,233
20202,A,골목상권,3110377,미아사거리역 3번,694,331,363,7,98,129,184,169,107,6,42,61,75,80,67,1,56,68,109,89,40
20202,A,골목상권,3110281,길상사,16413,13694,2719,22,1927,3775,4747,5449,493,3,1165,2821,4173,5180,352,19,762,954,574,269,141
20202,A,골목상권,3110373,수유역 2번,2772,1558,1214,6,358,532,544,703,629,4,150,310,293,432,369,2,208,222,251,271,260
20202,A,골목상권,3110379,KT&G 북부지사,623,302,321,2,67,85,155,224,90,0,26,30,63,131,52,2,41,55,92,93,38
20202,A,골목상권,3110348,강북문화예술회관,2983,2155,828,0,93,237,630,911,1112,0,20,143,489,717,786,0,73,94,141,194,326
20202,A,골목상권,3110383,덕성여대시반거리,437,131,306,0,77,73,112,105,70,0,9,16,36,28,42,0,68,57,76,77,28
20202,A,골목상권,3110345,솔밭공원역 2번,708,263,445,1,82,141,166,188,130,0,15,41,54,71,82,1,67,100,112,117,48
20202,A,골목상권,3110342,국립재활원,1911,1168,743,0,163,409,566,562,211,0,54,205,383,372,154,0,109,204,183,190,57
20202,A,골목상권,3110338,인수초등학교,1029,648,381,3,137,254,247,265,123,3,70,171,149,154,101,0,67,83,98,111,22
20202,A,골목상권,3110402,도봉구 정병원,1673,968,705,5,226,351,392,442,257,4,101,216,235,250,162,1,125,135,157,192,95
20202,A,골목상권,3110392,발바닥공원,590,396,194,3,85,182,168,101,51,2,37,113,135,71,38,1,48,69,33,30,13
20202,A,골목상권,3110416,노원초등학교,1205,552,653,8,124,241,275,314,243,6,45,126,116,149,110,2,79,115,159,165,133
20202,A,골목상권,3110428,상계5동주민센터,1874,914,960,5,133,226,324,460,726,1,48,116,138,200,411,4,85,110,186,260,315
20202,A,골목상권,3110464,연신내역 5번,1985,1122,863,7,199,380,509,459,431,5,83,205,246,266,317,2,116,175,263,193,114
20202,A,골목상권,3110457,예일여고,3334,1823,1511,11,339,504,700,1175,605,2,131,234,342,705,409,9,208,270,358,470,196
20202,A,골목상권,3110488,우리은행응암동지점,3399,1825,1574,8,407,862,868,872,382,5,208,429,423,511,249,3,199,433,445,361,133
20204,A,골목상권,3110377,미아사거리역 3번,694,331,363,7,98,129,184,169,107,6,42,61,75,80,67,1,56,68,109,89,40
20204,A,골목상권,3110281,길상사,16413,13694,2719,22,1927,3775,4747,5449,493,3,1165,2821,4173,5180,352,19,762,954,574,269,141
20204,A,골목상권,3110373,수유역 2번,2772,1558,1214,6,358,532,544,703,629,4,150,310,293,432,369,2,208,222,251,271,260
20204,A,골목상권,3110379,KT&G 북부지사,623,302,321,2,67,85,155,224,90,0,26,30,63,131,52,2,41,55,92,93,38
20204,A,골목상권,3110348,강북문화예술회관,2983,2155,828,0,93,237,630,911,1112,0,20,143,489,717,786,0,73,94,141,194,326
20204,A,골목상권,3110383,덕성여대시반거리,437,131,306,0,77,73,112,105,70,0,9,16,36,28,42,0,68,57,76,77,28
20204,A,골목상권,3110345,솔밭공원역 2번,708,263,445,1,82,141,166,188,130,0,15,41,54,71,82,1,67,100,112,117,48
20204,A,골목상권,3110342,국립재활원,1911,1168,743,0,163,409,566,562,211,0,54,205,383,372,154,0,109,204,183,190,57
20204,A,골목상권,3110338,인수초등학교,1029,648,381,3,137,254,247,265,123,3,70,171,149,154,101,0,67,83,98,111,22
20204,A,골목상권,3110402,도봉구 정병원,1673,968,705,5,226,351,392,442,257,4,101,216,235,250,162,1,125,135,157,192,95
20204,A,골목상권,3110392,발바닥공원,590,396,194,3,85,182,168,101,51,2,37,113,135,71,38,1,48,69,33,30,13
20204,A,골목상권,3110416,노원초등학교,1205,552,653,8,124,241,275,314,243,6,45,126,116,149,110,2,79,115,159,165,133
20204,A,골목상권,3110428,상계5동주민센터,1874,914,960,5,133,226,324,460,726,1,48,116,138,200,411,4,85,110,186,260,315
20204,A,골목상권,3110464,연신내역 5번,1985,1122,863,7,199,380,509,459,431,5,83,205,246,266,317,2,116,175,263,193,114
20204,A,골목상권,3110457,예일여고,3334,1823,1511,11,339,504,700,1175,605,2,131,234,342,705,409,9,208,270,358,470,196
20204,A,골목상권,3110488,우리은행응암동지점,3399,1825,1574,8,407,862,868,872,382,5,208,429,423,511,249,3,199,433,445,361,133
20204,A,골목상권,3110485,연신내우체국,2037,1061,976,2,103,180,239,350,1163,1,45,107,106,143,659,1,58,73,133,207,504
20204,A,골목상권,3110449,증산역 3번,2851,1858,993,1,398,704,743,668,337,0,156,480,515,477,230,1,242,224,228,191,107
20204,A,골목상권,3110523,홍제성원아파트,259,109,150,1,36,55,62,74,31,0,14,19,28,27,21,1,22,36,34,47,10
20204,A,골목상권,3110586,서울서부지방법원,11593,7273,4320,37,2044,3389,3339,2245,539,5,959,1962,2248,1752,347,32,1085,1427,1091,493,192
20204,A,골목상권,3110540,망원나들목체육관,1899,1092,807,8,639,591,325,211,125,1,387,316,158,136,94,7,252,275,167,75,31
20204,A,골목상권,3110567,광흥창역 6번,510,261,249,0,80,126,127,118,59,0,35,61,66,62,37,0,45,65,61,56,22
20204,A,골목상권,3110565,홍익대,4319,2959,1360,13,708,1013,1064,875,646,7,389,669,759,621,514,6,319,344,305,254,132
20204,A,골목상권,3110560,마포FM,4675,2819,1856,11,653,1106,1054,998,853,9,292,695,738,584,501,2,361,411,316,414,352
20204,A,골목상권,3110549,새터산,2447,1476,971,6,323,490,622,631,375,4,169,276,370,408,249,2,154,214,252,223,126
20204,A,골목상권,3110581,염리초등학교,8998,5077,3921,16,1305,2124,2079,1885,1589,7,628,1198,1340,989,915,9,677,926,739,896,674
20204,A,골목상권,3110617,등촌역 4번,2496,1419,1077,2,330,561,641,599,363,0,156,350,350,329,234,2,174,211,291,270,129
20204,A,골목상권,3110676,등촌역 7번,2587,1617,970,12,360,533,656,601,425,6,154,333,395,389,340,6,206,200,261,212,85
20204,A,골목상권,3110656,까치산역 3번,3071,1778,1293,17,286,570,813,925,460,15,146,353,484,505,275,2,140,217,329,420,185
20204,A,골목상권,3110654,까치산역 4번,3556,2235,1321,15,324,625,928,1128,536,13,164,373,533,736,416,2,160,252,395,392,120
20204,A,골목상권,3110597,신월1동주민센터,2472,1402,1070,4,249,481,521,657,560,1,110,252,269,403,367,3,139,229,252,254,193
20204,A,골목상권,3110665,곰달래도서관,2356,1305,1051,4,236,435,587,666,428,4,101,243,325,344,288,0,135,192,262,322,140
20204,A,골목상권,3110615,신서초등학교,848,519,329,2,79,148,152,220,247,1,36,81,84,146,171,1,43,67,68,74,76
20204,A,골목상권,3110674,강서구청가양동별관,2810,1867,943,13,484,647,757,564,345,8,334,446,510,346,223,5,150,201,247,218,122
20204,A,골목상권,3110677,등촌역 1번,3921,2407,1514,15,590,925,884,897,610,12,265,549,522,592,467,3,325,376,362,305,143
20204,A,골목상권,3110631,방화초등학교,2022,1206,816,5,282,386,462,504,383,5,137,222,260,288,294,0,145,164,202,216,89
20204,A,골목상권,3110636,방화역 2번,2261,1548,713,6,180,387,715,586,387,4,92,216,507,418,311,2,88,171,208,168,76
20204,A,골목상권,3110691,개봉중학교,2121,1250,871,6,243,460,510,560,342,1,134,278,283,301,253,5,109,182,227,259,89
20204,A,골목상권,3110662,까치산역 1번,3644,2133,1511,8,464,871,961,872,468,6,214,496,504,566,347,2,250,375,457,306,121
20204,A,골목상권,3110732,가산초등학교(세일중학교),2697,1734,963,13,406,604,664,616,394,4,232,369,400,410,319,9,174,235,264,206,75
20204,A,골목상권,3110729,가산동우체국,3002,1566,1436,10,310,527,627,607,921,6,171,294,365,336,394,4,139,233,262,271,527
20204,A,골목상권,3110723,가산디지털단지역 1번 출입구,6364,4269,2095,13,1161,2024,1564,904,698,8,553,1337,1145,699,527,5,608,687,419,205,171
20204,A,골목상권,3110705,고산초등학교,2324,1523,801,3,295,489,490,507,540,2,148,292,274,324,483,1,147,197,216,183,57
20204,A,골목상권,3110680,온수역 5번(온수산업단지),1651,1405,246,18,174,252,303,480,424,18,138,209,238,407,395,0,36,43,65,73,29
20204,A,골목상권,3110685,금강수목원아파트,1014,749,265,2,60,190,279,274,209,1,35,123,189,214,187,1,25,67,90,60,22
20204,A,골목상권,3110854,조원동주민센터,3686,2722,964,3,494,609,555,569,1456,1,220,390,345,394,1372,2,274,219,210,175,84
20204,A,골목상권,3110742,KT금천빌딩(금천구시설관리공단),1604,1021,583,0,211,338,390,400,265,0,133,223,244,230,191,0,78,115,146,170,74
20204,A,골목상권,3110748,백산초등학교,1088,584,504,0,104,213,289,304,178,0,44,118,147,162,113,0,60,95,142,142,65
20204,A,골목상권,3110750,시흥4동주민센터(서울신흥초등학교),1125,636,489,9,163,218,324,281,130,8,89,133,186,127,93,1,74,85,138,154,37
20204,A,골목상권,3110749,금산초등학교(금천고등학교),7714,4555,3159,13,568,1109,1786,2003,2235,4,300,718,1027,1087,1419,9,268,391,759,916,816
20204,A,골목상권,3110763,영등포구청역 2번,7998,3926,4072,23,1606,2127,1491,1555,1196,12,684,1112,819,673,626,11,922,1015,672,882,570
20204,A,골목상권,3110786,당산역 8번,7202,5111,2091,19,1007,1783,1914,1612,867,6,490,1180,1444,1314,677,13,517,603,470,298,190
20204,A,골목상권,3110762,선유도역 1번,6490,4189,2301,17,859,1406,1594,1541,1073,11,470,902,970,975,861,6,389,504,624,566,212
20204,A,골목상권,3110803,신길2동우편취급국,2306,1308,998,6,226,496,505,482,591,3,103,233,253,261,455,3,123,263,252,221,136
20204,A,골목상권,3110757,양평역 2번,2594,1895,699,3,271,581,643,581,515,2,144,438,483,429,399,1,127,143,160,152,116
20204,A,골목상권,3110817,대방역 4번,3279,1548,1731,9,625,746,811,579,509,4,208,342,403,284,307,5,417,404,408,295,202
20204,A,골목상권,3110807,신길역 3번,994,401,593,5,113,194,247,269,166,2,40,84,97,101,77,3,73,110,150,168,89
20204,A,골목상권,3110847,예술인마을,2033,1270,763,3,284,468,518,409,351,3,131,269,312,253,302,0,153,199,206,156,49
20204,A,골목상권,3110903,방배아이파크아파트,13318,6720,6598,17,2219,3034,3683,2226,2139,5,678,1278,1774,1240,1745,12,1541,1756,1909,986,394
20204,A,골목상권,3110843,사당5동주민센터,856,499,357,1,74,130,224,245,182,0,30,57,123,154,135,1,44,73,101,91,47
20204,A,골목상권,3110898,청림동주민센터(상도중학교),3140,1745,1395,2,453,1024,1007,483,171,1,197,571,572,281,123,1,256,453,435,202,48
20204,A,골목상권,3110835,상도역 1번,1284,685,599,4,217,336,311,268,148,2,91,204,169,124,95,2,126,132,142,144,53
20204,A,골목상권,3110830,상도초등학교,1099,508,591,0,192,255,269,254,129,0,84,114,104,127,79,0,108,141,165,127,50
20204,A,골목상권,3110863,난우초등학교,1274,596,678,21,162,252,274,330,235,16,65,112,116,144,143,5,97,140,158,186,92
20204,A,골목상권,3110882,신성초등학교,1461,843,618,4,181,268,423,344,241,1,87,139,232,207,177,3,94,129,191,137,64
20204,A,골목상권,3110867,국제신학대학원대학교(남서울중학교),1284,802,482,3,150,289,290,284,268,1,93,193,167,179,169,2,57,96,123,105,99
20204,A,골목상권,3110871,신원동주민센터,1221,662,559,5,110,197,235,300,374,0,62,122,135,146,197,5,48,75,100,154,177
20204,A,골목상권,3110864,신림우방아파트,3078,2254,824,2,485,863,972,582,174,2,229,637,794,472,120,0,256,226,178,110,54
20204,A,골목상권,3110917,서초소방서,10472,8160,2312,29,1128,2908,2901,2625,881,18,710,2263,2404,2117,648,11,418,645,497,508,233
20204,A,골목상권,3110927,잠원역,3312,2219,1093,5,550,1142,865,499,251,3,321,787,627,322,159,2,229,355,238,177,92
20204,A,골목상권,3110915,서래초등학교,89045,79397,9648,58,9613,19204,23591,33698,2881,23,6991,15974,21216,32574,2619,35,2622,3230,2375,1124,262
20204,A,골목상권,3110918,방배역 3번,7950,4877,3073,25,1436,1942,1884,1479,1184,9,623,1168,1279,916,882,16,813,774,605,563,302
20204,A,골목상권,3110926,신중초등학교,18935,13842,5093,26,2537,6187,5342,3491,1352,11,1323,4503,4347,2701,957,15,1214,1684,995,790,395
20204,A,골목상권,3110928,서초우방유쉘아파트,8601,5394,3207,32,1319,2349,2192,1755,954,20,686,1554,1461,1019,654,12,633,795,731,736,300
20204,A,골목상권,3110941,언남고등학교,3148,2001,1147,15,501,854,828,599,351,13,285,552,530,367,254,2,216,302,298,232,97
20204,A,골목상권,3110977,논현로18길,8768,6092,2676,17,1345,2688,2352,1426,940,7,731,1839,1812,1000,703,10,614,849,540,426,237
20204,A,골목상권,3110956,언주역 8번,10460,6708,3752,44,2484,3229,2399,1398,906,30,1284,2052,1709,952,681,14,1200,1177,690,446,225
20204,A,골목상권,3110961,언주역 3번,19048,12835,6213,40,3657,5606,4187,2889,2669,10,1697,3702,3162,2277,1987,30,1960,1904,1025,612,682
20204,A,골목상권,3110970,학동초등학교,8274,4686,3588,35,1750,2524,1972,1193,800,17,746,1341,1253,767,562,18,1004,1183,719,426,238
20204,A,골목상권,3110986,삼성중앙역 7번,7054,4250,2804,39,1478,2059,1499,883,1096,9,622,1271,1051,561,736,30,856,788,448,322,360
20204,A,골목상권,3110958,역삼역 4번,13145,7672,5473,25,2620,4104,3148,1957,1291,13,968,2265,2168,1344,914,12,1652,1839,980,613,377
20204,A,골목상권,3111025,경찰병원역 3번,9858,5487,4371,53,1071,1688,1733,1768,3545,24,506,1023,1074,799,2061,29,565,665,659,969,1484
20204,A,골목상권,3111029,오금역 4번,6170,4510,1660,14,1076,1905,1533,1053,589,8,670,1374,1159,778,521,6,406,531,374,275,68
20204,A,골목상권,3111023,문정역 1번,3188,1943,1245,5,559,689,779,662,494,2,274,426,517,382,342,3,285,263,262,280,152
20204,A,골목상권,3111042,거여역 1번(거여공원),4647,2955,1692,20,677,1102,1208,1011,629,16,473,746,745,568,407,4,204,356,463,443,222
20204,A,골목상권,3111006,석촌고분역 1번,13231,9393,3838,32,1634,2684,3221,2686,2974,27,996,1913,2319,1807,2331,5,638,771,902,879,643
20204,A,골목상권,3111090,강일동주민센터,199,120,79,0,24,45,67,44,19,0,9,25,41,30,15,0,15,20,26,14,4
20204,A,골목상권,3111068,강동성심병원,3440,1771,1669,8,770,842,809,570,441,5,225,389,495,352,305,3,545,453,314,218,136
20204,A,골목상권,3111065,천일초등학교,1242,677,565,2,112,177,234,284,433,2,39,75,105,131,325,0,73,102,129,153,108
20204,A,골목상권,3111060,암사역 2번(서울강동초등학교),3038,1600,1438,3,337,620,746,749,583,2,117,297,376,407,401,1,220,323,370,342,182
20204,A,골목상권,3111054,암사역 4번(삼성광나루아파트),3175,1255,1920,2,329,487,578,782,997,2,142,257,245,207,402,0,187,230,333,575,595
20204,A,골목상권,3111049,천호지구대(천호동자전거거리),1795,986,809,7,217,342,414,400,415,3,102,177,213,206,285,4,115,165,201,194,130
20204,A,골목상권,3110007,사직공원(한국사회과학도서관),2261,1151,1110,4,393,616,566,444,238,2,142,279,306,251,171,2,251,337,260,193,67
20204,A,골목상권,3110531,홍지문,828,402,426,2,118,219,178,187,124,0,39,117,90,81,75,2,79,102,88,106,49
20204,A,골목상권,3110010,평창동서측,8863,4827,4036,16,958,2387,3264,1811,427,1,407,1007,1802,1306,304,15,551,1380,1462,505,123
20204,A,골목상권,3110013,체부동홍종문가옥,1116,630,486,4,122,231,265,248,246,0,42,116,139,143,190,4,80,115,126,105,56
20204,A,골목상권,3110051,한양공고앞 교차로,1270,665,605,0,194,259,304,324,189,0,76,137,166,173,113,0,118,122,138,151,76
20204,A,골목상권,3110587,공덕동주민센터,4777,2727,2050,20,903,1328,1318,886,322,3,450,775,774,531,194,17,453,553,544,355,128
20204,A,골목상권,3110075,숙대입구역 1번,11721,3647,8074,164,6494,2357,1245,865,596,15,739,1093,761,587,452,149,5755,1264,484,278,144
20204,A,골목상권,3110094,오산중학교,293,171,122,0,19,48,84,96,46,0,8,24,50,58,31,0,11,24,34,38,15
20204,A,골목상권,3110093,우사단길,5722,3218,2504,28,1105,1870,1447,876,396,11,353,986,985,650,233,17,752,884,462,226,163
20204,A,골목상권,3110089,서빙고동주민센터,1027,643,384,1,125,313,300,153,135,0,47,186,191,106,113,1,78,127,109,47,22
20204,A,골목상권,3110064,효창공원앞역 2번,3452,2255,1197,8,448,903,911,799,383,7,272,598,596,522,260,1,176,305,315,277,123
20204,A,골목상권,3110109,금호삼성래미안아파트,2637,1124,1513,17,315,812,1046,338,109,1,116,291,459,171,86,16,199,521,587,167,23
20204,A,골목상권,3110126,서울숲역 1번,3085,1944,1141,11,616,755,648,538,517,5,355,479,400,356,349,6,261,276,248,182,168
20204,A,골목상권,3110108,성동구립금호도서관,186,90,96,0,24,35,54,55,18,0,12,20,24,19,15,0,12,15,30,36,3
20204,A,골목상권,3110104,신금호역 4번,732,398,334,0,85,142,175,168,162,0,25,62,94,95,122,0,60,80,81,73,40
20204,A,골목상권,3110115,상왕십리역 3번,4711,2086,2625,18,803,828,947,1248,867,3,269,473,519,510,312,15,534,355,428,738,555
20204,A,골목상권,3110135,성동세무서,6003,3797,2206,7,862,1512,1538,1291,793,5,450,954,1006,780,602,2,412,558,532,511,191
20204,A,골목상권,3110133,서울교통공사,4981,3435,1546,23,1308,1313,957,778,602,20,760,917,708,550,480,3,548,396,249,228,122
20204,A,골목상권,3110130,답십리역 6번,5008,2174,2834,4,714,1041,1495,1390,364,2,492,707,504,247,222,2,222,334,991,1143,142
20204,A,골목상권,3110170,동대부여고,1909,989,920,3,252,420,535,456,243,1,90,195,287,248,168,2,162,225,248,208,75
20204,A,골목상권,3110172,광진초등학교,2650,1482,1168,56,464,506,558,636,430,25,237,266,298,348,308,31,227,240,260,288,122
20204,A,골목상권,3110173,구남초등학교,6227,3640,2587,15,457,1113,1646,2007,989,4,265,728,1023,979,641,11,192,385,623,1028,348
20204,A,골목상권,3110143,뚝섬유원지역 1번,1815,1480,335,4,196,506,523,433,153,1,151,416,440,351,121,3,45,90,83,82,32
20204,A,골목상권,3110165,국립정신건강센터,2364,1365,999,3,223,480,601,647,410,0,85,228,319,404,329,3,138,252,282,243,81
20204,A,골목상권,3110185,용두초등학교,8144,4248,3896,8,666,1891,2614,2141,824,3,322,1123,1308,948,544,5,344,768,1306,1193,280
20204,A,골목상권,3110313,안암역 3번,4007,2603,1404,7,479,974,1134,933,480,3,232,606,749,655,358,4,247,368,385,278,122
20204,A,골목상권,3110205,경희대삼거리,2042,1155,887,3,307,699,408,383,242,2,146,461,194,203,149,1,161,238,214,180,93
20204,A,골목상권,3110263,면목역 1번,2374,1295,1079,3,342,596,740,505,188,0,167,400,365,229,134,3,175,196,375,276,54
20204,A,골목상권,3110265,망우역 1번,2560,1588,972,13,240,367,540,748,652,2,93,155,261,513,564,11,147,212,279,235,88
20204,A,골목상권,3110272,신내1동주민센터,3286,2011,1275,4,411,585,632,841,813,4,214,329,339,496,629,0,197,256,293,345,184
20204,A,골목상권,3110429,공릉동 국수거리,4838,2587,2251,6,483,668,995,1400,1286,2,224,366,498,716,781,4,259,302,497,684,505
20204,A,골목상권,3110307,길음역 7번,2161,758,1403,9,665,611,420,293,163,0,120,232,163,133,110,9,545,379,257,160,53
20204,A,골목상권,3110310,길음역 10번,1961,875,1086,9,604,603,400,252,93,0,140,299,228,141,67,9,464,304,172,111,26
20204,A,골목상권,3110288,동구여중,1859,769,1090,6,181,454,656,400,162,0,55,184,238,173,119,6,126,270,418,227,43
20204,A,골목상권,3110326,장위동성당,1271,741,530,3,141,245,334,297,251,3,57,121,191,187,182,0,84,124,143,110,69
20204,A,골목상권,3110282,국민대학교앞,1906,1357,549,15,321,599,445,311,215,14,185,437,349,245,127,1,136,162,96,66,88
20204,A,골목상권,3110358,인수동 우편취급국,1765,939,826,2,170,270,351,489,483,0,51,121,160,260,347,2,119,149,191,229,136
20204,A,골목상권,3110404,신창초등학교,1553,862,691,11,174,258,430,465,215,8,68,144,234,271,137,3,106,114,196,194,78
20204,A,골목상권,3110380,강북문화정보도서관,592,293,299,0,63,86,106,169,168,0,17,49,52,80,95,0,46,37,54,89,73
20204,A,골목상권,3110370,도봉세무서,1155,642,513,7,84,180,290,317,277,6,25,81,136,177,217,1,59,99,154,140,60
20204,A,골목상권,3110359,수유시장옆,1979,746,1233,2,174,251,355,450,747,0,62,112,146,178,248,2,112,139,209,272,499
20204,A,골목상권,3110366,광산사거리,1102,553,549,2,152,230,302,260,156,0,71,120,146,119,97,2,81,110,156,141,59
20204,A,골목상권,3110391,샘말어린이공원,1105,495,610,0,95,176,215,283,336,0,30,73,100,108,184,0,65,103,115,175,152
20204,A,골목상권,3110386,연산군묘,898,534,364,0,132,210,207,211,138,0,60,118,124,120,112,0,72,92,83,91,26
20204,A,골목상권,3110385,효문고등학교,492,210,282,0,72,109,138,115,58,0,15,34,51,62,48,0,57,75,87,53,10
20204,A,골목상권,3110396,쌍문역1번(쌍리단길),873,388,485,4,110,167,201,233,158,1,36,63,88,108,92,3,74,104,113,125,66
20204,A,골목상권,3110438,경춘선숲길 우측,1262,670,592,2,165,313,395,265,122,1,79,159,202,145,84,1,86,154,193,120,38
20204,A,골목상권,3110472,연신내역 4번,2101,1115,986,9,291,420,561,452,368,4,112,235,265,229,270,5,179,185,296,223,98
20204,A,골목상권,3110458,선일여고,1561,717,844,5,204,370,371,412,199,2,85,168,169,166,127,3,119,202,202,246,72
20204,A,골목상권,3110460,구산역 4번,4098,2463,1635,10,303,617,938,1372,858,6,136,347,489,872,613,4,167,270,449,500,245
20204,A,골목상권,3110450,시립서북병원,3765,1891,1874,8,699,863,827,786,582,2,293,433,413,369,381,6,406,430,414,417,201
20204,A,골목상권,3110456,구산보건지소,2822,1445,1377,11,571,580,644,581,435,3,244,277,308,315,298,8,327,303,336,266,137
20204,A,골목상권,3110486,은평구청,3565,1859,1706,8,390,827,963,954,423,5,183,376,460,548,287,3,207,451,503,406,136
20204,A,골목상권,3110484,역촌역 3번,1849,903,946,7,208,399,493,442,300,5,86,179,219,212,202,2,122,220,274,230,98
20204,A,골목상권,3110461,새절역 2번,927,505,422,2,86,134,215,259,231,1,30,51,97,146,180,1,56,83,118,113,51
20204,A,골목상권,3110445,덕산중학교,1113,537,576,5,235,253,205,221,194,0,73,130,116,94,124,5,162,123,89,127,70
20204,A,골목상권,3110451,증산역 4번,2598,1818,780,3,354,592,647,619,383,2,156,421,488,450,301,1,198,171,159,169,82
20204,A,골목상권,3110446,내를건너서숲으로도서관,760,517,243,0,100,159,174,187,140,0,83,108,97,110,119,0,17,51,77,77,21
20204,A,골목상권,3110504,명지전문대,601,306,295,1,61,72,145,194,128,0,30,29,70,105,72,1,31,43,75,89,56
20204,A,골목상권,3110502,남가좌파출소,820,489,331,0,68,121,216,264,151,0,31,62,124,166,106,0,37,59,92,98,45
20204,A,골목상권,3110543,중암중학교,668,466,202,0,37,70,115,223,223,0,16,35,56,145,214,0,21,35,59,78,9
20204,A,골목상권,3110582,이대역 5번,907,344,563,2,105,192,252,226,130,1,24,52,78,110,79,1,81,140,174,116,51
20204,A,골목상권,3110520,경의중앙 신촌역,1500,752,748,8,322,367,324,282,197,5,111,177,147,168,144,3,211,190,177,114,53
20204,A,골목상권,3110566,경의선책거리,7387,4414,2973,27,1465,1717,1712,1423,1043,16,758,1040,1073,796,731,11,707,677,639,627,312
20204,A,골목상권,3110511,연희초등학교,5789,4486,1303,7,719,1297,1142,1990,634,1,495,983,811,1677,519,6,224,314,331,313,115
20204,A,골목상권,3110526,봉원사,367,217,150,1,22,70,135,80,59,1,9,35,92,46,34,0,13,35,43,34,25
20204,A,골목상권,3110585,마포경찰서,3239,2093,1146,1,420,1126,934,559,199,0,226,683,634,427,123,1,194,443,300,132,76
20204,A,골목상권,3110578,대흥역 2번,4903,3185,1718,78,872,1109,1037,1047,760,28,453,737,756,701,510,50,419,372,281,346,250
20204,A,골목상권,3110574,서강대학교,896,599,297,4,117,204,240,201,130,2,74,135,174,124,90,2,43,69,66,77,40
20204,A,골목상권,3110544,망리단길,6222,3617,2605,17,1248,1421,1318,976,1242,8,640,721,675,587,986,9,608,700,643,389,256
20204,A,골목상권,3110548,마포구청역 4번,5895,3452,2443,18,764,1118,1304,1728,963,10,390,797,862,809,584,8,374,321,442,919,379
20204,A,골목상권,3110557,홍대부속여중고앞,5872,3326,2546,15,903,1543,1632,1119,660,15,389,832,977,651,462,0,514,711,655,468,198
20204,A,골목상권,3110618,강서고등학교,3661,1791,1870,7,785,1002,801,724,342,3,195,468,416,435,274,4,590,534,385,289,68
20204,A,골목상권,3110596,서서울호수공원,2036,1321,715,5,229,365,459,585,393,2,117,220,272,383,327,3,112,145,187,202,66
20204,A,골목상권,3110599,신월1파출소,1680,1078,602,4,158,295,421,566,236,2,93,182,259,368,174,2,65,113,162,198,62
20204,A,골목상권,3110651,화원중학교,2712,1532,1180,8,300,556,660,686,502,6,148,340,365,391,282,2,152,216,295,295,220
20204,A,골목상권,3110623,갈산공원,1473,855,618,6,162,331,380,329,265,4,90,177,200,190,194,2,72,154,180,139,71
20204,A,골목상권,3110632,방화역 3번,3801,2575,1226,6,332,705,1119,1071,568,4,193,413,783,737,445,2,139,292,336,334,123
20204,A,골목상권,3110659,화곡역 4번,3626,1901,1725,18,457,804,957,853,537,15,183,460,522,422,299,3,274,344,435,431,238
20204,A,골목상권,3110722,G타워,19389,12310,7079,60,3607,6404,5129,2626,1563,29,1836,4264,3348,1661,1172,31,1771,2140,1781,965,391
20204,A,골목상권,3110682,온수역 8번,361,283,78,0,13,52,95,107,94,0,11,34,65,83,90,0,2,18,30,24,4
20204,A,골목상권,3110696,오류동역 1번,3475,2139,1336,33,914,1147,671,456,254,17,516,814,390,225,177,16,398,333,281,231,77
20204,A,골목상권,3110698,개웅초등학교(개웅중학교),2757,1234,1523,7,405,493,704,774,374,5,210,265,264,263,227,2,195,228,440,511,147
20204,A,골목상권,3110697,개봉3동주민센터,1101,686,415,1,168,226,252,244,210,1,77,141,156,157,154,0,91,85,96,87,56
20204,A,골목상권,3110688,오류지구대,1309,724,585,5,130,240,332,393,209,4,56,137,187,212,128,1,74,103,145,181,81
20204,A,골목상권,3110684,서울공연예술고등학교,980,521,459,4,124,208,238,273,133,2,54,118,122,154,71,2,70,90,116,119,62
20204,A,골목상권,3110728,두산초등학교,7779,4797,2982,17,403,805,1036,1484,4034,15,223,510,611,873,2565,2,180,295,425,611,1469
20204,A,골목상권,3110731,금천구청역 1번 출입구,4469,2258,2211,11,672,1215,1026,1039,506,6,276,550,486,608,332,5,396,665,540,431,174
20204,A,골목상권,3110730,서울축산농협 독산역지점(독산파출소),7158,4528,2630,15,350,639,810,1307,4037,13,197,420,491,801,2606,2,153,219,319,506,1431
20204,A,골목상권,3110752,한울중학교,2059,1251,808,13,294,388,526,539,299,10,181,248,303,289,220,3,113,140,223,250,79
20204,A,골목상권,3110753,시흥동 은행나무사거리,1767,985,782,8,199,364,416,443,337,7,105,218,220,235,200,1,94,146,196,208,137
20204,A,골목상권,3110743,시흥초등학교(시흥1동우체국),1901,835,1066,7,317,358,467,487,265,6,126,168,210,183,142,1,191,190,257,304,123
20204,A,골목상권,3110764,문래역 3번,3153,1905,1248,2,407,744,863,599,538,2,173,425,526,380,399,0,234,319,337,219,139
20204,A,골목상권,3110782,영등포시장역 4번,1839,1063,776,5,208,345,454,439,388,3,97,205,292,249,217,2,111,140,162,190,171
20204,A,골목상권,3110779,대림갑을명가아파트,800,491,309,1,87,130,177,235,170,0,44,84,105,135,123,1,43,46,72,100,47
20204,A,골목상권,3110765,문래동사거리,2020,1394,626,4,169,352,494,465,536,2,82,219,333,315,443,2,87,133,161,150,93
20204,A,골목상권,3110810,영신초등학교,2994,1643,1351,2,368,625,659,659,681,0,176,353,376,324,414,2,192,272,283,335,267
20204,A,골목상권,3110809,장훈고등학교,1484,885,599,1,203,345,302,292,341,0,102,180,180,183,240,1,101,165,122,109,101
20204,A,골목상권,3110824,대방역 3번,2129,1361,768,5,292,552,582,381,317,4,165,378,384,224,206,1,127,174,198,157,111
20204,A,골목상권,3110813,보라매역 6번,5419,3837,1582,9,1033,1296,1111,1526,444,6,590,941,791,1194,315,3,443,355,320,332,129
20204,A,골목상권,3110834,동작구자원봉사센터,2564,1472,1092,14,261,540,690,627,432,11,135,308,409,356,253,3,126,232,281,271,179
20204,A,골목상권,3110828,노량진역 6번,7261,4126,3135,15,905,2214,1977,1542,608,3,417,1160,1187,977,382,12,488,1054,790,565,226
20204,A,골목상권,3110827,NH농협은행 상도동지점,1082,439,643,2,105,183,271,274,247,1,38,79,104,103,114,1,67,104,167,171,133
20204,A,골목상권,3110852,이수역 9번,2529,1175,1354,5,473,620,696,447,288,1,132,264,309,240,229,4,341,356,387,207,59
20204,A,골목상권,3110905,방배노인종합복지관(이수중학교),5242,2054,3188,12,1165,1458,1271,885,451,1,334,540,486,427,266,11,831,918,785,458,185
20204,A,골목상권,3110851,경문고등학교(동작동성당),3368,1773,1595,14,635,1032,934,524,229,8,236,520,595,291,123,6,399,512,339,233,106
20204,A,골목상권,3110899,낙성대역 5번(관악중학교),4614,3107,1507,19,916,1345,1018,737,579,11,468,959,710,495,464,8,448,386,308,242,115
20204,A,골목상권,3110831,상도4동주민센터,1928,1233,695,2,251,423,419,532,301,2,136,263,284,407,141,0,115,160,135,125,160
20204,A,골목상권,3110873,당곡중학교,2525,1427,1098,7,341,547,627,540,463,4,156,299,352,290,326,3,185,248,275,250,137
20204,A,골목상권,3110841,중대부중,360,156,204,0,43,52,85,105,75,0,14,21,31,46,44,0,29,31,54,59,31
20204,A,골목상권,3110900,낙성대역 1번(관악구민 종합체육센터),4337,2627,1710,15,852,1276,966,653,575,7,368,802,610,388,452,8,484,474,356,265,123
20204,A,골목상권,3110892,관악구 중앙길,4005,1888,2117,12,627,825,985,859,697,7,212,389,474,444,362,5,415,436,511,415,335
20204,A,골목상권,3110866,난우중학교,1102,622,480,0,111,196,289,322,184,0,50,105,148,183,136,0,61,91,141,139,48
20204,A,골목상권,3110857,미성동주민센터,1238,578,660,17,154,236,276,322,233,13,73,114,121,124,133,4,81,122,155,198,100
20204,A,골목상권,3110875,보라매동주민센터(당곡고등학교),940,526,414,2,104,162,206,235,231,0,48,85,103,128,162,2,56,77,103,107,69
20204,A,골목상권,3110891,구암초등학교,1342,607,735,0,232,374,420,224,92,0,68,168,205,117,49,0,164,206,215,107,43
20204,A,골목상권,3110944,서울나래학교(염곡어린이공원),1156,798,358,10,148,272,221,240,265,8,109,212,164,151,154,2,39,60,57,89,111
20204,A,골목상권,3110942,염곡동 구룡사(포이동성당),13415,8394,5021,55,2287,3724,3222,2573,1554,26,1169,2292,2042,1698,1167,29,1118,1432,1180,875,387
20204,A,골목상권,3110920,방배역 2번(백석예술대학교),5016,3055,1961,91,1042,1259,931,793,900,26,459,731,622,507,710,65,583,528,309,286,190
20204,A,골목상권,3110910,내방역 5번,6436,3785,2651,20,1118,1455,1481,1224,1138,10,430,857,865,759,864,10,688,598,616,465,274
20204,A,골목상권,3110906,서문여고,11702,5247,6455,16,2248,2996,3566,2017,859,4,688,1244,1668,1074,569,12,1560,1752,1898,943,290
20204,A,골목상권,3110932,서울시인재개발원,4209,2306,1903,8,1038,1226,942,667,328,6,350,687,621,424,218,2,688,539,321,243,110
20204,A,골목상권,3110930,서초동성당,32660,17166,15494,63,6180,7719,7177,9753,1768,35,2030,3676,3572,6555,1298,28,4150,4043,3605,3198,470
20204,A,골목상권,3110931,삼성전자서울R&D(서울우면초등학교),211,106,105,0,53,63,49,28,18,0,20,37,22,17,10,0,33,26,27,11,8
20204,A,골목상권,3110938,바우뫼공원,4722,3197,1525,17,814,1339,1276,836,440,8,422,921,904,581,361,9,392,418,372,255,79
20204,A,골목상권,3110943,법제교육센터(버들어린이공원),5935,3672,2263,18,851,1433,1538,1193,902,10,470,907,945,696,644,8,381,526,593,497,258
20204,A,골목상권,3110994,개포고등학교,4345,2839,1506,57,867,1222,970,768,461,24,505,806,631,503,370,33,362,416,339,265,91
20204,A,골목상권,3110988,청담역 3번,14773,6151,8622,65,3286,4402,3877,2145,998,27,1018,1851,1536,1027,692,38,2268,2551,2341,1118,306
20204,A,골목상권,3111012,석촌역 6번,3563,1857,1706,6,341,717,926,795,778,4,123,380,473,406,471,2,218,337,453,389,307
20204,A,골목상권,3111043,마천공원,1725,1113,612,1,183,389,411,423,318,0,112,251,235,271,244,1,71,138,176,152,74
20204,A,골목상권,3111045,개미어린이공원,1629,952,677,8,240,270,383,466,262,2,144,178,243,239,146,6,96,92,140,227,116
20204,A,골목상권,3111047,마천1치안센터,1130,680,450,1,120,251,299,266,193,1,60,143,171,153,152,0,60,108,128,113,41
20204,A,골목상권,3111028,문현중학교(장지역 1번),2770,1677,1093,9,489,714,682,541,335,5,271,467,421,262,251,4,218,247,261,279,84
20204,A,골목상권,3111035,오금공원(오주중학교),2277,1464,813,2,256,487,582,635,315,1,148,328,395,374,218,1,108,159,187,261,97
20204,A,골목상권,3111053,성내천어린이공원(하니사랑길),13219,9342,3877,40,1620,2605,2692,3224,3038,16,990,1785,1878,2342,2331,24,630,820,814,882,707
20202,A,골목상권,3110485,연신내우체국,2037,1061,976,2,103,180,239,350,1163,1,45,107,106,143,659,1,58,73,133,207,504
20202,A,골목상권,3110449,증산역 3번,2851,1858,993,1,398,704,743,668,337,0,156,480,515,477,230,1,242,224,228,191,107
20202,A,골목상권,3110523,홍제성원아파트,259,109,150,1,36,55,62,74,31,0,14,19,28,27,21,1,22,36,34,47,10
20202,A,골목상권,3110586,서울서부지방법원,11593,7273,4320,37,2044,3389,3339,2245,539,5,959,1962,2248,1752,347,32,1085,1427,1091,493,192
20202,A,골목상권,3110540,망원나들목체육관,1899,1092,807,8,639,591,325,211,125,1,387,316,158,136,94,7,252,275,167,75,31
20202,A,골목상권,3110567,광흥창역 6번,510,261,249,0,80,126,127,118,59,0,35,61,66,62,37,0,45,65,61,56,22
20202,A,골목상권,3110565,홍익대,4319,2959,1360,13,708,1013,1064,875,646,7,389,669,759,621,514,6,319,344,305,254,132
20202,A,골목상권,3110560,마포FM,4675,2819,1856,11,653,1106,1054,998,853,9,292,695,738,584,501,2,361,411,316,414,352
20202,A,골목상권,3110549,새터산,2447,1476,971,6,323,490,622,631,375,4,169,276,370,408,249,2,154,214,252,223,126
20202,A,골목상권,3110581,염리초등학교,8998,5077,3921,16,1305,2124,2079,1885,1589,7,628,1198,1340,989,915,9,677,926,739,896,674
20202,A,골목상권,3110617,등촌역 4번,2496,1419,1077,2,330,561,641,599,363,0,156,350,350,329,234,2,174,211,291,270,129
20202,A,골목상권,3110676,등촌역 7번,2587,1617,970,12,360,533,656,601,425,6,154,333,395,389,340,6,206,200,261,212,85
20202,A,골목상권,3110656,까치산역 3번,3071,1778,1293,17,286,570,813,925,460,15,146,353,484,505,275,2,140,217,329,420,185
20202,A,골목상권,3110654,까치산역 4번,3556,2235,1321,15,324,625,928,1128,536,13,164,373,533,736,416,2,160,252,395,392,120
20202,A,골목상권,3110597,신월1동주민센터,2472,1402,1070,4,249,481,521,657,560,1,110,252,269,403,367,3,139,229,252,254,193
20202,A,골목상권,3110665,곰달래도서관,2356,1305,1051,4,236,435,587,666,428,4,101,243,325,344,288,0,135,192,262,322,140
20202,A,골목상권,3110615,신서초등학교,848,519,329,2,79,148,152,220,247,1,36,81,84,146,171,1,43,67,68,74,76
20202,A,골목상권,3110674,강서구청가양동별관,2810,1867,943,13,484,647,757,564,345,8,334,446,510,346,223,5,150,201,247,218,122
20202,A,골목상권,3110677,등촌역 1번,3921,2407,1514,15,590,925,884,897,610,12,265,549,522,592,467,3,325,376,362,305,143
20202,A,골목상권,3110631,방화초등학교,2022,1206,816,5,282,386,462,504,383,5,137,222,260,288,294,0,145,164,202,216,89
20202,A,골목상권,3110636,방화역 2번,2261,1548,713,6,180,387,715,586,387,4,92,216,507,418,311,2,88,171,208,168,76
20202,A,골목상권,3110691,개봉중학교,2121,1250,871,6,243,460,510,560,342,1,134,278,283,301,253,5,109,182,227,259,89
20202,A,골목상권,3110662,까치산역 1번,3644,2133,1511,8,464,871,961,872,468,6,214,496,504,566,347,2,250,375,457,306,121
20202,A,골목상권,3110732,가산초등학교(세일중학교),2697,1734,963,13,406,604,664,616,394,4,232,369,400,410,319,9,174,235,264,206,75
20202,A,골목상권,3110729,가산동우체국,3002,1566,1436,10,310,527,627,607,921,6,171,294,365,336,394,4,139,233,262,271,527
20202,A,골목상권,3110723,가산디지털단지역 1번 출입구,6364,4269,2095,13,1161,2024,1564,904,698,8,553,1337,1145,699,527,5,608,687,419,205,171
20202,A,골목상권,3110705,고산초등학교,2324,1523,801,3,295,489,490,507,540,2,148,292,274,324,483,1,147,197,216,183,57
20202,A,골목상권,3110680,온수역 5번(온수산업단지),1651,1405,246,18,174,252,303,480,424,18,138,209,238,407,395,0,36,43,65,73,29
20202,A,골목상권,3110685,금강수목원아파트,1014,749,265,2,60,190,279,274,209,1,35,123,189,214,187,1,25,67,90,60,22
20202,A,골목상권,3110854,조원동주민센터,3686,2722,964,3,494,609,555,569,1456,1,220,390,345,394,1372,2,274,219,210,175,84
20202,A,골목상권,3110742,KT금천빌딩(금천구시설관리공단),1604,1021,583,0,211,338,390,400,265,0,133,223,244,230,191,0,78,115,146,170,74
20202,A,골목상권,3110748,백산초등학교,1088,584,504,0,104,213,289,304,178,0,44,118,147,162,113,0,60,95,142,142,65
20202,A,골목상권,3110750,시흥4동주민센터(서울신흥초등학교),1125,636,489,9,163,218,324,281,130,8,89,133,186,127,93,1,74,85,138,154,37
20202,A,골목상권,3110749,금산초등학교(금천고등학교),7714,4555,3159,13,568,1109,1786,2003,2235,4,300,718,1027,1087,1419,9,268,391,759,916,816
20202,A,골목상권,3110763,영등포구청역 2번,7998,3926,4072,23,1606,2127,1491,1555,1196,12,684,1112,819,673,626,11,922,1015,672,882,570
20202,A,골목상권,3110786,당산역 8번,7202,5111,2091,19,1007,1783,1914,1612,867,6,490,1180,1444,1314,677,13,517,603,470,298,190
20202,A,골목상권,3110762,선유도역 1번,6490,4189,2301,17,859,1406,1594,1541,1073,11,470,902,970,975,861,6,389,504,624,566,212
20202,A,골목상권,3110803,신길2동우편취급국,2306,1308,998,6,226,496,505,482,591,3,103,233,253,261,455,3,123,263,252,221,136
20202,A,골목상권,3110757,양평역 2번,2594,1895,699,3,271,581,643,581,515,2,144,438,483,429,399,1,127,143,160,152,116
20202,A,골목상권,3110817,대방역 4번,3279,1548,1731,9,625,746,811,579,509,4,208,342,403,284,307,5,417,404,408,295,202
20202,A,골목상권,3110807,신길역 3번,994,401,593,5,113,194,247,269,166,2,40,84,97,101,77,3,73,110,150,168,89
20202,A,골목상권,3110847,예술인마을,2033,1270,763,3,284,468,518,409,351,3,131,269,312,253,302,0,153,199,206,156,49
20202,A,골목상권,3110903,방배아이파크아파트,13318,6720,6598,17,2219,3034,3683,2226,2139,5,678,1278,1774,1240,1745,12,1541,1756,1909,986,394
20202,A,골목상권,3110843,사당5동주민센터,856,499,357,1,74,130,224,245,182,0,30,57,123,154,135,1,44,73,101,91,47
20202,A,골목상권,3110898,청림동주민센터(상도중학교),3140,1745,1395,2,453,1024,1007,483,171,1,197,571,572,281,123,1,256,453,435,202,48
20202,A,골목상권,3110835,상도역 1번,1284,685,599,4,217,336,311,268,148,2,91,204,169,124,95,2,126,132,142,144,53
20202,A,골목상권,3110830,상도초등학교,1099,508,591,0,192,255,269,254,129,0,84,114,104,127,79,0,108,141,165,127,50
20202,A,골목상권,3110863,난우초등학교,1274,596,678,21,162,252,274,330,235,16,65,112,116,144,143,5,97,140,158,186,92
20202,A,골목상권,3110882,신성초등학교,1461,843,618,4,181,268,423,344,241,1,87,139,232,207,177,3,94,129,191,137,64
20202,A,골목상권,3110867,국제신학대학원대학교(남서울중학교),1284,802,482,3,150,289,290,284,268,1,93,193,167,179,169,2,57,96,123,105,99
20202,A,골목상권,3110871,신원동주민센터,1221,662,559,5,110,197,235,300,374,0,62,122,135,146,197,5,48,75,100,154,177
20202,A,골목상권,3110864,신림우방아파트,3078,2254,824,2,485,863,972,582,174,2,229,637,794,472,120,0,256,226,178,110,54
20202,A,골목상권,3110917,서초소방서,10472,8160,2312,29,1128,2908,2901,2625,881,18,710,2263,2404,2117,648,11,418,645,497,508,233
20202,A,골목상권,3110927,잠원역,3312,2219,1093,5,550,1142,865,499,251,3,321,787,627,322,159,2,229,355,238,177,92
20202,A,골목상권,3110915,서래초등학교,89045,79397,9648,58,9613,19204,23591,33698,2881,23,6991,15974,21216,32574,2619,35,2622,3230,2375,1124,262
20202,A,골목상권,3110918,방배역 3번,7950,4877,3073,25,1436,1942,1884,1479,1184,9,623,1168,1279,916,882,16,813,774,605,563,302
20202,A,골목상권,3110926,신중초등학교,18935,13842,5093,26,2537,6187,5342,3491,1352,11,1323,4503,4347,2701,957,15,1214,1684,995,790,395
20202,A,골목상권,3110928,서초우방유쉘아파트,8601,5394,3207,32,1319,2349,2192,1755,954,20,686,1554,1461,1019,654,12,633,795,731,736,300
20202,A,골목상권,3110941,언남고등학교,3148,2001,1147,15,501,854,828,599,351,13,285,552,530,367,254,2,216,302,298,232,97
20202,A,골목상권,3110977,논현로18길,8768,6092,2676,17,1345,2688,2352,1426,940,7,731,1839,1812,1000,703,10,614,849,540,426,237
20202,A,골목상권,3110956,언주역 8번,10460,6708,3752,44,2484,3229,2399,1398,906,30,1284,2052,1709,952,681,14,1200,1177,690,446,225
20202,A,골목상권,3110961,언주역 3번,19048,12835,6213,40,3657,5606,4187,2889,2669,10,1697,3702,3162,2277,1987,30,1960,1904,1025,612,682
20202,A,골목상권,3110970,학동초등학교,8274,4686,3588,35,1750,2524,1972,1193,800,17,746,1341,1253,767,562,18,1004,1183,719,426,238
20202,A,골목상권,3110986,삼성중앙역 7번,7054,4250,2804,39,1478,2059,1499,883,1096,9,622,1271,1051,561,736,30,856,788,448,322,360
20202,A,골목상권,3110958,역삼역 4번,13145,7672,5473,25,2620,4104,3148,1957,1291,13,968,2265,2168,1344,914,12,1652,1839,980,613,377
20202,A,골목상권,3111025,경찰병원역 3번,9858,5487,4371,53,1071,1688,1733,1768,3545,24,506,1023,1074,799,2061,29,565,665,659,969,1484
20202,A,골목상권,3111029,오금역 4번,6170,4510,1660,14,1076,1905,1533,1053,589,8,670,1374,1159,778,521,6,406,531,374,275,68
20202,A,골목상권,3111023,문정역 1번,3188,1943,1245,5,559,689,779,662,494,2,274,426,517,382,342,3,285,263,262,280,152
20202,A,골목상권,3111042,거여역 1번(거여공원),4647,2955,1692,20,677,1102,1208,1011,629,16,473,746,745,568,407,4,204,356,463,443,222
20202,A,골목상권,3111006,석촌고분역 1번,13231,9393,3838,32,1634,2684,3221,2686,2974,27,996,1913,2319,1807,2331,5,638,771,902,879,643
20202,A,골목상권,3111090,강일동주민센터,199,120,79,0,24,45,67,44,19,0,9,25,41,30,15,0,15,20,26,14,4
20202,A,골목상권,3111068,강동성심병원,3440,1771,1669,8,770,842,809,570,441,5,225,389,495,352,305,3,545,453,314,218,136
20202,A,골목상권,3111065,천일초등학교,1242,677,565,2,112,177,234,284,433,2,39,75,105,131,325,0,73,102,129,153,108
20202,A,골목상권,3111060,암사역 2번(서울강동초등학교),3038,1600,1438,3,337,620,746,749,583,2,117,297,376,407,401,1,220,323,370,342,182
20202,A,골목상권,3111054,암사역 4번(삼성광나루아파트),3175,1255,1920,2,329,487,578,782,997,2,142,257,245,207,402,0,187,230,333,575,595
20202,A,골목상권,3111049,천호지구대(천호동자전거거리),1795,986,809,7,217,342,414,400,415,3,102,177,213,206,285,4,115,165,201,194,130
20202,A,골목상권,3110007,사직공원(한국사회과학도서관),2261,1151,1110,4,393,616,566,444,238,2,142,279,306,251,171,2,251,337,260,193,67
20202,A,골목상권,3110531,홍지문,828,402,426,2,118,219,178,187,124,0,39,117,90,81,75,2,79,102,88,106,49
20202,A,골목상권,3110010,평창동서측,8863,4827,4036,16,958,2387,3264,1811,427,1,407,1007,1802,1306,304,15,551,1380,1462,505,123
20202,A,골목상권,3110013,체부동홍종문가옥,1116,630,486,4,122,231,265,248,246,0,42,116,139,143,190,4,80,115,126,105,56
20202,A,골목상권,3110051,한양공고앞 교차로,1270,665,605,0,194,259,304,324,189,0,76,137,166,173,113,0,118,122,138,151,76
20202,A,골목상권,3110587,공덕동주민센터,4777,2727,2050,20,903,1328,1318,886,322,3,450,775,774,531,194,17,453,553,544,355,128
20202,A,골목상권,3110075,숙대입구역 1번,11721,3647,8074,164,6494,2357,1245,865,596,15,739,1093,761,587,452,149,5755,1264,484,278,144
20202,A,골목상권,3110094,오산중학교,293,171,122,0,19,48,84,96,46,0,8,24,50,58,31,0,11,24,34,38,15
20202,A,골목상권,3110093,우사단길,5722,3218,2504,28,1105,1870,1447,876,396,11,353,986,985,650,233,17,752,884,462,226,163
20202,A,골목상권,3110089,서빙고동주민센터,1027,643,384,1,125,313,300,153,135,0,47,186,191,106,113,1,78,127,109,47,22
20202,A,골목상권,3110064,효창공원앞역 2번,3452,2255,1197,8,448,903,911,799,383,7,272,598,596,522,260,1,176,305,315,277,123
20202,A,골목상권,3110109,금호삼성래미안아파트,2637,1124,1513,17,315,812,1046,338,109,1,116,291,459,171,86,16,199,521,587,167,23
20202,A,골목상권,3110126,서울숲역 1번,3085,1944,1141,11,616,755,648,538,517,5,355,479,400,356,349,6,261,276,248,182,168
20202,A,골목상권,3110108,성동구립금호도서관,186,90,96,0,24,35,54,55,18,0,12,20,24,19,15,0,12,15,30,36,3
20202,A,골목상권,3110104,신금호역 4번,732,398,334,0,85,142,175,168,162,0,25,62,94,95,122,0,60,80,81,73,40
20202,A,골목상권,3110115,상왕십리역 3번,4711,2086,2625,18,803,828,947,1248,867,3,269,473,519,510,312,15,534,355,428,738,555
20202,A,골목상권,3110135,성동세무서,6003,3797,2206,7,862,1512,1538,1291,793,5,450,954,1006,780,602,2,412,558,532,511,191
20202,A,골목상권,3110133,서울교통공사,4981,3435,1546,23,1308,1313,957,778,602,20,760,917,708,550,480,3,548,396,249,228,122
20202,A,골목상권,3110130,답십리역 6번,5008,2174,2834,4,714,1041,1495,1390,364,2,492,707,504,247,222,2,222,334,991,1143,142
20202,A,골목상권,3110170,동대부여고,1909,989,920,3,252,420,535,456,243,1,90,195,287,248,168,2,162,225,248,208,75
20202,A,골목상권,3110172,광진초등학교,2650,1482,1168,56,464,506,558,636,430,25,237,266,298,348,308,31,227,240,260,288,122
20202,A,골목상권,3110173,구남초등학교,6227,3640,2587,15,457,1113,1646,2007,989,4,265,728,1023,979,641,11,192,385,623,1028,348
20202,A,골목상권,3110143,뚝섬유원지역 1번,1815,1480,335,4,196,506,523,433,153,1,151,416,440,351,121,3,45,90,83,82,32
20202,A,골목상권,3110165,국립정신건강센터,2364,1365,999,3,223,480,601,647,410,0,85,228,319,404,329,3,138,252,282,243,81
20202,A,골목상권,3110185,용두초등학교,8144,4248,3896,8,666,1891,2614,2141,824,3,322,1123,1308,948,544,5,344,768,1306,1193,280
20202,A,골목상권,3110313,안암역 3번,4007,2603,1404,7,479,974,1134,933,480,3,232,606,749,655,358,4,247,368,385,278,122
20202,A,골목상권,3110205,경희대삼거리,2042,1155,887,3,307,699,408,383,242,2,146,461,194,203,149,1,161,238,214,180,93
20202,A,골목상권,3110263,면목역 1번,2374,1295,1079,3,342,596,740,505,188,0,167,400,365,229,134,3,175,196,375,276,54
20202,A,골목상권,3110265,망우역 1번,2560,1588,972,13,240,367,540,748,652,2,93,155,261,513,564,11,147,212,279,235,88
20202,A,골목상권,3110272,신내1동주민센터,3286,2011,1275,4,411,585,632,841,813,4,214,329,339,496,629,0,197,256,293,345,184
20202,A,골목상권,3110429,공릉동 국수거리,4838,2587,2251,6,483,668,995,1400,1286,2,224,366,498,716,781,4,259,302,497,684,505
20202,A,골목상권,3110307,길음역 7번,2161,758,1403,9,665,611,420,293,163,0,120,232,163,133,110,9,545,379,257,160,53
20202,A,골목상권,3110310,길음역 10번,1961,875,1086,9,604,603,400,252,93,0,140,299,228,141,67,9,464,304,172,111,26
20202,A,골목상권,3110288,동구여중,1859,769,1090,6,181,454,656,400,162,0,55,184,238,173,119,6,126,270,418,227,43
20202,A,골목상권,3110326,장위동성당,1271,741,530,3,141,245,334,297,251,3,57,121,191,187,182,0,84,124,143,110,69
20202,A,골목상권,3110282,국민대학교앞,1906,1357,549,15,321,599,445,311,215,14,185,437,349,245,127,1,136,162,96,66,88
20202,A,골목상권,3110358,인수동 우편취급국,1765,939,826,2,170,270,351,489,483,0,51,121,160,260,347,2,119,149,191,229,136
20202,A,골목상권,3110404,신창초등학교,1553,862,691,11,174,258,430,465,215,8,68,144,234,271,137,3,106,114,196,194,78
20202,A,골목상권,3110380,강북문화정보도서관,592,293,299,0,63,86,106,169,168,0,17,49,52,80,95,0,46,37,54,89,73
20202,A,골목상권,3110370,도봉세무서,1155,642,513,7,84,180,290,317,277,6,25,81,136,177,217,1,59,99,154,140,60
20202,A,골목상권,3110359,수유시장옆,1979,746,1233,2,174,251,355,450,747,0,62,112,146,178,248,2,112,139,209,272,499
20202,A,골목상권,3110366,광산사거리,1102,553,549,2,152,230,302,260,156,0,71,120,146,119,97,2,81,110,156,141,59
20202,A,골목상권,3110391,샘말어린이공원,1105,495,610,0,95,176,215,283,336,0,30,73,100,108,184,0,65,103,115,175,152
20202,A,골목상권,3110386,연산군묘,898,534,364,0,132,210,207,211,138,0,60,118,124,120,112,0,72,92,83,91,26
20202,A,골목상권,3110385,효문고등학교,492,210,282,0,72,109,138,115,58,0,15,34,51,62,48,0,57,75,87,53,10
20202,A,골목상권,3110396,쌍문역1번(쌍리단길),873,388,485,4,110,167,201,233,158,1,36,63,88,108,92,3,74,104,113,125,66
20202,A,골목상권,3110438,경춘선숲길 우측,1262,670,592,2,165,313,395,265,122,1,79,159,202,145,84,1,86,154,193,120,38
20202,A,골목상권,3110472,연신내역 4번,2101,1115,986,9,291,420,561,452,368,4,112,235,265,229,270,5,179,185,296,223,98
20202,A,골목상권,3110458,선일여고,1561,717,844,5,204,370,371,412,199,2,85,168,169,166,127,3,119,202,202,246,72
20202,A,골목상권,3110460,구산역 4번,4098,2463,1635,10,303,617,938,1372,858,6,136,347,489,872,613,4,167,270,449,500,245
20202,A,골목상권,3110450,시립서북병원,3765,1891,1874,8,699,863,827,786,582,2,293,433,413,369,381,6,406,430,414,417,201
20202,A,골목상권,3110456,구산보건지소,2822,1445,1377,11,571,580,644,581,435,3,244,277,308,315,298,8,327,303,336,266,137
20202,A,골목상권,3110486,은평구청,3565,1859,1706,8,390,827,963,954,423,5,183,376,460,548,287,3,207,451,503,406,136
20202,A,골목상권,3110484,역촌역 3번,1849,903,946,7,208,399,493,442,300,5,86,179,219,212,202,2,122,220,274,230,98
20202,A,골목상권,3110461,새절역 2번,927,505,422,2,86,134,215,259,231,1,30,51,97,146,180,1,56,83,118,113,51
20202,A,골목상권,3110445,덕산중학교,1113,537,576,5,235,253,205,221,194,0,73,130,116,94,124,5,162,123,89,127,70
20202,A,골목상권,3110451,증산역 4번,2598,1818,780,3,354,592,647,619,383,2,156,421,488,450,301,1,198,171,159,169,82
20202,A,골목상권,3110446,내를건너서숲으로도서관,760,517,243,0,100,159,174,187,140,0,83,108,97,110,119,0,17,51,77,77,21
20202,A,골목상권,3110504,명지전문대,601,306,295,1,61,72,145,194,128,0,30,29,70,105,72,1,31,43,75,89,56
20202,A,골목상권,3110502,남가좌파출소,820,489,331,0,68,121,216,264,151,0,31,62,124,166,106,0,37,59,92,98,45
20202,A,골목상권,3110543,중암중학교,668,466,202,0,37,70,115,223,223,0,16,35,56,145,214,0,21,35,59,78,9
20202,A,골목상권,3110582,이대역 5번,907,344,563,2,105,192,252,226,130,1,24,52,78,110,79,1,81,140,174,116,51
20202,A,골목상권,3110520,경의중앙 신촌역,1500,752,748,8,322,367,324,282,197,5,111,177,147,168,144,3,211,190,177,114,53
20202,A,골목상권,3110566,경의선책거리,7387,4414,2973,27,1465,1717,1712,1423,1043,16,758,1040,1073,796,731,11,707,677,639,627,312
20202,A,골목상권,3110511,연희초등학교,5789,4486,1303,7,719,1297,1142,1990,634,1,495,983,811,1677,519,6,224,314,331,313,115
20202,A,골목상권,3110526,봉원사,367,217,150,1,22,70,135,80,59,1,9,35,92,46,34,0,13,35,43,34,25
20202,A,골목상권,3110585,마포경찰서,3239,2093,1146,1,420,1126,934,559,199,0,226,683,634,427,123,1,194,443,300,132,76
20202,A,골목상권,3110578,대흥역 2번,4903,3185,1718,78,872,1109,1037,1047,760,28,453,737,756,701,510,50,419,372,281,346,250
20202,A,골목상권,3110574,서강대학교,896,599,297,4,117,204,240,201,130,2,74,135,174,124,90,2,43,69,66,77,40
20202,A,골목상권,3110544,망리단길,6222,3617,2605,17,1248,1421,1318,976,1242,8,640,721,675,587,986,9,608,700,643,389,256
20202,A,골목상권,3110548,마포구청역 4번,5895,3452,2443,18,764,1118,1304,1728,963,10,390,797,862,809,584,8,374,321,442,919,379
20202,A,골목상권,3110557,홍대부속여중고앞,5872,3326,2546,15,903,1543,1632,1119,660,15,389,832,977,651,462,0,514,711,655,468,198
20202,A,골목상권,3110618,강서고등학교,3661,1791,1870,7,785,1002,801,724,342,3,195,468,416,435,274,4,590,534,385,289,68
20202,A,골목상권,3110596,서서울호수공원,2036,1321,715,5,229,365,459,585,393,2,117,220,272,383,327,3,112,145,187,202,66
20202,A,골목상권,3110599,신월1파출소,1680,1078,602,4,158,295,421,566,236,2,93,182,259,368,174,2,65,113,162,198,62
20202,A,골목상권,3110651,화원중학교,2712,1532,1180,8,300,556,660,686,502,6,148,340,365,391,282,2,152,216,295,295,220
20202,A,골목상권,3110623,갈산공원,1473,855,618,6,162,331,380,329,265,4,90,177,200,190,194,2,72,154,180,139,71
20202,A,골목상권,3110632,방화역 3번,3801,2575,1226,6,332,705,1119,1071,568,4,193,413,783,737,445,2,139,292,336,334,123
20202,A,골목상권,3110659,화곡역 4번,3626,1901,1725,18,457,804,957,853,537,15,183,460,522,422,299,3,274,344,435,431,238
20202,A,골목상권,3110722,G타워,19389,12310,7079,60,3607,6404,5129,2626,1563,29,1836,4264,3348,1661,1172,31,1771,2140,1781,965,391
20202,A,골목상권,3110682,온수역 8번,361,283,78,0,13,52,95,107,94,0,11,34,65,83,90,0,2,18,30,24,4
20202,A,골목상권,3110696,오류동역 1번,3475,2139,1336,33,914,1147,671,456,254,17,516,814,390,225,177,16,398,333,281,231,77
20202,A,골목상권,3110698,개웅초등학교(개웅중학교),2757,1234,1523,7,405,493,704,774,374,5,210,265,264,263,227,2,195,228,440,511,147
20202,A,골목상권,3110697,개봉3동주민센터,1101,686,415,1,168,226,252,244,210,1,77,141,156,157,154,0,91,85,96,87,56
20202,A,골목상권,3110688,오류지구대,1309,724,585,5,130,240,332,393,209,4,56,137,187,212,128,1,74,103,145,181,81
20202,A,골목상권,3110684,서울공연예술고등학교,980,521,459,4,124,208,238,273,133,2,54,118,122,154,71,2,70,90,116,119,62
20202,A,골목상권,3110728,두산초등학교,7779,4797,2982,17,403,805,1036,1484,4034,15,223,510,611,873,2565,2,180,295,425,611,1469
20202,A,골목상권,3110731,금천구청역 1번 출입구,4469,2258,2211,11,672,1215,1026,1039,506,6,276,550,486,608,332,5,396,665,540,431,174
20202,A,골목상권,3110730,서울축산농협 독산역지점(독산파출소),7158,4528,2630,15,350,639,810,1307,4037,13,197,420,491,801,2606,2,153,219,319,506,1431
20202,A,골목상권,3110752,한울중학교,2059,1251,808,13,294,388,526,539,299,10,181,248,303,289,220,3,113,140,223,250,79
20202,A,골목상권,3110753,시흥동 은행나무사거리,1767,985,782,8,199,364,416,443,337,7,105,218,220,235,200,1,94,146,196,208,137
20202,A,골목상권,3110743,시흥초등학교(시흥1동우체국),1901,835,1066,7,317,358,467,487,265,6,126,168,210,183,142,1,191,190,257,304,123
20202,A,골목상권,3110764,문래역 3번,3153,1905,1248,2,407,744,863,599,538,2,173,425,526,380,399,0,234,319,337,219,139
20202,A,골목상권,3110782,영등포시장역 4번,1839,1063,776,5,208,345,454,439,388,3,97,205,292,249,217,2,111,140,162,190,171
20202,A,골목상권,3110779,대림갑을명가아파트,800,491,309,1,87,130,177,235,170,0,44,84,105,135,123,1,43,46,72,100,47
20202,A,골목상권,3110765,문래동사거리,2020,1394,626,4,169,352,494,465,536,2,82,219,333,315,443,2,87,133,161,150,93
20202,A,골목상권,3110810,영신초등학교,2994,1643,1351,2,368,625,659,659,681,0,176,353,376,324,414,2,192,272,283,335,267
20202,A,골목상권,3110809,장훈고등학교,1484,885,599,1,203,345,302,292,341,0,102,180,180,183,240,1,101,165,122,109,101
20202,A,골목상권,3110824,대방역 3번,2129,1361,768,5,292,552,582,381,317,4,165,378,384,224,206,1,127,174,198,157,111
20202,A,골목상권,3110813,보라매역 6번,5419,3837,1582,9,1033,1296,1111,1526,444,6,590,941,791,1194,315,3,443,355,320,332,129
20202,A,골목상권,3110834,동작구자원봉사센터,2564,1472,1092,14,261,540,690,627,432,11,135,308,409,356,253,3,126,232,281,271,179
20202,A,골목상권,3110828,노량진역 6번,7261,4126,3135,15,905,2214,1977,1542,608,3,417,1160,1187,977,382,12,488,1054,790,565,226
20202,A,골목상권,3110827,NH농협은행 상도동지점,1082,439,643,2,105,183,271,274,247,1,38,79,104,103,114,1,67,104,167,171,133
20202,A,골목상권,3110852,이수역 9번,2529,1175,1354,5,473,620,696,447,288,1,132,264,309,240,229,4,341,356,387,207,59
20202,A,골목상권,3110905,방배노인종합복지관(이수중학교),5242,2054,3188,12,1165,1458,1271,885,451,1,334,540,486,427,266,11,831,918,785,458,185
20202,A,골목상권,3110851,경문고등학교(동작동성당),3368,1773,1595,14,635,1032,934,524,229,8,236,520,595,291,123,6,399,512,339,233,106
20202,A,골목상권,3110899,낙성대역 5번(관악중학교),4614,3107,1507,19,916,1345,1018,737,579,11,468,959,710,495,464,8,448,386,308,242,115
20202,A,골목상권,3110831,상도4동주민센터,1928,1233,695,2,251,423,419,532,301,2,136,263,284,407,141,0,115,160,135,125,160
20202,A,골목상권,3110873,당곡중학교,2525,1427,1098,7,341,547,627,540,463,4,156,299,352,290,326,3,185,248,275,250,137
20202,A,골목상권,3110841,중대부중,360,156,204,0,43,52,85,105,75,0,14,21,31,46,44,0,29,31,54,59,31
20202,A,골목상권,3110900,낙성대역 1번(관악구민 종합체육센터),4337,2627,1710,15,852,1276,966,653,575,7,368,802,610,388,452,8,484,474,356,265,123
20202,A,골목상권,3110892,관악구 중앙길,4005,1888,2117,12,627,825,985,859,697,7,212,389,474,444,362,5,415,436,511,415,335
20202,A,골목상권,3110866,난우중학교,1102,622,480,0,111,196,289,322,184,0,50,105,148,183,136,0,61,91,141,139,48
20202,A,골목상권,3110857,미성동주민센터,1238,578,660,17,154,236,276,322,233,13,73,114,121,124,133,4,81,122,155,198,100
20202,A,골목상권,3110875,보라매동주민센터(당곡고등학교),940,526,414,2,104,162,206,235,231,0,48,85,103,128,162,2,56,77,103,107,69
20202,A,골목상권,3110891,구암초등학교,1342,607,735,0,232,374,420,224,92,0,68,168,205,117,49,0,164,206,215,107,43
20202,A,골목상권,3110944,서울나래학교(염곡어린이공원),1156,798,358,10,148,272,221,240,265,8,109,212,164,151,154,2,39,60,57,89,111
20202,A,골목상권,3110942,염곡동 구룡사(포이동성당),13415,8394,5021,55,2287,3724,3222,2573,1554,26,1169,2292,2042,1698,1167,29,1118,1432,1180,875,387
20202,A,골목상권,3110920,방배역 2번(백석예술대학교),5016,3055,1961,91,1042,1259,931,793,900,26,459,731,622,507,710,65,583,528,309,286,190
20202,A,골목상권,3110910,내방역 5번,6436,3785,2651,20,1118,1455,1481,1224,1138,10,430,857,865,759,864,10,688,598,616,465,274
20202,A,골목상권,3110906,서문여고,11702,5247,6455,16,2248,2996,3566,2017,859,4,688,1244,1668,1074,569,12,1560,1752,1898,943,290
20202,A,골목상권,3110932,서울시인재개발원,4209,2306,1903,8,1038,1226,942,667,328,6,350,687,621,424,218,2,688,539,321,243,110
20202,A,골목상권,3110930,서초동성당,32660,17166,15494,63,6180,7719,7177,9753,1768,35,2030,3676,3572,6555,1298,28,4150,4043,3605,3198,470
20202,A,골목상권,3110931,삼성전자서울R&D(서울우면초등학교),211,106,105,0,53,63,49,28,18,0,20,37,22,17,10,0,33,26,27,11,8
20202,A,골목상권,3110938,바우뫼공원,4722,3197,1525,17,814,1339,1276,836,440,8,422,921,904,581,361,9,392,418,372,255,79
20202,A,골목상권,3110943,법제교육센터(버들어린이공원),5935,3672,2263,18,851,1433,1538,1193,902,10,470,907,945,696,644,8,381,526,593,497,258
20202,A,골목상권,3110994,개포고등학교,4345,2839,1506,57,867,1222,970,768,461,24,505,806,631,503,370,33,362,416,339,265,91
20202,A,골목상권,3110988,청담역 3번,14773,6151,8622,65,3286,4402,3877,2145,998,27,1018,1851,1536,1027,692,38,2268,2551,2341,1118,306
20202,A,골목상권,3111012,석촌역 6번,3563,1857,1706,6,341,717,926,795,778,4,123,380,473,406,471,2,218,337,453,389,307
20202,A,골목상권,3111043,마천공원,1725,1113,612,1,183,389,411,423,318,0,112,251,235,271,244,1,71,138,176,152,74
20202,A,골목상권,3111045,개미어린이공원,1629,952,677,8,240,270,383,466,262,2,144,178,243,239,146,6,96,92,140,227,116
20202,A,골목상권,3111047,마천1치안센터,1130,680,450,1,120,251,299,266,193,1,60,143,171,153,152,0,60,108,128,113,41
20202,A,골목상권,3111028,문현중학교(장지역 1번),2770,1677,1093,9,489,714,682,541,335,5,271,467,421,262,251,4,218,247,261,279,84
20202,A,골목상권,3111035,오금공원(오주중학교),2277,1464,813,2,256,487,582,635,315,1,148,328,395,374,218,1,108,159,187,261,97
20202,A,골목상권,3111053,성내천어린이공원(하니사랑길),13219,9342,3877,40,1620,2605,2692,3224,3038,16,990,1785,1878,2342,2331,24,630,820,814,882,707
20202,A,골목상권,3111087,고덕중학교(고덕2동주민센터),472,171,301,0,46,83,108,137,98,0,8,31,45,43,44,0,38,52,63,94,54
20202,A,골목상권,3111083,GS강동자이아파트,2192,1281,911,3,253,379,423,595,539,3,145,235,242,299,357,0,108,144,181,296,182
20202,A,골목상권,3111074,명일역 1번,1560,927,633,3,195,368,374,356,264,2,96,213,197,225,194,1,99,155,177,131,70
20202,A,골목상권,3111056,천호태영아파트,2371,1291,1080,1,166,256,372,396,1180,0,61,99,164,203,764,1,105,157,208,193,416
20202,A,골목상권,3111061,암사역 1번,3505,1543,1962,2,374,555,668,876,1030,1,150,309,306,294,483,1,224,246,362,582,547
20202,A,골목상권,3110036,동묘앞역 3번,1190,660,530,2,181,238,291,276,202,0,47,113,169,190,141,2,134,125,122,86,61
20202,A,골목상권,3110034,창신1동주민센터,1885,871,1014,8,319,394,521,412,231,7,104,157,206,228,169,1,215,237,315,184,62
20202,A,골목상권,3110028,이화달팽이길,3695,2004,1691,7,657,966,880,710,475,3,229,479,515,444,334,4,428,487,365,266,141
20202,A,골목상권,3110014,경복고등학교,1637,871,766,2,154,436,502,373,170,2,50,215,274,204,126,0,104,221,228,169,44
20202,A,골목상권,3110001,이북5도청사,3311,2335,976,10,598,774,665,978,286,6,331,504,493,810,191,4,267,270,172,168,95
20202,A,골목상권,3110286,한성대입구역 5번,4861,2170,2691,20,736,1306,1268,999,532,9,240,613,591,455,262,11,496,693,677,544,270
20202,A,골목상권,3110283,성북초등학교앞,2067,1295,772,12,288,580,641,380,166,8,150,391,427,218,101,4,138,189,214,162,65
20204,A,골목상권,3111087,고덕중학교(고덕2동주민센터),472,171,301,0,46,83,108,137,98,0,8,31,45,43,44,0,38,52,63,94,54
20204,A,골목상권,3111083,GS강동자이아파트,2192,1281,911,3,253,379,423,595,539,3,145,235,242,299,357,0,108,144,181,296,182
20204,A,골목상권,3111074,명일역 1번,1560,927,633,3,195,368,374,356,264,2,96,213,197,225,194,1,99,155,177,131,70
20204,A,골목상권,3111056,천호태영아파트,2371,1291,1080,1,166,256,372,396,1180,0,61,99,164,203,764,1,105,157,208,193,416
20204,A,골목상권,3111061,암사역 1번,3505,1543,1962,2,374,555,668,876,1030,1,150,309,306,294,483,1,224,246,362,582,547
20204,A,골목상권,3110036,동묘앞역 3번,1190,660,530,2,181,238,291,276,202,0,47,113,169,190,141,2,134,125,122,86,61
20204,A,골목상권,3110034,창신1동주민센터,1885,871,1014,8,319,394,521,412,231,7,104,157,206,228,169,1,215,237,315,184,62
20204,A,골목상권,3110028,이화달팽이길,3695,2004,1691,7,657,966,880,710,475,3,229,479,515,444,334,4,428,487,365,266,141
20204,A,골목상권,3110014,경복고등학교,1637,871,766,2,154,436,502,373,170,2,50,215,274,204,126,0,104,221,228,169,44
20204,A,골목상권,3110001,이북5도청사,3311,2335,976,10,598,774,665,978,286,6,331,504,493,810,191,4,267,270,172,168,95
20204,A,골목상권,3110286,한성대입구역 5번,4861,2170,2691,20,736,1306,1268,999,532,9,240,613,591,455,262,11,496,693,677,544,270
20204,A,골목상권,3110283,성북초등학교앞,2067,1295,772,12,288,580,641,380,166,8,150,391,427,218,101,4,138,189,214,162,65
20204,A,골목상권,3110069,숙대입구,5692,2925,2767,14,842,1738,1501,985,612,6,238,745,833,646,457,8,604,993,668,339,155
20204,A,골목상권,3110285,홍대부중,2796,1807,989,11,479,748,779,536,243,6,237,471,486,420,187,5,242,277,293,116,56
20204,A,골목상권,3110053,청구역 1번,1887,973,914,1,292,413,473,444,264,0,94,203,258,251,167,1,198,210,215,193,97
20204,A,골목상권,3110040,중구회현체육센터(정화예술대남산캠퍼스),15872,7161,8711,64,2309,4970,5377,2758,394,8,703,2069,2118,2073,190,56,1606,2901,3259,685,204
20204,A,골목상권,3110039,회현역 1번,23622,11623,11999,133,4395,7509,7184,3821,580,38,1547,3599,3487,2668,284,95,2848,3910,3697,1153,296
20204,A,골목상권,3110077,삼광초등학교,1617,1102,515,8,162,358,490,381,218,7,93,234,360,254,154,1,69,124,130,127,64
20204,A,골목상권,3110072,열정도,1822,1125,697,9,264,375,438,367,369,3,123,236,278,230,255,6,141,139,160,137,114
20204,A,골목상권,3110059,새남터성지,2836,1935,901,8,404,789,837,608,190,3,181,500,636,477,138,5,223,289,201,131,52
20204,A,골목상권,3110095,한강진역 3번,5622,3227,2395,35,1349,2001,1256,664,317,20,544,1116,858,496,193,15,805,885,398,168,124
20204,A,골목상권,3110097,한남초등학교,5721,3746,1975,12,1028,2374,1313,590,404,7,478,1484,985,454,338,5,550,890,328,136,66
20204,A,골목상권,3110106,금북초등학교,123,49,74,0,15,25,38,29,16,0,2,11,13,12,11,0,13,14,25,17,5
20204,A,골목상권,3110103,옥수터널,545,284,261,1,45,141,155,157,46,0,17,64,87,85,31,1,28,77,68,72,15
20204,A,골목상권,3110137,성수초등학교,14338,9448,4890,60,2205,3717,3817,2875,1664,46,1146,2457,2601,1900,1298,14,1059,1260,1216,975,366
20204,A,골목상권,3110138,송정체육공원,2546,1233,1313,1,395,634,646,528,342,0,147,319,328,219,220,1,248,315,318,309,122
20204,A,골목상권,3110150,중곡1동 마을마당,5687,2821,2866,84,1470,1113,1132,1310,578,30,642,611,577,542,419,54,828,502,555,768,159
20204,A,골목상권,3110175,푸른동산공원,7435,3844,3591,8,711,1236,1667,2238,1575,4,374,802,970,930,764,4,337,434,697,1308,811
20204,A,골목상권,3110177,동의초등학교,1191,614,577,1,140,224,315,322,189,0,46,118,168,160,122,1,94,106,147,162,67
20204,A,골목상권,3110146,신자초등학교,2819,2113,706,7,317,659,835,751,250,3,224,506,625,563,192,4,93,153,210,188,58
20204,A,골목상권,3110195,동대문구청,3806,1797,2009,5,412,804,896,1082,607,3,155,327,374,598,340,2,257,477,522,484,267
20204,A,골목상권,3110201,전농119안전센터,669,454,215,0,93,145,215,139,77,0,61,94,144,99,56,0,32,51,71,40,21
20204,A,골목상권,3110189,제기동역 1번,4287,2552,1735,8,675,1174,895,684,851,2,252,688,568,412,630,6,423,486,327,272,221
20204,A,골목상권,3110215,회기역 1번,2285,799,1486,3,612,739,515,282,134,1,114,254,199,124,107,2,498,485,316,158,27
20204,A,골목상권,3110224,외대앞역 2번,1271,746,525,3,119,240,371,332,206,1,48,142,229,232,94,2,71,98,142,100,112
20204,A,골목상권,3110214,경희대후문,3212,1375,1837,1,688,904,837,553,229,1,133,324,406,334,177,0,555,580,431,219,52
20204,A,골목상권,3110334,석관중앙교회,1188,720,468,0,136,249,282,330,191,0,69,127,145,232,147,0,67,122,137,98,44
20204,A,골목상권,3110232,동대부고,2450,1295,1155,3,270,438,601,702,436,1,110,219,302,355,308,2,160,219,299,347,128
20204,A,골목상권,3110190,고대앞사거리,2811,1514,1297,5,408,813,812,528,245,2,171,410,436,326,169,3,237,403,376,202,76
20204,A,골목상권,3110196,홍릉근린공원,813,501,312,1,63,163,273,228,85,1,32,79,174,139,76,0,31,84,99,89,9
20204,A,골목상권,3110312,안암역 2번,1646,844,802,1,199,449,557,333,107,0,70,193,307,200,74,1,129,256,250,133,33
20204,A,골목상권,3110222,회기역 2번,2106,1033,1073,1,371,448,535,549,202,0,86,231,303,298,115,1,285,217,232,251,87
20204,A,골목상권,3110273,장스여성병원,1451,933,518,9,121,171,256,458,436,1,29,69,134,320,380,8,92,102,122,138,56
20204,A,골목상권,3110260,면목역 3번,2350,1372,978,3,344,558,668,508,269,0,147,374,336,286,229,3,197,184,332,222,40
20204,A,골목상권,3110238,배꽃어린이공원,1298,1025,273,1,203,312,289,312,181,1,146,248,219,268,143,0,57,64,70,44,38
20204,A,골목상권,3110257,상봉역 7번,1447,1068,379,2,86,174,301,412,472,1,40,93,179,332,423,1,46,81,122,80,49
20204,A,골목상권,3110239,중랑역 2번,478,213,265,1,58,81,106,116,116,0,23,34,39,50,67,1,35,47,67,66,49
20204,A,골목상권,3110294,서경대학교,1909,1071,838,1,218,284,476,532,398,0,68,128,255,335,285,1,150,156,221,197,113
20204,A,골목상권,3110316,숭곡초등학교,3255,1971,1284,7,264,440,671,666,1207,6,113,208,325,382,937,1,151,232,346,284,270
20204,A,골목상권,3110303,성신여대입구역 1번,1418,675,743,8,188,301,315,361,245,3,62,134,147,190,139,5,126,167,168,171,106
20204,A,골목상권,3110293,삼선중학교,15384,8771,6613,60,2292,3733,4993,2745,1561,27,1049,2116,3024,1840,715,33,1243,1617,1969,905,846
20204,A,골목상권,3110305,보문역 5번,6037,4718,1319,11,742,2042,1228,1245,769,5,463,1703,1006,1012,529,6,279,339,222,233,240
20204,A,골목상권,3110331,돌곶이역 8번,1135,748,387,4,137,251,271,224,248,0,50,166,174,147,211,4,87,85,97,77,37
20204,A,골목상권,3110423,석계역 2번,1311,574,737,4,152,235,386,321,213,2,65,110,173,127,97,2,87,125,213,194,116
20204,A,골목상권,3110319,종암동주민센터,1893,933,960,3,270,388,460,529,243,1,103,217,229,277,106,2,167,171,231,252,137
20204,A,골목상권,3110322,장위1동주민센터,871,527,344,2,161,181,190,183,154,1,77,118,116,111,104,1,84,63,74,72,50
20204,A,골목상권,3110361,삼양사거리역 1번,993,499,494,2,47,112,177,256,399,1,14,50,90,149,195,1,33,62,87,107,204
20204,A,골목상권,3110364,미아역 8번,1531,881,650,2,169,302,433,416,209,1,79,160,252,251,138,1,90,142,181,165,71
20204,A,골목상권,3110360,수유초등학교,2034,877,1157,5,275,331,439,521,463,1,65,139,157,219,296,4,210,192,282,302,167
20204,A,골목상권,3110381,번동주공2단지,791,418,373,5,81,172,201,218,114,4,26,69,100,134,85,1,55,103,101,84,29
20204,A,골목상권,3110363,송천동주민센터,409,210,199,2,30,68,123,98,88,1,8,30,50,50,71,1,22,38,73,48,17
20204,A,골목상권,3110371,삼양입구사거리,930,529,401,1,86,197,218,253,175,1,33,94,108,159,134,0,53,103,110,94,41
20204,A,골목상권,3110374,송중초등학교,1719,817,902,7,155,286,471,442,358,6,44,101,191,221,254,1,111,185,280,221,104
20204,A,골목상권,3110357,가오리역 1번,2168,1460,708,1,94,117,339,588,1029,0,22,54,236,446,702,1,72,63,103,142,327
20204,A,골목상권,3110340,인수중학교,1210,779,431,6,158,254,272,328,192,6,80,172,168,192,161,0,78,82,104,136,31
20204,A,골목상권,3110341,북한산우이역 2번,566,439,127,0,22,43,96,273,132,0,5,15,59,245,115,0,17,28,37,28,17
20204,A,골목상권,3110390,방학초등학교,1597,753,844,3,167,399,387,400,241,2,55,196,185,170,145,1,112,203,202,230,96
20204,A,골목상권,3110408,가인초등학교,5003,3437,1566,5,529,1188,1209,961,1111,3,315,894,903,569,753,2,214,294,306,392,358
20204,A,골목상권,3110433,공릉역 2번,3355,1631,1724,8,286,413,725,1012,911,3,111,214,339,463,501,5,175,199,386,549,410
20204,A,골목상권,3110462,갈현건영아파트,1644,949,695,7,239,380,374,357,287,5,127,224,218,183,192,2,112,156,156,174,95
20204,A,골목상권,3110468,응암역 3번,3641,1667,1974,6,385,681,1020,975,574,1,133,299,452,447,335,5,252,382,568,528,239
20204,A,골목상권,3110478,응암1동주민센터,2441,1361,1080,5,214,382,537,597,706,3,104,189,272,292,501,2,110,193,265,305,205
20204,A,골목상권,3110481,불광역 7번,1180,586,594,2,144,250,312,287,185,2,57,126,153,135,113,0,87,124,159,152,72
20204,A,골목상권,3110443,수색역 1번,216,134,82,0,17,25,57,64,53,0,8,14,33,40,39,0,9,11,24,24,14
20204,A,골목상권,3110463,응암3동주민센터,974,399,575,1,102,172,257,281,161,0,35,51,90,125,98,1,67,121,167,156,63
20204,A,골목상권,3110459,응암역 2번,3086,1443,1643,3,303,575,877,817,511,0,113,267,388,352,323,3,190,308,489,465,188
20204,A,골목상권,3110495,북가좌2동주민센터,3425,1703,1722,7,515,851,808,729,515,3,154,458,454,363,271,4,361,393,354,366,244
20204,A,골목상권,3110507,명지대학교,3062,2160,902,30,511,879,694,667,281,27,328,632,494,452,227,3,183,247,200,215,54
20204,A,골목상권,3110584,아현역 4번,1154,595,559,2,327,402,209,121,93,1,129,232,107,64,62,1,198,170,102,57,31
20204,A,골목상권,3110528,서울여자간호대학교,7567,1522,6045,6,217,511,2006,3643,1184,1,75,158,342,456,490,5,142,353,1664,3187,694
20204,A,골목상권,3110556,절두산순교성지,1036,634,402,3,129,274,296,242,92,3,52,152,183,174,70,0,77,122,113,68,22
20204,A,골목상권,3110580,양원초등학교,498,212,286,1,65,95,130,125,82,0,16,34,56,63,43,1,49,61,74,62,39
20204,A,골목상권,3110545,마포구청역 1번,2002,1003,999,13,262,386,532,510,299,6,101,203,265,254,174,7,161,183,267,256,125
20204,A,골목상권,3110568,광흥창역 1번,1865,940,925,2,319,532,473,379,160,0,93,278,268,220,81,2,226,254,205,159,79
20204,A,골목상권,3110622,달마을공원,3703,2251,1452,3,469,828,1090,957,356,2,224,483,702,584,256,1,245,345,388,373,100
20204,A,골목상권,3110675,화곡4동주민센터,2797,1278,1519,5,643,758,578,544,269,4,133,328,273,318,222,1,510,430,305,226,47
20204,A,골목상권,3110672,백석중학교,3412,1929,1483,2,392,661,820,891,646,1,172,329,509,533,385,1,220,332,311,358,261
20204,A,골목상권,3110601,신월1동우편취급국,2705,1819,886,9,277,464,638,855,462,4,152,304,424,572,363,5,125,160,214,283,99
20204,A,골목상권,3110609,신정네거리역 2번,3128,2387,741,7,203,302,527,602,1487,2,96,167,286,425,1411,5,107,135,241,177,76
20204,A,골목상권,3110598,신월문화체육센터,3588,2130,1458,4,271,421,690,983,1219,3,154,260,389,589,735,1,117,161,301,394,484
20204,A,골목상권,3110655,발산역 5번,4161,1917,2244,5,419,692,805,852,1388,3,173,359,411,358,613,2,246,333,394,494,775
20204,A,골목상권,3110652,양천향교역 2번,5355,3360,1995,14,588,1103,1158,1394,1098,8,298,697,700,851,806,6,290,406,458,543,292
20204,A,골목상권,3110630,공항시장역 1번,3398,1986,1412,9,371,571,654,788,1005,3,149,321,407,512,594,6,222,250,247,276,411
20204,A,골목상권,3110660,등촌3동주민센터,10361,5421,4940,46,1465,2249,2361,2354,1886,16,655,1444,1390,1025,891,30,810,805,971,1329,995
20204,A,골목상권,3110645,우장산역 4번,6211,3689,2522,11,755,1459,1633,1576,777,7,408,941,907,852,574,4,347,518,726,724,203
20204,A,골목상권,3110640,방화역 1번,4330,2746,1584,7,432,979,1112,1131,669,5,222,521,675,783,540,2,210,458,437,348,129
20204,A,골목상권,3110695,개봉1동주민센터,2132,1220,912,8,180,491,579,523,351,7,99,290,309,285,230,1,81,201,270,238,121
20204,A,골목상권,3110692,큰굴다리,3257,2221,1036,5,464,656,827,912,393,4,364,453,539,571,290,1,100,203,288,341,103
20204,A,골목상권,3110714,구로4동주민센터,3993,2731,1262,7,467,935,917,1103,564,4,223,587,636,850,431,3,244,348,281,253,133
20204,A,골목상권,3110715,구로구민회관,4993,2481,2512,4,601,1291,1353,1189,555,2,225,636,658,644,316,2,376,655,695,545,239
20204,A,골목상권,3110708,화원어린이공원,1274,488,786,6,311,266,296,208,187,1,66,71,108,97,145,5,245,195,188,111,42
20204,A,골목상권,3110713,구로보건소,7675,4823,2852,13,1134,1919,2115,1590,904,6,626,1277,1358,961,595,7,508,642,757,629,309
20204,A,골목상권,3110718,한국SGI본부,6477,4079,2398,33,1087,1712,1798,1241,606,26,598,1087,1157,798,413,7,489,625,641,443,193
20204,A,골목상권,3110707,구로창업지원센터,5470,4040,1430,11,555,1651,1506,1116,631,9,302,1244,1178,827,480,2,253,407,328,289,151
20204,A,골목상권,3110727,독산역 1번 출입구,3120,2126,994,18,378,675,804,825,420,18,221,481,534,577,295,0,157,194,270,248,125
20204,A,골목상권,3110726,금천철쭉어린이공원(금하마을),1222,795,427,13,185,229,245,307,243,11,116,157,160,167,184,2,69,72,85,140,59
20204,A,골목상권,3110738,문성초등학교,2470,1462,1008,12,359,479,571,602,447,3,208,314,345,327,265,9,151,165,226,275,182
20204,A,골목상권,3110744,독산동성당,2100,1247,853,1,190,325,415,592,577,0,116,185,232,327,387,1,74,140,183,265,190
20204,A,골목상권,3110754,삼성산자연공원(서울금천초등학교),1854,1031,823,19,228,370,484,441,312,12,101,240,284,208,186,7,127,130,200,233,126
20204,A,골목상권,3110734,금천파출소,1807,760,1047,8,475,533,360,289,142,3,200,263,141,92,61,5,275,270,219,197,81
20204,A,골목상권,3110747,석수역 1번 출입구,1082,802,280,4,73,141,239,286,339,4,48,101,156,202,291,0,25,40,83,84,48
20204,A,골목상권,3110819,신대방역 4번,5159,3199,1960,20,841,1350,1310,962,676,14,426,897,852,558,452,6,415,453,458,404,224
20204,A,골목상권,3110781,대림한신아파트,2145,1183,962,3,313,387,472,543,427,0,106,213,256,304,304,3,207,174,216,239,123
20204,A,골목상권,3110776,도신초등학교,4342,3047,1295,14,543,1061,1275,922,527,5,283,767,959,627,406,9,260,294,316,295,121
20204,A,골목상권,3110798,신풍역 2번,1786,1078,708,7,160,456,560,380,223,6,95,279,287,241,170,1,65,177,273,139,53
20204,A,골목상권,3110792,영등포역 2번,4524,2496,2028,35,680,1023,1028,1131,627,16,283,485,583,698,431,19,397,538,445,433,196
20204,A,골목상권,3110756,문래중학교,1572,1015,557,2,185,356,383,362,284,0,97,271,248,213,186,2,88,85,135,149,98
20204,A,골목상권,3110801,신풍역 6번(신길6동공영주차장),245,84,161,1,32,37,52,64,59,0,1,12,15,24,32,1,31,25,37,40,27
20204,A,골목상권,3110812,신길6동주민센터,2401,1555,846,4,382,558,565,498,394,3,189,346,367,345,305,1,193,212,198,153,89
20204,A,골목상권,3110811,보라매역 4번,1485,937,548,4,212,413,375,284,197,3,100,268,233,183,150,1,112,145,142,101,47
20204,A,골목상권,3110820,성남고등학교,4803,3512,1291,4,807,999,907,1587,499,3,498,725,655,1252,379,1,309,274,252,335,120
20204,A,골목상권,3110800,영등포동성당,4742,2638,2104,14,1219,1149,1000,824,536,6,385,590,637,579,441,8,834,559,363,245,95
20204,A,골목상권,3110806,서울시립영등포장애인복지관,2220,1555,665,16,339,498,524,501,342,8,181,328,388,376,274,8,158,170,136,125,68
20204,A,골목상권,3110839,숭실대입구역 4번,3303,2046,1257,2,371,954,1107,622,247,1,177,536,682,434,216,1,194,418,425,188,31
20204,A,골목상권,3110833,상도역 2번,1336,685,651,6,207,356,332,277,158,2,88,215,184,115,81,4,119,141,148,162,77
20204,A,골목상권,3110876,서원동주민센터(신관중학교),1010,458,552,0,95,206,235,294,180,0,31,95,124,113,95,0,64,111,111,181,85
20204,A,골목상권,3110889,봉천역 6번,1263,796,467,1,114,181,251,361,355,0,57,94,152,270,223,1,57,87,99,91,132
20204,A,골목상권,3110901,인헌고등학교(인헌중학교),1830,934,896,7,276,482,543,370,152,4,127,251,267,170,115,3,149,231,276,200,37
20204,A,골목상권,3110919,내방역 8번,17656,12077,5579,47,2980,5187,5004,3205,1233,19,1390,3288,3826,2627,927,28,1590,1899,1178,578,306
20204,A,골목상권,3110908,구반포역,8972,4814,4158,21,1548,2263,2440,2159,541,21,607,1187,1452,1153,394,0,941,1076,988,1006,147
20204,A,골목상권,3110916,내방역 4번,9127,6122,3005,73,1885,2725,2144,1385,915,60,1124,1946,1492,851,649,13,761,779,652,534,266
20204,A,골목상권,3110914,내방역 6번,6099,3888,2211,13,1069,1570,1366,1162,919,9,527,958,903,780,711,4,542,612,463,382,208
20204,A,골목상권,3110981,국악고교사거리,4814,3009,1805,11,674,1061,1231,1002,835,3,342,675,767,584,638,8,332,386,464,418,197
20204,A,골목상권,3110952,논현목련공원,6619,4360,2259,19,1063,1760,1774,1271,732,13,616,1186,1215,839,491,6,447,574,559,432,241
20204,A,골목상권,3110953,학동근린공원,21063,12969,8094,82,5828,6708,4428,2577,1440,26,2619,4180,3209,1850,1085,56,3209,2528,1219,727,355
20204,A,골목상권,3110968,강남구청역 2번,13705,8449,5256,49,2620,3694,3410,2525,1407,16,1163,2112,2388,1751,1019,33,1457,1582,1022,774,388
20204,A,골목상권,3110966,논현2동주민센터,18787,11747,7040,55,3807,5812,4775,2774,1564,16,1620,3352,3408,2154,1197,39,2187,2460,1367,620,367
20204,A,골목상권,3110973,강남구청역 4번,10030,5790,4240,39,1911,2711,2341,1849,1179,16,845,1639,1467,1073,750,23,1066,1072,874,776,429
20204,A,골목상권,3110996,대치2동주민센터,35867,16914,18953,262,6657,8765,8045,7435,4703,105,3082,5222,4330,2505,1670,157,3575,3543,3715,4930,3033
20204,A,골목상권,3110982,강남구보훈회관,4003,2221,1782,8,984,1036,920,571,484,5,350,614,590,298,364,3,634,422,330,273,120
20204,A,골목상권,3111002,한국교통안전공단 강남자동차검사소,409,194,215,0,27,74,87,129,92,0,8,39,41,58,48,0,19,35,46,71,44
20204,A,골목상권,3110987,영동대교남단,6140,4147,1993,37,1147,1773,1594,1067,522,17,553,1233,1221,750,373,20,594,540,373,317,149
20204,A,골목상권,3111022,석촌중학교(방이육교),7523,4484,3039,23,1128,1955,1970,1642,805,9,549,1248,1293,845,540,14,579,707,677,797,265
20204,A,골목상권,3111041,거여역 8번,2127,1468,659,8,544,521,474,308,272,6,288,381,370,220,203,2,256,140,104,88,69
20204,A,골목상권,3111031,장지동주민센터(한림연예예술고교),34991,27580,7411,16,3048,6307,10062,13354,2204,7,1885,4657,7895,11621,1515,9,1163,1650,2167,1733,689
20204,A,골목상권,3111014,송파나루역 2번,9836,5551,4285,11,1370,2414,2283,2319,1439,5,597,1499,1467,1202,781,6,773,915,816,1117,658
20204,A,골목상권,3111073,둔촌동역 1번(한산중학교),3288,1796,1492,11,429,739,851,706,552,8,165,384,502,371,366,3,264,355,349,335,186
20204,A,골목상권,3110004,대신고등학교,402,232,170,6,56,96,96,104,44,5,32,54,54,53,34,1,24,42,42,51,10
20204,A,골목상권,3111072,굽은다리역 1번(십자성마을),2946,1789,1157,8,298,573,759,699,609,3,146,346,440,433,421,5,152,227,319,266,188
20204,A,골목상권,3111084,길동신동아아파트,1097,568,529,2,102,184,201,327,281,2,56,104,100,149,157,0,46,80,101,178,124
20204,A,골목상권,3110017,정독도서관,4793,3571,1222,1,747,1261,1255,1054,475,1,404,870,1019,890,387,0,343,391,236,164,88
20204,A,골목상권,3110002,독립문역 1번,616,177,439,7,166,170,151,84,38,6,34,34,51,28,24,1,132,136,100,56,14
20204,A,골목상권,3110031,창신역 1번,499,243,256,2,65,123,115,127,67,0,17,56,56,68,46,2,48,67,59,59,21
20204,A,골목상권,3110181,신설동역 9번,11325,6319,5006,32,1034,2438,3253,2841,1727,17,532,1500,1747,1415,1108,15,502,938,1506,1426,619
20204,A,골목상권,3110025,충신시장옆,2953,1750,1203,6,522,768,705,591,361,1,198,408,447,419,277,5,324,360,258,172,84
20204,A,골목상권,3110291,한성대입구역 3번,2792,1638,1154,3,210,450,857,801,471,1,83,257,522,485,290,2,127,193,335,316,181
20204,A,골목상권,3110026,종로5가역 4번,1316,680,636,4,165,282,370,283,212,1,63,132,176,155,153,3,102,150,194,128,59
20204,A,골목상권,3110016,평창동동측,12725,5785,6940,17,1035,3438,5042,2657,536,8,355,1373,2545,1209,295,9,680,2065,2497,1448,241
20204,A,골목상권,3110020,서울국제고등학교,2158,1200,958,4,389,630,516,385,234,3,162,347,310,219,159,1,227,283,206,166,75
20204,A,골목상권,3110048,장충동주민센터,10743,5949,4794,32,1907,2975,2905,2265,659,5,684,1762,1731,1314,453,27,1223,1213,1174,951,206
20204,A,골목상권,3110046,버티고개,2463,1750,713,3,241,901,673,506,139,0,143,678,502,330,97,3,98,223,171,176,42
20204,A,골목상권,3110047,다산성곽길,5084,2935,2149,11,1086,1445,1154,887,501,3,410,865,765,531,361,8,676,580,389,356,140
20204,A,골목상권,3110539,미근동,12732,7479,5253,42,2010,4180,3436,2242,822,19,832,2371,2093,1519,645,23,1178,1809,1343,723,177
20204,A,골목상권,3110110,상왕십리역 6번,2405,1457,948,12,383,537,534,531,408,3,127,319,375,375,258,9,256,218,159,156,150
20204,A,골목상권,3110066,서울역 15번,4167,2123,2044,9,838,1274,877,641,528,4,288,582,482,374,393,5,550,692,395,267,135
20204,A,골목상권,3110591,충정로역 6번,3780,2155,1625,0,729,1051,1004,652,344,0,358,619,586,387,205,0,371,432,418,265,139
20204,A,골목상권,3110086,이태원역 북측,13166,6107,7059,36,4072,5077,2603,1007,371,14,1114,2293,1610,799,277,22,2958,2784,993,208,94
20204,A,골목상권,3110085,경리단길남측,12274,5390,6884,26,3823,4925,2402,861,237,12,993,2133,1397,675,180,14,2830,2792,1005,186,57
20204,A,골목상권,3110105,금동어린이공원,2664,1110,1554,16,327,830,1025,337,129,1,110,292,450,175,82,15,217,538,575,162,47
20204,A,골목상권,3110116,청계천박물관,6537,4739,1798,43,541,1177,1527,2151,1098,31,326,844,1178,1561,799,12,215,333,349,590,299
20204,A,골목상권,3110128,성원중학교,3542,2310,1232,18,454,892,940,801,437,8,266,660,634,494,248,10,188,232,306,307,189
20204,A,골목상권,3110120,서울숲카페거리,835,506,329,0,85,162,225,202,161,0,41,83,109,130,143,0,44,79,116,72,18
20204,A,골목상권,3110124,뚝섬역교차로,2595,1874,721,12,366,472,586,575,584,10,183,303,387,461,530,2,183,169,199,114,54
20204,A,골목상권,3110129,성원어린이공원,3599,2300,1299,18,579,846,820,729,607,14,311,541,561,470,403,4,268,305,259,259,204
20204,A,골목상권,3110132,성수2가3동주민센터,3491,2130,1361,9,415,835,861,811,560,8,209,510,554,495,354,1,206,325,307,316,206
20204,A,골목상권,3110223,군자초등학교,3357,2271,1086,35,621,967,788,549,397,8,327,680,552,382,322,27,294,287,236,167,75
20204,A,골목상권,3110111,대현산장미원,74,52,22,0,7,13,12,21,21,0,6,5,6,16,19,0,1,8,6,5,2
20204,A,골목상권,3110166,구의1동주민센터,13530,10491,3039,13,880,2121,3757,5357,1402,11,448,1352,2902,4600,1178,2,432,769,855,757,224
20204,A,골목상권,3110160,광진경찰서,1622,1121,501,1,270,514,389,345,103,1,174,364,263,239,80,0,96,150,126,106,23
20204,A,골목상권,3110164,아차산역 5번,2452,1482,970,7,311,484,595,582,473,2,153,274,370,328,355,5,158,210,225,254,118
20204,A,골목상권,3110145,장안초등학교,626,318,308,0,48,90,132,215,141,0,20,45,59,100,94,0,28,45,73,115,47
20204,A,골목상권,3110158,중곡3동주민센터,1689,1085,604,3,201,401,431,405,248,0,113,280,259,259,174,3,88,121,172,146,74
20204,A,골목상권,3110253,중곡초등학교,1551,1093,458,2,104,216,386,589,254,1,47,124,250,474,197,1,57,92,136,115,57
20204,A,골목상권,3110227,답십리공원,3666,2141,1525,43,1527,620,564,543,369,25,873,404,327,274,238,18,654,216,237,269,131
20204,A,골목상권,3110192,동의보감타워,1689,798,891,2,156,273,358,433,467,0,54,114,189,200,241,2,102,159,169,233,226
20204,A,골목상권,3110182,용두희망어린이공원,6164,2634,3530,4,747,1233,1297,1729,1154,0,240,665,668,567,494,4,507,568,629,1162,660
20204,A,골목상권,3110208,시조사삼거리,1810,1056,754,3,255,573,311,351,317,2,120,403,184,193,154,1,135,170,127,158,163
20204,A,골목상권,3110191,고려대역 6번,817,524,293,1,45,155,267,206,143,1,24,76,163,146,114,0,21,79,104,60,29
20204,A,골목상권,3110193,고려대역 4번,827,531,296,1,49,167,287,216,107,1,25,93,176,149,87,0,24,74,111,67,20
20204,A,골목상권,3110274,서일대학교,1874,1209,665,2,153,270,455,529,465,1,54,150,285,380,339,1,99,120,170,149,126
20204,A,골목상권,3110270,혜원여고,1057,631,426,0,86,153,246,300,272,0,32,87,130,187,195,0,54,66,116,113,77
20204,A,골목상권,3110277,러스크서울병원,1417,798,619,5,161,220,285,429,317,1,56,69,143,266,263,4,105,151,142,163,54
20204,A,골목상권,3110249,중화역 1번,2900,1839,1061,1,380,672,715,696,436,1,208,379,410,482,359,0,172,293,305,214,77
20204,A,골목상권,3110250,화랑대역 7번,1016,501,515,5,84,215,300,277,135,1,28,102,135,142,93,4,56,113,165,135,42
20204,A,골목상권,3110235,세화어린이공원,352,192,160,6,86,56,94,66,44,5,50,30,41,35,31,1,36,26,53,31,13
20204,A,골목상권,3110306,미아초등학교,5040,2548,2492,418,2027,1281,681,387,246,176,903,701,375,192,201,242,1124,580,306,195,45
20204,A,골목상권,3110304,보문역 4번,3586,1900,1686,4,465,1014,939,889,275,3,200,485,478,545,189,1,265,529,461,344,86
20204,A,골목상권,3110336,석관고등학교,933,606,327,1,108,181,209,262,172,0,57,97,124,192,136,1,51,84,85,70,36
20204,A,골목상권,3110327,상월곡역 2번,1727,1049,678,4,291,422,476,347,187,1,146,269,289,200,144,3,145,153,187,147,43
20204,A,골목상권,3110330,돌곶이역 1번,785,481,304,1,83,124,161,170,246,0,26,63,88,101,203,1,57,61,73,69,43
20204,A,골목상권,3110335,석계역 7번,2390,1663,727,2,154,218,357,467,1192,0,68,110,204,330,951,2,86,108,153,137,241
20204,A,골목상권,3110332,돌곶이역 3번,2136,1489,647,1,156,186,243,364,1186,0,59,94,136,223,977,1,97,92,107,141,209
20204,A,골목상권,3110389,한일병원,2913,1480,1433,1,556,681,702,645,328,1,161,333,390,368,227,0,395,348,312,277,101
20204,A,골목상권,3110347,구세군강북종합사회복지관,229,109,120,0,29,43,60,41,56,0,5,15,30,21,38,0,24,28,30,20,18
20204,A,골목상권,3110344,화계중학교,765,403,362,0,70,135,208,278,74,0,39,56,106,139,63,0,31,79,102,139,11
20204,A,골목상권,3110353,수유동우체국,2195,1467,728,0,76,117,357,593,1052,0,17,56,240,437,717,0,59,61,117,156,335
20204,A,골목상권,3110387,쌍문초등학교,1023,569,454,0,115,155,279,298,176,0,47,78,125,166,153,0,68,77,154,132,23
20204,A,골목상권,3110337,아카데미하우스,1220,817,403,6,149,254,287,330,194,6,70,184,184,207,166,0,79,70,103,123,28
20204,A,골목상권,3110397,도봉산입구,1081,690,391,0,65,132,223,329,332,0,17,63,112,226,272,0,48,69,111,103,60
20204,A,골목상권,3110406,도봉산역 1번,1282,894,388,0,35,92,248,427,480,0,12,56,183,328,315,0,23,36,65,99,165
20204,A,골목상권,3110415,수락산역 4번,3127,1795,1332,19,436,611,756,776,529,16,238,366,437,450,288,3,198,245,319,326,241
20204,A,골목상권,3110435,서울과학기술대,486,320,166,0,28,85,109,148,116,0,14,37,61,104,104,0,14,48,48,44,12
20204,A,골목상권,3110436,상계제일중학교,1604,823,781,12,185,351,391,391,274,7,70,171,207,186,182,5,115,180,184,205,92
20204,A,골목상권,3110432,대진고등학교,2273,1419,854,3,199,364,570,753,384,2,72,175,325,556,289,1,127,189,245,197,95
20204,A,골목상권,3110483,연천초등학교,1888,990,898,2,87,158,205,289,1147,1,35,83,95,136,640,1,52,75,110,153,507
20204,A,골목상권,3110491,불광중학교,467,194,273,1,38,82,132,139,75,1,13,39,53,48,40,0,25,43,79,91,35
20204,A,골목상권,3110494,증산3교남측,1503,1100,403,0,61,162,176,249,855,0,27,76,66,146,785,0,34,86,110,103,70
20204,A,골목상권,3110452,새절역 3번,1150,767,383,3,83,169,269,341,285,3,52,85,159,216,252,0,31,84,110,125,33
20204,A,골목상권,3110469,응암정보도서관,2593,1307,1286,1,277,517,711,671,416,0,105,249,330,338,285,1,172,268,381,333,131
20204,A,골목상권,3110471,응암동우체국,1068,455,613,2,131,198,295,296,146,1,38,64,109,149,94,1,93,134,186,147,52
20204,A,골목상권,3110497,가좌역 3번,3639,2210,1429,4,227,430,591,916,1471,2,157,288,394,494,875,2,70,142,197,422,596
20204,A,골목상권,3110501,연희어린이공원,1435,806,629,9,204,340,341,335,206,8,95,227,185,158,133,1,109,113,156,177,73
20204,A,골목상권,3110500,남가좌동현대아파트,219,118,101,0,28,30,52,77,32,0,13,18,25,47,15,0,15,12,27,30,17
20204,A,골목상권,3110530,아현역 1번,1285,656,629,2,341,431,249,154,108,1,130,243,133,83,66,1,211,188,116,71,42
20204,A,골목상권,3110509,연희대우아파트앞,3108,1452,1656,10,588,768,762,647,333,7,195,340,413,291,206,3,393,428,349,356,127
20204,A,골목상권,3110564,홍대입구역 3번,3719,2005,1714,13,669,919,827,753,538,9,248,448,456,453,391,4,421,471,371,300,147
20204,A,골목상권,3110524,연희세브란스병원,103,61,42,0,12,14,21,21,35,0,6,7,10,13,25,0,6,7,11,8,10
20202,A,골목상권,3110069,숙대입구,5692,2925,2767,14,842,1738,1501,985,612,6,238,745,833,646,457,8,604,993,668,339,155
20202,A,골목상권,3110285,홍대부중,2796,1807,989,11,479,748,779,536,243,6,237,471,486,420,187,5,242,277,293,116,56
20202,A,골목상권,3110053,청구역 1번,1887,973,914,1,292,413,473,444,264,0,94,203,258,251,167,1,198,210,215,193,97
20202,A,골목상권,3110040,중구회현체육센터(정화예술대남산캠퍼스),15872,7161,8711,64,2309,4970,5377,2758,394,8,703,2069,2118,2073,190,56,1606,2901,3259,685,204
20202,A,골목상권,3110039,회현역 1번,23622,11623,11999,133,4395,7509,7184,3821,580,38,1547,3599,3487,2668,284,95,2848,3910,3697,1153,296
20202,A,골목상권,3110077,삼광초등학교,1617,1102,515,8,162,358,490,381,218,7,93,234,360,254,154,1,69,124,130,127,64
20202,A,골목상권,3110072,열정도,1822,1125,697,9,264,375,438,367,369,3,123,236,278,230,255,6,141,139,160,137,114
20202,A,골목상권,3110059,새남터성지,2836,1935,901,8,404,789,837,608,190,3,181,500,636,477,138,5,223,289,201,131,52
20202,A,골목상권,3110095,한강진역 3번,5622,3227,2395,35,1349,2001,1256,664,317,20,544,1116,858,496,193,15,805,885,398,168,124
20202,A,골목상권,3110097,한남초등학교,5721,3746,1975,12,1028,2374,1313,590,404,7,478,1484,985,454,338,5,550,890,328,136,66
20202,A,골목상권,3110106,금북초등학교,123,49,74,0,15,25,38,29,16,0,2,11,13,12,11,0,13,14,25,17,5
20202,A,골목상권,3110103,옥수터널,545,284,261,1,45,141,155,157,46,0,17,64,87,85,31,1,28,77,68,72,15
20202,A,골목상권,3110137,성수초등학교,14338,9448,4890,60,2205,3717,3817,2875,1664,46,1146,2457,2601,1900,1298,14,1059,1260,1216,975,366
20202,A,골목상권,3110138,송정체육공원,2546,1233,1313,1,395,634,646,528,342,0,147,319,328,219,220,1,248,315,318,309,122
20202,A,골목상권,3110150,중곡1동 마을마당,5687,2821,2866,84,1470,1113,1132,1310,578,30,642,611,577,542,419,54,828,502,555,768,159
20202,A,골목상권,3110175,푸른동산공원,7435,3844,3591,8,711,1236,1667,2238,1575,4,374,802,970,930,764,4,337,434,697,1308,811
20202,A,골목상권,3110177,동의초등학교,1191,614,577,1,140,224,315,322,189,0,46,118,168,160,122,1,94,106,147,162,67
20202,A,골목상권,3110146,신자초등학교,2819,2113,706,7,317,659,835,751,250,3,224,506,625,563,192,4,93,153,210,188,58
20202,A,골목상권,3110195,동대문구청,3806,1797,2009,5,412,804,896,1082,607,3,155,327,374,598,340,2,257,477,522,484,267
20202,A,골목상권,3110201,전농119안전센터,669,454,215,0,93,145,215,139,77,0,61,94,144,99,56,0,32,51,71,40,21
20202,A,골목상권,3110189,제기동역 1번,4287,2552,1735,8,675,1174,895,684,851,2,252,688,568,412,630,6,423,486,327,272,221
20202,A,골목상권,3110215,회기역 1번,2285,799,1486,3,612,739,515,282,134,1,114,254,199,124,107,2,498,485,316,158,27
20202,A,골목상권,3110224,외대앞역 2번,1271,746,525,3,119,240,371,332,206,1,48,142,229,232,94,2,71,98,142,100,112
20202,A,골목상권,3110214,경희대후문,3212,1375,1837,1,688,904,837,553,229,1,133,324,406,334,177,0,555,580,431,219,52
20202,A,골목상권,3110334,석관중앙교회,1188,720,468,0,136,249,282,330,191,0,69,127,145,232,147,0,67,122,137,98,44
20202,A,골목상권,3110232,동대부고,2450,1295,1155,3,270,438,601,702,436,1,110,219,302,355,308,2,160,219,299,347,128
20202,A,골목상권,3110190,고대앞사거리,2811,1514,1297,5,408,813,812,528,245,2,171,410,436,326,169,3,237,403,376,202,76
20202,A,골목상권,3110196,홍릉근린공원,813,501,312,1,63,163,273,228,85,1,32,79,174,139,76,0,31,84,99,89,9
20202,A,골목상권,3110312,안암역 2번,1646,844,802,1,199,449,557,333,107,0,70,193,307,200,74,1,129,256,250,133,33
20202,A,골목상권,3110222,회기역 2번,2106,1033,1073,1,371,448,535,549,202,0,86,231,303,298,115,1,285,217,232,251,87
20202,A,골목상권,3110273,장스여성병원,1451,933,518,9,121,171,256,458,436,1,29,69,134,320,380,8,92,102,122,138,56
20202,A,골목상권,3110260,면목역 3번,2350,1372,978,3,344,558,668,508,269,0,147,374,336,286,229,3,197,184,332,222,40
20202,A,골목상권,3110238,배꽃어린이공원,1298,1025,273,1,203,312,289,312,181,1,146,248,219,268,143,0,57,64,70,44,38
20202,A,골목상권,3110257,상봉역 7번,1447,1068,379,2,86,174,301,412,472,1,40,93,179,332,423,1,46,81,122,80,49
20202,A,골목상권,3110239,중랑역 2번,478,213,265,1,58,81,106,116,116,0,23,34,39,50,67,1,35,47,67,66,49
20202,A,골목상권,3110294,서경대학교,1909,1071,838,1,218,284,476,532,398,0,68,128,255,335,285,1,150,156,221,197,113
20202,A,골목상권,3110316,숭곡초등학교,3255,1971,1284,7,264,440,671,666,1207,6,113,208,325,382,937,1,151,232,346,284,270
20202,A,골목상권,3110303,성신여대입구역 1번,1418,675,743,8,188,301,315,361,245,3,62,134,147,190,139,5,126,167,168,171,106
20202,A,골목상권,3110293,삼선중학교,15384,8771,6613,60,2292,3733,4993,2745,1561,27,1049,2116,3024,1840,715,33,1243,1617,1969,905,846
20202,A,골목상권,3110305,보문역 5번,6037,4718,1319,11,742,2042,1228,1245,769,5,463,1703,1006,1012,529,6,279,339,222,233,240
20202,A,골목상권,3110331,돌곶이역 8번,1135,748,387,4,137,251,271,224,248,0,50,166,174,147,211,4,87,85,97,77,37
20202,A,골목상권,3110423,석계역 2번,1311,574,737,4,152,235,386,321,213,2,65,110,173,127,97,2,87,125,213,194,116
20202,A,골목상권,3110319,종암동주민센터,1893,933,960,3,270,388,460,529,243,1,103,217,229,277,106,2,167,171,231,252,137
20202,A,골목상권,3110322,장위1동주민센터,871,527,344,2,161,181,190,183,154,1,77,118,116,111,104,1,84,63,74,72,50
20202,A,골목상권,3110361,삼양사거리역 1번,993,499,494,2,47,112,177,256,399,1,14,50,90,149,195,1,33,62,87,107,204
20202,A,골목상권,3110364,미아역 8번,1531,881,650,2,169,302,433,416,209,1,79,160,252,251,138,1,90,142,181,165,71
20202,A,골목상권,3110360,수유초등학교,2034,877,1157,5,275,331,439,521,463,1,65,139,157,219,296,4,210,192,282,302,167
20202,A,골목상권,3110381,번동주공2단지,791,418,373,5,81,172,201,218,114,4,26,69,100,134,85,1,55,103,101,84,29
20202,A,골목상권,3110363,송천동주민센터,409,210,199,2,30,68,123,98,88,1,8,30,50,50,71,1,22,38,73,48,17
20202,A,골목상권,3110371,삼양입구사거리,930,529,401,1,86,197,218,253,175,1,33,94,108,159,134,0,53,103,110,94,41
20202,A,골목상권,3110374,송중초등학교,1719,817,902,7,155,286,471,442,358,6,44,101,191,221,254,1,111,185,280,221,104
20202,A,골목상권,3110357,가오리역 1번,2168,1460,708,1,94,117,339,588,1029,0,22,54,236,446,702,1,72,63,103,142,327
20202,A,골목상권,3110340,인수중학교,1210,779,431,6,158,254,272,328,192,6,80,172,168,192,161,0,78,82,104,136,31
20202,A,골목상권,3110341,북한산우이역 2번,566,439,127,0,22,43,96,273,132,0,5,15,59,245,115,0,17,28,37,28,17
20202,A,골목상권,3110390,방학초등학교,1597,753,844,3,167,399,387,400,241,2,55,196,185,170,145,1,112,203,202,230,96
20202,A,골목상권,3110408,가인초등학교,5003,3437,1566,5,529,1188,1209,961,1111,3,315,894,903,569,753,2,214,294,306,392,358
20202,A,골목상권,3110433,공릉역 2번,3355,1631,1724,8,286,413,725,1012,911,3,111,214,339,463,501,5,175,199,386,549,410
20202,A,골목상권,3110462,갈현건영아파트,1644,949,695,7,239,380,374,357,287,5,127,224,218,183,192,2,112,156,156,174,95
20202,A,골목상권,3110468,응암역 3번,3641,1667,1974,6,385,681,1020,975,574,1,133,299,452,447,335,5,252,382,568,528,239
20202,A,골목상권,3110478,응암1동주민센터,2441,1361,1080,5,214,382,537,597,706,3,104,189,272,292,501,2,110,193,265,305,205
20202,A,골목상권,3110481,불광역 7번,1180,586,594,2,144,250,312,287,185,2,57,126,153,135,113,0,87,124,159,152,72
20202,A,골목상권,3110443,수색역 1번,216,134,82,0,17,25,57,64,53,0,8,14,33,40,39,0,9,11,24,24,14
20202,A,골목상권,3110463,응암3동주민센터,974,399,575,1,102,172,257,281,161,0,35,51,90,125,98,1,67,121,167,156,63
20202,A,골목상권,3110459,응암역 2번,3086,1443,1643,3,303,575,877,817,511,0,113,267,388,352,323,3,190,308,489,465,188
20202,A,골목상권,3110495,북가좌2동주민센터,3425,1703,1722,7,515,851,808,729,515,3,154,458,454,363,271,4,361,393,354,366,244
20202,A,골목상권,3110507,명지대학교,3062,2160,902,30,511,879,694,667,281,27,328,632,494,452,227,3,183,247,200,215,54
20202,A,골목상권,3110584,아현역 4번,1154,595,559,2,327,402,209,121,93,1,129,232,107,64,62,1,198,170,102,57,31
20202,A,골목상권,3110528,서울여자간호대학교,7567,1522,6045,6,217,511,2006,3643,1184,1,75,158,342,456,490,5,142,353,1664,3187,694
20202,A,골목상권,3110556,절두산순교성지,1036,634,402,3,129,274,296,242,92,3,52,152,183,174,70,0,77,122,113,68,22
20202,A,골목상권,3110580,양원초등학교,498,212,286,1,65,95,130,125,82,0,16,34,56,63,43,1,49,61,74,62,39
20202,A,골목상권,3110545,마포구청역 1번,2002,1003,999,13,262,386,532,510,299,6,101,203,265,254,174,7,161,183,267,256,125
20202,A,골목상권,3110568,광흥창역 1번,1865,940,925,2,319,532,473,379,160,0,93,278,268,220,81,2,226,254,205,159,79
20202,A,골목상권,3110622,달마을공원,3703,2251,1452,3,469,828,1090,957,356,2,224,483,702,584,256,1,245,345,388,373,100
20202,A,골목상권,3110675,화곡4동주민센터,2797,1278,1519,5,643,758,578,544,269,4,133,328,273,318,222,1,510,430,305,226,47
20202,A,골목상권,3110672,백석중학교,3412,1929,1483,2,392,661,820,891,646,1,172,329,509,533,385,1,220,332,311,358,261
20202,A,골목상권,3110601,신월1동우편취급국,2705,1819,886,9,277,464,638,855,462,4,152,304,424,572,363,5,125,160,214,283,99
20202,A,골목상권,3110609,신정네거리역 2번,3128,2387,741,7,203,302,527,602,1487,2,96,167,286,425,1411,5,107,135,241,177,76
20202,A,골목상권,3110598,신월문화체육센터,3588,2130,1458,4,271,421,690,983,1219,3,154,260,389,589,735,1,117,161,301,394,484
20202,A,골목상권,3110655,발산역 5번,4161,1917,2244,5,419,692,805,852,1388,3,173,359,411,358,613,2,246,333,394,494,775
20202,A,골목상권,3110652,양천향교역 2번,5355,3360,1995,14,588,1103,1158,1394,1098,8,298,697,700,851,806,6,290,406,458,543,292
20202,A,골목상권,3110630,공항시장역 1번,3398,1986,1412,9,371,571,654,788,1005,3,149,321,407,512,594,6,222,250,247,276,411
20202,A,골목상권,3110660,등촌3동주민센터,10361,5421,4940,46,1465,2249,2361,2354,1886,16,655,1444,1390,1025,891,30,810,805,971,1329,995
20202,A,골목상권,3110645,우장산역 4번,6211,3689,2522,11,755,1459,1633,1576,777,7,408,941,907,852,574,4,347,518,726,724,203
20202,A,골목상권,3110640,방화역 1번,4330,2746,1584,7,432,979,1112,1131,669,5,222,521,675,783,540,2,210,458,437,348,129
20202,A,골목상권,3110695,개봉1동주민센터,2132,1220,912,8,180,491,579,523,351,7,99,290,309,285,230,1,81,201,270,238,121
20202,A,골목상권,3110692,큰굴다리,3257,2221,1036,5,464,656,827,912,393,4,364,453,539,571,290,1,100,203,288,341,103
20202,A,골목상권,3110714,구로4동주민센터,3993,2731,1262,7,467,935,917,1103,564,4,223,587,636,850,431,3,244,348,281,253,133
20202,A,골목상권,3110715,구로구민회관,4993,2481,2512,4,601,1291,1353,1189,555,2,225,636,658,644,316,2,376,655,695,545,239
20202,A,골목상권,3110708,화원어린이공원,1274,488,786,6,311,266,296,208,187,1,66,71,108,97,145,5,245,195,188,111,42
20202,A,골목상권,3110713,구로보건소,7675,4823,2852,13,1134,1919,2115,1590,904,6,626,1277,1358,961,595,7,508,642,757,629,309
20202,A,골목상권,3110718,한국SGI본부,6477,4079,2398,33,1087,1712,1798,1241,606,26,598,1087,1157,798,413,7,489,625,641,443,193
20202,A,골목상권,3110707,구로창업지원센터,5470,4040,1430,11,555,1651,1506,1116,631,9,302,1244,1178,827,480,2,253,407,328,289,151
20202,A,골목상권,3110727,독산역 1번 출입구,3120,2126,994,18,378,675,804,825,420,18,221,481,534,577,295,0,157,194,270,248,125
20202,A,골목상권,3110726,금천철쭉어린이공원(금하마을),1222,795,427,13,185,229,245,307,243,11,116,157,160,167,184,2,69,72,85,140,59
20202,A,골목상권,3110738,문성초등학교,2470,1462,1008,12,359,479,571,602,447,3,208,314,345,327,265,9,151,165,226,275,182
20202,A,골목상권,3110744,독산동성당,2100,1247,853,1,190,325,415,592,577,0,116,185,232,327,387,1,74,140,183,265,190
20202,A,골목상권,3110754,삼성산자연공원(서울금천초등학교),1854,1031,823,19,228,370,484,441,312,12,101,240,284,208,186,7,127,130,200,233,126
20202,A,골목상권,3110734,금천파출소,1807,760,1047,8,475,533,360,289,142,3,200,263,141,92,61,5,275,270,219,197,81
20202,A,골목상권,3110747,석수역 1번 출입구,1082,802,280,4,73,141,239,286,339,4,48,101,156,202,291,0,25,40,83,84,48
20202,A,골목상권,3110819,신대방역 4번,5159,3199,1960,20,841,1350,1310,962,676,14,426,897,852,558,452,6,415,453,458,404,224
20202,A,골목상권,3110781,대림한신아파트,2145,1183,962,3,313,387,472,543,427,0,106,213,256,304,304,3,207,174,216,239,123
20202,A,골목상권,3110776,도신초등학교,4342,3047,1295,14,543,1061,1275,922,527,5,283,767,959,627,406,9,260,294,316,295,121
20202,A,골목상권,3110798,신풍역 2번,1786,1078,708,7,160,456,560,380,223,6,95,279,287,241,170,1,65,177,273,139,53
20202,A,골목상권,3110792,영등포역 2번,4524,2496,2028,35,680,1023,1028,1131,627,16,283,485,583,698,431,19,397,538,445,433,196
20202,A,골목상권,3110756,문래중학교,1572,1015,557,2,185,356,383,362,284,0,97,271,248,213,186,2,88,85,135,149,98
20202,A,골목상권,3110801,신풍역 6번(신길6동공영주차장),245,84,161,1,32,37,52,64,59,0,1,12,15,24,32,1,31,25,37,40,27
20202,A,골목상권,3110812,신길6동주민센터,2401,1555,846,4,382,558,565,498,394,3,189,346,367,345,305,1,193,212,198,153,89
20202,A,골목상권,3110811,보라매역 4번,1485,937,548,4,212,413,375,284,197,3,100,268,233,183,150,1,112,145,142,101,47
20202,A,골목상권,3110820,성남고등학교,4803,3512,1291,4,807,999,907,1587,499,3,498,725,655,1252,379,1,309,274,252,335,120
20202,A,골목상권,3110800,영등포동성당,4742,2638,2104,14,1219,1149,1000,824,536,6,385,590,637,579,441,8,834,559,363,245,95
20202,A,골목상권,3110806,서울시립영등포장애인복지관,2220,1555,665,16,339,498,524,501,342,8,181,328,388,376,274,8,158,170,136,125,68
20202,A,골목상권,3110839,숭실대입구역 4번,3303,2046,1257,2,371,954,1107,622,247,1,177,536,682,434,216,1,194,418,425,188,31
20202,A,골목상권,3110833,상도역 2번,1336,685,651,6,207,356,332,277,158,2,88,215,184,115,81,4,119,141,148,162,77
20202,A,골목상권,3110876,서원동주민센터(신관중학교),1010,458,552,0,95,206,235,294,180,0,31,95,124,113,95,0,64,111,111,181,85
20202,A,골목상권,3110889,봉천역 6번,1263,796,467,1,114,181,251,361,355,0,57,94,152,270,223,1,57,87,99,91,132
20202,A,골목상권,3110901,인헌고등학교(인헌중학교),1830,934,896,7,276,482,543,370,152,4,127,251,267,170,115,3,149,231,276,200,37
20202,A,골목상권,3110919,내방역 8번,17656,12077,5579,47,2980,5187,5004,3205,1233,19,1390,3288,3826,2627,927,28,1590,1899,1178,578,306
20202,A,골목상권,3110908,구반포역,8972,4814,4158,21,1548,2263,2440,2159,541,21,607,1187,1452,1153,394,0,941,1076,988,1006,147
20202,A,골목상권,3110916,내방역 4번,9127,6122,3005,73,1885,2725,2144,1385,915,60,1124,1946,1492,851,649,13,761,779,652,534,266
20202,A,골목상권,3110914,내방역 6번,6099,3888,2211,13,1069,1570,1366,1162,919,9,527,958,903,780,711,4,542,612,463,382,208
20202,A,골목상권,3110981,국악고교사거리,4814,3009,1805,11,674,1061,1231,1002,835,3,342,675,767,584,638,8,332,386,464,418,197
20202,A,골목상권,3110952,논현목련공원,6619,4360,2259,19,1063,1760,1774,1271,732,13,616,1186,1215,839,491,6,447,574,559,432,241
20202,A,골목상권,3110953,학동근린공원,21063,12969,8094,82,5828,6708,4428,2577,1440,26,2619,4180,3209,1850,1085,56,3209,2528,1219,727,355
20202,A,골목상권,3110968,강남구청역 2번,13705,8449,5256,49,2620,3694,3410,2525,1407,16,1163,2112,2388,1751,1019,33,1457,1582,1022,774,388
20202,A,골목상권,3110966,논현2동주민센터,18787,11747,7040,55,3807,5812,4775,2774,1564,16,1620,3352,3408,2154,1197,39,2187,2460,1367,620,367
20202,A,골목상권,3110973,강남구청역 4번,10030,5790,4240,39,1911,2711,2341,1849,1179,16,845,1639,1467,1073,750,23,1066,1072,874,776,429
20202,A,골목상권,3110996,대치2동주민센터,35867,16914,18953,262,6657,8765,8045,7435,4703,105,3082,5222,4330,2505,1670,157,3575,3543,3715,4930,3033
20202,A,골목상권,3110982,강남구보훈회관,4003,2221,1782,8,984,1036,920,571,484,5,350,614,590,298,364,3,634,422,330,273,120
20202,A,골목상권,3111002,한국교통안전공단 강남자동차검사소,409,194,215,0,27,74,87,129,92,0,8,39,41,58,48,0,19,35,46,71,44
20202,A,골목상권,3110987,영동대교남단,6140,4147,1993,37,1147,1773,1594,1067,522,17,553,1233,1221,750,373,20,594,540,373,317,149
20202,A,골목상권,3111022,석촌중학교(방이육교),7523,4484,3039,23,1128,1955,1970,1642,805,9,549,1248,1293,845,540,14,579,707,677,797,265
20202,A,골목상권,3111041,거여역 8번,2127,1468,659,8,544,521,474,308,272,6,288,381,370,220,203,2,256,140,104,88,69
20202,A,골목상권,3111031,장지동주민센터(한림연예예술고교),34991,27580,7411,16,3048,6307,10062,13354,2204,7,1885,4657,7895,11621,1515,9,1163,1650,2167,1733,689
20202,A,골목상권,3111014,송파나루역 2번,9836,5551,4285,11,1370,2414,2283,2319,1439,5,597,1499,1467,1202,781,6,773,915,816,1117,658
20202,A,골목상권,3111073,둔촌동역 1번(한산중학교),3288,1796,1492,11,429,739,851,706,552,8,165,384,502,371,366,3,264,355,349,335,186
20202,A,골목상권,3110004,대신고등학교,402,232,170,6,56,96,96,104,44,5,32,54,54,53,34,1,24,42,42,51,10
20202,A,골목상권,3111072,굽은다리역 1번(십자성마을),2946,1789,1157,8,298,573,759,699,609,3,146,346,440,433,421,5,152,227,319,266,188
20202,A,골목상권,3111084,길동신동아아파트,1097,568,529,2,102,184,201,327,281,2,56,104,100,149,157,0,46,80,101,178,124
20202,A,골목상권,3110017,정독도서관,4793,3571,1222,1,747,1261,1255,1054,475,1,404,870,1019,890,387,0,343,391,236,164,88
20202,A,골목상권,3110002,독립문역 1번,616,177,439,7,166,170,151,84,38,6,34,34,51,28,24,1,132,136,100,56,14
20202,A,골목상권,3110031,창신역 1번,499,243,256,2,65,123,115,127,67,0,17,56,56,68,46,2,48,67,59,59,21
20202,A,골목상권,3110181,신설동역 9번,11325,6319,5006,32,1034,2438,3253,2841,1727,17,532,1500,1747,1415,1108,15,502,938,1506,1426,619
20202,A,골목상권,3110025,충신시장옆,2953,1750,1203,6,522,768,705,591,361,1,198,408,447,419,277,5,324,360,258,172,84
20202,A,골목상권,3110291,한성대입구역 3번,2792,1638,1154,3,210,450,857,801,471,1,83,257,522,485,290,2,127,193,335,316,181
20202,A,골목상권,3110026,종로5가역 4번,1316,680,636,4,165,282,370,283,212,1,63,132,176,155,153,3,102,150,194,128,59
20202,A,골목상권,3110016,평창동동측,12725,5785,6940,17,1035,3438,5042,2657,536,8,355,1373,2545,1209,295,9,680,2065,2497,1448,241
20202,A,골목상권,3110020,서울국제고등학교,2158,1200,958,4,389,630,516,385,234,3,162,347,310,219,159,1,227,283,206,166,75
20202,A,골목상권,3110048,장충동주민센터,10743,5949,4794,32,1907,2975,2905,2265,659,5,684,1762,1731,1314,453,27,1223,1213,1174,951,206
20202,A,골목상권,3110046,버티고개,2463,1750,713,3,241,901,673,506,139,0,143,678,502,330,97,3,98,223,171,176,42
20202,A,골목상권,3110047,다산성곽길,5084,2935,2149,11,1086,1445,1154,887,501,3,410,865,765,531,361,8,676,580,389,356,140
20202,A,골목상권,3110539,미근동,12732,7479,5253,42,2010,4180,3436,2242,822,19,832,2371,2093,1519,645,23,1178,1809,1343,723,177
20202,A,골목상권,3110110,상왕십리역 6번,2405,1457,948,12,383,537,534,531,408,3,127,319,375,375,258,9,256,218,159,156,150
20202,A,골목상권,3110066,서울역 15번,4167,2123,2044,9,838,1274,877,641,528,4,288,582,482,374,393,5,550,692,395,267,135
20202,A,골목상권,3110591,충정로역 6번,3780,2155,1625,0,729,1051,1004,652,344,0,358,619,586,387,205,0,371,432,418,265,139
20202,A,골목상권,3110086,이태원역 북측,13166,6107,7059,36,4072,5077,2603,1007,371,14,1114,2293,1610,799,277,22,2958,2784,993,208,94
20202,A,골목상권,3110085,경리단길남측,12274,5390,6884,26,3823,4925,2402,861,237,12,993,2133,1397,675,180,14,2830,2792,1005,186,57
20202,A,골목상권,3110105,금동어린이공원,2664,1110,1554,16,327,830,1025,337,129,1,110,292,450,175,82,15,217,538,575,162,47
20202,A,골목상권,3110116,청계천박물관,6537,4739,1798,43,541,1177,1527,2151,1098,31,326,844,1178,1561,799,12,215,333,349,590,299
20202,A,골목상권,3110128,성원중학교,3542,2310,1232,18,454,892,940,801,437,8,266,660,634,494,248,10,188,232,306,307,189
20202,A,골목상권,3110120,서울숲카페거리,835,506,329,0,85,162,225,202,161,0,41,83,109,130,143,0,44,79,116,72,18
20202,A,골목상권,3110124,뚝섬역교차로,2595,1874,721,12,366,472,586,575,584,10,183,303,387,461,530,2,183,169,199,114,54
20202,A,골목상권,3110129,성원어린이공원,3599,2300,1299,18,579,846,820,729,607,14,311,541,561,470,403,4,268,305,259,259,204
20202,A,골목상권,3110132,성수2가3동주민센터,3491,2130,1361,9,415,835,861,811,560,8,209,510,554,495,354,1,206,325,307,316,206
20202,A,골목상권,3110223,군자초등학교,3357,2271,1086,35,621,967,788,549,397,8,327,680,552,382,322,27,294,287,236,167,75
20202,A,골목상권,3110111,대현산장미원,74,52,22,0,7,13,12,21,21,0,6,5,6,16,19,0,1,8,6,5,2
20202,A,골목상권,3110166,구의1동주민센터,13530,10491,3039,13,880,2121,3757,5357,1402,11,448,1352,2902,4600,1178,2,432,769,855,757,224
20202,A,골목상권,3110160,광진경찰서,1622,1121,501,1,270,514,389,345,103,1,174,364,263,239,80,0,96,150,126,106,23
20202,A,골목상권,3110164,아차산역 5번,2452,1482,970,7,311,484,595,582,473,2,153,274,370,328,355,5,158,210,225,254,118
20202,A,골목상권,3110145,장안초등학교,626,318,308,0,48,90,132,215,141,0,20,45,59,100,94,0,28,45,73,115,47
20202,A,골목상권,3110158,중곡3동주민센터,1689,1085,604,3,201,401,431,405,248,0,113,280,259,259,174,3,88,121,172,146,74
20202,A,골목상권,3110253,중곡초등학교,1551,1093,458,2,104,216,386,589,254,1,47,124,250,474,197,1,57,92,136,115,57
20202,A,골목상권,3110227,답십리공원,3666,2141,1525,43,1527,620,564,543,369,25,873,404,327,274,238,18,654,216,237,269,131
20202,A,골목상권,3110192,동의보감타워,1689,798,891,2,156,273,358,433,467,0,54,114,189,200,241,2,102,159,169,233,226
20202,A,골목상권,3110182,용두희망어린이공원,6164,2634,3530,4,747,1233,1297,1729,1154,0,240,665,668,567,494,4,507,568,629,1162,660
20202,A,골목상권,3110208,시조사삼거리,1810,1056,754,3,255,573,311,351,317,2,120,403,184,193,154,1,135,170,127,158,163
20202,A,골목상권,3110191,고려대역 6번,817,524,293,1,45,155,267,206,143,1,24,76,163,146,114,0,21,79,104,60,29
20202,A,골목상권,3110193,고려대역 4번,827,531,296,1,49,167,287,216,107,1,25,93,176,149,87,0,24,74,111,67,20
20202,A,골목상권,3110274,서일대학교,1874,1209,665,2,153,270,455,529,465,1,54,150,285,380,339,1,99,120,170,149,126
20202,A,골목상권,3110270,혜원여고,1057,631,426,0,86,153,246,300,272,0,32,87,130,187,195,0,54,66,116,113,77
20202,A,골목상권,3110277,러스크서울병원,1417,798,619,5,161,220,285,429,317,1,56,69,143,266,263,4,105,151,142,163,54
20202,A,골목상권,3110249,중화역 1번,2900,1839,1061,1,380,672,715,696,436,1,208,379,410,482,359,0,172,293,305,214,77
20202,A,골목상권,3110250,화랑대역 7번,1016,501,515,5,84,215,300,277,135,1,28,102,135,142,93,4,56,113,165,135,42
20202,A,골목상권,3110235,세화어린이공원,352,192,160,6,86,56,94,66,44,5,50,30,41,35,31,1,36,26,53,31,13
20202,A,골목상권,3110306,미아초등학교,5040,2548,2492,418,2027,1281,681,387,246,176,903,701,375,192,201,242,1124,580,306,195,45
20202,A,골목상권,3110304,보문역 4번,3586,1900,1686,4,465,1014,939,889,275,3,200,485,478,545,189,1,265,529,461,344,86
20202,A,골목상권,3110336,석관고등학교,933,606,327,1,108,181,209,262,172,0,57,97,124,192,136,1,51,84,85,70,36
20202,A,골목상권,3110327,상월곡역 2번,1727,1049,678,4,291,422,476,347,187,1,146,269,289,200,144,3,145,153,187,147,43
20202,A,골목상권,3110330,돌곶이역 1번,785,481,304,1,83,124,161,170,246,0,26,63,88,101,203,1,57,61,73,69,43
20202,A,골목상권,3110335,석계역 7번,2390,1663,727,2,154,218,357,467,1192,0,68,110,204,330,951,2,86,108,153,137,241
20202,A,골목상권,3110332,돌곶이역 3번,2136,1489,647,1,156,186,243,364,1186,0,59,94,136,223,977,1,97,92,107,141,209
20202,A,골목상권,3110389,한일병원,2913,1480,1433,1,556,681,702,645,328,1,161,333,390,368,227,0,395,348,312,277,101
20202,A,골목상권,3110347,구세군강북종합사회복지관,229,109,120,0,29,43,60,41,56,0,5,15,30,21,38,0,24,28,30,20,18
20202,A,골목상권,3110344,화계중학교,765,403,362,0,70,135,208,278,74,0,39,56,106,139,63,0,31,79,102,139,11
20202,A,골목상권,3110353,수유동우체국,2195,1467,728,0,76,117,357,593,1052,0,17,56,240,437,717,0,59,61,117,156,335
20202,A,골목상권,3110387,쌍문초등학교,1023,569,454,0,115,155,279,298,176,0,47,78,125,166,153,0,68,77,154,132,23
20202,A,골목상권,3110337,아카데미하우스,1220,817,403,6,149,254,287,330,194,6,70,184,184,207,166,0,79,70,103,123,28
20202,A,골목상권,3110397,도봉산입구,1081,690,391,0,65,132,223,329,332,0,17,63,112,226,272,0,48,69,111,103,60
20202,A,골목상권,3110406,도봉산역 1번,1282,894,388,0,35,92,248,427,480,0,12,56,183,328,315,0,23,36,65,99,165
20202,A,골목상권,3110415,수락산역 4번,3127,1795,1332,19,436,611,756,776,529,16,238,366,437,450,288,3,198,245,319,326,241
20202,A,골목상권,3110435,서울과학기술대,486,320,166,0,28,85,109,148,116,0,14,37,61,104,104,0,14,48,48,44,12
20202,A,골목상권,3110436,상계제일중학교,1604,823,781,12,185,351,391,391,274,7,70,171,207,186,182,5,115,180,184,205,92
20202,A,골목상권,3110432,대진고등학교,2273,1419,854,3,199,364,570,753,384,2,72,175,325,556,289,1,127,189,245,197,95
20202,A,골목상권,3110483,연천초등학교,1888,990,898,2,87,158,205,289,1147,1,35,83,95,136,640,1,52,75,110,153,507
20202,A,골목상권,3110491,불광중학교,467,194,273,1,38,82,132,139,75,1,13,39,53,48,40,0,25,43,79,91,35
20202,A,골목상권,3110494,증산3교남측,1503,1100,403,0,61,162,176,249,855,0,27,76,66,146,785,0,34,86,110,103,70
20202,A,골목상권,3110452,새절역 3번,1150,767,383,3,83,169,269,341,285,3,52,85,159,216,252,0,31,84,110,125,33
20202,A,골목상권,3110469,응암정보도서관,2593,1307,1286,1,277,517,711,671,416,0,105,249,330,338,285,1,172,268,381,333,131
20202,A,골목상권,3110471,응암동우체국,1068,455,613,2,131,198,295,296,146,1,38,64,109,149,94,1,93,134,186,147,52
20202,A,골목상권,3110497,가좌역 3번,3639,2210,1429,4,227,430,591,916,1471,2,157,288,394,494,875,2,70,142,197,422,596
20202,A,골목상권,3110501,연희어린이공원,1435,806,629,9,204,340,341,335,206,8,95,227,185,158,133,1,109,113,156,177,73
20202,A,골목상권,3110500,남가좌동현대아파트,219,118,101,0,28,30,52,77,32,0,13,18,25,47,15,0,15,12,27,30,17
20202,A,골목상권,3110530,아현역 1번,1285,656,629,2,341,431,249,154,108,1,130,243,133,83,66,1,211,188,116,71,42
20202,A,골목상권,3110509,연희대우아파트앞,3108,1452,1656,10,588,768,762,647,333,7,195,340,413,291,206,3,393,428,349,356,127
20202,A,골목상권,3110564,홍대입구역 3번,3719,2005,1714,13,669,919,827,753,538,9,248,448,456,453,391,4,421,471,371,300,147
20202,A,골목상권,3110524,연희세브란스병원,103,61,42,0,12,14,21,21,35,0,6,7,10,13,25,0,6,7,11,8,10
20202,A,골목상권,3110519,서대문구보건소별관,1507,688,819,1,235,290,399,374,208,1,79,135,203,162,108,0,156,155,196,212,100
20202,A,골목상권,3110576,대흥역 3번,5382,3414,1968,79,939,1223,1169,1147,825,29,466,793,820,754,552,50,473,430,349,393,273
20202,A,골목상권,3110573,신촌역 6번,3658,1638,2020,59,1952,841,356,296,154,19,740,412,168,189,110,40,1212,429,188,107,44
20202,A,골목상권,3110563,상수역 3번,1775,1091,684,20,394,537,380,269,175,14,185,322,259,186,125,6,209,215,121,83,50
20202,A,골목상권,3110621,목동역 5번,6561,3403,3158,13,1373,1658,1558,1218,741,7,459,886,925,658,468,6,914,772,633,560,273
20202,A,골목상권,3110604,신월4동주민센터,2562,1829,733,1,147,307,531,813,763,1,63,163,324,591,687,0,84,144,207,222,76
20202,A,골목상권,3110592,서울금융고등학교,1418,826,592,0,159,268,306,388,297,0,60,114,154,262,236,0,99,154,152,126,61
20202,A,골목상권,3110595,메디힐병원,2673,1506,1167,2,265,534,570,717,585,1,120,277,304,429,375,1,145,257,266,288,210
20202,A,골목상권,3110603,지향초등학교,1491,835,656,3,116,242,379,451,300,0,47,129,201,246,212,3,69,113,178,205,88
20202,A,골목상권,3110625,신정2동주민센터,16198,9820,6378,112,2886,5330,4076,2804,990,78,1380,3276,2623,1819,644,34,1506,2054,1453,985,346
20202,A,골목상권,3110694,세곡초등학교,1785,1047,738,2,177,395,445,464,302,0,103,223,225,258,238,2,74,172,220,206,64
20202,A,골목상권,3110614,목동로데오거리,2417,1098,1319,3,334,528,600,608,344,2,114,230,276,284,192,1,220,298,324,324,152
20202,A,골목상권,3110667,가양역 10번,1800,935,865,11,274,339,420,410,346,3,109,178,245,204,196,8,165,161,175,206,150
20202,A,골목상권,3110643,강서구다솔마을,965,598,367,1,130,245,288,220,81,0,61,147,186,143,61,1,69,98,102,77,20
20202,A,골목상권,3110639,신방화역 8번,2731,1181,1550,7,220,288,413,883,920,4,100,169,211,292,405,3,120,119,202,591,515
20202,A,골목상권,3110663,우장산롯데캐슬아파트앞,5359,3199,2160,30,999,1445,1422,975,488,6,423,940,917,567,346,24,576,505,505,408,142
20202,A,골목상권,3110641,공항고등학교,1128,713,415,5,140,196,275,310,202,4,68,126,151,195,169,1,72,70,124,115,33
20202,A,골목상권,3110633,개화산역 1번,1889,1400,489,5,147,329,613,532,263,3,96,226,475,385,215,2,51,103,138,147,48
20202,A,골목상권,3110642,정곡초등학교,685,546,139,4,37,93,162,180,209,3,26,69,120,144,184,1,11,24,42,36,25
20202,A,골목상권,3110678,염창무학아파트,1394,954,440,1,153,288,345,353,254,1,67,196,230,253,207,0,86,92,115,100,47
20202,A,골목상권,3110653,화곡역 2번,3217,1604,1613,4,830,737,647,610,389,2,234,386,349,374,259,2,596,351,298,236,130
20202,A,골목상권,3110664,강서구청옆,5115,3052,2063,3,737,1589,1285,1162,339,2,325,916,765,801,243,1,412,673,520,361,96
20202,A,골목상권,3110661,강서새말어린이공원,5000,2990,2010,3,614,1412,1299,1279,393,1,264,757,773,902,293,2,350,655,526,377,100
20202,A,골목상권,3110710,남구로역 3번,11294,7278,4016,42,2025,3289,2861,1783,1294,27,997,2122,1963,1237,932,15,1028,1167,898,546,362
20202,A,골목상권,3110683,오류고등학교,947,549,398,2,104,203,251,259,128,0,46,117,149,161,76,2,58,86,102,98,52
20202,A,골목상권,3110687,"천왕역 3번(오류2동주민센터, 서울오류남초등학교)",611,327,284,2,64,145,181,164,55,0,25,67,94,101,40,2,39,78,87,63,15
20202,A,골목상권,3110740,금천해태공원,2272,1221,1051,12,314,449,585,607,305,12,140,242,307,289,231,0,174,207,278,318,74
20202,A,골목상권,3110733,금천어울림복지센터,1394,848,546,6,220,294,309,352,213,6,95,175,196,198,178,0,125,119,113,154,35
20202,A,골목상권,3110739,시흥3동 우편취급국,6057,3396,2661,12,415,798,1378,1593,1861,3,218,521,767,793,1094,9,197,277,611,800,767
20202,A,골목상권,3110794,영동초등학교,6731,4384,2347,7,908,1678,1868,1488,782,4,484,1187,1296,880,533,3,424,491,572,608,249
20202,A,골목상권,3110796,한림대학교한강성심병원,4703,2546,2157,8,1205,1185,1032,730,543,0,356,602,664,496,428,8,849,583,368,234,115
20202,A,골목상권,3110773,당산역 13번,2296,1625,671,5,321,455,469,433,613,2,200,319,306,314,484,3,121,136,163,119,129
20202,A,골목상권,3110775,대동초등학교,2205,1172,1033,3,265,305,440,491,701,2,87,154,225,267,437,1,178,151,215,224,264
20202,A,골목상권,3110802,신길동홍어거리,1688,958,730,2,163,356,336,340,491,0,66,161,165,198,368,2,97,195,171,142,123
20202,A,골목상권,3110814,서울지방병무청,7231,4542,2689,9,1277,1559,1449,2091,846,3,648,1005,888,1436,562,6,629,554,561,655,284
20202,A,골목상권,3110791,신풍역 3번,962,409,553,2,107,204,340,219,90,1,55,84,106,98,65,1,52,120,234,121,25
20202,A,골목상권,3110826,장승배기역 4번,1539,717,822,2,208,317,383,327,302,1,88,174,163,145,146,1,120,143,220,182,156
20202,A,골목상권,3110846,남성역 1번,3023,1643,1380,6,279,488,722,688,840,4,110,241,329,370,589,2,169,247,393,318,251
20202,A,골목상권,3110849,이수역 10번,2020,917,1103,9,243,385,555,503,325,3,74,176,237,222,205,6,169,209,318,281,120
20202,A,골목상권,3110904,이수역 5번,7580,3075,4505,27,1481,1942,1814,1328,988,11,481,754,719,541,569,16,1000,1188,1095,787,419
20202,A,골목상권,3110845,사당종합체육관,2216,1328,888,1,343,604,608,487,173,0,142,347,418,296,125,1,201,257,190,191,48
20202,A,골목상권,3110838,상도1동주민센터앞,470,279,191,0,38,134,125,108,65,0,24,64,76,59,56,0,14,70,49,49,9
20202,A,골목상권,3110842,흑리단길,333,124,209,1,42,51,91,88,60,0,9,16,31,31,37,1,33,35,60,57,23
20202,A,골목상권,3110895,샤로수길,9100,5774,3326,22,1457,2643,2011,1949,1018,12,741,1663,1249,1320,789,10,716,980,762,629,229
20202,A,골목상권,3110862,난곡초등학교(난곡동벽화마을),751,369,382,4,90,142,198,179,138,2,33,61,89,89,95,2,57,81,109,90,43
20202,A,골목상권,3110881,구립대학경로당(관악산샘말공원),3491,2506,985,7,487,876,989,802,330,2,285,574,762,628,255,5,202,302,227,174,75
20202,A,골목상권,3110868,남부초등학교,1203,669,534,1,119,222,307,292,262,1,58,121,153,170,166,0,61,101,154,122,96
20202,A,골목상권,3110884,봉천역 4번(봉천110안전센터),2449,1248,1201,5,344,475,517,594,514,2,117,236,287,288,318,3,227,239,230,306,196
20202,A,골목상권,3110945,본마을노인복지센터(서초구립내곡도서관),282,173,109,3,60,68,60,61,30,3,24,39,39,44,24,0,36,29,21,17,6
20202,A,골목상권,3110923,방배역 1번,7685,4925,2760,99,1271,2216,1992,1225,882,30,656,1274,1396,874,695,69,615,942,596,351,187
20202,A,골목상권,3110911,방배배수지체육공원,5174,3320,1854,19,999,1738,1199,574,645,7,472,1151,868,368,454,12,527,587,331,206,191
20202,A,골목상권,3110925,서초중학교,7154,4224,2930,46,1556,2069,1769,1060,654,22,621,1233,1169,687,492,24,935,836,600,373,162
20202,A,골목상권,3110939,양재역 8번(양재동우체국),41563,20436,21127,491,8989,10005,11680,7308,3090,234,4386,5999,4772,2772,2273,257,4603,4006,6908,4536,817
20202,A,골목상권,3110957,언북중학교,19599,10831,8768,50,4379,6251,4791,2651,1477,12,1584,3303,3059,1807,1066,38,2795,2948,1732,844,411
20202,A,골목상권,3110965,언주역 6번,9740,5517,4223,23,2101,3089,2326,1335,866,8,808,1801,1548,764,588,15,1293,1288,778,571,278
20202,A,골목상권,3110989,대치동아우편취급국,11455,6945,4510,30,1728,2699,2466,2216,2316,10,807,1670,1718,1423,1317,20,921,1029,748,793,999
20202,A,골목상권,3110976,언북초등학교,7421,3945,3476,22,1768,2422,1579,974,656,5,662,1328,981,573,396,17,1106,1094,598,401,260
20202,A,골목상권,3111013,송파나루역 1번(송리단길),13204,8353,4851,24,2104,4019,3310,2243,1504,8,1026,2562,2230,1466,1061,16,1078,1457,1080,777,443
20202,A,골목상권,3111009,송파책박물관,1894,1412,482,3,218,363,367,454,489,1,177,296,267,293,378,2,41,67,100,161,111
20202,A,골목상권,3111036,투구봉어린이공원,2144,1386,758,11,342,562,503,501,225,9,231,389,324,276,157,2,111,173,179,225,68
20202,A,골목상권,3111039,벌말어린이공원,2919,1879,1040,10,337,724,752,674,422,9,200,492,489,409,280,1,137,232,263,265,142
20202,A,골목상권,3111063,강동구립 천호도서관,2780,1638,1142,5,183,340,451,548,1253,5,84,173,243,277,856,0,99,167,208,271,397
20202,A,골목상권,3111075,굽은다리역 2번,2417,1284,1133,3,301,474,580,612,447,1,128,269,277,326,283,2,173,205,303,286,164
20202,A,골목상권,3111058,성내중학교,2021,1203,818,3,223,404,536,552,303,1,135,242,295,323,207,2,88,162,241,229,96
20202,A,골목상권,3111055,선사초등학교,1504,437,1067,1,125,210,322,498,348,0,66,114,117,64,76,1,59,96,205,434,272
20202,A,골목상권,3110535,영천시장입구,1407,635,772,2,148,229,338,457,233,2,47,91,151,210,134,0,101,138,187,247,99
20202,A,골목상권,3110009,자하문터널,2236,1348,888,1,463,684,579,375,134,1,207,424,359,259,98,0,256,260,220,116,36
20202,A,골목상권,3110033,창신역 4번,852,441,411,1,111,175,201,230,134,0,33,87,107,143,71,1,78,88,94,87,63
20202,A,골목상권,3110023,서울대병원,2374,1256,1118,7,511,735,518,390,213,2,179,349,299,269,158,5,332,386,219,121,55
20202,A,골목상권,3110022,경신고등학교,5909,2689,3220,26,974,1661,1479,1083,686,19,336,787,696,497,354,7,638,874,783,586,332
20202,A,골목상권,3110280,북정마을,1209,815,394,9,195,326,356,231,92,2,107,241,255,149,61,7,88,85,101,82,31
20202,A,골목상권,3110044,관성묘,34192,15760,18432,442,11564,8837,6437,4830,2082,190,5585,5080,3417,1066,422,252,5979,3757,3020,3764,1660
20202,A,골목상권,3110590,만리재,1137,499,638,0,203,311,256,242,125,0,72,138,121,98,70,0,131,173,135,144,55
20202,A,골목상권,3110538,충정로역 3번,6660,3985,2675,3,1234,1988,1797,1041,597,2,614,1164,1117,687,401,1,620,824,680,354,196
20202,A,골목상권,3110074,서울역 12번,26467,15378,11089,166,9386,8469,5337,2396,713,16,2581,5612,4442,2143,584,150,6805,2857,895,253,129
20202,A,골목상권,3110079,후암동주민센터,23635,17320,6315,25,4338,8442,6036,3464,1330,14,2507,5969,5038,2823,969,11,1831,2473,998,641,361
20202,A,골목상권,3110084,경리단길북측,1137,629,508,2,162,321,292,215,145,0,72,172,152,124,109,2,90,149,140,91,36
20202,A,골목상권,3110081,해방촌 남동측,1004,549,455,0,167,274,244,214,105,0,70,167,133,107,72,0,97,107,111,107,33
20202,A,골목상권,3110071,한강미주맨션아파트,7694,4336,3358,39,937,1689,2729,1822,478,30,410,993,1467,1121,315,9,527,696,1262,701,163
20202,A,골목상권,3110070,용산세무서,4544,2531,2013,7,511,842,1763,1106,315,0,317,511,830,654,219,7,194,331,933,452,96
20202,A,골목상권,3110062,한강로동땡땡거리(은행나무길),6939,4293,2646,11,881,2017,1923,1394,713,7,381,1078,1310,1036,481,4,500,939,613,358,232
20202,A,골목상권,3110101,옥정중학교,7875,6553,1322,8,667,2533,2557,1899,211,4,336,1961,2280,1793,179,4,331,572,277,106,32
20202,A,골목상권,3110102,옥수역 6번,3841,1318,2523,3,1030,1177,844,551,236,0,231,368,353,245,121,3,799,809,491,306,115
20202,A,골목상권,3110142,화양사거리,2804,1663,1141,4,514,723,673,527,363,1,251,457,441,258,255,3,263,266,232,269,108
20202,A,골목상권,3110179,광나루역 1번,5756,3390,2366,160,2246,981,941,998,430,51,1063,679,646,684,267,109,1183,302,295,314,163
20202,A,골목상권,3110180,광진정보도서관,8061,5134,2927,18,2150,2859,1722,920,392,5,1092,1920,1198,611,308,13,1058,939,524,309,84
20202,A,골목상권,3110159,구의역 4번,5367,2836,2531,7,750,1225,1369,1270,746,7,284,550,682,767,546,0,466,675,687,503,200
20202,A,골목상권,3110148,어린이대공원역 3번,1054,772,282,0,83,139,292,374,166,0,39,93,207,287,146,0,44,46,85,87,20
20202,A,골목상권,3110153,중곡1동주민센터,4344,1904,2440,82,1289,748,851,997,377,28,556,394,376,309,241,54,733,354,475,688,136
20202,A,골목상권,3110228,장안근린공원,5579,2983,2596,50,1846,996,988,1029,670,31,967,565,447,513,460,19,879,431,541,516,210
20202,A,골목상권,3110183,한국의류시험연구원,5635,1896,3739,5,941,1338,1052,1352,947,1,284,602,411,281,317,4,657,736,641,1071,630
20202,A,골목상권,3110210,서울시립대,1290,734,556,4,172,214,230,290,380,1,63,119,130,137,284,3,109,95,100,153,96
20202,A,골목상권,3110197,세종대왕기념관교차로,681,441,240,1,42,138,243,179,78,1,22,79,156,117,66,0,20,59,87,62,12
20202,A,골목상권,3110317,종암중학교,856,427,429,0,69,203,291,204,89,0,23,84,143,127,50,0,46,119,148,77,39
20202,A,골목상권,3110269,용마문화복지센터,1193,806,387,1,105,206,253,351,277,0,39,123,168,269,207,1,66,83,85,82,70
20202,A,골목상권,3110262,상봉역 3번,2597,1501,1096,5,405,724,834,459,170,3,233,499,436,209,121,2,172,225,398,250,49
20202,A,골목상권,3110243,중랑노인종합복지관,1280,706,574,2,112,204,300,372,290,1,37,90,161,202,215,1,75,114,139,170,75
20202,A,골목상권,3110252,장안제일시장,1463,895,568,1,172,277,384,342,287,1,77,179,182,215,241,0,95,98,202,127,46
20202,A,골목상권,3110255,상봉역 4번,4054,2483,1571,6,455,886,1164,879,664,1,218,560,648,531,525,5,237,326,516,348,139
20202,A,골목상권,3110259,사가정역 1번,2849,1765,1084,6,311,616,796,665,455,3,137,348,463,463,351,3,174,268,333,202,104
20202,A,골목상권,3110247,먹골역 1번,1727,841,886,0,201,366,470,450,240,0,59,164,206,235,177,0,142,202,264,215,63
20202,A,골목상권,3110244,중화역 4번,2138,1412,726,2,328,556,501,482,269,2,197,350,310,346,207,0,131,206,191,136,62
20202,A,골목상권,3110251,장안중학교,1630,858,772,0,198,364,401,366,301,0,75,156,203,193,231,0,123,208,198,173,70
20202,A,골목상권,3110271,신내역 1번,2482,929,1553,4,592,712,487,573,114,1,121,285,240,223,59,3,471,427,247,350,55
20202,A,골목상권,3110296,성신여대입구역 4번,12695,7697,4998,59,1926,3038,3949,2285,1438,26,872,1766,2632,1690,711,33,1054,1272,1317,595,727
20202,A,골목상권,3110297,경동고등학교,7690,3952,3738,8,907,1939,2285,1889,662,4,314,848,1159,1261,366,4,593,1091,1126,628,296
20202,A,골목상권,3110378,송중동주민센터,1126,533,593,8,114,164,325,277,238,6,49,71,143,123,141,2,65,93,182,154,97
20202,A,골목상권,3110414,장석교회,402,255,147,4,50,79,115,101,53,2,29,47,75,62,40,2,21,32,40,39,13
20202,A,골목상권,3110287,정릉3동주민센터,875,585,290,0,79,170,271,258,97,0,28,91,181,204,81,0,51,79,90,54,16
20202,A,골목상권,3110375,서울북부고용노동지청,845,360,485,1,109,138,239,204,154,0,39,61,79,89,92,1,70,77,160,115,62
20202,A,골목상권,3110399,창2동주민센터,1602,880,722,10,196,366,466,372,192,9,106,227,240,168,130,1,90,139,226,204,62
20202,A,골목상권,3110354,삼각산119안전센터,344,130,214,1,37,80,102,76,48,0,8,21,42,29,30,1,29,59,60,47,18
20202,A,골목상권,3110350,가오리역 2번,1785,1189,596,0,95,235,490,631,334,0,24,137,343,423,262,0,71,98,147,208,72
20202,A,골목상권,3110410,방학역 2번,5184,3020,2164,10,533,1200,1296,1319,826,9,263,670,687,796,595,1,270,530,609,523,231
20202,A,골목상권,3110411,도봉역 3번,1429,925,504,2,98,247,291,426,365,1,28,129,162,293,312,1,70,118,129,133,53
20202,A,골목상권,3110400,도봉구보건소,1846,892,954,4,271,357,453,479,282,3,89,169,210,236,185,1,182,188,243,243,97
20202,A,골목상권,3110409,창동역 2번,5869,3927,1942,2,646,1342,1458,1180,1241,0,365,971,1044,680,867,2,281,371,414,500,374
20202,A,골목상권,3110434,태릉입구역 4번,2447,893,1554,4,239,367,566,692,579,2,84,195,227,195,190,2,155,172,339,497,389
20202,A,골목상권,3110426,상계2동주민센터,2416,1320,1096,14,360,487,625,559,371,11,137,269,322,324,257,3,223,218,303,235,114
20202,A,골목상권,3110465,연신내역 7번,2257,927,1330,9,386,528,559,476,299,5,118,240,230,184,150,4,268,288,329,292,149
20202,A,골목상권,3110490,녹번동근린공원,3783,1923,1860,7,438,883,1034,1016,405,4,202,399,477,577,264,3,236,484,557,439,141
20202,A,골목상권,3110489,불광역 3번,716,357,359,0,96,185,192,137,106,0,35,89,98,60,75,0,61,96,94,77,31
20202,A,골목상권,3110479,연신내역 2번,2576,1321,1255,3,157,300,327,507,1282,1,56,170,162,218,714,2,101,130,165,289,568
20202,A,골목상권,3110493,북가좌초등학교,1809,1358,451,0,58,129,215,372,1035,0,18,54,90,234,962,0,40,75,125,138,73
20202,A,골목상권,3110492,하나고등학교,540,262,278,1,21,104,141,149,124,0,6,75,108,50,23,1,15,29,33,99,101
20202,A,골목상권,3110513,연희파출소,3363,2204,1159,22,567,790,725,790,469,9,272,540,501,544,338,13,295,250,224,246,131
20202,A,골목상권,3110514,서대문우체국,5884,4292,1592,5,831,1136,1085,2109,718,2,601,819,690,1648,532,3,230,317,395,461,186
20202,A,골목상권,3110562,연트럴파크(연남동주민센터),2875,1653,1222,6,493,708,654,605,409,5,216,416,353,352,311,1,277,292,301,253,98
20202,A,골목상권,3110508,서연중학교,4731,2947,1784,65,1080,1249,854,927,556,33,608,915,530,502,359,32,472,334,324,425,197
20202,A,골목상권,3110518,서대문구청,3722,1975,1747,12,546,1034,1058,869,203,9,200,479,568,581,138,3,346,555,490,288,65
20202,A,골목상권,3110525,홍은종합사회복지관,7221,1312,5909,3,183,467,1911,3557,1100,1,69,144,285,391,422,2,114,323,1626,3166,678
20202,A,골목상권,3110515,홍은중학교,1043,706,337,1,143,296,295,199,109,1,75,191,205,147,87,0,68,105,90,52,22
20202,A,골목상권,3110583,공덕래미안3차아파트,6179,4019,2160,25,972,2169,1807,999,207,2,442,1254,1331,841,149,23,530,915,476,158,58
20202,A,골목상권,3110577,용강동주민센터,9059,5496,3563,86,1376,2019,2088,1811,1679,35,752,1266,1421,1058,964,51,624,753,667,753,715
20202,A,골목상권,3110559,성산중학교,3953,2244,1709,15,791,1163,989,658,337,10,291,617,630,448,248,5,500,546,359,210,89
20202,A,골목상권,3110673,뜸부기어린이공원,3925,1626,2299,2,811,1050,872,768,422,1,199,434,404,342,246,1,612,616,468,426,176
20202,A,골목상권,3110593,신월3동주민센터,1762,1006,756,1,186,325,388,471,391,0,75,151,191,286,303,1,111,174,197,185,88
20202,A,골목상권,3110605,목동센트럴아이파크앞,1499,829,670,1,100,208,369,491,330,0,43,115,174,261,236,1,57,93,195,230,94
20202,A,골목상권,3110644,신광명마을,984,638,346,8,82,134,249,286,225,5,35,58,135,196,209,3,47,76,114,90,16
20202,A,골목상권,3110634,송정역 3번,2258,1399,859,4,275,506,610,511,352,1,117,307,373,338,263,3,158,199,237,173,89
20202,A,골목상권,3110637,송정역 2번,2971,1382,1589,8,213,374,533,870,973,1,106,229,321,293,432,7,107,145,212,577,541
20202,A,골목상권,3110717,남구로역 2번,14015,9786,4229,70,2885,4254,3438,2015,1353,55,1641,3012,2557,1417,1104,15,1244,1242,881,598,249
20202,A,골목상권,3110704,고척중학교,2226,1605,621,3,212,447,479,523,562,2,146,303,298,357,499,1,66,144,181,166,63
20202,A,골목상권,3110711,구로초등학교,6053,3126,2927,18,987,1548,1351,1432,717,6,398,756,689,847,430,12,589,792,662,585,287
20202,A,골목상권,3110853,KT구로지사,2641,1608,1033,1,319,772,649,545,355,0,145,461,405,335,262,1,174,311,244,210,93
20202,A,골목상권,3110719,영서중학교,8289,5933,2356,59,1796,2525,2024,1273,612,45,1066,1810,1558,970,484,14,730,715,466,303,128
20202,A,골목상권,3110681,온수역 1번,770,608,162,1,32,106,134,230,267,1,15,68,84,193,247,0,17,38,50,37,20
20202,A,골목상권,3110686,수궁동주민센터,1712,942,770,4,166,281,410,516,335,2,67,147,225,281,220,2,99,134,185,235,115
20202,A,골목상권,3110724,금천구립가산도서관,11383,7546,3837,40,1693,3181,2821,2099,1549,26,938,2131,2094,1485,872,14,755,1050,727,614,677
20202,A,골목상권,3110737,금천세무서,1798,1125,673,11,253,347,446,436,305,2,132,205,256,291,239,9,121,142,190,145,66
20202,A,골목상권,3110751,난곡중학교,4170,2971,1199,5,268,560,768,723,1846,4,152,299,440,412,1664,1,116,261,328,311,182
20202,A,골목상권,3110770,영등포구청역 6번,3743,2293,1450,10,456,798,1009,775,695,8,198,431,610,510,536,2,258,367,399,265,159
20202,A,골목상권,3110774,당산반도유보라팰리스아파트,6057,3990,2067,23,1174,1514,1210,1260,876,16,690,964,811,881,628,7,484,550,399,379,248
20202,A,골목상권,3110784,신대림초등학교,635,358,277,0,52,113,172,193,105,0,17,54,98,114,75,0,35,59,74,79,30
20202,A,골목상권,3110790,대림1동주민센터,1866,1133,733,8,165,442,606,439,206,6,106,276,315,276,154,2,59,166,291,163,52
20202,A,골목상권,3110797,KT대방빌딩,2388,1195,1193,9,744,610,471,373,181,6,202,321,282,247,137,3,542,289,189,126,44
20202,A,골목상권,3110767,도림동주민센터,1986,1301,685,12,195,337,469,452,521,9,94,206,296,293,403,3,101,131,173,159,118
20202,A,골목상권,3110795,도림초등학교,1472,844,628,3,149,235,336,361,388,3,60,124,194,196,267,0,89,111,142,165,121
20202,A,골목상권,3110816,대방역 6번,1738,1058,680,6,221,364,462,314,371,4,113,216,301,190,234,2,108,148,161,124,137
20202,A,골목상권,3110805,신길새마을금고신길4동지점,1023,537,486,1,157,206,259,272,128,0,62,106,133,146,90,1,95,100,126,126,38
20202,A,골목상권,3110760,선유도역 6번,5228,3263,1965,14,772,1203,1346,1246,647,10,420,748,783,769,533,4,352,455,563,477,114
20202,A,골목상권,3110829,장승배기역 5번,1910,1113,797,2,354,419,433,426,276,1,244,230,215,246,177,1,110,189,218,180,99
20202,A,골목상권,3110823,신대방삼거리역 3번,18527,11847,6680,53,3630,3578,3043,4396,3827,29,2845,2902,1956,2093,2022,24,785,676,1087,2303,1805
20202,A,골목상권,3110825,신대방삼거리역 1번,1887,1186,701,4,200,384,537,438,324,2,118,234,332,261,239,2,82,150,205,177,85
20202,A,골목상권,3110902,사당역 4번,4587,2962,1625,5,748,1134,1234,856,610,3,391,730,829,555,454,2,357,404,405,301,156
20202,A,골목상권,3110848,양지어린이공원,2097,1112,985,2,190,322,522,478,583,1,51,160,244,247,409,1,139,162,278,231,174
20202,A,골목상권,3110837,숭실대입구역 1번,7582,3000,4582,54,1016,1317,1684,2308,1203,29,513,708,790,619,341,25,503,609,894,1689,862
20202,A,골목상권,3110869,"신림역 5번(신림동주민센터, 신림동별빛거리)",3655,2148,1507,5,394,824,948,715,769,3,166,460,534,430,555,2,228,364,414,285,214
20202,A,골목상권,3110844,흑석2치안센터,160,91,69,1,22,48,41,25,23,1,12,21,23,16,18,0,10,27,18,9,5
20202,A,골목상권,3110897,서울대입구역 8번,3249,1771,1478,17,519,696,762,756,499,10,216,361,414,426,344,7,303,335,348,330,155
20202,A,골목상권,3110865,남강고등학교(남강중학교),1253,655,598,10,151,251,310,354,177,7,69,139,159,167,114,3,82,112,151,187,63
20202,A,골목상권,3110909,남태령역(서울전자고등학교),640,329,311,2,35,69,132,263,139,2,9,34,62,132,90,0,26,35,70,131,49
20202,A,골목상권,3110887,서울산업정보학교(서울삼성초등학교),1438,924,514,2,150,309,356,436,185,0,51,150,237,337,149,2,99,159,119,99,36
20202,A,골목상권,3110860,호림박물관(성보고등학교),1990,1169,821,6,297,530,482,443,232,2,133,294,297,266,177,4,164,236,185,177,55
20202,A,골목상권,3110883,은천초등학교(은천교앞),3082,1294,1788,17,445,582,703,892,443,2,110,250,330,308,294,15,335,332,373,584,149
20202,A,골목상권,3110877,신림역 8번,2858,1276,1582,5,569,617,591,596,480,1,169,257,289,245,315,4,400,360,302,351,165
20202,A,골목상권,3110894,관악동부센트레빌아파트(은천로35라길),7043,2668,4375,54,994,1207,1567,2169,1052,30,470,649,731,579,209,24,524,558,836,1590,843
20202,A,골목상권,3110946,청계산원터골,162,69,93,0,24,18,42,31,47,0,12,10,25,7,15,0,12,8,17,24,32
20202,A,골목상권,3110924,반포4동주민센터(몽마르뜨공원),77734,71457,6277,26,7647,15682,20670,31194,2515,11,6234,13666,18911,30353,2282,15,1413,2016,1759,841,233
20202,A,골목상권,3110922,내방역 1번,15637,10488,5149,75,3040,4842,3871,2935,874,57,1457,2908,2911,2496,659,18,1583,1934,960,439,215
20202,A,골목상권,3110929,남부터미널역 1번,36239,19956,16283,80,7810,8818,7565,9758,2208,25,2589,4537,4266,6904,1635,55,5221,4281,3299,2854,573
20202,A,골목상권,3110980,개포지구대옆,18101,5325,12776,71,2848,3483,6555,4107,1037,34,1294,1688,1158,625,526,37,1554,1795,5397,3482,511
20202,A,골목상권,3110951,신사은행나무공원,9132,5156,3976,46,2729,2597,1929,1129,702,14,1093,1493,1282,764,510,32,1636,1104,647,365,192
20202,A,골목상권,3111024,경찰병원역 4번(건너말공원),10720,6112,4608,57,1433,2394,2566,2144,2126,27,681,1469,1754,1167,1014,30,752,925,812,977,1112
20202,A,골목상권,3111046,마천역(마천초등학교),2560,1555,1005,5,274,560,700,645,376,1,145,333,390,383,303,4,129,227,310,262,73
20202,A,골목상권,3111044,남천초등학교,1831,923,908,1,191,385,506,486,262,0,87,192,216,220,208,1,104,193,290,266,54
20202,A,골목상권,3111033,문정동성당,32663,26076,6587,11,2622,5719,9448,12913,1950,4,1647,4277,7502,11343,1303,7,975,1442,1946,1570,647
20202,A,골목상권,3111019,한성백제역 3번,15362,8061,7301,39,2405,3433,3255,3668,2562,30,1305,2236,1757,1393,1340,9,1100,1197,1498,2275,1222
20202,A,골목상권,3111007,석촌고분역 4번,4469,2987,1482,9,625,1051,1004,989,791,8,392,705,646,633,603,1,233,346,358,356,188
20202,A,골목상권,3111004,삼전역 1번,11074,7193,3881,42,1623,2462,2544,2663,1740,4,728,1489,1666,1950,1356,38,895,973,878,713,384
20202,A,골목상권,3111051,천호역 6번,3537,1976,1561,10,608,745,821,822,531,4,339,401,414,434,384,6,269,344,407,388,147
20202,A,골목상권,3111018,풍납초등학교(풍납백제문화공원),958,634,324,0,133,194,216,258,157,0,84,122,134,175,119,0,49,72,82,83,38
20202,A,골목상권,3111064,둔촌동역 4번,2203,1364,839,6,236,423,519,533,486,5,121,252,314,340,332,1,115,171,205,193,154
20202,A,골목상권,3111078,굽은다리역 4번,3935,2367,1568,9,362,678,891,1032,963,5,192,427,513,612,618,4,170,251,378,420,345
20202,A,골목상권,3111082,중앙보훈병원,476,316,160,0,30,57,76,119,194,0,18,40,52,73,133,0,12,17,24,46,61
20202,A,골목상권,3111086,한영중고,702,392,310,1,68,159,171,215,88,1,31,67,87,136,70,0,37,92,84,79,18
20202,A,골목상권,3111070,천호초등학교,1434,798,636,6,118,348,397,393,172,1,45,166,221,243,122,5,73,182,176,150,50
20202,A,골목상권,3111057,천호공원(해공체육문화센터),1546,745,801,2,167,228,317,374,458,2,47,73,121,162,340,0,120,155,196,212,118
20204,A,골목상권,3110519,서대문구보건소별관,1507,688,819,1,235,290,399,374,208,1,79,135,203,162,108,0,156,155,196,212,100
20204,A,골목상권,3110576,대흥역 3번,5382,3414,1968,79,939,1223,1169,1147,825,29,466,793,820,754,552,50,473,430,349,393,273
20204,A,골목상권,3110573,신촌역 6번,3658,1638,2020,59,1952,841,356,296,154,19,740,412,168,189,110,40,1212,429,188,107,44
20204,A,골목상권,3110563,상수역 3번,1775,1091,684,20,394,537,380,269,175,14,185,322,259,186,125,6,209,215,121,83,50
20204,A,골목상권,3110621,목동역 5번,6561,3403,3158,13,1373,1658,1558,1218,741,7,459,886,925,658,468,6,914,772,633,560,273
20204,A,골목상권,3110604,신월4동주민센터,2562,1829,733,1,147,307,531,813,763,1,63,163,324,591,687,0,84,144,207,222,76
20204,A,골목상권,3110592,서울금융고등학교,1418,826,592,0,159,268,306,388,297,0,60,114,154,262,236,0,99,154,152,126,61
20204,A,골목상권,3110595,메디힐병원,2673,1506,1167,2,265,534,570,717,585,1,120,277,304,429,375,1,145,257,266,288,210
20204,A,골목상권,3110603,지향초등학교,1491,835,656,3,116,242,379,451,300,0,47,129,201,246,212,3,69,113,178,205,88
20204,A,골목상권,3110625,신정2동주민센터,16198,9820,6378,112,2886,5330,4076,2804,990,78,1380,3276,2623,1819,644,34,1506,2054,1453,985,346
20204,A,골목상권,3110694,세곡초등학교,1785,1047,738,2,177,395,445,464,302,0,103,223,225,258,238,2,74,172,220,206,64
20204,A,골목상권,3110614,목동로데오거리,2417,1098,1319,3,334,528,600,608,344,2,114,230,276,284,192,1,220,298,324,324,152
20204,A,골목상권,3110667,가양역 10번,1800,935,865,11,274,339,420,410,346,3,109,178,245,204,196,8,165,161,175,206,150
20204,A,골목상권,3110643,강서구다솔마을,965,598,367,1,130,245,288,220,81,0,61,147,186,143,61,1,69,98,102,77,20
20204,A,골목상권,3110639,신방화역 8번,2731,1181,1550,7,220,288,413,883,920,4,100,169,211,292,405,3,120,119,202,591,515
20204,A,골목상권,3110663,우장산롯데캐슬아파트앞,5359,3199,2160,30,999,1445,1422,975,488,6,423,940,917,567,346,24,576,505,505,408,142
20204,A,골목상권,3110641,공항고등학교,1128,713,415,5,140,196,275,310,202,4,68,126,151,195,169,1,72,70,124,115,33
20204,A,골목상권,3110633,개화산역 1번,1889,1400,489,5,147,329,613,532,263,3,96,226,475,385,215,2,51,103,138,147,48
20204,A,골목상권,3110642,정곡초등학교,685,546,139,4,37,93,162,180,209,3,26,69,120,144,184,1,11,24,42,36,25
20204,A,골목상권,3110678,염창무학아파트,1394,954,440,1,153,288,345,353,254,1,67,196,230,253,207,0,86,92,115,100,47
20204,A,골목상권,3110653,화곡역 2번,3217,1604,1613,4,830,737,647,610,389,2,234,386,349,374,259,2,596,351,298,236,130
20204,A,골목상권,3110664,강서구청옆,5115,3052,2063,3,737,1589,1285,1162,339,2,325,916,765,801,243,1,412,673,520,361,96
20204,A,골목상권,3110661,강서새말어린이공원,5000,2990,2010,3,614,1412,1299,1279,393,1,264,757,773,902,293,2,350,655,526,377,100
20204,A,골목상권,3110710,남구로역 3번,11294,7278,4016,42,2025,3289,2861,1783,1294,27,997,2122,1963,1237,932,15,1028,1167,898,546,362
20204,A,골목상권,3110683,오류고등학교,947,549,398,2,104,203,251,259,128,0,46,117,149,161,76,2,58,86,102,98,52
20204,A,골목상권,3110687,"천왕역 3번(오류2동주민센터, 서울오류남초등학교)",611,327,284,2,64,145,181,164,55,0,25,67,94,101,40,2,39,78,87,63,15
20204,A,골목상권,3110740,금천해태공원,2272,1221,1051,12,314,449,585,607,305,12,140,242,307,289,231,0,174,207,278,318,74
20204,A,골목상권,3110733,금천어울림복지센터,1394,848,546,6,220,294,309,352,213,6,95,175,196,198,178,0,125,119,113,154,35
20204,A,골목상권,3110739,시흥3동 우편취급국,6057,3396,2661,12,415,798,1378,1593,1861,3,218,521,767,793,1094,9,197,277,611,800,767
20204,A,골목상권,3110794,영동초등학교,6731,4384,2347,7,908,1678,1868,1488,782,4,484,1187,1296,880,533,3,424,491,572,608,249
20204,A,골목상권,3110796,한림대학교한강성심병원,4703,2546,2157,8,1205,1185,1032,730,543,0,356,602,664,496,428,8,849,583,368,234,115
20204,A,골목상권,3110773,당산역 13번,2296,1625,671,5,321,455,469,433,613,2,200,319,306,314,484,3,121,136,163,119,129
20204,A,골목상권,3110775,대동초등학교,2205,1172,1033,3,265,305,440,491,701,2,87,154,225,267,437,1,178,151,215,224,264
20204,A,골목상권,3110802,신길동홍어거리,1688,958,730,2,163,356,336,340,491,0,66,161,165,198,368,2,97,195,171,142,123
20204,A,골목상권,3110814,서울지방병무청,7231,4542,2689,9,1277,1559,1449,2091,846,3,648,1005,888,1436,562,6,629,554,561,655,284
20204,A,골목상권,3110791,신풍역 3번,962,409,553,2,107,204,340,219,90,1,55,84,106,98,65,1,52,120,234,121,25
20204,A,골목상권,3110826,장승배기역 4번,1539,717,822,2,208,317,383,327,302,1,88,174,163,145,146,1,120,143,220,182,156
20204,A,골목상권,3110846,남성역 1번,3023,1643,1380,6,279,488,722,688,840,4,110,241,329,370,589,2,169,247,393,318,251
20204,A,골목상권,3110849,이수역 10번,2020,917,1103,9,243,385,555,503,325,3,74,176,237,222,205,6,169,209,318,281,120
20204,A,골목상권,3110904,이수역 5번,7580,3075,4505,27,1481,1942,1814,1328,988,11,481,754,719,541,569,16,1000,1188,1095,787,419
20204,A,골목상권,3110845,사당종합체육관,2216,1328,888,1,343,604,608,487,173,0,142,347,418,296,125,1,201,257,190,191,48
20204,A,골목상권,3110838,상도1동주민센터앞,470,279,191,0,38,134,125,108,65,0,24,64,76,59,56,0,14,70,49,49,9
20204,A,골목상권,3110842,흑리단길,333,124,209,1,42,51,91,88,60,0,9,16,31,31,37,1,33,35,60,57,23
20204,A,골목상권,3110895,샤로수길,9100,5774,3326,22,1457,2643,2011,1949,1018,12,741,1663,1249,1320,789,10,716,980,762,629,229
20204,A,골목상권,3110862,난곡초등학교(난곡동벽화마을),751,369,382,4,90,142,198,179,138,2,33,61,89,89,95,2,57,81,109,90,43
20204,A,골목상권,3110881,구립대학경로당(관악산샘말공원),3491,2506,985,7,487,876,989,802,330,2,285,574,762,628,255,5,202,302,227,174,75
20204,A,골목상권,3110868,남부초등학교,1203,669,534,1,119,222,307,292,262,1,58,121,153,170,166,0,61,101,154,122,96
20204,A,골목상권,3110884,봉천역 4번(봉천110안전센터),2449,1248,1201,5,344,475,517,594,514,2,117,236,287,288,318,3,227,239,230,306,196
20204,A,골목상권,3110945,본마을노인복지센터(서초구립내곡도서관),282,173,109,3,60,68,60,61,30,3,24,39,39,44,24,0,36,29,21,17,6
20204,A,골목상권,3110923,방배역 1번,7685,4925,2760,99,1271,2216,1992,1225,882,30,656,1274,1396,874,695,69,615,942,596,351,187
20204,A,골목상권,3110911,방배배수지체육공원,5174,3320,1854,19,999,1738,1199,574,645,7,472,1151,868,368,454,12,527,587,331,206,191
20204,A,골목상권,3110925,서초중학교,7154,4224,2930,46,1556,2069,1769,1060,654,22,621,1233,1169,687,492,24,935,836,600,373,162
20204,A,골목상권,3110939,양재역 8번(양재동우체국),41563,20436,21127,491,8989,10005,11680,7308,3090,234,4386,5999,4772,2772,2273,257,4603,4006,6908,4536,817
20204,A,골목상권,3110957,언북중학교,19599,10831,8768,50,4379,6251,4791,2651,1477,12,1584,3303,3059,1807,1066,38,2795,2948,1732,844,411
20204,A,골목상권,3110965,언주역 6번,9740,5517,4223,23,2101,3089,2326,1335,866,8,808,1801,1548,764,588,15,1293,1288,778,571,278
20204,A,골목상권,3110989,대치동아우편취급국,11455,6945,4510,30,1728,2699,2466,2216,2316,10,807,1670,1718,1423,1317,20,921,1029,748,793,999
20204,A,골목상권,3110976,언북초등학교,7421,3945,3476,22,1768,2422,1579,974,656,5,662,1328,981,573,396,17,1106,1094,598,401,260
20204,A,골목상권,3111013,송파나루역 1번(송리단길),13204,8353,4851,24,2104,4019,3310,2243,1504,8,1026,2562,2230,1466,1061,16,1078,1457,1080,777,443
20204,A,골목상권,3111009,송파책박물관,1894,1412,482,3,218,363,367,454,489,1,177,296,267,293,378,2,41,67,100,161,111
20204,A,골목상권,3111036,투구봉어린이공원,2144,1386,758,11,342,562,503,501,225,9,231,389,324,276,157,2,111,173,179,225,68
20204,A,골목상권,3111039,벌말어린이공원,2919,1879,1040,10,337,724,752,674,422,9,200,492,489,409,280,1,137,232,263,265,142
20204,A,골목상권,3111063,강동구립 천호도서관,2780,1638,1142,5,183,340,451,548,1253,5,84,173,243,277,856,0,99,167,208,271,397
20204,A,골목상권,3111075,굽은다리역 2번,2417,1284,1133,3,301,474,580,612,447,1,128,269,277,326,283,2,173,205,303,286,164
20204,A,골목상권,3111058,성내중학교,2021,1203,818,3,223,404,536,552,303,1,135,242,295,323,207,2,88,162,241,229,96
20204,A,골목상권,3111055,선사초등학교,1504,437,1067,1,125,210,322,498,348,0,66,114,117,64,76,1,59,96,205,434,272
20204,A,골목상권,3110535,영천시장입구,1407,635,772,2,148,229,338,457,233,2,47,91,151,210,134,0,101,138,187,247,99
20204,A,골목상권,3110009,자하문터널,2236,1348,888,1,463,684,579,375,134,1,207,424,359,259,98,0,256,260,220,116,36
20204,A,골목상권,3110033,창신역 4번,852,441,411,1,111,175,201,230,134,0,33,87,107,143,71,1,78,88,94,87,63
20204,A,골목상권,3110023,서울대병원,2374,1256,1118,7,511,735,518,390,213,2,179,349,299,269,158,5,332,386,219,121,55
20204,A,골목상권,3110022,경신고등학교,5909,2689,3220,26,974,1661,1479,1083,686,19,336,787,696,497,354,7,638,874,783,586,332
20204,A,골목상권,3110280,북정마을,1209,815,394,9,195,326,356,231,92,2,107,241,255,149,61,7,88,85,101,82,31
20204,A,골목상권,3110044,관성묘,34192,15760,18432,442,11564,8837,6437,4830,2082,190,5585,5080,3417,1066,422,252,5979,3757,3020,3764,1660
20204,A,골목상권,3110590,만리재,1137,499,638,0,203,311,256,242,125,0,72,138,121,98,70,0,131,173,135,144,55
20204,A,골목상권,3110538,충정로역 3번,6660,3985,2675,3,1234,1988,1797,1041,597,2,614,1164,1117,687,401,1,620,824,680,354,196
20204,A,골목상권,3110074,서울역 12번,26467,15378,11089,166,9386,8469,5337,2396,713,16,2581,5612,4442,2143,584,150,6805,2857,895,253,129
20204,A,골목상권,3110079,후암동주민센터,23635,17320,6315,25,4338,8442,6036,3464,1330,14,2507,5969,5038,2823,969,11,1831,2473,998,641,361
20204,A,골목상권,3110084,경리단길북측,1137,629,508,2,162,321,292,215,145,0,72,172,152,124,109,2,90,149,140,91,36
20204,A,골목상권,3110081,해방촌 남동측,1004,549,455,0,167,274,244,214,105,0,70,167,133,107,72,0,97,107,111,107,33
20204,A,골목상권,3110071,한강미주맨션아파트,7694,4336,3358,39,937,1689,2729,1822,478,30,410,993,1467,1121,315,9,527,696,1262,701,163
20204,A,골목상권,3110070,용산세무서,4544,2531,2013,7,511,842,1763,1106,315,0,317,511,830,654,219,7,194,331,933,452,96
20204,A,골목상권,3110062,한강로동땡땡거리(은행나무길),6939,4293,2646,11,881,2017,1923,1394,713,7,381,1078,1310,1036,481,4,500,939,613,358,232
20204,A,골목상권,3110101,옥정중학교,7875,6553,1322,8,667,2533,2557,1899,211,4,336,1961,2280,1793,179,4,331,572,277,106,32
20204,A,골목상권,3110102,옥수역 6번,3841,1318,2523,3,1030,1177,844,551,236,0,231,368,353,245,121,3,799,809,491,306,115
20204,A,골목상권,3110142,화양사거리,2804,1663,1141,4,514,723,673,527,363,1,251,457,441,258,255,3,263,266,232,269,108
20204,A,골목상권,3110179,광나루역 1번,5756,3390,2366,160,2246,981,941,998,430,51,1063,679,646,684,267,109,1183,302,295,314,163
20204,A,골목상권,3110180,광진정보도서관,8061,5134,2927,18,2150,2859,1722,920,392,5,1092,1920,1198,611,308,13,1058,939,524,309,84
20204,A,골목상권,3110159,구의역 4번,5367,2836,2531,7,750,1225,1369,1270,746,7,284,550,682,767,546,0,466,675,687,503,200
20204,A,골목상권,3110148,어린이대공원역 3번,1054,772,282,0,83,139,292,374,166,0,39,93,207,287,146,0,44,46,85,87,20
20204,A,골목상권,3110153,중곡1동주민센터,4344,1904,2440,82,1289,748,851,997,377,28,556,394,376,309,241,54,733,354,475,688,136
20204,A,골목상권,3110228,장안근린공원,5579,2983,2596,50,1846,996,988,1029,670,31,967,565,447,513,460,19,879,431,541,516,210
20204,A,골목상권,3110183,한국의류시험연구원,5635,1896,3739,5,941,1338,1052,1352,947,1,284,602,411,281,317,4,657,736,641,1071,630
20204,A,골목상권,3110210,서울시립대,1290,734,556,4,172,214,230,290,380,1,63,119,130,137,284,3,109,95,100,153,96
20204,A,골목상권,3110197,세종대왕기념관교차로,681,441,240,1,42,138,243,179,78,1,22,79,156,117,66,0,20,59,87,62,12
20204,A,골목상권,3110317,종암중학교,856,427,429,0,69,203,291,204,89,0,23,84,143,127,50,0,46,119,148,77,39
20204,A,골목상권,3110269,용마문화복지센터,1193,806,387,1,105,206,253,351,277,0,39,123,168,269,207,1,66,83,85,82,70
20204,A,골목상권,3110262,상봉역 3번,2597,1501,1096,5,405,724,834,459,170,3,233,499,436,209,121,2,172,225,398,250,49
20204,A,골목상권,3110243,중랑노인종합복지관,1280,706,574,2,112,204,300,372,290,1,37,90,161,202,215,1,75,114,139,170,75
20204,A,골목상권,3110252,장안제일시장,1463,895,568,1,172,277,384,342,287,1,77,179,182,215,241,0,95,98,202,127,46
20204,A,골목상권,3110255,상봉역 4번,4054,2483,1571,6,455,886,1164,879,664,1,218,560,648,531,525,5,237,326,516,348,139
20204,A,골목상권,3110259,사가정역 1번,2849,1765,1084,6,311,616,796,665,455,3,137,348,463,463,351,3,174,268,333,202,104
20204,A,골목상권,3110247,먹골역 1번,1727,841,886,0,201,366,470,450,240,0,59,164,206,235,177,0,142,202,264,215,63
20204,A,골목상권,3110244,중화역 4번,2138,1412,726,2,328,556,501,482,269,2,197,350,310,346,207,0,131,206,191,136,62
20204,A,골목상권,3110251,장안중학교,1630,858,772,0,198,364,401,366,301,0,75,156,203,193,231,0,123,208,198,173,70
20204,A,골목상권,3110271,신내역 1번,2482,929,1553,4,592,712,487,573,114,1,121,285,240,223,59,3,471,427,247,350,55
20204,A,골목상권,3110296,성신여대입구역 4번,12695,7697,4998,59,1926,3038,3949,2285,1438,26,872,1766,2632,1690,711,33,1054,1272,1317,595,727
20204,A,골목상권,3110297,경동고등학교,7690,3952,3738,8,907,1939,2285,1889,662,4,314,848,1159,1261,366,4,593,1091,1126,628,296
20204,A,골목상권,3110378,송중동주민센터,1126,533,593,8,114,164,325,277,238,6,49,71,143,123,141,2,65,93,182,154,97
20204,A,골목상권,3110414,장석교회,402,255,147,4,50,79,115,101,53,2,29,47,75,62,40,2,21,32,40,39,13
20204,A,골목상권,3110287,정릉3동주민센터,875,585,290,0,79,170,271,258,97,0,28,91,181,204,81,0,51,79,90,54,16
20204,A,골목상권,3110375,서울북부고용노동지청,845,360,485,1,109,138,239,204,154,0,39,61,79,89,92,1,70,77,160,115,62
20204,A,골목상권,3110399,창2동주민센터,1602,880,722,10,196,366,466,372,192,9,106,227,240,168,130,1,90,139,226,204,62
20204,A,골목상권,3110354,삼각산119안전센터,344,130,214,1,37,80,102,76,48,0,8,21,42,29,30,1,29,59,60,47,18
20204,A,골목상권,3110350,가오리역 2번,1785,1189,596,0,95,235,490,631,334,0,24,137,343,423,262,0,71,98,147,208,72
20204,A,골목상권,3110410,방학역 2번,5184,3020,2164,10,533,1200,1296,1319,826,9,263,670,687,796,595,1,270,530,609,523,231
20204,A,골목상권,3110411,도봉역 3번,1429,925,504,2,98,247,291,426,365,1,28,129,162,293,312,1,70,118,129,133,53
20204,A,골목상권,3110400,도봉구보건소,1846,892,954,4,271,357,453,479,282,3,89,169,210,236,185,1,182,188,243,243,97
20204,A,골목상권,3110409,창동역 2번,5869,3927,1942,2,646,1342,1458,1180,1241,0,365,971,1044,680,867,2,281,371,414,500,374
20204,A,골목상권,3110434,태릉입구역 4번,2447,893,1554,4,239,367,566,692,579,2,84,195,227,195,190,2,155,172,339,497,389
20204,A,골목상권,3110426,상계2동주민센터,2416,1320,1096,14,360,487,625,559,371,11,137,269,322,324,257,3,223,218,303,235,114
20204,A,골목상권,3110465,연신내역 7번,2257,927,1330,9,386,528,559,476,299,5,118,240,230,184,150,4,268,288,329,292,149
20204,A,골목상권,3110490,녹번동근린공원,3783,1923,1860,7,438,883,1034,1016,405,4,202,399,477,577,264,3,236,484,557,439,141
20204,A,골목상권,3110489,불광역 3번,716,357,359,0,96,185,192,137,106,0,35,89,98,60,75,0,61,96,94,77,31
20204,A,골목상권,3110479,연신내역 2번,2576,1321,1255,3,157,300,327,507,1282,1,56,170,162,218,714,2,101,130,165,289,568
20204,A,골목상권,3110493,북가좌초등학교,1809,1358,451,0,58,129,215,372,1035,0,18,54,90,234,962,0,40,75,125,138,73
20204,A,골목상권,3110492,하나고등학교,540,262,278,1,21,104,141,149,124,0,6,75,108,50,23,1,15,29,33,99,101
20204,A,골목상권,3110513,연희파출소,3363,2204,1159,22,567,790,725,790,469,9,272,540,501,544,338,13,295,250,224,246,131
20204,A,골목상권,3110514,서대문우체국,5884,4292,1592,5,831,1136,1085,2109,718,2,601,819,690,1648,532,3,230,317,395,461,186
20204,A,골목상권,3110562,연트럴파크(연남동주민센터),2875,1653,1222,6,493,708,654,605,409,5,216,416,353,352,311,1,277,292,301,253,98
20204,A,골목상권,3110508,서연중학교,4731,2947,1784,65,1080,1249,854,927,556,33,608,915,530,502,359,32,472,334,324,425,197
20204,A,골목상권,3110518,서대문구청,3722,1975,1747,12,546,1034,1058,869,203,9,200,479,568,581,138,3,346,555,490,288,65
20204,A,골목상권,3110525,홍은종합사회복지관,7221,1312,5909,3,183,467,1911,3557,1100,1,69,144,285,391,422,2,114,323,1626,3166,678
20204,A,골목상권,3110515,홍은중학교,1043,706,337,1,143,296,295,199,109,1,75,191,205,147,87,0,68,105,90,52,22
20204,A,골목상권,3110583,공덕래미안3차아파트,6179,4019,2160,25,972,2169,1807,999,207,2,442,1254,1331,841,149,23,530,915,476,158,58
20204,A,골목상권,3110577,용강동주민센터,9059,5496,3563,86,1376,2019,2088,1811,1679,35,752,1266,1421,1058,964,51,624,753,667,753,715
20204,A,골목상권,3110559,성산중학교,3953,2244,1709,15,791,1163,989,658,337,10,291,617,630,448,248,5,500,546,359,210,89
20204,A,골목상권,3110673,뜸부기어린이공원,3925,1626,2299,2,811,1050,872,768,422,1,199,434,404,342,246,1,612,616,468,426,176
20204,A,골목상권,3110593,신월3동주민센터,1762,1006,756,1,186,325,388,471,391,0,75,151,191,286,303,1,111,174,197,185,88
20204,A,골목상권,3110605,목동센트럴아이파크앞,1499,829,670,1,100,208,369,491,330,0,43,115,174,261,236,1,57,93,195,230,94
20204,A,골목상권,3110644,신광명마을,984,638,346,8,82,134,249,286,225,5,35,58,135,196,209,3,47,76,114,90,16
20204,A,골목상권,3110634,송정역 3번,2258,1399,859,4,275,506,610,511,352,1,117,307,373,338,263,3,158,199,237,173,89
20204,A,골목상권,3110637,송정역 2번,2971,1382,1589,8,213,374,533,870,973,1,106,229,321,293,432,7,107,145,212,577,541
20204,A,골목상권,3110717,남구로역 2번,14015,9786,4229,70,2885,4254,3438,2015,1353,55,1641,3012,2557,1417,1104,15,1244,1242,881,598,249
20204,A,골목상권,3110704,고척중학교,2226,1605,621,3,212,447,479,523,562,2,146,303,298,357,499,1,66,144,181,166,63
20204,A,골목상권,3110711,구로초등학교,6053,3126,2927,18,987,1548,1351,1432,717,6,398,756,689,847,430,12,589,792,662,585,287
20204,A,골목상권,3110853,KT구로지사,2641,1608,1033,1,319,772,649,545,355,0,145,461,405,335,262,1,174,311,244,210,93
20204,A,골목상권,3110719,영서중학교,8289,5933,2356,59,1796,2525,2024,1273,612,45,1066,1810,1558,970,484,14,730,715,466,303,128
20204,A,골목상권,3110681,온수역 1번,770,608,162,1,32,106,134,230,267,1,15,68,84,193,247,0,17,38,50,37,20
20204,A,골목상권,3110686,수궁동주민센터,1712,942,770,4,166,281,410,516,335,2,67,147,225,281,220,2,99,134,185,235,115
20204,A,골목상권,3110724,금천구립가산도서관,11383,7546,3837,40,1693,3181,2821,2099,1549,26,938,2131,2094,1485,872,14,755,1050,727,614,677
20204,A,골목상권,3110737,금천세무서,1798,1125,673,11,253,347,446,436,305,2,132,205,256,291,239,9,121,142,190,145,66
20204,A,골목상권,3110751,난곡중학교,4170,2971,1199,5,268,560,768,723,1846,4,152,299,440,412,1664,1,116,261,328,311,182
20204,A,골목상권,3110770,영등포구청역 6번,3743,2293,1450,10,456,798,1009,775,695,8,198,431,610,510,536,2,258,367,399,265,159
20204,A,골목상권,3110774,당산반도유보라팰리스아파트,6057,3990,2067,23,1174,1514,1210,1260,876,16,690,964,811,881,628,7,484,550,399,379,248
20204,A,골목상권,3110784,신대림초등학교,635,358,277,0,52,113,172,193,105,0,17,54,98,114,75,0,35,59,74,79,30
20204,A,골목상권,3110790,대림1동주민센터,1866,1133,733,8,165,442,606,439,206,6,106,276,315,276,154,2,59,166,291,163,52
20204,A,골목상권,3110797,KT대방빌딩,2388,1195,1193,9,744,610,471,373,181,6,202,321,282,247,137,3,542,289,189,126,44
20204,A,골목상권,3110767,도림동주민센터,1986,1301,685,12,195,337,469,452,521,9,94,206,296,293,403,3,101,131,173,159,118
20204,A,골목상권,3110795,도림초등학교,1472,844,628,3,149,235,336,361,388,3,60,124,194,196,267,0,89,111,142,165,121
20204,A,골목상권,3110816,대방역 6번,1738,1058,680,6,221,364,462,314,371,4,113,216,301,190,234,2,108,148,161,124,137
20204,A,골목상권,3110805,신길새마을금고신길4동지점,1023,537,486,1,157,206,259,272,128,0,62,106,133,146,90,1,95,100,126,126,38
20204,A,골목상권,3110760,선유도역 6번,5228,3263,1965,14,772,1203,1346,1246,647,10,420,748,783,769,533,4,352,455,563,477,114
20204,A,골목상권,3110829,장승배기역 5번,1910,1113,797,2,354,419,433,426,276,1,244,230,215,246,177,1,110,189,218,180,99
20204,A,골목상권,3110823,신대방삼거리역 3번,18527,11847,6680,53,3630,3578,3043,4396,3827,29,2845,2902,1956,2093,2022,24,785,676,1087,2303,1805
20204,A,골목상권,3110825,신대방삼거리역 1번,1887,1186,701,4,200,384,537,438,324,2,118,234,332,261,239,2,82,150,205,177,85
20204,A,골목상권,3110902,사당역 4번,4587,2962,1625,5,748,1134,1234,856,610,3,391,730,829,555,454,2,357,404,405,301,156
20204,A,골목상권,3110848,양지어린이공원,2097,1112,985,2,190,322,522,478,583,1,51,160,244,247,409,1,139,162,278,231,174
20204,A,골목상권,3110837,숭실대입구역 1번,7582,3000,4582,54,1016,1317,1684,2308,1203,29,513,708,790,619,341,25,503,609,894,1689,862
20204,A,골목상권,3110869,"신림역 5번(신림동주민센터, 신림동별빛거리)",3655,2148,1507,5,394,824,948,715,769,3,166,460,534,430,555,2,228,364,414,285,214
20204,A,골목상권,3110844,흑석2치안센터,160,91,69,1,22,48,41,25,23,1,12,21,23,16,18,0,10,27,18,9,5
20204,A,골목상권,3110897,서울대입구역 8번,3249,1771,1478,17,519,696,762,756,499,10,216,361,414,426,344,7,303,335,348,330,155
20204,A,골목상권,3110865,남강고등학교(남강중학교),1253,655,598,10,151,251,310,354,177,7,69,139,159,167,114,3,82,112,151,187,63
20204,A,골목상권,3110909,남태령역(서울전자고등학교),640,329,311,2,35,69,132,263,139,2,9,34,62,132,90,0,26,35,70,131,49
20204,A,골목상권,3110887,서울산업정보학교(서울삼성초등학교),1438,924,514,2,150,309,356,436,185,0,51,150,237,337,149,2,99,159,119,99,36
20204,A,골목상권,3110860,호림박물관(성보고등학교),1990,1169,821,6,297,530,482,443,232,2,133,294,297,266,177,4,164,236,185,177,55
20204,A,골목상권,3110883,은천초등학교(은천교앞),3082,1294,1788,17,445,582,703,892,443,2,110,250,330,308,294,15,335,332,373,584,149
20204,A,골목상권,3110877,신림역 8번,2858,1276,1582,5,569,617,591,596,480,1,169,257,289,245,315,4,400,360,302,351,165
20204,A,골목상권,3110894,관악동부센트레빌아파트(은천로35라길),7043,2668,4375,54,994,1207,1567,2169,1052,30,470,649,731,579,209,24,524,558,836,1590,843
20204,A,골목상권,3110946,청계산원터골,162,69,93,0,24,18,42,31,47,0,12,10,25,7,15,0,12,8,17,24,32
20204,A,골목상권,3110924,반포4동주민센터(몽마르뜨공원),77734,71457,6277,26,7647,15682,20670,31194,2515,11,6234,13666,18911,30353,2282,15,1413,2016,1759,841,233
20204,A,골목상권,3110922,내방역 1번,15637,10488,5149,75,3040,4842,3871,2935,874,57,1457,2908,2911,2496,659,18,1583,1934,960,439,215
20204,A,골목상권,3110929,남부터미널역 1번,36239,19956,16283,80,7810,8818,7565,9758,2208,25,2589,4537,4266,6904,1635,55,5221,4281,3299,2854,573
20204,A,골목상권,3110980,개포지구대옆,18101,5325,12776,71,2848,3483,6555,4107,1037,34,1294,1688,1158,625,526,37,1554,1795,5397,3482,511
20204,A,골목상권,3110951,신사은행나무공원,9132,5156,3976,46,2729,2597,1929,1129,702,14,1093,1493,1282,764,510,32,1636,1104,647,365,192
20204,A,골목상권,3111024,경찰병원역 4번(건너말공원),10720,6112,4608,57,1433,2394,2566,2144,2126,27,681,1469,1754,1167,1014,30,752,925,812,977,1112
20204,A,골목상권,3111046,마천역(마천초등학교),2560,1555,1005,5,274,560,700,645,376,1,145,333,390,383,303,4,129,227,310,262,73
20204,A,골목상권,3111044,남천초등학교,1831,923,908,1,191,385,506,486,262,0,87,192,216,220,208,1,104,193,290,266,54
20204,A,골목상권,3111033,문정동성당,32663,26076,6587,11,2622,5719,9448,12913,1950,4,1647,4277,7502,11343,1303,7,975,1442,1946,1570,647
20204,A,골목상권,3111019,한성백제역 3번,15362,8061,7301,39,2405,3433,3255,3668,2562,30,1305,2236,1757,1393,1340,9,1100,1197,1498,2275,1222
20204,A,골목상권,3111007,석촌고분역 4번,4469,2987,1482,9,625,1051,1004,989,791,8,392,705,646,633,603,1,233,346,358,356,188
20204,A,골목상권,3111004,삼전역 1번,11074,7193,3881,42,1623,2462,2544,2663,1740,4,728,1489,1666,1950,1356,38,895,973,878,713,384
20204,A,골목상권,3111051,천호역 6번,3537,1976,1561,10,608,745,821,822,531,4,339,401,414,434,384,6,269,344,407,388,147
20204,A,골목상권,3111018,풍납초등학교(풍납백제문화공원),958,634,324,0,133,194,216,258,157,0,84,122,134,175,119,0,49,72,82,83,38
20204,A,골목상권,3111064,둔촌동역 4번,2203,1364,839,6,236,423,519,533,486,5,121,252,314,340,332,1,115,171,205,193,154
20204,A,골목상권,3111078,굽은다리역 4번,3935,2367,1568,9,362,678,891,1032,963,5,192,427,513,612,618,4,170,251,378,420,345
20204,A,골목상권,3111082,중앙보훈병원,476,316,160,0,30,57,76,119,194,0,18,40,52,73,133,0,12,17,24,46,61
20204,A,골목상권,3111086,한영중고,702,392,310,1,68,159,171,215,88,1,31,67,87,136,70,0,37,92,84,79,18
20204,A,골목상권,3111070,천호초등학교,1434,798,636,6,118,348,397,393,172,1,45,166,221,243,122,5,73,182,176,150,50
20204,A,골목상권,3111057,천호공원(해공체육문화센터),1546,745,801,2,167,228,317,374,458,2,47,73,121,162,340,0,120,155,196,212,118
20204,A,골목상권,3110006,부암동주민센터,773,347,426,0,158,275,203,101,36,0,69,129,83,45,21,0,89,146,120,56,15
20204,A,골목상권,3110018,중앙고등학교,11262,8487,2775,7,1250,3853,3350,2089,713,6,649,2888,2664,1739,541,1,601,965,686,350,172
20204,A,골목상권,3110038,경향신문사,10172,7008,3164,16,1531,3252,3390,1653,330,3,695,2090,2547,1430,243,13,836,1162,843,223,87
20204,A,골목상권,3110012,성곡미술관,27735,18834,8901,37,3819,8129,8256,5229,2265,7,1836,5632,6275,3697,1387,30,1983,2497,1981,1532,878
20204,A,골목상권,3110019,창덕궁,6319,4360,1959,10,1053,2069,1767,953,467,3,559,1386,1342,701,369,7,494,683,425,252,98
20204,A,골목상권,3110052,장충초등학교,5705,3122,2583,6,827,1468,1432,1344,628,3,309,713,830,859,408,3,518,755,602,485,220
20204,A,골목상권,3110589,애오개역 3번,559,265,294,0,108,185,141,80,45,0,38,87,71,42,27,0,70,98,70,38,18
20204,A,골목상권,3110068,남영역 1번,8193,5432,2761,40,1419,2582,2050,1326,776,19,721,1609,1516,1011,556,21,698,973,534,315,220
20204,A,골목상권,3110092,NH농협은행 보광동지점,3281,2252,1029,31,523,841,877,713,296,21,277,569,627,533,225,10,246,272,250,180,71
20204,A,골목상권,3110083,서빙고역 1번,6594,4364,2230,19,1375,1883,1618,1157,542,7,651,1268,1156,865,417,12,724,615,462,292,125
20204,A,골목상권,3110060,효창공원앞역 6번,6789,4650,2139,19,1230,1825,1872,1318,525,10,677,1315,1333,926,389,9,553,510,539,392,136
20204,A,골목상권,3110061,효창동주민센터,5303,3773,1530,6,882,1448,1482,1038,447,4,527,1073,1109,722,338,2,355,375,373,316,109
20204,A,골목상권,3110091,리움미술관,5605,3483,2122,16,1353,2027,1384,612,213,8,579,1155,1049,531,161,8,774,872,335,81,52
20204,A,골목상권,3110122,마장역 2번,1288,844,444,1,128,208,307,373,271,1,73,133,188,246,203,0,55,75,119,127,68
20204,A,골목상권,3110188,용두동신동아아파트,8552,6410,2142,56,940,1775,2007,2538,1236,37,653,1318,1585,1899,918,19,287,457,422,639,318
20204,A,골목상권,3110125,사근동살곶이상점가,304,167,137,2,52,66,90,59,35,2,21,32,48,39,25,0,31,34,42,20,10
20204,A,골목상권,3110147,능동우편취급국,4531,2184,2347,31,1146,862,890,1066,536,19,559,502,431,345,328,12,587,360,459,721,208
20204,A,골목상권,3110217,자동차부품상가,3677,2888,789,21,732,983,868,595,478,20,576,785,687,435,385,1,156,198,181,160,93
20204,A,골목상권,3110178,장로회신학대학교,2404,1638,766,1,341,582,567,559,354,0,195,410,420,386,227,1,146,172,147,173,127
20204,A,골목상권,3110162,군자역 4번,3299,1971,1328,5,497,696,811,692,598,2,300,424,470,362,413,3,197,272,341,330,185
20204,A,골목상권,3110154,광진정말공원,1521,878,643,6,193,294,396,399,233,4,99,168,215,220,172,2,94,126,181,179,61
20204,A,골목상권,3110151,자양한강도서관,2110,1470,640,7,384,424,537,519,239,4,274,300,362,348,182,3,110,124,175,171,57
20204,A,골목상권,3110171,중곡4동주민센터,2069,805,1264,3,502,500,486,436,142,1,84,182,208,224,106,2,418,318,278,212,36
20204,A,골목상권,3110218,답십리사거리,1293,747,546,6,152,258,330,326,221,5,58,132,175,207,170,1,94,126,155,119,51
20204,A,골목상권,3110225,촬영소사거리,1955,992,963,2,123,189,335,525,781,2,67,108,191,252,372,0,56,81,144,273,409
20204,A,골목상권,3110184,용두사거리,3021,1527,1494,5,599,895,617,491,414,2,203,397,289,306,330,3,396,498,328,185,84
20204,A,골목상권,3110213,청량초등학교,2045,619,1426,0,582,702,456,221,84,0,98,228,161,74,58,0,484,474,295,147,26
20204,A,골목상권,3110220,외대앞역 1번,3279,1428,1851,2,649,864,843,597,324,1,120,311,409,369,218,1,529,553,434,228,106
20204,A,골목상권,3110230,장안현대홈타운1차아파트,4180,2588,1592,14,740,1026,1066,899,435,10,450,646,636,535,311,4,290,380,430,364,124
20211,A,골목상권,3110019,창덕궁,6319,4360,1959,10,1053,2069,1767,953,467,3,559,1386,1342,701,369,7,494,683,425,252,98
20211,A,골목상권,3110018,중앙고등학교,11262,8487,2775,7,1250,3853,3350,2089,713,6,649,2888,2664,1739,541,1,601,965,686,350,172
20211,A,골목상권,3110038,경향신문사,10172,7008,3164,16,1531,3252,3390,1653,330,3,695,2090,2547,1430,243,13,836,1162,843,223,87
20211,A,골목상권,3110012,성곡미술관,27735,18834,8901,37,3819,8129,8256,5229,2265,7,1836,5632,6275,3697,1387,30,1983,2497,1981,1532,878
20211,A,골목상권,3110006,부암동주민센터,773,347,426,0,158,275,203,101,36,0,69,129,83,45,21,0,89,146,120,56,15
20211,A,골목상권,3110052,장충초등학교,5705,3122,2583,6,827,1468,1432,1344,628,3,309,713,830,859,408,3,518,755,602,485,220
20211,A,골목상권,3110589,애오개역 3번,559,265,294,0,108,185,141,80,45,0,38,87,71,42,27,0,70,98,70,38,18
20211,A,골목상권,3110068,남영역 1번,8193,5432,2761,40,1419,2582,2050,1326,776,19,721,1609,1516,1011,556,21,698,973,534,315,220
20211,A,골목상권,3110092,NH농협은행 보광동지점,3281,2252,1029,31,523,841,877,713,296,21,277,569,627,533,225,10,246,272,250,180,71
20211,A,골목상권,3110083,서빙고역 1번,6594,4364,2230,19,1375,1883,1618,1157,542,7,651,1268,1156,865,417,12,724,615,462,292,125
20211,A,골목상권,3110060,효창공원앞역 6번,6789,4650,2139,19,1230,1825,1872,1318,525,10,677,1315,1333,926,389,9,553,510,539,392,136
20211,A,골목상권,3110061,효창동주민센터,5303,3773,1530,6,882,1448,1482,1038,447,4,527,1073,1109,722,338,2,355,375,373,316,109
20211,A,골목상권,3110091,리움미술관,5605,3483,2122,16,1353,2027,1384,612,213,8,579,1155,1049,531,161,8,774,872,335,81,52
20211,A,골목상권,3110122,마장역 2번,1288,844,444,1,128,208,307,373,271,1,73,133,188,246,203,0,55,75,119,127,68
20211,A,골목상권,3110188,용두동신동아아파트,8552,6410,2142,56,940,1775,2007,2538,1236,37,653,1318,1585,1899,918,19,287,457,422,639,318
20211,A,골목상권,3110125,사근동살곶이상점가,304,167,137,2,52,66,90,59,35,2,21,32,48,39,25,0,31,34,42,20,10
20211,A,골목상권,3110147,능동우편취급국,4531,2184,2347,31,1146,862,890,1066,536,19,559,502,431,345,328,12,587,360,459,721,208
20211,A,골목상권,3110217,자동차부품상가,3677,2888,789,21,732,983,868,595,478,20,576,785,687,435,385,1,156,198,181,160,93
20211,A,골목상권,3110178,장로회신학대학교,2404,1638,766,1,341,582,567,559,354,0,195,410,420,386,227,1,146,172,147,173,127
20211,A,골목상권,3110162,군자역 4번,3299,1971,1328,5,497,696,811,692,598,2,300,424,470,362,413,3,197,272,341,330,185
20211,A,골목상권,3110154,광진정말공원,1521,878,643,6,193,294,396,399,233,4,99,168,215,220,172,2,94,126,181,179,61
20211,A,골목상권,3110151,자양한강도서관,2110,1470,640,7,384,424,537,519,239,4,274,300,362,348,182,3,110,124,175,171,57
20211,A,골목상권,3110171,중곡4동주민센터,2069,805,1264,3,502,500,486,436,142,1,84,182,208,224,106,2,418,318,278,212,36
20211,A,골목상권,3110218,답십리사거리,1293,747,546,6,152,258,330,326,221,5,58,132,175,207,170,1,94,126,155,119,51
20211,A,골목상권,3110225,촬영소사거리,1955,992,963,2,123,189,335,525,781,2,67,108,191,252,372,0,56,81,144,273,409
20211,A,골목상권,3110184,용두사거리,3021,1527,1494,5,599,895,617,491,414,2,203,397,289,306,330,3,396,498,328,185,84
20211,A,골목상권,3110213,청량초등학교,2045,619,1426,0,582,702,456,221,84,0,98,228,161,74,58,0,484,474,295,147,26
20211,A,골목상권,3110220,외대앞역 1번,3279,1428,1851,2,649,864,843,597,324,1,120,311,409,369,218,1,529,553,434,228,106
20211,A,골목상권,3110230,장안현대홈타운1차아파트,4180,2588,1592,14,740,1026,1066,899,435,10,450,646,636,535,311,4,290,380,430,364,124
20211,A,골목상권,3110216,전농중학교,1431,725,706,2,194,328,385,371,151,1,84,149,201,194,96,1,110,179,184,177,55
20211,A,골목상권,3110275,하나은행 망우동지점,1321,725,596,10,155,180,250,376,350,0,42,46,116,227,294,10,113,134,134,149,56
20211,A,골목상권,3110276,신내IC북측,132,100,32,0,9,22,38,38,25,0,5,19,26,32,18,0,4,3,12,6,7
20211,A,골목상권,3110240,태릉시장 특화거리,439,231,208,3,63,64,129,98,82,2,24,33,65,48,59,1,39,31,64,50,23
20211,A,골목상권,3110299,정릉역 1번,1824,844,980,4,260,396,436,423,305,0,53,150,161,238,242,4,207,246,275,185,63
20211,A,골목상권,3110302,보문역 8번,5898,4601,1297,6,635,1951,1314,1333,659,2,343,1589,1089,1123,455,4,292,362,225,210,204
20211,A,골목상권,3110333,돌곶이역 5번,2180,1597,583,1,138,180,253,395,1213,0,72,102,152,268,1003,1,66,78,101,127,210
20211,A,골목상권,3110295,정릉우체국,2033,967,1066,2,326,405,505,478,317,0,87,174,207,267,232,2,239,231,298,211,85
20211,A,골목상권,3110290,북한산보국문역 1번,956,503,453,2,85,114,198,295,262,0,23,58,103,167,152,2,62,56,95,128,110
20211,A,골목상권,3110284,정릉북한산국립공원입구,1070,775,295,0,67,166,299,370,168,0,17,93,226,294,145,0,50,73,73,76,23
20211,A,골목상권,3110315,종암아이파크2차,19324,9933,9391,57,1503,4968,7106,5488,202,13,619,1647,3160,4363,131,44,884,3321,3946,1125,71
20211,A,골목상권,3110311,종암아이파크2차후문,18326,9454,8872,55,1387,4748,6804,5254,78,12,582,1562,3010,4226,62,43,805,3186,3794,1028,16
20211,A,골목상권,3110372,강북중학교,2235,1039,1196,1,431,564,556,464,219,1,120,285,281,229,123,0,311,279,275,235,96
20211,A,골목상권,3110355,삼양사거리역 2번,841,465,376,2,75,143,202,215,204,1,21,48,103,134,158,1,54,95,99,81,46
20211,A,골목상권,3110384,문이교,515,242,273,1,67,67,122,148,110,0,18,23,41,80,80,1,49,44,81,68,30
20211,A,골목상권,3110407,도봉역 2번,1737,1230,507,2,79,213,329,569,545,1,27,108,185,426,483,1,52,105,144,143,62
20211,A,골목상권,3110405,방학역 1번,2828,1543,1285,6,280,510,686,856,490,5,158,343,328,348,361,1,122,167,358,508,129
20211,A,골목상권,3110412,창동중학교,926,729,197,1,32,75,129,327,362,1,15,31,69,262,351,0,17,44,60,65,11
20211,A,골목상권,3110394,방학중학교,1009,508,501,1,104,211,274,247,172,1,47,99,125,125,111,0,57,112,149,122,61
20211,A,골목상권,3110388,도봉우체국,1888,873,1015,4,412,414,447,441,170,3,100,202,209,231,128,1,312,212,238,210,42
20211,A,골목상권,3110442,화랑대철도공원,516,235,281,2,52,82,125,173,82,2,27,35,48,69,54,0,25,47,77,104,28
20211,A,골목상권,3110424,상계초등학교,1733,729,1004,5,214,302,436,475,301,5,84,152,179,184,125,0,130,150,257,291,176
20211,A,골목상권,3110431,상계역,1287,621,666,3,148,275,353,314,194,0,43,131,187,139,121,3,105,144,166,175,73
20211,A,골목상권,3110437,당고개역 2번,1939,1463,476,1,93,154,435,765,491,0,35,83,301,619,425,1,58,71,134,146,66
20211,A,골목상권,3110439,당고개역 5번,1564,1295,269,1,57,95,313,641,457,0,18,56,256,564,401,1,39,39,57,77,56
20211,A,골목상권,3110440,상계3동4동주민센터,169,56,113,0,26,25,43,40,35,0,8,5,11,16,16,0,18,20,32,24,19
20211,A,골목상권,3110420,광운대역 1번,1471,830,641,9,301,445,400,204,112,2,145,305,217,102,59,7,156,140,183,102,53
20211,A,골목상권,3110467,은평요양병원,1379,737,642,5,189,335,332,289,229,4,86,184,174,140,149,1,103,151,158,149,80
20211,A,골목상권,3110454,선정중학교,2790,1775,1015,7,272,500,645,930,436,3,129,261,343,687,352,4,143,239,302,243,84
20211,A,골목상권,3110447,구산초등학교,1598,1138,460,2,95,229,339,680,253,0,42,106,199,571,220,2,53,123,140,109,33
20211,A,골목상권,3110466,구산역 2번,1798,899,899,10,243,407,457,413,268,2,80,171,240,218,188,8,163,236,217,195,80
20211,A,골목상권,3110444,수색성당,1892,1313,579,0,137,252,283,320,900,0,54,128,127,184,820,0,83,124,156,136,80
20211,A,골목상권,3110453,신사1동주민센터,1978,1132,846,1,218,408,518,480,353,1,127,200,295,268,241,0,91,208,223,212,112
20211,A,골목상권,3110448,상신초등학교입구,1073,613,460,3,129,216,240,258,227,1,83,123,122,132,152,2,46,93,118,126,75
20211,A,골목상권,3110498,증산역 1번,2535,1338,1197,4,342,517,554,649,469,2,109,293,309,322,303,2,233,224,245,327,166
20211,A,골목상권,3110505,홍남교남측,2126,1435,691,49,700,599,355,283,140,26,407,498,226,172,106,23,293,101,129,111,34
20211,A,골목상권,3110510,홍연시장,2641,1768,873,55,777,683,448,457,221,30,445,554,273,293,173,25,332,129,175,164,48
20211,A,골목상권,3110553,가좌역 2번,1511,856,655,3,170,321,388,384,245,2,77,175,235,224,143,1,93,146,153,160,102
20211,A,골목상권,3110496,모래내우체국,1812,822,990,7,281,445,449,349,281,4,85,208,221,148,156,3,196,237,228,201,125
20211,A,골목상권,3110542,마포구청역 7번,5558,3298,2260,20,707,1052,1202,1656,921,11,378,760,825,770,554,9,329,292,377,886,367
20211,A,골목상권,3110506,연희임광아파트,1391,746,645,2,205,313,340,335,196,2,93,209,169,157,116,0,112,104,171,178,80
20211,A,골목상권,3110529,홍제3동주민센터,1091,564,527,4,122,140,206,257,362,1,44,66,95,138,220,3,78,74,111,119,142
20211,A,골목상권,3110521,홍제역 4번,1109,612,497,3,108,134,316,391,157,1,30,70,168,242,101,2,78,64,148,149,56
20211,A,골목상권,3110561,상수역 4번,2460,1498,962,31,569,746,545,348,221,20,264,444,364,239,167,11,305,302,181,109,54
20211,A,골목상권,3110552,성미산체육관,2995,1818,1177,8,379,652,778,730,448,4,185,366,457,506,300,4,194,286,321,224,148
20211,A,골목상권,3110570,KB국민은행 서강지점,1410,826,584,7,199,376,380,261,187,7,100,222,201,154,142,0,99,154,179,107,45
20211,A,골목상권,3110620,목동보건지소,3652,1851,1801,7,412,863,1018,883,469,5,182,474,447,423,320,2,230,389,571,460,149
20211,A,골목상권,3110624,목동문화체육센터,1670,856,814,1,264,453,486,298,168,1,140,240,200,155,120,0,124,213,286,143,48
20211,A,골목상권,3110626,양화초등학교,3807,2364,1443,4,517,846,1106,938,396,3,219,458,758,652,274,1,298,388,348,286,122
20211,A,골목상권,3110606,신한은행 신월동지점,2588,1783,805,3,138,296,550,822,779,1,58,158,318,568,680,2,80,138,232,254,99
20211,A,골목상권,3110646,푸른들청소년도서관,6554,3939,2615,12,861,1499,1624,1593,965,9,445,957,950,890,688,3,416,542,674,703,277
20211,A,골목상권,3110613,신정네거리역 4번,532,258,274,0,62,116,114,119,121,0,13,47,48,66,84,0,49,69,66,53,37
20211,A,골목상권,3110706,그라운드 고척,2411,1613,798,2,310,586,628,638,247,2,161,381,415,463,191,0,149,205,213,175,56
20211,A,골목상권,3110701,고척동성당,2031,1278,753,7,310,414,454,523,323,1,176,260,284,305,252,6,134,154,170,218,71
20211,A,골목상권,3110657,양천향교역 5번,8471,5307,3164,17,1024,2088,2090,1892,1360,11,513,1206,1353,1162,1062,6,511,882,737,730,298
20211,A,골목상권,3110648,양천향교역 7번,4059,2626,1433,14,469,835,925,929,887,10,238,536,594,535,713,4,231,299,331,394,174
20211,A,골목상권,3110671,등촌1동주민센터,10403,6389,4014,31,1969,2531,2337,1997,1538,18,787,1620,1611,1312,1041,13,1182,911,726,685,497
20211,A,골목상권,3110658,화곡초등학교,3192,1856,1336,2,811,765,628,538,448,0,270,453,376,381,376,2,541,312,252,157,72
20211,A,골목상권,3110668,화곡2동주민센터,3004,1684,1320,10,406,790,822,630,346,7,198,431,436,373,239,3,208,359,386,257,107
20211,A,골목상권,3110721,가리봉파출소,9719,6601,3118,27,1764,3184,2464,1435,845,13,942,2250,1830,926,640,14,822,934,634,509,205
20211,A,골목상권,3110703,개봉역,8618,4789,3829,41,1381,2048,1932,2036,1180,22,796,1309,965,946,751,19,585,739,967,1090,429
20211,A,골목상권,3110693,오류동역 4번,2696,1879,817,4,369,515,637,750,421,3,300,366,437,480,293,1,69,149,200,270,128
20211,A,골목상권,3110709,구로119안전센터,1187,559,628,4,117,165,257,381,263,2,53,88,142,137,137,2,64,77,115,244,126
20211,A,골목상권,3110716,구로나눔길,4822,2652,2170,7,579,1315,1117,1252,552,3,265,697,592,776,319,4,314,618,525,476,233
20211,A,골목상권,3110769,대림차이나타운(대림역 12번),1954,1208,746,5,121,251,393,460,724,3,75,164,232,290,444,2,46,87,161,170,280
20211,A,골목상권,3110761,문래동남성맨션,1158,827,331,2,91,236,304,299,226,1,64,159,218,197,188,1,27,77,86,102,38
20211,A,골목상권,3110741,독산2동주민센터,1504,811,693,3,175,295,351,425,255,2,91,145,170,215,188,1,84,150,181,210,67
20211,A,골목상권,3110859,난향초등학교,512,230,282,1,45,111,154,119,82,0,3,44,63,56,64,1,42,67,91,63,18
20211,A,골목상권,3110789,대림성모병원,3410,1458,1952,2,996,845,702,539,326,2,257,378,363,264,194,0,739,467,339,275,132
20211,A,골목상권,3110780,신길대성유니드아파트,1394,925,469,1,137,277,365,360,254,1,88,167,227,235,207,0,49,110,138,125,47
20211,A,골목상권,3110772,신우어린이공원,1405,839,566,1,221,295,338,329,221,0,93,177,214,205,150,1,128,118,124,124,71
20211,A,골목상권,3110785,영등포푸르지오아파트,2009,1361,648,6,207,449,544,471,332,4,93,298,379,338,249,2,114,151,165,133,83
20211,A,골목상권,3110787,신길3동주민센터,1010,595,415,3,99,199,285,264,160,3,47,107,166,160,112,0,52,92,119,104,48
20211,A,골목상권,3110758,문래소공원,14709,7623,7086,103,3376,3787,3217,3111,1115,31,1541,2760,1604,829,858,72,1835,1027,1613,2282,257
20211,A,골목상권,3110815,공군호텔,3580,1559,2021,5,645,846,827,727,530,0,194,396,377,297,295,5,451,450,450,430,235
20211,A,골목상권,3110808,신길역 1번,1130,445,685,0,100,235,310,302,183,0,32,108,122,98,85,0,68,127,188,204,98
20211,A,골목상권,3110804,신풍역 1번,1741,798,943,1,169,357,520,405,289,0,76,149,168,199,206,1,93,208,352,206,83
20211,A,골목상권,3110832,노량진초등학교,4040,2156,1884,1,568,1114,970,953,434,0,307,514,509,572,254,1,261,600,461,381,180
20211,A,골목상권,3110822,신대방삼거리역 4번(대림초등학교),2751,1560,1191,2,363,614,588,613,571,0,112,362,360,362,364,2,251,252,228,251,207
20211,A,골목상권,3110850,사당역 10번,7894,4180,3714,14,1345,2053,2169,1428,885,5,442,1014,1153,889,677,9,903,1039,1016,539,208
20211,A,골목상권,3110907,방배초등학교,7536,4093,3443,28,1176,1611,1757,1598,1366,16,482,896,974,820,905,12,694,715,783,778,461
20211,A,골목상권,3110886,관악해태어린이공원,1445,959,486,3,127,237,384,457,237,1,51,115,248,345,199,2,76,122,136,112,38
20211,A,골목상권,3110870,신림주공2단지(광신고등학교),926,524,402,2,74,142,244,279,185,0,27,71,123,158,145,2,47,71,121,121,40
20211,A,골목상권,3110888,청룡동주민센터,1962,823,1139,4,400,564,469,301,224,0,83,193,220,164,163,4,317,371,249,137,61
20211,A,골목상권,3110880,신림역 1번,1885,706,1179,2,469,465,373,346,230,1,114,169,180,115,127,1,355,296,193,231,103
20211,A,골목상권,3110896,관악우성아파트,736,263,473,3,103,109,175,206,140,2,34,34,61,79,53,1,69,75,114,127,87
20211,A,골목상권,3110948,헌인가구단지,57,27,30,0,5,24,14,11,3,0,4,12,6,2,3,0,1,12,8,9,0
20211,A,골목상권,3110921,서울프랑스학교,78980,73122,5858,28,7548,16129,20976,31809,2490,12,6231,14222,19329,31052,2276,16,1317,1907,1647,757,214
20204,A,골목상권,3110216,전농중학교,1431,725,706,2,194,328,385,371,151,1,84,149,201,194,96,1,110,179,184,177,55
20204,A,골목상권,3110275,하나은행 망우동지점,1321,725,596,10,155,180,250,376,350,0,42,46,116,227,294,10,113,134,134,149,56
20204,A,골목상권,3110276,신내IC북측,132,100,32,0,9,22,38,38,25,0,5,19,26,32,18,0,4,3,12,6,7
20204,A,골목상권,3110240,태릉시장 특화거리,439,231,208,3,63,64,129,98,82,2,24,33,65,48,59,1,39,31,64,50,23
20204,A,골목상권,3110299,정릉역 1번,1824,844,980,4,260,396,436,423,305,0,53,150,161,238,242,4,207,246,275,185,63
20204,A,골목상권,3110302,보문역 8번,5898,4601,1297,6,635,1951,1314,1333,659,2,343,1589,1089,1123,455,4,292,362,225,210,204
20204,A,골목상권,3110333,돌곶이역 5번,2180,1597,583,1,138,180,253,395,1213,0,72,102,152,268,1003,1,66,78,101,127,210
20204,A,골목상권,3110295,정릉우체국,2033,967,1066,2,326,405,505,478,317,0,87,174,207,267,232,2,239,231,298,211,85
20204,A,골목상권,3110290,북한산보국문역 1번,956,503,453,2,85,114,198,295,262,0,23,58,103,167,152,2,62,56,95,128,110
20204,A,골목상권,3110284,정릉북한산국립공원입구,1070,775,295,0,67,166,299,370,168,0,17,93,226,294,145,0,50,73,73,76,23
20204,A,골목상권,3110315,종암아이파크2차,19324,9933,9391,57,1503,4968,7106,5488,202,13,619,1647,3160,4363,131,44,884,3321,3946,1125,71
20204,A,골목상권,3110311,종암아이파크2차후문,18326,9454,8872,55,1387,4748,6804,5254,78,12,582,1562,3010,4226,62,43,805,3186,3794,1028,16
20204,A,골목상권,3110372,강북중학교,2235,1039,1196,1,431,564,556,464,219,1,120,285,281,229,123,0,311,279,275,235,96
20204,A,골목상권,3110355,삼양사거리역 2번,841,465,376,2,75,143,202,215,204,1,21,48,103,134,158,1,54,95,99,81,46
20204,A,골목상권,3110384,문이교,515,242,273,1,67,67,122,148,110,0,18,23,41,80,80,1,49,44,81,68,30
20204,A,골목상권,3110407,도봉역 2번,1737,1230,507,2,79,213,329,569,545,1,27,108,185,426,483,1,52,105,144,143,62
20204,A,골목상권,3110405,방학역 1번,2828,1543,1285,6,280,510,686,856,490,5,158,343,328,348,361,1,122,167,358,508,129
20204,A,골목상권,3110412,창동중학교,926,729,197,1,32,75,129,327,362,1,15,31,69,262,351,0,17,44,60,65,11
20204,A,골목상권,3110394,방학중학교,1009,508,501,1,104,211,274,247,172,1,47,99,125,125,111,0,57,112,149,122,61
20204,A,골목상권,3110388,도봉우체국,1888,873,1015,4,412,414,447,441,170,3,100,202,209,231,128,1,312,212,238,210,42
20204,A,골목상권,3110442,화랑대철도공원,516,235,281,2,52,82,125,173,82,2,27,35,48,69,54,0,25,47,77,104,28
20204,A,골목상권,3110424,상계초등학교,1733,729,1004,5,214,302,436,475,301,5,84,152,179,184,125,0,130,150,257,291,176
20204,A,골목상권,3110431,상계역,1287,621,666,3,148,275,353,314,194,0,43,131,187,139,121,3,105,144,166,175,73
20204,A,골목상권,3110437,당고개역 2번,1939,1463,476,1,93,154,435,765,491,0,35,83,301,619,425,1,58,71,134,146,66
20204,A,골목상권,3110439,당고개역 5번,1564,1295,269,1,57,95,313,641,457,0,18,56,256,564,401,1,39,39,57,77,56
20204,A,골목상권,3110440,상계3동4동주민센터,169,56,113,0,26,25,43,40,35,0,8,5,11,16,16,0,18,20,32,24,19
20204,A,골목상권,3110420,광운대역 1번,1471,830,641,9,301,445,400,204,112,2,145,305,217,102,59,7,156,140,183,102,53
20204,A,골목상권,3110467,은평요양병원,1379,737,642,5,189,335,332,289,229,4,86,184,174,140,149,1,103,151,158,149,80
20204,A,골목상권,3110454,선정중학교,2790,1775,1015,7,272,500,645,930,436,3,129,261,343,687,352,4,143,239,302,243,84
20204,A,골목상권,3110447,구산초등학교,1598,1138,460,2,95,229,339,680,253,0,42,106,199,571,220,2,53,123,140,109,33
20204,A,골목상권,3110466,구산역 2번,1798,899,899,10,243,407,457,413,268,2,80,171,240,218,188,8,163,236,217,195,80
20204,A,골목상권,3110444,수색성당,1892,1313,579,0,137,252,283,320,900,0,54,128,127,184,820,0,83,124,156,136,80
20204,A,골목상권,3110453,신사1동주민센터,1978,1132,846,1,218,408,518,480,353,1,127,200,295,268,241,0,91,208,223,212,112
20204,A,골목상권,3110448,상신초등학교입구,1073,613,460,3,129,216,240,258,227,1,83,123,122,132,152,2,46,93,118,126,75
20204,A,골목상권,3110498,증산역 1번,2535,1338,1197,4,342,517,554,649,469,2,109,293,309,322,303,2,233,224,245,327,166
20204,A,골목상권,3110505,홍남교남측,2126,1435,691,49,700,599,355,283,140,26,407,498,226,172,106,23,293,101,129,111,34
20204,A,골목상권,3110510,홍연시장,2641,1768,873,55,777,683,448,457,221,30,445,554,273,293,173,25,332,129,175,164,48
20204,A,골목상권,3110553,가좌역 2번,1511,856,655,3,170,321,388,384,245,2,77,175,235,224,143,1,93,146,153,160,102
20204,A,골목상권,3110496,모래내우체국,1812,822,990,7,281,445,449,349,281,4,85,208,221,148,156,3,196,237,228,201,125
20204,A,골목상권,3110561,상수역 4번,2460,1498,962,31,569,746,545,348,221,20,264,444,364,239,167,11,305,302,181,109,54
20204,A,골목상권,3110506,연희임광아파트,1391,746,645,2,205,313,340,335,196,2,93,209,169,157,116,0,112,104,171,178,80
20204,A,골목상권,3110529,홍제3동주민센터,1091,564,527,4,122,140,206,257,362,1,44,66,95,138,220,3,78,74,111,119,142
20204,A,골목상권,3110521,홍제역 4번,1109,612,497,3,108,134,316,391,157,1,30,70,168,242,101,2,78,64,148,149,56
20204,A,골목상권,3110542,마포구청역 7번,5558,3298,2260,20,707,1052,1202,1656,921,11,378,760,825,770,554,9,329,292,377,886,367
20204,A,골목상권,3110552,성미산체육관,2995,1818,1177,8,379,652,778,730,448,4,185,366,457,506,300,4,194,286,321,224,148
20204,A,골목상권,3110570,KB국민은행 서강지점,1410,826,584,7,199,376,380,261,187,7,100,222,201,154,142,0,99,154,179,107,45
20204,A,골목상권,3110620,목동보건지소,3652,1851,1801,7,412,863,1018,883,469,5,182,474,447,423,320,2,230,389,571,460,149
20204,A,골목상권,3110624,목동문화체육센터,1670,856,814,1,264,453,486,298,168,1,140,240,200,155,120,0,124,213,286,143,48
20204,A,골목상권,3110626,양화초등학교,3807,2364,1443,4,517,846,1106,938,396,3,219,458,758,652,274,1,298,388,348,286,122
20204,A,골목상권,3110606,신한은행 신월동지점,2588,1783,805,3,138,296,550,822,779,1,58,158,318,568,680,2,80,138,232,254,99
20204,A,골목상권,3110646,푸른들청소년도서관,6554,3939,2615,12,861,1499,1624,1593,965,9,445,957,950,890,688,3,416,542,674,703,277
20204,A,골목상권,3110613,신정네거리역 4번,532,258,274,0,62,116,114,119,121,0,13,47,48,66,84,0,49,69,66,53,37
20204,A,골목상권,3110706,그라운드 고척,2411,1613,798,2,310,586,628,638,247,2,161,381,415,463,191,0,149,205,213,175,56
20204,A,골목상권,3110701,고척동성당,2031,1278,753,7,310,414,454,523,323,1,176,260,284,305,252,6,134,154,170,218,71
20204,A,골목상권,3110657,양천향교역 5번,8471,5307,3164,17,1024,2088,2090,1892,1360,11,513,1206,1353,1162,1062,6,511,882,737,730,298
20204,A,골목상권,3110648,양천향교역 7번,4059,2626,1433,14,469,835,925,929,887,10,238,536,594,535,713,4,231,299,331,394,174
20204,A,골목상권,3110671,등촌1동주민센터,10403,6389,4014,31,1969,2531,2337,1997,1538,18,787,1620,1611,1312,1041,13,1182,911,726,685,497
20204,A,골목상권,3110658,화곡초등학교,3192,1856,1336,2,811,765,628,538,448,0,270,453,376,381,376,2,541,312,252,157,72
20204,A,골목상권,3110668,화곡2동주민센터,3004,1684,1320,10,406,790,822,630,346,7,198,431,436,373,239,3,208,359,386,257,107
20204,A,골목상권,3110721,가리봉파출소,9719,6601,3118,27,1764,3184,2464,1435,845,13,942,2250,1830,926,640,14,822,934,634,509,205
20204,A,골목상권,3110703,개봉역,8618,4789,3829,41,1381,2048,1932,2036,1180,22,796,1309,965,946,751,19,585,739,967,1090,429
20204,A,골목상권,3110693,오류동역 4번,2696,1879,817,4,369,515,637,750,421,3,300,366,437,480,293,1,69,149,200,270,128
20204,A,골목상권,3110709,구로119안전센터,1187,559,628,4,117,165,257,381,263,2,53,88,142,137,137,2,64,77,115,244,126
20204,A,골목상권,3110716,구로나눔길,4822,2652,2170,7,579,1315,1117,1252,552,3,265,697,592,776,319,4,314,618,525,476,233
20204,A,골목상권,3110769,대림차이나타운(대림역 12번),1954,1208,746,5,121,251,393,460,724,3,75,164,232,290,444,2,46,87,161,170,280
20204,A,골목상권,3110761,문래동남성맨션,1158,827,331,2,91,236,304,299,226,1,64,159,218,197,188,1,27,77,86,102,38
20204,A,골목상권,3110741,독산2동주민센터,1504,811,693,3,175,295,351,425,255,2,91,145,170,215,188,1,84,150,181,210,67
20204,A,골목상권,3110859,난향초등학교,512,230,282,1,45,111,154,119,82,0,3,44,63,56,64,1,42,67,91,63,18
20204,A,골목상권,3110789,대림성모병원,3410,1458,1952,2,996,845,702,539,326,2,257,378,363,264,194,0,739,467,339,275,132
20204,A,골목상권,3110780,신길대성유니드아파트,1394,925,469,1,137,277,365,360,254,1,88,167,227,235,207,0,49,110,138,125,47
20204,A,골목상권,3110772,신우어린이공원,1405,839,566,1,221,295,338,329,221,0,93,177,214,205,150,1,128,118,124,124,71
20204,A,골목상권,3110785,영등포푸르지오아파트,2009,1361,648,6,207,449,544,471,332,4,93,298,379,338,249,2,114,151,165,133,83
20204,A,골목상권,3110787,신길3동주민센터,1010,595,415,3,99,199,285,264,160,3,47,107,166,160,112,0,52,92,119,104,48
20204,A,골목상권,3110758,문래소공원,14709,7623,7086,103,3376,3787,3217,3111,1115,31,1541,2760,1604,829,858,72,1835,1027,1613,2282,257
20204,A,골목상권,3110815,공군호텔,3580,1559,2021,5,645,846,827,727,530,0,194,396,377,297,295,5,451,450,450,430,235
20204,A,골목상권,3110808,신길역 1번,1130,445,685,0,100,235,310,302,183,0,32,108,122,98,85,0,68,127,188,204,98
20204,A,골목상권,3110804,신풍역 1번,1741,798,943,1,169,357,520,405,289,0,76,149,168,199,206,1,93,208,352,206,83
20204,A,골목상권,3110832,노량진초등학교,4040,2156,1884,1,568,1114,970,953,434,0,307,514,509,572,254,1,261,600,461,381,180
20204,A,골목상권,3110822,신대방삼거리역 4번(대림초등학교),2751,1560,1191,2,363,614,588,613,571,0,112,362,360,362,364,2,251,252,228,251,207
20204,A,골목상권,3110850,사당역 10번,7894,4180,3714,14,1345,2053,2169,1428,885,5,442,1014,1153,889,677,9,903,1039,1016,539,208
20204,A,골목상권,3110907,방배초등학교,7536,4093,3443,28,1176,1611,1757,1598,1366,16,482,896,974,820,905,12,694,715,783,778,461
20204,A,골목상권,3110886,관악해태어린이공원,1445,959,486,3,127,237,384,457,237,1,51,115,248,345,199,2,76,122,136,112,38
20204,A,골목상권,3110870,신림주공2단지(광신고등학교),926,524,402,2,74,142,244,279,185,0,27,71,123,158,145,2,47,71,121,121,40
20204,A,골목상권,3110888,청룡동주민센터,1962,823,1139,4,400,564,469,301,224,0,83,193,220,164,163,4,317,371,249,137,61
20204,A,골목상권,3110880,신림역 1번,1885,706,1179,2,469,465,373,346,230,1,114,169,180,115,127,1,355,296,193,231,103
20204,A,골목상권,3110896,관악우성아파트,736,263,473,3,103,109,175,206,140,2,34,34,61,79,53,1,69,75,114,127,87
20204,A,골목상권,3110948,헌인가구단지,57,27,30,0,5,24,14,11,3,0,4,12,6,2,3,0,1,12,8,9,0
20204,A,골목상권,3110921,서울프랑스학교,78980,73122,5858,28,7548,16129,20976,31809,2490,12,6231,14222,19329,31052,2276,16,1317,1907,1647,757,214
20204,A,골목상권,3110912,방배동사이길,10864,6872,3992,39,2280,3332,2614,1988,611,11,836,2031,1921,1590,483,28,1444,1301,693,398,128
20204,A,골목상권,3110933,한국상담대학원대학교,5166,2935,2231,17,1332,1552,1139,789,337,4,500,976,763,474,218,13,832,576,376,315,119
20204,A,골목상권,3110935,한전아트센터,15447,13162,2285,22,2512,5659,3695,2968,591,17,1823,4896,3229,2703,494,5,689,763,466,265,97
20204,A,골목상권,3110984,포이초등학교(개포목련어린이공원),3582,2150,1432,4,498,767,882,784,647,1,250,501,486,430,482,3,248,266,396,354,165
20204,A,골목상권,3110978,도곡2동주민센터(대치중학교),9979,6980,2999,40,2087,3214,2294,1200,1144,23,1136,2370,1884,909,658,17,951,844,410,291,486
20204,A,골목상권,3110971,선정릉역 4번,19901,10561,9340,56,4117,6246,4806,2922,1754,20,1411,3453,2772,1734,1171,36,2706,2793,2034,1188,583
20204,A,골목상권,3110974,언주중학교,8256,5430,2826,32,1847,2573,1708,1193,903,20,851,1532,1318,975,734,12,996,1041,390,218,169
20204,A,골목상권,3110975,매봉역 1번,20752,14192,6560,76,4365,5383,5577,4328,1023,51,2288,3472,4126,3439,816,25,2077,1911,1451,889,207
20204,A,골목상권,3111040,거여초등학교,2357,1472,885,10,310,602,594,522,319,9,179,402,365,295,222,1,131,200,229,227,97
20204,A,골목상권,3111026,문정역 2번,5159,3277,1882,8,771,1232,1312,1131,705,3,429,810,876,634,525,5,342,422,436,497,180
20204,A,골목상권,3111017,송파나루역 3번,3628,2432,1196,16,792,796,869,755,400,11,460,537,585,527,312,5,332,259,284,228,88
20204,A,골목상권,3111010,석촌역 7번,7142,5058,2084,9,802,1620,1617,1242,1852,6,441,1150,1102,793,1566,3,361,470,515,449,286
20204,A,골목상권,3111034,오동나무공원(송파레미니스1단지),3543,2415,1128,7,500,770,849,906,511,6,300,543,575,584,407,1,200,227,274,322,104
20204,A,골목상권,3111030,방이역 2번,20738,15418,5320,18,2658,5004,5332,4928,2798,6,1628,3495,4144,4200,1945,12,1030,1509,1188,728,853
20204,A,골목상권,3111085,묘곡초등학교(고덕아이파크아파트),1513,784,729,0,146,290,369,382,326,0,61,149,169,194,211,0,85,141,200,188,115
20204,A,골목상권,3111077,길동주민센터(강동도서관),6406,3327,3079,16,671,1129,1499,1694,1397,9,330,650,809,710,819,7,341,479,690,984,578
20204,A,골목상권,3111076,둔촌2동주민센터,2137,1170,967,3,262,433,458,484,497,1,104,223,250,249,343,2,158,210,208,235,154
20204,A,골목상권,3111080,굽은다리역 3번,1729,778,951,2,186,308,401,447,385,0,66,164,188,178,182,2,120,144,213,269,203
20204,A,골목상권,3110021,성균관대학교,1380,854,526,13,176,218,316,344,313,11,77,113,213,233,207,2,99,105,103,111,106
20204,A,골목상권,3110536,돈의문센트레빌아파트입구,1695,833,862,1,260,434,449,376,175,1,78,212,254,177,111,0,182,222,195,199,64
20204,A,골목상권,3110029,동대문역 1번,1644,738,906,3,231,331,381,390,308,1,67,127,179,186,178,2,164,204,202,204,130
20204,A,골목상권,3110037,신설동역 12번,6845,2610,4235,8,686,1039,1229,1827,2056,0,200,462,558,454,936,8,486,577,671,1373,1120
20204,A,골목상권,3110050,약수역 7번,1836,960,876,2,250,436,467,418,263,2,91,213,281,223,150,0,159,223,186,195,113
20204,A,골목상권,3110056,신당역 3번,2607,1426,1181,6,401,693,647,505,355,6,185,356,340,292,247,0,216,337,307,213,108
20204,A,골목상권,3110042,남산골공원옆,3487,1845,1642,11,347,719,1132,882,396,6,133,341,523,568,274,5,214,378,609,314,122
20204,A,골목상권,3110067,배문고등학교,6040,2831,3209,9,1156,1772,1294,977,832,3,287,644,651,605,641,6,869,1128,643,372,191
20204,A,골목상권,3110090,한국폴리텍대학서울정수캠퍼스,6854,4231,2623,17,1075,2196,2359,934,273,8,504,1107,1684,735,193,9,571,1089,675,199,80
20204,A,골목상권,3110088,오산고등학교,7060,4470,2590,17,1103,2335,2474,899,232,7,558,1213,1793,727,172,10,545,1122,681,172,60
20204,A,골목상권,3110087,이태원엔틱가구거리,3473,1835,1638,14,616,996,784,725,338,11,220,474,424,457,249,3,396,522,360,268,89
20204,A,골목상권,3110063,효창공원앞역 5번,2545,1665,880,15,308,566,692,530,434,12,172,383,458,344,296,3,136,183,234,186,138
20204,A,골목상권,3110058,성심여자고등학교,6811,4886,1925,22,1067,2028,1812,1308,574,7,598,1398,1383,1048,452,15,469,630,429,260,122
20204,A,골목상권,3110098,서울독일학교,19270,15584,3686,22,2331,4742,5464,6112,599,14,1127,3406,4759,5764,514,8,1204,1336,705,348,85
20204,A,골목상권,3110096,한남힐사이드아파트,5546,3662,1884,5,1168,1544,1281,1282,266,3,498,976,912,1046,227,2,670,568,369,236,39
20204,A,골목상권,3110100,옥수동우편취급국,7613,6422,1191,7,609,2450,2479,1864,204,4,305,1915,2241,1784,173,3,304,535,238,80,31
20204,A,골목상권,3110119,마장지하차도,2046,656,1390,1,159,260,428,704,494,0,83,139,167,155,112,1,76,121,261,549,382
20204,A,골목상권,3110118,왕십리역 9번,1141,733,408,1,167,270,301,259,143,0,85,164,189,178,117,1,82,106,112,81,26
20204,A,골목상권,3110131,성수동카페거리,16372,10013,6359,69,3574,4475,3610,2782,1862,39,1790,2879,2348,1642,1315,30,1784,1596,1262,1140,547
20204,A,골목상권,3110134,성수119안전센터,3342,2382,960,73,532,823,835,706,373,34,330,619,609,498,292,39,202,204,226,208,81
20204,A,골목상권,3110139,자양4동주민센터,2367,1870,497,9,270,601,637,559,291,5,194,486,509,441,235,4,76,115,128,118,56
20204,A,골목상권,3110136,경수초등학교,16150,9947,6203,123,3454,3934,3551,3098,1990,71,1698,2541,2333,1900,1404,52,1756,1393,1218,1198,586
20204,A,골목상권,3110155,광진구청,12629,9937,2692,11,781,1849,3528,5069,1391,11,385,1169,2772,4413,1187,0,396,680,756,656,204
20204,A,골목상권,3110176,해오름공원,3579,1917,1662,4,675,798,998,836,268,2,178,374,601,542,220,2,497,424,397,294,48
20204,A,골목상권,3110149,세종대학교,799,452,347,0,93,197,215,179,115,0,44,101,133,91,83,0,49,96,82,88,32
20204,A,골목상권,3110167,용마초등학교,3707,2122,1585,11,501,762,961,828,644,3,272,440,519,426,462,8,229,322,442,402,182
20204,A,골목상권,3110204,간데메공원,1356,905,451,5,205,278,356,322,190,3,135,169,223,225,150,2,70,109,133,97,40
20204,A,골목상권,3110226,장안1동주민센터,5867,3209,2658,15,722,1138,1352,1410,1230,12,347,658,734,772,686,3,375,480,618,638,544
20204,A,골목상권,3110211,전곡마을마당공원,1820,983,837,4,278,348,454,491,245,1,111,192,268,266,145,3,167,156,186,225,100
20204,A,골목상권,3110207,시립대앞사거리,1345,584,761,3,233,270,311,303,225,1,53,120,140,127,143,2,180,150,171,176,82
20204,A,골목상권,3110198,동대문중앙새마을금고본점,361,189,172,0,20,53,86,133,69,0,9,28,50,59,43,0,11,25,36,74,26
20204,A,골목상권,3110200,동대문경찰서,703,390,313,0,77,108,145,182,191,0,37,54,78,85,136,0,40,54,67,97,55
20204,A,골목상권,3110256,면목2동체육관,3260,1961,1299,5,413,680,888,780,494,1,188,448,483,445,396,4,225,232,405,335,98
20204,A,골목상권,3110266,면목동우체국,2501,1548,953,5,244,423,558,704,567,0,78,210,314,502,444,5,166,213,244,202,123
20204,A,골목상권,3110236,신묵초등학교,2212,1481,731,2,311,516,532,603,248,2,174,350,347,432,176,0,137,166,185,171,72
20204,A,골목상권,3110267,망우역 2번,2430,1427,1003,13,334,482,518,637,446,11,202,293,263,329,329,2,132,189,255,308,117
20204,A,골목상권,3110234,중랑역 4번,2773,2036,737,11,275,619,860,768,240,9,142,418,643,647,177,2,133,201,217,121,63
20204,A,골목상권,3110314,종암경찰서,3397,2472,925,6,380,670,726,731,884,0,231,492,518,565,666,6,149,178,208,166,218
20204,A,골목상권,3110421,석계역 1번,1218,593,625,4,119,205,323,328,239,2,49,90,144,169,139,2,70,115,179,159,100
20204,A,골목상권,3110321,동덕여대,1128,697,431,0,75,117,219,296,421,0,24,61,110,162,340,0,51,56,109,134,81
20204,A,골목상권,3110324,월곡역 4번,1184,675,509,5,167,321,341,226,124,1,78,187,188,134,87,4,89,134,153,92,37
20204,A,골목상권,3110298,솔숲어린이공원,1115,539,576,6,144,199,273,276,217,1,36,66,112,152,172,5,108,133,161,124,45
20204,A,골목상권,3110365,미아역 5번,1266,616,650,2,97,152,267,320,428,2,36,63,110,186,219,0,61,89,157,134,209
20204,A,골목상권,3110367,강북구청,3460,1492,1968,10,334,684,730,796,906,8,94,264,328,453,345,2,240,420,402,343,561
20204,A,골목상권,3110368,송천초등학교,981,601,380,1,93,195,242,259,191,1,32,95,129,181,163,0,61,100,113,78,28
20204,A,골목상권,3110352,수유1동주민센터,1291,576,715,0,118,244,368,418,143,0,49,99,154,183,91,0,69,145,214,235,52
20204,A,골목상권,3110349,화계역 2번,641,353,288,0,50,92,172,256,71,0,28,41,97,133,54,0,22,51,75,123,17
20204,A,골목상권,3110346,4.19민주묘지역 2번,605,334,271,0,71,106,179,136,113,0,18,62,103,75,76,0,53,44,76,61,37
20204,A,골목상권,3110339,국립4.19민주묘지,819,555,264,6,104,130,193,232,154,6,50,99,122,143,135,0,54,31,71,89,19
20204,A,골목상권,3110393,국민은행방학지점,749,350,399,3,91,217,207,154,77,2,32,106,101,63,46,1,59,111,106,91,31
20204,A,골목상권,3110395,신한은행 방학동지점,591,318,273,1,73,99,158,142,118,1,38,50,73,83,73,0,35,49,85,59,45
20204,A,골목상권,3110403,방학1동주민센터,1702,974,728,4,211,309,359,482,337,2,94,177,211,286,204,2,117,132,148,196,133
20204,A,골목상권,3110398,쌍문2동우체국,1663,972,691,0,162,244,383,523,351,0,72,129,192,328,251,0,90,115,191,195,100
20204,A,골목상권,3110401,도봉구민회관,1586,856,730,0,181,221,327,460,397,0,78,117,164,255,242,0,103,104,163,205,155
20204,A,골목상권,3110425,계상초등학교,1457,683,774,4,150,232,387,426,258,3,63,143,181,181,112,1,87,89,206,245,146
20204,A,골목상권,3110419,수락산디자인거리,3472,2282,1190,13,387,781,865,882,544,12,226,552,591,566,335,1,161,229,274,316,209
20204,A,골목상권,3110474,세명컴퓨터고등학교,1360,647,713,2,130,295,356,348,229,2,46,137,159,153,150,0,84,158,197,195,79
20204,A,골목상권,3110473,구산역 1번,3155,1679,1476,5,325,617,795,785,628,5,131,352,419,351,421,0,194,265,376,434,207
20204,A,골목상권,3110455,역촌노인복지관,3715,1747,1968,9,658,760,944,829,515,3,247,351,416,367,363,6,411,409,528,462,152
20204,A,골목상권,3110487,불광역 8번,761,291,470,1,73,171,207,181,128,1,23,75,72,60,60,0,50,96,135,121,68
20204,A,골목상권,3110480,연신내역 3번,1023,428,595,6,192,199,279,216,131,2,70,88,121,80,67,4,122,111,158,136,64
20204,A,골목상권,3110482,연신초등학교,359,158,201,0,27,53,117,116,46,0,8,20,39,58,33,0,19,33,78,58,13
20204,A,골목상권,3110470,신진과학기술고등학교,1610,976,634,2,161,266,382,390,409,2,76,145,208,227,318,0,85,121,174,163,91
20204,A,골목상권,3110475,백련산해모로아파트,1745,1026,719,2,202,326,375,357,483,1,91,165,203,202,364,1,111,161,172,155,119
20204,A,골목상권,3110532,아현역 2번,1847,1072,775,2,422,522,371,290,240,1,165,307,218,208,173,1,257,215,153,82,67
20204,A,골목상권,3110534,경기대학교,3370,2048,1322,4,575,933,722,580,556,1,256,531,484,399,377,3,319,402,238,181,179
20204,A,골목상권,3110572,서강대역 1번,7726,3653,4073,68,2565,1977,1384,1231,501,24,960,907,708,748,306,44,1605,1070,676,483,195
20204,A,골목상권,3110575,대흥동주민센터,4172,1903,2269,62,2086,953,452,399,220,20,782,476,212,248,165,42,1304,477,240,151,55
20204,A,골목상권,3110516,정원여중,1299,656,643,0,226,284,343,307,139,0,78,137,188,165,88,0,148,147,155,142,51
20204,A,골목상권,3110569,홍대땡땡거리,3039,1407,1632,7,650,662,678,622,420,3,308,321,302,232,241,4,342,341,376,390,179
20204,A,골목상권,3110517,서대문소방서,2671,1696,975,14,441,700,687,557,272,8,191,471,487,368,171,6,250,229,200,189,101
20204,A,골목상권,3110512,연희지하차도,5089,3101,1988,67,1146,1450,1174,973,279,39,591,926,702,649,194,28,555,524,472,324,85
20204,A,골목상권,3110527,홍제역 2번,1712,867,845,2,169,226,456,564,295,1,44,119,214,314,175,1,125,107,242,250,120
20204,A,골목상권,3110546,양화대교북단,1549,938,611,3,314,420,380,250,182,3,138,208,258,183,148,0,176,212,122,67,34
20204,A,골목상권,3110550,합정역 8번,5374,2859,2515,13,961,1416,1292,955,737,8,367,677,778,563,466,5,594,739,514,392,271
20204,A,골목상권,3110554,망원역 1번,6464,3487,2977,10,913,1410,1559,1192,1380,7,345,648,802,647,1038,3,568,762,757,545,342
20204,A,골목상권,3110547,KB국민은행 망원동지점,6579,4117,2462,11,769,1170,1322,1746,1561,7,405,819,889,860,1137,4,364,351,433,886,424
20204,A,골목상권,3110551,성서초등학교,3102,1803,1299,3,301,471,703,601,1023,3,132,235,314,304,815,0,169,236,389,297,208
20204,A,골목상권,3110619,목4동주민센터,1689,1078,611,4,202,379,491,407,206,1,93,210,315,291,168,3,109,169,176,116,38
20204,A,골목상권,3110600,신월7동주민센터,4248,2844,1404,3,317,496,745,1209,1478,3,179,312,490,845,1015,0,138,184,255,364,463
20204,A,골목상권,3110647,화곡역 5번,3340,1821,1519,8,438,691,768,828,607,5,192,403,428,449,344,3,246,288,340,379,263
20204,A,골목상권,3110607,금빛새마을금고본점,2729,2241,488,2,110,221,394,521,1481,1,64,132,235,385,1424,1,46,89,159,136,57
20204,A,골목상권,3110608,신월2동주민센터,3392,1915,1477,10,282,562,891,941,706,9,134,332,463,486,491,1,148,230,428,455,215
20204,A,골목상권,3110611,신정역 1번,4475,2720,1755,14,895,697,748,814,1307,7,295,382,444,461,1131,7,600,315,304,353,176
20204,A,골목상권,3110594,신월중학교,1144,543,601,7,149,285,301,297,105,4,58,119,141,150,71,3,91,166,160,147,34
20204,A,골목상권,3110602,신월시영아파트중문,3056,2108,948,3,204,356,700,967,826,2,124,226,400,664,692,1,80,130,300,303,134
20204,A,골목상권,3110610,계남근린공원,648,338,310,2,87,129,151,148,131,0,26,50,86,87,89,2,61,79,65,61,42
20204,A,골목상권,3110616,양목초등학교,1359,706,653,2,110,255,266,391,335,1,43,136,132,202,192,1,67,119,134,189,143
20204,A,골목상권,3110635,공항시장역 3번,3727,1849,1878,9,361,571,664,1054,1068,2,153,336,399,431,528,7,208,235,265,623,540
20204,A,골목상권,3110650,우장산힐스테이트,1737,995,742,4,194,325,396,415,403,3,107,202,240,204,239,1,87,123,156,211,164
20204,A,골목상권,3110638,신방화역 2번,3645,2335,1310,10,416,661,1045,983,530,8,205,404,713,617,388,2,211,257,332,366,142
20204,A,골목상권,3110712,남구로역 5번,1579,913,666,8,183,331,363,324,370,5,99,196,189,176,248,3,84,135,174,148,122
20204,A,골목상권,3110702,개봉초등학교,1569,818,751,1,157,329,420,390,272,1,72,153,202,214,176,0,85,176,218,176,96
20204,A,골목상권,3110699,덕의초등학교,2451,1563,888,9,303,578,623,646,292,7,187,384,391,378,216,2,116,194,232,268,76
20204,A,골목상권,3110720,대림역 2번,2280,1556,724,2,188,387,574,709,420,2,83,218,387,538,328,0,105,169,187,171,92
20204,A,골목상권,3110778,구로디지털단지역 4번,13303,7796,5507,56,2966,4427,3201,1627,1026,23,1254,2669,2063,1065,722,33,1712,1758,1138,562,304
20204,A,골목상권,3110745,독산동정훈단지,1306,773,533,1,137,196,260,372,340,0,71,92,115,221,274,1,66,104,145,151,66
20204,A,골목상권,3110856,미성초등학교,5264,3671,1593,18,465,913,970,948,1950,13,238,541,608,563,1708,5,227,372,362,385,242
20204,A,골목상권,3110855,신대방역 2번,4936,3401,1535,6,709,900,888,794,1639,2,282,540,546,528,1503,4,427,360,342,266,136
20204,A,골목상권,3110755,동일여자고등학교,2033,1040,993,21,274,503,487,453,295,16,131,278,253,192,170,5,143,225,234,261,125
20204,A,골목상권,3110771,대림역 11번,2420,1335,1085,5,268,314,456,542,835,2,91,160,234,316,532,3,177,154,222,226,303
20204,A,골목상권,3110768,도림2동유수지내체육시설,1219,778,441,9,118,206,287,302,297,8,48,126,182,211,203,1,70,80,105,91,94
20204,A,골목상권,3110759,문래예술촌(문래창작촌),65954,51168,14786,61,8786,22706,21719,9637,3045,32,5433,17446,18749,7800,1708,29,3353,5260,2970,1837,1337
20204,A,골목상권,3110818,신대방역 3번,1692,950,742,2,287,451,397,278,277,2,124,277,228,138,181,0,163,174,169,140,96
20204,A,골목상권,3110858,신대방역 1번,2669,2004,665,0,421,756,879,491,122,0,195,575,748,404,82,0,226,181,131,87,40
20204,A,골목상권,3110874,원신초등학교(구세군관악영문교회),732,381,351,8,77,186,200,173,88,2,22,81,122,86,68,6,55,105,78,87,20
20204,A,골목상권,3110879,신림현대아파트,1116,536,580,7,212,210,278,222,187,1,100,99,137,109,90,6,112,111,141,113,97
20204,A,골목상권,3110885,영락고등학교,1746,990,756,7,240,328,434,376,361,1,122,173,232,224,238,6,118,155,202,152,123
20204,A,골목상권,3110872,신림초등학교,689,382,307,5,101,168,168,152,95,3,54,93,102,85,45,2,47,75,66,67,50
20204,A,골목상권,3110947,청계산입구역 2번(내곡동주민센터),182,79,103,0,26,23,46,37,50,0,13,11,28,10,17,0,13,12,18,27,33
20204,A,골목상권,3110913,방현초등학교(방배119안전센터),9674,6057,3617,22,1677,2842,2518,1523,1092,5,797,1829,1720,957,749,17,880,1013,798,566,343
20204,A,골목상권,3110934,우면주공아파트,1489,946,543,6,264,423,395,260,141,5,105,290,271,170,105,1,159,133,124,90,36
20204,A,골목상권,3110937,방아다리근린공원(횃불트리니티신학대학원대학교),14952,9277,5675,329,4835,4416,2991,1697,684,151,2497,2972,2135,1021,501,178,2338,1444,856,676,183
20204,A,골목상권,3110955,논현초등학교,20906,14265,6641,76,4625,6342,4724,3259,1880,45,2535,4372,3537,2430,1346,31,2090,1970,1187,829,534
20204,A,골목상권,3110992,도곡초등학교,8628,4357,4271,50,1508,2156,1880,1719,1315,28,647,1065,939,866,812,22,861,1091,941,853,503
20204,A,골목상권,3110963,역삼월드메르디앙아파트,18186,10655,7531,122,4620,5292,4181,2560,1411,33,1769,3113,2948,1716,1076,89,2851,2179,1233,844,335
20204,A,골목상권,3110972,강남세브란스병원미래의학연구센터,22138,12993,9145,207,6590,6499,5019,2834,989,69,2849,4088,3556,1696,735,138,3741,2411,1463,1138,254
20204,A,골목상권,3110991,삼성중앙역 5번,10374,5378,4996,43,2958,2855,2028,1298,1192,9,932,1472,1304,854,807,34,2026,1383,724,444,385
20204,A,골목상권,3110990,청담역 12번,7833,5477,2356,20,1213,2652,2394,1251,303,9,506,1665,1965,1094,238,11,707,987,429,157,65
20204,A,골목상권,3111000,대왕초등학교(세곡동사거리서남측),156,35,121,1,22,55,43,25,10,0,2,7,12,5,9,1,20,48,31,20,1
20204,A,골목상권,3110999,윗방죽마을공원,408,226,182,3,33,70,73,122,107,1,17,45,46,70,47,2,16,25,27,52,60
20204,A,골목상권,3110969,베르사이유1아파트,29014,17556,11458,73,5335,8726,7783,5424,1673,29,2616,5589,5487,2693,1142,44,2719,3137,2296,2731,531
20204,A,골목상권,3110967,역삼역 8번,24226,18490,5736,23,4422,7830,6561,4334,1056,10,2559,5859,5511,3785,766,13,1863,1971,1050,549,290
20204,A,골목상권,3110985,청담근린공원,9800,6589,3211,34,1729,2898,2625,1790,724,17,815,1972,1966,1323,496,17,914,926,659,467,228
20204,A,골목상권,3111008,석촌고분역 3번,3907,2479,1428,12,490,799,912,951,743,10,289,528,566,545,541,2,201,271,346,406,202
20204,A,골목상권,3111016,송파역 2번,15479,10229,5250,62,2083,3454,3732,3349,2799,44,1020,2251,2780,2219,1915,18,1063,1203,952,1130,884
20204,A,골목상권,3111038,보인중학교,2602,1770,832,14,377,689,649,574,299,13,214,471,461,405,206,1,163,218,188,169,93
20204,A,골목상권,3111021,방이역 4번,11137,8092,3045,38,1448,2300,2854,2754,1743,26,767,1502,2125,2188,1484,12,681,798,729,566,259
20204,A,골목상권,3111015,석촌역 3번,10932,6847,4085,26,1640,2424,2423,2333,2086,11,799,1507,1612,1477,1441,15,841,917,811,856,645
20204,A,골목상권,3111003,삼전역 4번,4568,3024,1544,18,600,1083,1254,905,708,1,324,732,817,598,552,17,276,351,437,307,156
20204,A,골목상권,3111062,둔촌동역 3번(성내3동주민센터),3255,2100,1155,7,480,811,880,607,470,6,266,532,569,389,338,1,214,279,311,218,132
20204,A,골목상권,3111011,잠실나루역,9608,7747,1861,42,1275,3018,2795,2046,432,18,924,2492,2309,1674,330,24,351,526,486,372,102
20204,A,골목상권,3111048,천호역 1번(천호문구완구거리),1608,876,732,7,195,360,372,323,351,4,82,170,209,171,240,3,113,190,163,152,111
20204,A,골목상권,3111088,고덕동성당,1134,951,183,0,35,82,216,447,354,0,9,53,173,388,328,0,26,29,43,59,26
20204,A,골목상권,3111079,둔촌고등학교(둔촌중학교),1407,838,569,2,141,259,315,339,351,2,81,153,184,167,251,0,60,106,131,172,100
20204,A,골목상권,3111066,암사동성당(효정하나플러스아파트),1710,995,715,5,169,380,394,455,307,1,71,188,219,302,214,4,98,192,175,153,93
20204,A,골목상권,3111071,천동초등학교,2013,1097,916,2,200,393,515,454,449,1,72,204,289,251,280,1,128,189,226,203,169
20204,A,골목상권,3111069,천호1동주민센터,2143,1118,1025,5,185,409,525,555,464,3,66,183,269,288,309,2,119,226,256,267,155
20204,A,골목상권,3111050,강동구청(강동구청역 2번),6451,4040,2411,30,768,1601,1613,1617,822,12,384,869,987,1154,634,18,384,732,626,463,188
20204,A,골목상권,3111052,암사역 3번(천호동자전거거리),1652,885,767,3,192,365,475,387,230,2,74,188,246,218,157,1,118,177,229,169,73
20204,A,골목상권,3110003,세검정초등학교,3208,1681,1527,12,383,849,849,655,460,7,132,383,486,370,303,5,251,466,363,285,157
20204,A,골목상권,3110032,수족관거리,1721,729,992,8,316,378,484,355,180,7,101,148,164,183,126,1,215,230,320,172,54
20204,A,골목상권,3110049,장충단 고개,7948,4363,3585,17,1488,2210,1865,1591,777,6,534,1186,1138,986,513,11,954,1024,727,605,264
20204,A,골목상권,3110054,청구역 3번,5615,2963,2652,16,1124,1473,1173,1085,744,5,384,793,702,621,458,11,740,680,471,464,286
20204,A,골목상권,3110041,남산케이블카,5723,3089,2634,10,793,1518,1444,1163,795,7,334,836,819,626,467,3,459,682,625,537,328
20204,A,골목상권,3110533,충정로역 7번,2911,1774,1137,1,433,782,782,547,366,0,223,473,484,349,245,1,210,309,298,198,121
20204,A,골목상권,3110065,남정초등학교,2218,1561,657,13,351,641,535,358,320,11,227,499,376,234,214,2,124,142,159,124,106
20204,A,골목상권,3110080,해방촌예술마을,2226,1456,770,3,252,385,746,672,168,3,84,214,546,496,113,0,168,171,200,176,55
20204,A,골목상권,3110579,마포역 4번,5616,3529,2087,8,1017,1486,1468,1076,561,6,371,893,1024,805,430,2,646,593,444,271,131
20204,A,골목상권,3110123,마장역 3번,1433,884,549,1,176,272,329,389,266,1,78,159,191,253,202,0,98,113,138,136,64
20204,A,골목상권,3110114,왕십리파출소,2346,644,1702,8,434,328,413,711,452,1,142,144,153,139,65,7,292,184,260,572,387
20204,A,골목상권,3110121,한양대역 4번,102,61,41,0,13,22,20,20,27,0,6,11,11,12,21,0,7,11,9,8,6
20204,A,골목상권,3110127,성수1가1동주민센터,3267,2102,1165,10,572,1007,809,584,285,5,303,663,543,374,214,5,269,344,266,210,71
20204,A,골목상권,3110140,건대입구역 6번,3220,2119,1101,14,390,614,754,831,617,10,183,373,498,562,493,4,207,241,256,269,124
20204,A,골목상권,3110141,건대입구역 1번,1987,1285,702,10,275,407,532,461,302,6,137,258,349,297,238,4,138,149,183,164,64
20204,A,골목상권,3110209,답십리 장령당공원,4227,1926,2301,4,629,938,1189,1163,304,1,465,673,394,189,204,3,164,265,795,974,100
20204,A,골목상권,3110174,아차산역 1번,2909,1780,1129,7,346,545,901,765,345,3,151,328,577,479,242,4,195,217,324,286,103
20204,A,골목상권,3110144,어린이대공원역 4번,1502,932,570,0,160,238,383,492,229,0,60,133,242,323,174,0,100,105,141,169,55
20204,A,골목상권,3110152,중곡어린이공원,1671,1070,601,49,338,283,323,400,278,6,137,200,206,286,235,43,201,83,117,114,43
20204,A,골목상권,3110161,중곡역 3번,1960,1296,664,4,150,317,503,672,314,0,67,189,303,504,233,4,83,128,200,168,81
20204,A,골목상권,3110202,전농1동주민센터(전농시장),478,273,205,0,58,96,127,105,92,0,44,55,85,53,36,0,14,41,42,52,56
20204,A,골목상권,3110186,종암초등학교,1751,1308,443,2,179,330,416,475,349,0,82,256,306,362,302,2,97,74,110,113,47
20204,A,골목상권,3110221,의릉,731,443,288,0,69,158,210,196,98,0,28,92,111,132,80,0,41,66,99,64,18
20204,A,골목상권,3110206,텃골근린공원,1126,651,475,2,118,187,312,318,189,1,71,108,193,192,86,1,47,79,119,126,103
20204,A,골목상권,3110219,삼육보건대학교,4329,2321,2008,4,574,869,1055,1098,729,2,178,407,603,643,488,2,396,462,452,455,241
20204,A,골목상권,3110199,홍릉시장,962,521,441,0,76,146,204,306,230,0,34,77,102,142,166,0,42,69,102,164,64
20204,A,골목상권,3110268,망우3동주민센터,981,580,401,0,94,152,205,296,234,0,55,83,101,168,173,0,39,69,104,128,61
20204,A,골목상권,3110264,면목역 2번,1816,1064,752,3,185,354,425,524,325,0,72,184,239,342,227,3,113,170,186,182,98
20204,A,골목상권,3110279,신내역 2번,153,118,35,0,17,28,41,48,19,0,13,24,30,34,17,0,4,4,11,14,2
20204,A,골목상권,3110258,면동초등학교,1659,911,748,2,207,394,460,372,224,1,84,220,233,212,161,1,123,174,227,160,63
20204,A,골목상권,3110237,메가박스 상봉,2944,2064,880,11,293,688,935,821,196,10,142,441,668,655,148,1,151,247,267,166,48
20204,A,골목상권,3110254,오거리공원,1604,894,710,3,171,342,447,427,214,2,70,170,244,256,152,1,101,172,203,171,62
20204,A,골목상권,3110248,먹골파출소,993,487,506,3,102,224,281,230,153,0,31,111,138,105,102,3,71,113,143,125,51
20204,A,골목상권,3110245,KB국민은행 중화동지점,1375,794,581,3,141,276,386,300,269,1,58,154,230,167,184,2,83,122,156,133,85
20204,A,골목상권,3110308,길음역 8번,5558,2775,2783,420,2091,1398,817,515,317,177,921,761,443,234,239,243,1170,637,374,281,78
20204,A,골목상권,3110301,성신여대입구역 7번,2035,1073,962,20,279,387,462,501,386,15,95,170,238,285,270,5,184,217,224,216,116
20204,A,골목상권,3110300,삼선동주민센터,6172,2933,3239,11,709,1579,1872,1508,493,2,213,608,842,960,308,9,496,971,1030,548,185
20204,A,골목상권,3110328,상월곡역 3번,745,414,331,3,111,200,209,158,64,1,47,116,119,84,47,2,64,84,90,74,17
20204,A,골목상권,3110323,상월곡역 1번,2096,1206,890,4,330,425,556,516,265,0,143,247,333,295,188,4,187,178,223,221,77
20204,A,골목상권,3110325,장곡초등학교,1196,710,486,3,130,246,318,285,214,3,60,131,186,172,158,0,70,115,132,113,56
20204,A,골목상권,3110329,우리은행체육관,1168,696,472,8,126,245,281,288,220,4,44,127,158,191,172,4,82,118,123,97,48
20204,A,골목상권,3110418,광운대학교 남단,2395,1300,1095,17,439,649,567,454,269,5,188,388,277,239,203,12,251,261,290,215,66
20204,A,골목상권,3110292,정릉역 2번,1165,443,722,1,229,306,319,217,93,0,57,124,99,95,68,1,172,182,220,122,25
20204,A,골목상권,3110289,북한산보국문역 2번,1565,804,761,0,234,320,398,370,243,0,63,140,184,230,187,0,171,180,214,140,56
20204,A,골목상권,3110320,KB국민은행 종암동지점,1030,585,445,1,84,202,331,295,117,1,23,84,177,219,81,0,61,118,154,76,36
20204,A,골목상권,3110369,성신여대운정그린캠퍼스,1935,860,1075,5,242,321,436,458,473,1,65,112,181,208,293,4,177,209,255,250,180
20204,A,골목상권,3110376,수송초등학교,2101,1069,1032,3,230,420,522,498,428,2,80,208,286,240,253,1,150,212,236,258,175
20204,A,골목상권,3110351,수유북부시장옆,1198,652,546,0,84,147,263,467,237,0,30,65,139,235,183,0,54,82,124,232,54
20204,A,골목상권,3110362,우이천 계성교,961,497,464,1,126,190,258,236,150,0,48,103,126,120,100,1,78,87,132,116,50
20204,A,골목상권,3110356,덕수교,687,389,298,0,56,108,200,172,151,0,20,63,108,94,104,0,36,45,92,78,47
20204,A,골목상권,3110343,무너미어린이공원,1770,1049,721,0,112,212,300,288,858,0,32,122,161,148,586,0,80,90,139,140,272
20204,A,골목상권,3110382,솔밭공원역 1번,391,147,244,1,43,67,98,118,64,0,9,21,28,46,43,1,34,46,70,72,21
20204,A,골목상권,3110413,누원고등학교,568,365,203,0,36,70,115,162,185,0,15,44,66,102,138,0,21,26,49,60,47
20204,A,골목상권,3110422,노원역 9번,1516,697,819,1,187,294,388,390,256,1,71,171,178,157,119,0,116,123,210,233,137
20204,A,골목상권,3110430,중계초등학교,1110,567,543,3,90,168,259,328,262,0,28,66,114,160,199,3,62,102,145,168,63
20204,A,골목상권,3110417,월계역 3번,348,134,214,2,49,63,67,100,67,2,18,35,21,34,24,0,31,28,46,66,43
20204,A,골목상권,3110441,영신여고,1036,451,585,3,105,241,280,305,102,3,45,111,106,125,61,0,60,130,174,180,41
20204,A,골목상권,3110427,노원 을지대학교병원,1752,1176,576,1,156,280,416,577,322,0,59,139,273,460,245,1,97,141,143,117,77
20204,A,골목상권,3110477,은평세무서,2219,1137,1082,6,199,354,531,627,502,2,93,192,270,298,282,4,106,162,261,329,220
20204,A,골목상권,3110476,역촌역 2번,1304,706,598,1,170,308,350,300,175,1,61,154,198,161,131,0,109,154,152,139,44
20204,A,골목상권,3110503,명지대학교교회,3329,2219,1110,30,564,1004,816,642,273,26,345,725,552,388,183,4,219,279,264,254,90
20204,A,골목상권,3110499,연가초등학교,1715,905,810,0,165,359,447,470,274,0,64,203,231,222,185,0,101,156,216,248,89
20204,A,골목상권,3110558,경성고등학교,4895,3051,1844,21,679,1152,1227,1106,710,18,346,676,765,727,519,3,333,476,462,379,191
20204,A,골목상권,3110537,충정로현대아파트,4722,3057,1665,15,800,1434,1132,868,473,9,385,840,810,674,339,6,415,594,322,194,134
20211,A,골목상권,3110912,방배동사이길,10864,6872,3992,39,2280,3332,2614,1988,611,11,836,2031,1921,1590,483,28,1444,1301,693,398,128
20211,A,골목상권,3110933,한국상담대학원대학교,5166,2935,2231,17,1332,1552,1139,789,337,4,500,976,763,474,218,13,832,576,376,315,119
20211,A,골목상권,3110935,한전아트센터,15447,13162,2285,22,2512,5659,3695,2968,591,17,1823,4896,3229,2703,494,5,689,763,466,265,97
20211,A,골목상권,3110984,포이초등학교(개포목련어린이공원),3582,2150,1432,4,498,767,882,784,647,1,250,501,486,430,482,3,248,266,396,354,165
20211,A,골목상권,3110978,도곡2동주민센터(대치중학교),9979,6980,2999,40,2087,3214,2294,1200,1144,23,1136,2370,1884,909,658,17,951,844,410,291,486
20211,A,골목상권,3110971,선정릉역 4번,19901,10561,9340,56,4117,6246,4806,2922,1754,20,1411,3453,2772,1734,1171,36,2706,2793,2034,1188,583
20211,A,골목상권,3110974,언주중학교,8256,5430,2826,32,1847,2573,1708,1193,903,20,851,1532,1318,975,734,12,996,1041,390,218,169
20211,A,골목상권,3110975,매봉역 1번,20752,14192,6560,76,4365,5383,5577,4328,1023,51,2288,3472,4126,3439,816,25,2077,1911,1451,889,207
20211,A,골목상권,3111040,거여초등학교,2357,1472,885,10,310,602,594,522,319,9,179,402,365,295,222,1,131,200,229,227,97
20211,A,골목상권,3111026,문정역 2번,5159,3277,1882,8,771,1232,1312,1131,705,3,429,810,876,634,525,5,342,422,436,497,180
20211,A,골목상권,3111017,송파나루역 3번,3628,2432,1196,16,792,796,869,755,400,11,460,537,585,527,312,5,332,259,284,228,88
20211,A,골목상권,3111010,석촌역 7번,7142,5058,2084,9,802,1620,1617,1242,1852,6,441,1150,1102,793,1566,3,361,470,515,449,286
20211,A,골목상권,3111034,오동나무공원(송파레미니스1단지),3543,2415,1128,7,500,770,849,906,511,6,300,543,575,584,407,1,200,227,274,322,104
20211,A,골목상권,3111030,방이역 2번,20738,15418,5320,18,2658,5004,5332,4928,2798,6,1628,3495,4144,4200,1945,12,1030,1509,1188,728,853
20211,A,골목상권,3111085,묘곡초등학교(고덕아이파크아파트),1513,784,729,0,146,290,369,382,326,0,61,149,169,194,211,0,85,141,200,188,115
20211,A,골목상권,3111077,길동주민센터(강동도서관),6406,3327,3079,16,671,1129,1499,1694,1397,9,330,650,809,710,819,7,341,479,690,984,578
20211,A,골목상권,3111076,둔촌2동주민센터,2137,1170,967,3,262,433,458,484,497,1,104,223,250,249,343,2,158,210,208,235,154
20211,A,골목상권,3111080,굽은다리역 3번,1729,778,951,2,186,308,401,447,385,0,66,164,188,178,182,2,120,144,213,269,203
20211,A,골목상권,3110021,성균관대학교,1380,854,526,13,176,218,316,344,313,11,77,113,213,233,207,2,99,105,103,111,106
20211,A,골목상권,3110536,돈의문센트레빌아파트입구,1695,833,862,1,260,434,449,376,175,1,78,212,254,177,111,0,182,222,195,199,64
20211,A,골목상권,3110029,동대문역 1번,1644,738,906,3,231,331,381,390,308,1,67,127,179,186,178,2,164,204,202,204,130
20211,A,골목상권,3110037,신설동역 12번,6845,2610,4235,8,686,1039,1229,1827,2056,0,200,462,558,454,936,8,486,577,671,1373,1120
20211,A,골목상권,3110050,약수역 7번,1836,960,876,2,250,436,467,418,263,2,91,213,281,223,150,0,159,223,186,195,113
20211,A,골목상권,3110056,신당역 3번,2607,1426,1181,6,401,693,647,505,355,6,185,356,340,292,247,0,216,337,307,213,108
20211,A,골목상권,3110042,남산골공원옆,3487,1845,1642,11,347,719,1132,882,396,6,133,341,523,568,274,5,214,378,609,314,122
20211,A,골목상권,3110067,배문고등학교,6040,2831,3209,9,1156,1772,1294,977,832,3,287,644,651,605,641,6,869,1128,643,372,191
20211,A,골목상권,3110090,한국폴리텍대학서울정수캠퍼스,6854,4231,2623,17,1075,2196,2359,934,273,8,504,1107,1684,735,193,9,571,1089,675,199,80
20211,A,골목상권,3110088,오산고등학교,7060,4470,2590,17,1103,2335,2474,899,232,7,558,1213,1793,727,172,10,545,1122,681,172,60
20211,A,골목상권,3110087,이태원엔틱가구거리,3473,1835,1638,14,616,996,784,725,338,11,220,474,424,457,249,3,396,522,360,268,89
20211,A,골목상권,3110063,효창공원앞역 5번,2545,1665,880,15,308,566,692,530,434,12,172,383,458,344,296,3,136,183,234,186,138
20211,A,골목상권,3110058,성심여자고등학교,6811,4886,1925,22,1067,2028,1812,1308,574,7,598,1398,1383,1048,452,15,469,630,429,260,122
20211,A,골목상권,3110098,서울독일학교,19270,15584,3686,22,2331,4742,5464,6112,599,14,1127,3406,4759,5764,514,8,1204,1336,705,348,85
20211,A,골목상권,3110096,한남힐사이드아파트,5546,3662,1884,5,1168,1544,1281,1282,266,3,498,976,912,1046,227,2,670,568,369,236,39
20211,A,골목상권,3110100,옥수동우편취급국,7613,6422,1191,7,609,2450,2479,1864,204,4,305,1915,2241,1784,173,3,304,535,238,80,31
20211,A,골목상권,3110119,마장지하차도,2046,656,1390,1,159,260,428,704,494,0,83,139,167,155,112,1,76,121,261,549,382
20211,A,골목상권,3110118,왕십리역 9번,1141,733,408,1,167,270,301,259,143,0,85,164,189,178,117,1,82,106,112,81,26
20211,A,골목상권,3110131,성수동카페거리,16372,10013,6359,69,3574,4475,3610,2782,1862,39,1790,2879,2348,1642,1315,30,1784,1596,1262,1140,547
20211,A,골목상권,3110134,성수119안전센터,3342,2382,960,73,532,823,835,706,373,34,330,619,609,498,292,39,202,204,226,208,81
20211,A,골목상권,3110139,자양4동주민센터,2367,1870,497,9,270,601,637,559,291,5,194,486,509,441,235,4,76,115,128,118,56
20211,A,골목상권,3110136,경수초등학교,16150,9947,6203,123,3454,3934,3551,3098,1990,71,1698,2541,2333,1900,1404,52,1756,1393,1218,1198,586
20211,A,골목상권,3110155,광진구청,12629,9937,2692,11,781,1849,3528,5069,1391,11,385,1169,2772,4413,1187,0,396,680,756,656,204
20211,A,골목상권,3110176,해오름공원,3579,1917,1662,4,675,798,998,836,268,2,178,374,601,542,220,2,497,424,397,294,48
20211,A,골목상권,3110149,세종대학교,799,452,347,0,93,197,215,179,115,0,44,101,133,91,83,0,49,96,82,88,32
20211,A,골목상권,3110167,용마초등학교,3707,2122,1585,11,501,762,961,828,644,3,272,440,519,426,462,8,229,322,442,402,182
20211,A,골목상권,3110204,간데메공원,1356,905,451,5,205,278,356,322,190,3,135,169,223,225,150,2,70,109,133,97,40
20211,A,골목상권,3110226,장안1동주민센터,5867,3209,2658,15,722,1138,1352,1410,1230,12,347,658,734,772,686,3,375,480,618,638,544
20211,A,골목상권,3110211,전곡마을마당공원,1820,983,837,4,278,348,454,491,245,1,111,192,268,266,145,3,167,156,186,225,100
20211,A,골목상권,3110207,시립대앞사거리,1345,584,761,3,233,270,311,303,225,1,53,120,140,127,143,2,180,150,171,176,82
20211,A,골목상권,3110198,동대문중앙새마을금고본점,361,189,172,0,20,53,86,133,69,0,9,28,50,59,43,0,11,25,36,74,26
20211,A,골목상권,3110200,동대문경찰서,703,390,313,0,77,108,145,182,191,0,37,54,78,85,136,0,40,54,67,97,55
20211,A,골목상권,3110256,면목2동체육관,3260,1961,1299,5,413,680,888,780,494,1,188,448,483,445,396,4,225,232,405,335,98
20211,A,골목상권,3110266,면목동우체국,2501,1548,953,5,244,423,558,704,567,0,78,210,314,502,444,5,166,213,244,202,123
20211,A,골목상권,3110236,신묵초등학교,2212,1481,731,2,311,516,532,603,248,2,174,350,347,432,176,0,137,166,185,171,72
20211,A,골목상권,3110267,망우역 2번,2430,1427,1003,13,334,482,518,637,446,11,202,293,263,329,329,2,132,189,255,308,117
20211,A,골목상권,3110234,중랑역 4번,2773,2036,737,11,275,619,860,768,240,9,142,418,643,647,177,2,133,201,217,121,63
20211,A,골목상권,3110314,종암경찰서,3397,2472,925,6,380,670,726,731,884,0,231,492,518,565,666,6,149,178,208,166,218
20211,A,골목상권,3110421,석계역 1번,1218,593,625,4,119,205,323,328,239,2,49,90,144,169,139,2,70,115,179,159,100
20211,A,골목상권,3110321,동덕여대,1128,697,431,0,75,117,219,296,421,0,24,61,110,162,340,0,51,56,109,134,81
20211,A,골목상권,3110324,월곡역 4번,1184,675,509,5,167,321,341,226,124,1,78,187,188,134,87,4,89,134,153,92,37
20211,A,골목상권,3110298,솔숲어린이공원,1115,539,576,6,144,199,273,276,217,1,36,66,112,152,172,5,108,133,161,124,45
20211,A,골목상권,3110365,미아역 5번,1266,616,650,2,97,152,267,320,428,2,36,63,110,186,219,0,61,89,157,134,209
20211,A,골목상권,3110367,강북구청,3460,1492,1968,10,334,684,730,796,906,8,94,264,328,453,345,2,240,420,402,343,561
20211,A,골목상권,3110368,송천초등학교,981,601,380,1,93,195,242,259,191,1,32,95,129,181,163,0,61,100,113,78,28
20211,A,골목상권,3110352,수유1동주민센터,1291,576,715,0,118,244,368,418,143,0,49,99,154,183,91,0,69,145,214,235,52
20211,A,골목상권,3110349,화계역 2번,641,353,288,0,50,92,172,256,71,0,28,41,97,133,54,0,22,51,75,123,17
20211,A,골목상권,3110346,4.19민주묘지역 2번,605,334,271,0,71,106,179,136,113,0,18,62,103,75,76,0,53,44,76,61,37
20211,A,골목상권,3110339,국립4.19민주묘지,819,555,264,6,104,130,193,232,154,6,50,99,122,143,135,0,54,31,71,89,19
20211,A,골목상권,3110393,국민은행방학지점,749,350,399,3,91,217,207,154,77,2,32,106,101,63,46,1,59,111,106,91,31
20211,A,골목상권,3110395,신한은행 방학동지점,591,318,273,1,73,99,158,142,118,1,38,50,73,83,73,0,35,49,85,59,45
20211,A,골목상권,3110403,방학1동주민센터,1702,974,728,4,211,309,359,482,337,2,94,177,211,286,204,2,117,132,148,196,133
20211,A,골목상권,3110398,쌍문2동우체국,1663,972,691,0,162,244,383,523,351,0,72,129,192,328,251,0,90,115,191,195,100
20211,A,골목상권,3110401,도봉구민회관,1586,856,730,0,181,221,327,460,397,0,78,117,164,255,242,0,103,104,163,205,155
20211,A,골목상권,3110425,계상초등학교,1457,683,774,4,150,232,387,426,258,3,63,143,181,181,112,1,87,89,206,245,146
20211,A,골목상권,3110419,수락산디자인거리,3472,2282,1190,13,387,781,865,882,544,12,226,552,591,566,335,1,161,229,274,316,209
20211,A,골목상권,3110474,세명컴퓨터고등학교,1360,647,713,2,130,295,356,348,229,2,46,137,159,153,150,0,84,158,197,195,79
20211,A,골목상권,3110473,구산역 1번,3155,1679,1476,5,325,617,795,785,628,5,131,352,419,351,421,0,194,265,376,434,207
20211,A,골목상권,3110455,역촌노인복지관,3715,1747,1968,9,658,760,944,829,515,3,247,351,416,367,363,6,411,409,528,462,152
20211,A,골목상권,3110487,불광역 8번,761,291,470,1,73,171,207,181,128,1,23,75,72,60,60,0,50,96,135,121,68
20211,A,골목상권,3110480,연신내역 3번,1023,428,595,6,192,199,279,216,131,2,70,88,121,80,67,4,122,111,158,136,64
20211,A,골목상권,3110482,연신초등학교,359,158,201,0,27,53,117,116,46,0,8,20,39,58,33,0,19,33,78,58,13
20211,A,골목상권,3110470,신진과학기술고등학교,1610,976,634,2,161,266,382,390,409,2,76,145,208,227,318,0,85,121,174,163,91
20211,A,골목상권,3110475,백련산해모로아파트,1745,1026,719,2,202,326,375,357,483,1,91,165,203,202,364,1,111,161,172,155,119
20211,A,골목상권,3110532,아현역 2번,1847,1072,775,2,422,522,371,290,240,1,165,307,218,208,173,1,257,215,153,82,67
20211,A,골목상권,3110534,경기대학교,3370,2048,1322,4,575,933,722,580,556,1,256,531,484,399,377,3,319,402,238,181,179
20211,A,골목상권,3110572,서강대역 1번,7726,3653,4073,68,2565,1977,1384,1231,501,24,960,907,708,748,306,44,1605,1070,676,483,195
20211,A,골목상권,3110575,대흥동주민센터,4172,1903,2269,62,2086,953,452,399,220,20,782,476,212,248,165,42,1304,477,240,151,55
20211,A,골목상권,3110516,정원여중,1299,656,643,0,226,284,343,307,139,0,78,137,188,165,88,0,148,147,155,142,51
20211,A,골목상권,3110569,홍대땡땡거리,3039,1407,1632,7,650,662,678,622,420,3,308,321,302,232,241,4,342,341,376,390,179
20211,A,골목상권,3110517,서대문소방서,2671,1696,975,14,441,700,687,557,272,8,191,471,487,368,171,6,250,229,200,189,101
20211,A,골목상권,3110512,연희지하차도,5089,3101,1988,67,1146,1450,1174,973,279,39,591,926,702,649,194,28,555,524,472,324,85
20211,A,골목상권,3110527,홍제역 2번,1712,867,845,2,169,226,456,564,295,1,44,119,214,314,175,1,125,107,242,250,120
20211,A,골목상권,3110546,양화대교북단,1549,938,611,3,314,420,380,250,182,3,138,208,258,183,148,0,176,212,122,67,34
20211,A,골목상권,3110550,합정역 8번,5374,2859,2515,13,961,1416,1292,955,737,8,367,677,778,563,466,5,594,739,514,392,271
20211,A,골목상권,3110554,망원역 1번,6464,3487,2977,10,913,1410,1559,1192,1380,7,345,648,802,647,1038,3,568,762,757,545,342
20211,A,골목상권,3110547,KB국민은행 망원동지점,6579,4117,2462,11,769,1170,1322,1746,1561,7,405,819,889,860,1137,4,364,351,433,886,424
20211,A,골목상권,3110551,성서초등학교,3102,1803,1299,3,301,471,703,601,1023,3,132,235,314,304,815,0,169,236,389,297,208
20211,A,골목상권,3110619,목4동주민센터,1689,1078,611,4,202,379,491,407,206,1,93,210,315,291,168,3,109,169,176,116,38
20211,A,골목상권,3110600,신월7동주민센터,4248,2844,1404,3,317,496,745,1209,1478,3,179,312,490,845,1015,0,138,184,255,364,463
20211,A,골목상권,3110647,화곡역 5번,3340,1821,1519,8,438,691,768,828,607,5,192,403,428,449,344,3,246,288,340,379,263
20211,A,골목상권,3110607,금빛새마을금고본점,2729,2241,488,2,110,221,394,521,1481,1,64,132,235,385,1424,1,46,89,159,136,57
20211,A,골목상권,3110608,신월2동주민센터,3392,1915,1477,10,282,562,891,941,706,9,134,332,463,486,491,1,148,230,428,455,215
20211,A,골목상권,3110611,신정역 1번,4475,2720,1755,14,895,697,748,814,1307,7,295,382,444,461,1131,7,600,315,304,353,176
20211,A,골목상권,3110594,신월중학교,1144,543,601,7,149,285,301,297,105,4,58,119,141,150,71,3,91,166,160,147,34
20211,A,골목상권,3110602,신월시영아파트중문,3056,2108,948,3,204,356,700,967,826,2,124,226,400,664,692,1,80,130,300,303,134
20211,A,골목상권,3110610,계남근린공원,648,338,310,2,87,129,151,148,131,0,26,50,86,87,89,2,61,79,65,61,42
20211,A,골목상권,3110616,양목초등학교,1359,706,653,2,110,255,266,391,335,1,43,136,132,202,192,1,67,119,134,189,143
20211,A,골목상권,3110635,공항시장역 3번,3727,1849,1878,9,361,571,664,1054,1068,2,153,336,399,431,528,7,208,235,265,623,540
20211,A,골목상권,3110650,우장산힐스테이트,1737,995,742,4,194,325,396,415,403,3,107,202,240,204,239,1,87,123,156,211,164
20211,A,골목상권,3110638,신방화역 2번,3645,2335,1310,10,416,661,1045,983,530,8,205,404,713,617,388,2,211,257,332,366,142
20211,A,골목상권,3110712,남구로역 5번,1579,913,666,8,183,331,363,324,370,5,99,196,189,176,248,3,84,135,174,148,122
20211,A,골목상권,3110702,개봉초등학교,1569,818,751,1,157,329,420,390,272,1,72,153,202,214,176,0,85,176,218,176,96
20211,A,골목상권,3110699,덕의초등학교,2451,1563,888,9,303,578,623,646,292,7,187,384,391,378,216,2,116,194,232,268,76
20211,A,골목상권,3110720,대림역 2번,2280,1556,724,2,188,387,574,709,420,2,83,218,387,538,328,0,105,169,187,171,92
20211,A,골목상권,3110778,구로디지털단지역 4번,13303,7796,5507,56,2966,4427,3201,1627,1026,23,1254,2669,2063,1065,722,33,1712,1758,1138,562,304
20211,A,골목상권,3110745,독산동정훈단지,1306,773,533,1,137,196,260,372,340,0,71,92,115,221,274,1,66,104,145,151,66
20211,A,골목상권,3110856,미성초등학교,5264,3671,1593,18,465,913,970,948,1950,13,238,541,608,563,1708,5,227,372,362,385,242
20211,A,골목상권,3110855,신대방역 2번,4936,3401,1535,6,709,900,888,794,1639,2,282,540,546,528,1503,4,427,360,342,266,136
20211,A,골목상권,3110755,동일여자고등학교,2033,1040,993,21,274,503,487,453,295,16,131,278,253,192,170,5,143,225,234,261,125
20211,A,골목상권,3110771,대림역 11번,2420,1335,1085,5,268,314,456,542,835,2,91,160,234,316,532,3,177,154,222,226,303
20211,A,골목상권,3110768,도림2동유수지내체육시설,1219,778,441,9,118,206,287,302,297,8,48,126,182,211,203,1,70,80,105,91,94
20211,A,골목상권,3110759,문래예술촌(문래창작촌),65954,51168,14786,61,8786,22706,21719,9637,3045,32,5433,17446,18749,7800,1708,29,3353,5260,2970,1837,1337
20211,A,골목상권,3110818,신대방역 3번,1692,950,742,2,287,451,397,278,277,2,124,277,228,138,181,0,163,174,169,140,96
20211,A,골목상권,3110858,신대방역 1번,2669,2004,665,0,421,756,879,491,122,0,195,575,748,404,82,0,226,181,131,87,40
20211,A,골목상권,3110874,원신초등학교(구세군관악영문교회),732,381,351,8,77,186,200,173,88,2,22,81,122,86,68,6,55,105,78,87,20
20211,A,골목상권,3110879,신림현대아파트,1116,536,580,7,212,210,278,222,187,1,100,99,137,109,90,6,112,111,141,113,97
20211,A,골목상권,3110885,영락고등학교,1746,990,756,7,240,328,434,376,361,1,122,173,232,224,238,6,118,155,202,152,123
20211,A,골목상권,3110872,신림초등학교,689,382,307,5,101,168,168,152,95,3,54,93,102,85,45,2,47,75,66,67,50
20211,A,골목상권,3110947,청계산입구역 2번(내곡동주민센터),182,79,103,0,26,23,46,37,50,0,13,11,28,10,17,0,13,12,18,27,33
20211,A,골목상권,3110913,방현초등학교(방배119안전센터),9674,6057,3617,22,1677,2842,2518,1523,1092,5,797,1829,1720,957,749,17,880,1013,798,566,343
20211,A,골목상권,3110934,우면주공아파트,1489,946,543,6,264,423,395,260,141,5,105,290,271,170,105,1,159,133,124,90,36
20211,A,골목상권,3110937,방아다리근린공원(횃불트리니티신학대학원대학교),14952,9277,5675,329,4835,4416,2991,1697,684,151,2497,2972,2135,1021,501,178,2338,1444,856,676,183
20211,A,골목상권,3110955,논현초등학교,20906,14265,6641,76,4625,6342,4724,3259,1880,45,2535,4372,3537,2430,1346,31,2090,1970,1187,829,534
20211,A,골목상권,3110992,도곡초등학교,8628,4357,4271,50,1508,2156,1880,1719,1315,28,647,1065,939,866,812,22,861,1091,941,853,503
20211,A,골목상권,3110963,역삼월드메르디앙아파트,18186,10655,7531,122,4620,5292,4181,2560,1411,33,1769,3113,2948,1716,1076,89,2851,2179,1233,844,335
20211,A,골목상권,3110972,강남세브란스병원미래의학연구센터,22138,12993,9145,207,6590,6499,5019,2834,989,69,2849,4088,3556,1696,735,138,3741,2411,1463,1138,254
20211,A,골목상권,3110991,삼성중앙역 5번,10374,5378,4996,43,2958,2855,2028,1298,1192,9,932,1472,1304,854,807,34,2026,1383,724,444,385
20211,A,골목상권,3110990,청담역 12번,7833,5477,2356,20,1213,2652,2394,1251,303,9,506,1665,1965,1094,238,11,707,987,429,157,65
20211,A,골목상권,3111000,대왕초등학교(세곡동사거리서남측),156,35,121,1,22,55,43,25,10,0,2,7,12,5,9,1,20,48,31,20,1
20211,A,골목상권,3110999,윗방죽마을공원,408,226,182,3,33,70,73,122,107,1,17,45,46,70,47,2,16,25,27,52,60
20211,A,골목상권,3110969,베르사이유1아파트,29014,17556,11458,73,5335,8726,7783,5424,1673,29,2616,5589,5487,2693,1142,44,2719,3137,2296,2731,531
20211,A,골목상권,3110967,역삼역 8번,24226,18490,5736,23,4422,7830,6561,4334,1056,10,2559,5859,5511,3785,766,13,1863,1971,1050,549,290
20211,A,골목상권,3110985,청담근린공원,9800,6589,3211,34,1729,2898,2625,1790,724,17,815,1972,1966,1323,496,17,914,926,659,467,228
20211,A,골목상권,3111008,석촌고분역 3번,3907,2479,1428,12,490,799,912,951,743,10,289,528,566,545,541,2,201,271,346,406,202
20211,A,골목상권,3111016,송파역 2번,15479,10229,5250,62,2083,3454,3732,3349,2799,44,1020,2251,2780,2219,1915,18,1063,1203,952,1130,884
20211,A,골목상권,3111038,보인중학교,2602,1770,832,14,377,689,649,574,299,13,214,471,461,405,206,1,163,218,188,169,93
20211,A,골목상권,3111021,방이역 4번,11137,8092,3045,38,1448,2300,2854,2754,1743,26,767,1502,2125,2188,1484,12,681,798,729,566,259
20211,A,골목상권,3111015,석촌역 3번,10932,6847,4085,26,1640,2424,2423,2333,2086,11,799,1507,1612,1477,1441,15,841,917,811,856,645
20211,A,골목상권,3111003,삼전역 4번,4568,3024,1544,18,600,1083,1254,905,708,1,324,732,817,598,552,17,276,351,437,307,156
20211,A,골목상권,3111062,둔촌동역 3번(성내3동주민센터),3255,2100,1155,7,480,811,880,607,470,6,266,532,569,389,338,1,214,279,311,218,132
20211,A,골목상권,3111011,잠실나루역,9608,7747,1861,42,1275,3018,2795,2046,432,18,924,2492,2309,1674,330,24,351,526,486,372,102
20211,A,골목상권,3111048,천호역 1번(천호문구완구거리),1608,876,732,7,195,360,372,323,351,4,82,170,209,171,240,3,113,190,163,152,111
20211,A,골목상권,3111088,고덕동성당,1134,951,183,0,35,82,216,447,354,0,9,53,173,388,328,0,26,29,43,59,26
20211,A,골목상권,3111079,둔촌고등학교(둔촌중학교),1407,838,569,2,141,259,315,339,351,2,81,153,184,167,251,0,60,106,131,172,100
20211,A,골목상권,3111066,암사동성당(효정하나플러스아파트),1710,995,715,5,169,380,394,455,307,1,71,188,219,302,214,4,98,192,175,153,93
20211,A,골목상권,3111071,천동초등학교,2013,1097,916,2,200,393,515,454,449,1,72,204,289,251,280,1,128,189,226,203,169
20211,A,골목상권,3111069,천호1동주민센터,2143,1118,1025,5,185,409,525,555,464,3,66,183,269,288,309,2,119,226,256,267,155
20211,A,골목상권,3111050,강동구청(강동구청역 2번),6451,4040,2411,30,768,1601,1613,1617,822,12,384,869,987,1154,634,18,384,732,626,463,188
20211,A,골목상권,3111052,암사역 3번(천호동자전거거리),1652,885,767,3,192,365,475,387,230,2,74,188,246,218,157,1,118,177,229,169,73
20211,A,골목상권,3110003,세검정초등학교,3208,1681,1527,12,383,849,849,655,460,7,132,383,486,370,303,5,251,466,363,285,157
20211,A,골목상권,3110032,수족관거리,1721,729,992,8,316,378,484,355,180,7,101,148,164,183,126,1,215,230,320,172,54
20211,A,골목상권,3110049,장충단 고개,7948,4363,3585,17,1488,2210,1865,1591,777,6,534,1186,1138,986,513,11,954,1024,727,605,264
20211,A,골목상권,3110054,청구역 3번,5615,2963,2652,16,1124,1473,1173,1085,744,5,384,793,702,621,458,11,740,680,471,464,286
20211,A,골목상권,3110041,남산케이블카,5723,3089,2634,10,793,1518,1444,1163,795,7,334,836,819,626,467,3,459,682,625,537,328
20211,A,골목상권,3110533,충정로역 7번,2911,1774,1137,1,433,782,782,547,366,0,223,473,484,349,245,1,210,309,298,198,121
20211,A,골목상권,3110065,남정초등학교,2218,1561,657,13,351,641,535,358,320,11,227,499,376,234,214,2,124,142,159,124,106
20211,A,골목상권,3110080,해방촌예술마을,2226,1456,770,3,252,385,746,672,168,3,84,214,546,496,113,0,168,171,200,176,55
20211,A,골목상권,3110579,마포역 4번,5616,3529,2087,8,1017,1486,1468,1076,561,6,371,893,1024,805,430,2,646,593,444,271,131
20211,A,골목상권,3110123,마장역 3번,1433,884,549,1,176,272,329,389,266,1,78,159,191,253,202,0,98,113,138,136,64
20211,A,골목상권,3110114,왕십리파출소,2346,644,1702,8,434,328,413,711,452,1,142,144,153,139,65,7,292,184,260,572,387
20211,A,골목상권,3110121,한양대역 4번,102,61,41,0,13,22,20,20,27,0,6,11,11,12,21,0,7,11,9,8,6
20211,A,골목상권,3110127,성수1가1동주민센터,3267,2102,1165,10,572,1007,809,584,285,5,303,663,543,374,214,5,269,344,266,210,71
20211,A,골목상권,3110140,건대입구역 6번,3220,2119,1101,14,390,614,754,831,617,10,183,373,498,562,493,4,207,241,256,269,124
20211,A,골목상권,3110141,건대입구역 1번,1987,1285,702,10,275,407,532,461,302,6,137,258,349,297,238,4,138,149,183,164,64
20211,A,골목상권,3110209,답십리 장령당공원,4227,1926,2301,4,629,938,1189,1163,304,1,465,673,394,189,204,3,164,265,795,974,100
20211,A,골목상권,3110174,아차산역 1번,2909,1780,1129,7,346,545,901,765,345,3,151,328,577,479,242,4,195,217,324,286,103
20211,A,골목상권,3110144,어린이대공원역 4번,1502,932,570,0,160,238,383,492,229,0,60,133,242,323,174,0,100,105,141,169,55
20211,A,골목상권,3110152,중곡어린이공원,1671,1070,601,49,338,283,323,400,278,6,137,200,206,286,235,43,201,83,117,114,43
20211,A,골목상권,3110161,중곡역 3번,1960,1296,664,4,150,317,503,672,314,0,67,189,303,504,233,4,83,128,200,168,81
20211,A,골목상권,3110202,전농1동주민센터(전농시장),478,273,205,0,58,96,127,105,92,0,44,55,85,53,36,0,14,41,42,52,56
20211,A,골목상권,3110186,종암초등학교,1751,1308,443,2,179,330,416,475,349,0,82,256,306,362,302,2,97,74,110,113,47
20211,A,골목상권,3110221,의릉,731,443,288,0,69,158,210,196,98,0,28,92,111,132,80,0,41,66,99,64,18
20211,A,골목상권,3110206,텃골근린공원,1126,651,475,2,118,187,312,318,189,1,71,108,193,192,86,1,47,79,119,126,103
20211,A,골목상권,3110219,삼육보건대학교,4329,2321,2008,4,574,869,1055,1098,729,2,178,407,603,643,488,2,396,462,452,455,241
20211,A,골목상권,3110199,홍릉시장,962,521,441,0,76,146,204,306,230,0,34,77,102,142,166,0,42,69,102,164,64
20211,A,골목상권,3110268,망우3동주민센터,981,580,401,0,94,152,205,296,234,0,55,83,101,168,173,0,39,69,104,128,61
20211,A,골목상권,3110264,면목역 2번,1816,1064,752,3,185,354,425,524,325,0,72,184,239,342,227,3,113,170,186,182,98
20211,A,골목상권,3110279,신내역 2번,153,118,35,0,17,28,41,48,19,0,13,24,30,34,17,0,4,4,11,14,2
20211,A,골목상권,3110258,면동초등학교,1659,911,748,2,207,394,460,372,224,1,84,220,233,212,161,1,123,174,227,160,63
20211,A,골목상권,3110237,메가박스 상봉,2944,2064,880,11,293,688,935,821,196,10,142,441,668,655,148,1,151,247,267,166,48
20211,A,골목상권,3110254,오거리공원,1604,894,710,3,171,342,447,427,214,2,70,170,244,256,152,1,101,172,203,171,62
20211,A,골목상권,3110248,먹골파출소,993,487,506,3,102,224,281,230,153,0,31,111,138,105,102,3,71,113,143,125,51
20211,A,골목상권,3110245,KB국민은행 중화동지점,1375,794,581,3,141,276,386,300,269,1,58,154,230,167,184,2,83,122,156,133,85
20211,A,골목상권,3110308,길음역 8번,5558,2775,2783,420,2091,1398,817,515,317,177,921,761,443,234,239,243,1170,637,374,281,78
20211,A,골목상권,3110301,성신여대입구역 7번,2035,1073,962,20,279,387,462,501,386,15,95,170,238,285,270,5,184,217,224,216,116
20211,A,골목상권,3110300,삼선동주민센터,6172,2933,3239,11,709,1579,1872,1508,493,2,213,608,842,960,308,9,496,971,1030,548,185
20211,A,골목상권,3110328,상월곡역 3번,745,414,331,3,111,200,209,158,64,1,47,116,119,84,47,2,64,84,90,74,17
20211,A,골목상권,3110323,상월곡역 1번,2096,1206,890,4,330,425,556,516,265,0,143,247,333,295,188,4,187,178,223,221,77
20211,A,골목상권,3110325,장곡초등학교,1196,710,486,3,130,246,318,285,214,3,60,131,186,172,158,0,70,115,132,113,56
20211,A,골목상권,3110329,우리은행체육관,1168,696,472,8,126,245,281,288,220,4,44,127,158,191,172,4,82,118,123,97,48
20211,A,골목상권,3110418,광운대학교 남단,2395,1300,1095,17,439,649,567,454,269,5,188,388,277,239,203,12,251,261,290,215,66
20211,A,골목상권,3110292,정릉역 2번,1165,443,722,1,229,306,319,217,93,0,57,124,99,95,68,1,172,182,220,122,25
20211,A,골목상권,3110289,북한산보국문역 2번,1565,804,761,0,234,320,398,370,243,0,63,140,184,230,187,0,171,180,214,140,56
20211,A,골목상권,3110320,KB국민은행 종암동지점,1030,585,445,1,84,202,331,295,117,1,23,84,177,219,81,0,61,118,154,76,36
20211,A,골목상권,3110369,성신여대운정그린캠퍼스,1935,860,1075,5,242,321,436,458,473,1,65,112,181,208,293,4,177,209,255,250,180
20211,A,골목상권,3110376,수송초등학교,2101,1069,1032,3,230,420,522,498,428,2,80,208,286,240,253,1,150,212,236,258,175
20211,A,골목상권,3110351,수유북부시장옆,1198,652,546,0,84,147,263,467,237,0,30,65,139,235,183,0,54,82,124,232,54
20211,A,골목상권,3110362,우이천 계성교,961,497,464,1,126,190,258,236,150,0,48,103,126,120,100,1,78,87,132,116,50
20211,A,골목상권,3110356,덕수교,687,389,298,0,56,108,200,172,151,0,20,63,108,94,104,0,36,45,92,78,47
20211,A,골목상권,3110343,무너미어린이공원,1770,1049,721,0,112,212,300,288,858,0,32,122,161,148,586,0,80,90,139,140,272
20211,A,골목상권,3110382,솔밭공원역 1번,391,147,244,1,43,67,98,118,64,0,9,21,28,46,43,1,34,46,70,72,21
20211,A,골목상권,3110413,누원고등학교,568,365,203,0,36,70,115,162,185,0,15,44,66,102,138,0,21,26,49,60,47
20211,A,골목상권,3110422,노원역 9번,1516,697,819,1,187,294,388,390,256,1,71,171,178,157,119,0,116,123,210,233,137
20211,A,골목상권,3110430,중계초등학교,1110,567,543,3,90,168,259,328,262,0,28,66,114,160,199,3,62,102,145,168,63
20211,A,골목상권,3110417,월계역 3번,348,134,214,2,49,63,67,100,67,2,18,35,21,34,24,0,31,28,46,66,43
20211,A,골목상권,3110441,영신여고,1036,451,585,3,105,241,280,305,102,3,45,111,106,125,61,0,60,130,174,180,41
20211,A,골목상권,3110427,노원 을지대학교병원,1752,1176,576,1,156,280,416,577,322,0,59,139,273,460,245,1,97,141,143,117,77
20211,A,골목상권,3110477,은평세무서,2219,1137,1082,6,199,354,531,627,502,2,93,192,270,298,282,4,106,162,261,329,220
20211,A,골목상권,3110476,역촌역 2번,1304,706,598,1,170,308,350,300,175,1,61,154,198,161,131,0,109,154,152,139,44
20211,A,골목상권,3110503,명지대학교교회,3329,2219,1110,30,564,1004,816,642,273,26,345,725,552,388,183,4,219,279,264,254,90
20211,A,골목상권,3110499,연가초등학교,1715,905,810,0,165,359,447,470,274,0,64,203,231,222,185,0,101,156,216,248,89
20211,A,골목상권,3110558,경성고등학교,4895,3051,1844,21,679,1152,1227,1106,710,18,346,676,765,727,519,3,333,476,462,379,191
20211,A,골목상권,3110537,충정로현대아파트,4722,3057,1665,15,800,1434,1132,868,473,9,385,840,810,674,339,6,415,594,322,194,134
20212,A,골목상권,3110019,창덕궁,6319,4360,1959,10,1053,2069,1767,953,467,3,559,1386,1342,701,369,7,494,683,425,252,98
20212,A,골목상권,3110018,중앙고등학교,11262,8487,2775,7,1250,3853,3350,2089,713,6,649,2888,2664,1739,541,1,601,965,686,350,172
20212,A,골목상권,3110038,경향신문사,10172,7008,3164,16,1531,3252,3390,1653,330,3,695,2090,2547,1430,243,13,836,1162,843,223,87
20212,A,골목상권,3110012,성곡미술관,27735,18834,8901,37,3819,8129,8256,5229,2265,7,1836,5632,6275,3697,1387,30,1983,2497,1981,1532,878
20212,A,골목상권,3110006,부암동주민센터,773,347,426,0,158,275,203,101,36,0,69,129,83,45,21,0,89,146,120,56,15
20212,A,골목상권,3110052,장충초등학교,5705,3122,2583,6,827,1468,1432,1344,628,3,309,713,830,859,408,3,518,755,602,485,220
20212,A,골목상권,3110589,애오개역 3번,559,265,294,0,108,185,141,80,45,0,38,87,71,42,27,0,70,98,70,38,18
20212,A,골목상권,3110068,남영역 1번,8193,5432,2761,40,1419,2582,2050,1326,776,19,721,1609,1516,1011,556,21,698,973,534,315,220
20212,A,골목상권,3110092,NH농협은행 보광동지점,3281,2252,1029,31,523,841,877,713,296,21,277,569,627,533,225,10,246,272,250,180,71
20212,A,골목상권,3110083,서빙고역 1번,6594,4364,2230,19,1375,1883,1618,1157,542,7,651,1268,1156,865,417,12,724,615,462,292,125
20212,A,골목상권,3110060,효창공원앞역 6번,6789,4650,2139,19,1230,1825,1872,1318,525,10,677,1315,1333,926,389,9,553,510,539,392,136
20212,A,골목상권,3110061,효창동주민센터,5303,3773,1530,6,882,1448,1482,1038,447,4,527,1073,1109,722,338,2,355,375,373,316,109
20212,A,골목상권,3110091,리움미술관,5605,3483,2122,16,1353,2027,1384,612,213,8,579,1155,1049,531,161,8,774,872,335,81,52
20212,A,골목상권,3110122,마장역 2번,1288,844,444,1,128,208,307,373,271,1,73,133,188,246,203,0,55,75,119,127,68
20212,A,골목상권,3110188,용두동신동아아파트,8552,6410,2142,56,940,1775,2007,2538,1236,37,653,1318,1585,1899,918,19,287,457,422,639,318
20212,A,골목상권,3110125,사근동살곶이상점가,304,167,137,2,52,66,90,59,35,2,21,32,48,39,25,0,31,34,42,20,10
20212,A,골목상권,3110147,능동우편취급국,4531,2184,2347,31,1146,862,890,1066,536,19,559,502,431,345,328,12,587,360,459,721,208
20212,A,골목상권,3110217,자동차부품상가,3677,2888,789,21,732,983,868,595,478,20,576,785,687,435,385,1,156,198,181,160,93
20212,A,골목상권,3110178,장로회신학대학교,2404,1638,766,1,341,582,567,559,354,0,195,410,420,386,227,1,146,172,147,173,127
20212,A,골목상권,3110162,군자역 4번,3299,1971,1328,5,497,696,811,692,598,2,300,424,470,362,413,3,197,272,341,330,185
20212,A,골목상권,3110154,광진정말공원,1521,878,643,6,193,294,396,399,233,4,99,168,215,220,172,2,94,126,181,179,61
20212,A,골목상권,3110151,자양한강도서관,2110,1470,640,7,384,424,537,519,239,4,274,300,362,348,182,3,110,124,175,171,57
20212,A,골목상권,3110171,중곡4동주민센터,2069,805,1264,3,502,500,486,436,142,1,84,182,208,224,106,2,418,318,278,212,36
20212,A,골목상권,3110218,답십리사거리,1293,747,546,6,152,258,330,326,221,5,58,132,175,207,170,1,94,126,155,119,51
20212,A,골목상권,3110225,촬영소사거리,1955,992,963,2,123,189,335,525,781,2,67,108,191,252,372,0,56,81,144,273,409
20212,A,골목상권,3110184,용두사거리,3021,1527,1494,5,599,895,617,491,414,2,203,397,289,306,330,3,396,498,328,185,84
20212,A,골목상권,3110213,청량초등학교,2045,619,1426,0,582,702,456,221,84,0,98,228,161,74,58,0,484,474,295,147,26
20212,A,골목상권,3110220,외대앞역 1번,3279,1428,1851,2,649,864,843,597,324,1,120,311,409,369,218,1,529,553,434,228,106
20212,A,골목상권,3110230,장안현대홈타운1차아파트,4180,2588,1592,14,740,1026,1066,899,435,10,450,646,636,535,311,4,290,380,430,364,124
20212,A,골목상권,3110216,전농중학교,1431,725,706,2,194,328,385,371,151,1,84,149,201,194,96,1,110,179,184,177,55
20212,A,골목상권,3110275,하나은행 망우동지점,1321,725,596,10,155,180,250,376,350,0,42,46,116,227,294,10,113,134,134,149,56
20212,A,골목상권,3110276,신내IC북측,132,100,32,0,9,22,38,38,25,0,5,19,26,32,18,0,4,3,12,6,7
20212,A,골목상권,3110240,태릉시장 특화거리,439,231,208,3,63,64,129,98,82,2,24,33,65,48,59,1,39,31,64,50,23
20212,A,골목상권,3110299,정릉역 1번,1824,844,980,4,260,396,436,423,305,0,53,150,161,238,242,4,207,246,275,185,63
20212,A,골목상권,3110302,보문역 8번,5898,4601,1297,6,635,1951,1314,1333,659,2,343,1589,1089,1123,455,4,292,362,225,210,204
20212,A,골목상권,3110333,돌곶이역 5번,2180,1597,583,1,138,180,253,395,1213,0,72,102,152,268,1003,1,66,78,101,127,210
20212,A,골목상권,3110295,정릉우체국,2033,967,1066,2,326,405,505,478,317,0,87,174,207,267,232,2,239,231,298,211,85
20212,A,골목상권,3110290,북한산보국문역 1번,956,503,453,2,85,114,198,295,262,0,23,58,103,167,152,2,62,56,95,128,110
20212,A,골목상권,3110284,정릉북한산국립공원입구,1070,775,295,0,67,166,299,370,168,0,17,93,226,294,145,0,50,73,73,76,23
20212,A,골목상권,3110315,종암아이파크2차,19324,9933,9391,57,1503,4968,7106,5488,202,13,619,1647,3160,4363,131,44,884,3321,3946,1125,71
20212,A,골목상권,3110311,종암아이파크2차후문,18326,9454,8872,55,1387,4748,6804,5254,78,12,582,1562,3010,4226,62,43,805,3186,3794,1028,16
20212,A,골목상권,3110372,강북중학교,2235,1039,1196,1,431,564,556,464,219,1,120,285,281,229,123,0,311,279,275,235,96
20212,A,골목상권,3110355,삼양사거리역 2번,841,465,376,2,75,143,202,215,204,1,21,48,103,134,158,1,54,95,99,81,46
20212,A,골목상권,3110384,문이교,515,242,273,1,67,67,122,148,110,0,18,23,41,80,80,1,49,44,81,68,30
20212,A,골목상권,3110407,도봉역 2번,1737,1230,507,2,79,213,329,569,545,1,27,108,185,426,483,1,52,105,144,143,62
20212,A,골목상권,3110405,방학역 1번,2828,1543,1285,6,280,510,686,856,490,5,158,343,328,348,361,1,122,167,358,508,129
20212,A,골목상권,3110412,창동중학교,926,729,197,1,32,75,129,327,362,1,15,31,69,262,351,0,17,44,60,65,11
20212,A,골목상권,3110394,방학중학교,1009,508,501,1,104,211,274,247,172,1,47,99,125,125,111,0,57,112,149,122,61
20212,A,골목상권,3110388,도봉우체국,1888,873,1015,4,412,414,447,441,170,3,100,202,209,231,128,1,312,212,238,210,42
20212,A,골목상권,3110442,화랑대철도공원,516,235,281,2,52,82,125,173,82,2,27,35,48,69,54,0,25,47,77,104,28
20212,A,골목상권,3110424,상계초등학교,1733,729,1004,5,214,302,436,475,301,5,84,152,179,184,125,0,130,150,257,291,176
20212,A,골목상권,3110431,상계역,1287,621,666,3,148,275,353,314,194,0,43,131,187,139,121,3,105,144,166,175,73
20212,A,골목상권,3110437,당고개역 2번,1939,1463,476,1,93,154,435,765,491,0,35,83,301,619,425,1,58,71,134,146,66
20212,A,골목상권,3110439,당고개역 5번,1564,1295,269,1,57,95,313,641,457,0,18,56,256,564,401,1,39,39,57,77,56
20212,A,골목상권,3110440,상계3동4동주민센터,169,56,113,0,26,25,43,40,35,0,8,5,11,16,16,0,18,20,32,24,19
20212,A,골목상권,3110420,광운대역 1번,1471,830,641,9,301,445,400,204,112,2,145,305,217,102,59,7,156,140,183,102,53
20212,A,골목상권,3110467,은평요양병원,1379,737,642,5,189,335,332,289,229,4,86,184,174,140,149,1,103,151,158,149,80
20212,A,골목상권,3110454,선정중학교,2790,1775,1015,7,272,500,645,930,436,3,129,261,343,687,352,4,143,239,302,243,84
20212,A,골목상권,3110447,구산초등학교,1598,1138,460,2,95,229,339,680,253,0,42,106,199,571,220,2,53,123,140,109,33
20212,A,골목상권,3110466,구산역 2번,1798,899,899,10,243,407,457,413,268,2,80,171,240,218,188,8,163,236,217,195,80
20212,A,골목상권,3110444,수색성당,1892,1313,579,0,137,252,283,320,900,0,54,128,127,184,820,0,83,124,156,136,80
20212,A,골목상권,3110453,신사1동주민센터,1978,1132,846,1,218,408,518,480,353,1,127,200,295,268,241,0,91,208,223,212,112
20212,A,골목상권,3110448,상신초등학교입구,1073,613,460,3,129,216,240,258,227,1,83,123,122,132,152,2,46,93,118,126,75
20212,A,골목상권,3110498,증산역 1번,2535,1338,1197,4,342,517,554,649,469,2,109,293,309,322,303,2,233,224,245,327,166
20212,A,골목상권,3110505,홍남교남측,2126,1435,691,49,700,599,355,283,140,26,407,498,226,172,106,23,293,101,129,111,34
20212,A,골목상권,3110510,홍연시장,2641,1768,873,55,777,683,448,457,221,30,445,554,273,293,173,25,332,129,175,164,48
20212,A,골목상권,3110553,가좌역 2번,1511,856,655,3,170,321,388,384,245,2,77,175,235,224,143,1,93,146,153,160,102
20212,A,골목상권,3110496,모래내우체국,1812,822,990,7,281,445,449,349,281,4,85,208,221,148,156,3,196,237,228,201,125
20212,A,골목상권,3110542,마포구청역 7번,5558,3298,2260,20,707,1052,1202,1656,921,11,378,760,825,770,554,9,329,292,377,886,367
20212,A,골목상권,3110506,연희임광아파트,1391,746,645,2,205,313,340,335,196,2,93,209,169,157,116,0,112,104,171,178,80
20212,A,골목상권,3110529,홍제3동주민센터,1091,564,527,4,122,140,206,257,362,1,44,66,95,138,220,3,78,74,111,119,142
20212,A,골목상권,3110521,홍제역 4번,1109,612,497,3,108,134,316,391,157,1,30,70,168,242,101,2,78,64,148,149,56
20212,A,골목상권,3110561,상수역 4번,2460,1498,962,31,569,746,545,348,221,20,264,444,364,239,167,11,305,302,181,109,54
20212,A,골목상권,3110552,성미산체육관,2995,1818,1177,8,379,652,778,730,448,4,185,366,457,506,300,4,194,286,321,224,148
20212,A,골목상권,3110570,KB국민은행 서강지점,1410,826,584,7,199,376,380,261,187,7,100,222,201,154,142,0,99,154,179,107,45
20212,A,골목상권,3110620,목동보건지소,3652,1851,1801,7,412,863,1018,883,469,5,182,474,447,423,320,2,230,389,571,460,149
20212,A,골목상권,3110624,목동문화체육센터,1670,856,814,1,264,453,486,298,168,1,140,240,200,155,120,0,124,213,286,143,48
20212,A,골목상권,3110626,양화초등학교,3807,2364,1443,4,517,846,1106,938,396,3,219,458,758,652,274,1,298,388,348,286,122
20212,A,골목상권,3110606,신한은행 신월동지점,2588,1783,805,3,138,296,550,822,779,1,58,158,318,568,680,2,80,138,232,254,99
20212,A,골목상권,3110646,푸른들청소년도서관,6554,3939,2615,12,861,1499,1624,1593,965,9,445,957,950,890,688,3,416,542,674,703,277
20212,A,골목상권,3110613,신정네거리역 4번,532,258,274,0,62,116,114,119,121,0,13,47,48,66,84,0,49,69,66,53,37
20212,A,골목상권,3110706,그라운드 고척,2411,1613,798,2,310,586,628,638,247,2,161,381,415,463,191,0,149,205,213,175,56
20212,A,골목상권,3110701,고척동성당,2031,1278,753,7,310,414,454,523,323,1,176,260,284,305,252,6,134,154,170,218,71
20212,A,골목상권,3110657,양천향교역 5번,8471,5307,3164,17,1024,2088,2090,1892,1360,11,513,1206,1353,1162,1062,6,511,882,737,730,298
20212,A,골목상권,3110648,양천향교역 7번,4059,2626,1433,14,469,835,925,929,887,10,238,536,594,535,713,4,231,299,331,394,174
20212,A,골목상권,3110671,등촌1동주민센터,10403,6389,4014,31,1969,2531,2337,1997,1538,18,787,1620,1611,1312,1041,13,1182,911,726,685,497
20212,A,골목상권,3110658,화곡초등학교,3192,1856,1336,2,811,765,628,538,448,0,270,453,376,381,376,2,541,312,252,157,72
20212,A,골목상권,3110668,화곡2동주민센터,3004,1684,1320,10,406,790,822,630,346,7,198,431,436,373,239,3,208,359,386,257,107
20212,A,골목상권,3110721,가리봉파출소,9719,6601,3118,27,1764,3184,2464,1435,845,13,942,2250,1830,926,640,14,822,934,634,509,205
20212,A,골목상권,3110703,개봉역,8618,4789,3829,41,1381,2048,1932,2036,1180,22,796,1309,965,946,751,19,585,739,967,1090,429
20212,A,골목상권,3110693,오류동역 4번,2696,1879,817,4,369,515,637,750,421,3,300,366,437,480,293,1,69,149,200,270,128
20212,A,골목상권,3110709,구로119안전센터,1187,559,628,4,117,165,257,381,263,2,53,88,142,137,137,2,64,77,115,244,126
20212,A,골목상권,3110716,구로나눔길,4822,2652,2170,7,579,1315,1117,1252,552,3,265,697,592,776,319,4,314,618,525,476,233
20212,A,골목상권,3110769,대림차이나타운(대림역 12번),1954,1208,746,5,121,251,393,460,724,3,75,164,232,290,444,2,46,87,161,170,280
20212,A,골목상권,3110761,문래동남성맨션,1158,827,331,2,91,236,304,299,226,1,64,159,218,197,188,1,27,77,86,102,38
20212,A,골목상권,3110741,독산2동주민센터,1504,811,693,3,175,295,351,425,255,2,91,145,170,215,188,1,84,150,181,210,67
20212,A,골목상권,3110859,난향초등학교,512,230,282,1,45,111,154,119,82,0,3,44,63,56,64,1,42,67,91,63,18
20212,A,골목상권,3110789,대림성모병원,3410,1458,1952,2,996,845,702,539,326,2,257,378,363,264,194,0,739,467,339,275,132
20212,A,골목상권,3110780,신길대성유니드아파트,1394,925,469,1,137,277,365,360,254,1,88,167,227,235,207,0,49,110,138,125,47
20212,A,골목상권,3110772,신우어린이공원,1405,839,566,1,221,295,338,329,221,0,93,177,214,205,150,1,128,118,124,124,71
20212,A,골목상권,3110785,영등포푸르지오아파트,2009,1361,648,6,207,449,544,471,332,4,93,298,379,338,249,2,114,151,165,133,83
20212,A,골목상권,3110787,신길3동주민센터,1010,595,415,3,99,199,285,264,160,3,47,107,166,160,112,0,52,92,119,104,48
20212,A,골목상권,3110758,문래소공원,14709,7623,7086,103,3376,3787,3217,3111,1115,31,1541,2760,1604,829,858,72,1835,1027,1613,2282,257
20212,A,골목상권,3110815,공군호텔,3580,1559,2021,5,645,846,827,727,530,0,194,396,377,297,295,5,451,450,450,430,235
20212,A,골목상권,3110808,신길역 1번,1130,445,685,0,100,235,310,302,183,0,32,108,122,98,85,0,68,127,188,204,98
20212,A,골목상권,3110804,신풍역 1번,1741,798,943,1,169,357,520,405,289,0,76,149,168,199,206,1,93,208,352,206,83
20212,A,골목상권,3110832,노량진초등학교,4040,2156,1884,1,568,1114,970,953,434,0,307,514,509,572,254,1,261,600,461,381,180
20212,A,골목상권,3110822,신대방삼거리역 4번(대림초등학교),2751,1560,1191,2,363,614,588,613,571,0,112,362,360,362,364,2,251,252,228,251,207
20212,A,골목상권,3110850,사당역 10번,7894,4180,3714,14,1345,2053,2169,1428,885,5,442,1014,1153,889,677,9,903,1039,1016,539,208
20212,A,골목상권,3110907,방배초등학교,7536,4093,3443,28,1176,1611,1757,1598,1366,16,482,896,974,820,905,12,694,715,783,778,461
20212,A,골목상권,3110886,관악해태어린이공원,1445,959,486,3,127,237,384,457,237,1,51,115,248,345,199,2,76,122,136,112,38
20212,A,골목상권,3110870,신림주공2단지(광신고등학교),926,524,402,2,74,142,244,279,185,0,27,71,123,158,145,2,47,71,121,121,40
20212,A,골목상권,3110888,청룡동주민센터,1962,823,1139,4,400,564,469,301,224,0,83,193,220,164,163,4,317,371,249,137,61
20212,A,골목상권,3110880,신림역 1번,1885,706,1179,2,469,465,373,346,230,1,114,169,180,115,127,1,355,296,193,231,103
20212,A,골목상권,3110896,관악우성아파트,736,263,473,3,103,109,175,206,140,2,34,34,61,79,53,1,69,75,114,127,87
20212,A,골목상권,3110948,헌인가구단지,57,27,30,0,5,24,14,11,3,0,4,12,6,2,3,0,1,12,8,9,0
20212,A,골목상권,3110921,서울프랑스학교,78980,73122,5858,28,7548,16129,20976,31809,2490,12,6231,14222,19329,31052,2276,16,1317,1907,1647,757,214
20212,A,골목상권,3110912,방배동사이길,10864,6872,3992,39,2280,3332,2614,1988,611,11,836,2031,1921,1590,483,28,1444,1301,693,398,128
20212,A,골목상권,3110933,한국상담대학원대학교,5166,2935,2231,17,1332,1552,1139,789,337,4,500,976,763,474,218,13,832,576,376,315,119
20212,A,골목상권,3110935,한전아트센터,15447,13162,2285,22,2512,5659,3695,2968,591,17,1823,4896,3229,2703,494,5,689,763,466,265,97
20212,A,골목상권,3110984,포이초등학교(개포목련어린이공원),3582,2150,1432,4,498,767,882,784,647,1,250,501,486,430,482,3,248,266,396,354,165
20212,A,골목상권,3110978,도곡2동주민센터(대치중학교),9979,6980,2999,40,2087,3214,2294,1200,1144,23,1136,2370,1884,909,658,17,951,844,410,291,486
20212,A,골목상권,3110971,선정릉역 4번,19901,10561,9340,56,4117,6246,4806,2922,1754,20,1411,3453,2772,1734,1171,36,2706,2793,2034,1188,583
20212,A,골목상권,3110974,언주중학교,8256,5430,2826,32,1847,2573,1708,1193,903,20,851,1532,1318,975,734,12,996,1041,390,218,169
20212,A,골목상권,3110975,매봉역 1번,20752,14192,6560,76,4365,5383,5577,4328,1023,51,2288,3472,4126,3439,816,25,2077,1911,1451,889,207
20212,A,골목상권,3111040,거여초등학교,2357,1472,885,10,310,602,594,522,319,9,179,402,365,295,222,1,131,200,229,227,97
20212,A,골목상권,3111026,문정역 2번,5159,3277,1882,8,771,1232,1312,1131,705,3,429,810,876,634,525,5,342,422,436,497,180
20212,A,골목상권,3111017,송파나루역 3번,3628,2432,1196,16,792,796,869,755,400,11,460,537,585,527,312,5,332,259,284,228,88
20212,A,골목상권,3111010,석촌역 7번,7142,5058,2084,9,802,1620,1617,1242,1852,6,441,1150,1102,793,1566,3,361,470,515,449,286
20212,A,골목상권,3111034,오동나무공원(송파레미니스1단지),3543,2415,1128,7,500,770,849,906,511,6,300,543,575,584,407,1,200,227,274,322,104
20212,A,골목상권,3111030,방이역 2번,20738,15418,5320,18,2658,5004,5332,4928,2798,6,1628,3495,4144,4200,1945,12,1030,1509,1188,728,853
20212,A,골목상권,3111085,묘곡초등학교(고덕아이파크아파트),1513,784,729,0,146,290,369,382,326,0,61,149,169,194,211,0,85,141,200,188,115
20212,A,골목상권,3111077,길동주민센터(강동도서관),6406,3327,3079,16,671,1129,1499,1694,1397,9,330,650,809,710,819,7,341,479,690,984,578
20212,A,골목상권,3111076,둔촌2동주민센터,2137,1170,967,3,262,433,458,484,497,1,104,223,250,249,343,2,158,210,208,235,154
20212,A,골목상권,3111080,굽은다리역 3번,1729,778,951,2,186,308,401,447,385,0,66,164,188,178,182,2,120,144,213,269,203
20211,A,골목상권,3110627,신정롯데캐슬아파트,12409,6926,5483,66,2312,4020,3158,2183,670,31,900,2143,1942,1409,501,35,1412,1877,1216,774,169
20211,A,골목상권,3110522,홍제역 3번,1269,694,575,3,128,184,351,436,167,1,37,93,189,254,120,2,91,91,162,182,47
20211,A,골목상권,3110571,신수동주민센터,5389,2967,2422,10,665,1386,1427,1276,625,9,253,623,760,871,451,1,412,763,667,405,174
20211,A,골목상권,3110555,홍익지구대,3611,1855,1756,10,638,968,938,631,426,5,213,449,543,370,275,5,425,519,395,261,151
20211,A,골목상권,3110541,동교초등학교,1947,1046,901,2,295,400,519,419,312,1,112,214,273,234,212,1,183,186,246,185,100
20211,A,골목상권,3110628,신목동역,2125,1374,751,4,260,583,583,460,235,2,128,352,393,345,154,2,132,231,190,115,81
20211,A,골목상권,3110679,염창역 2번,2730,2023,707,4,276,584,863,682,321,3,134,413,667,544,262,1,142,171,196,138,59
20211,A,골목상권,3110612,신정역 5번,4440,2606,1834,12,892,682,723,821,1310,5,273,329,389,473,1137,7,619,353,334,348,173
20211,A,골목상권,3110629,송정역 4번,923,553,370,1,104,171,216,231,200,1,47,114,124,142,125,0,57,57,92,89,75
20211,A,골목상권,3110669,화곡보람2차아파트,4693,2768,1925,4,1133,1316,897,642,701,3,357,873,675,396,464,1,776,443,222,246,237
20211,A,골목상권,3110649,우장산역 1번,1340,739,601,2,254,249,320,285,230,0,111,132,152,166,178,2,143,117,168,119,52
20211,A,골목상권,3110670,신곡초등학교,1600,1036,564,8,185,409,399,404,195,5,114,286,251,246,134,3,71,123,148,158,61
20211,A,골목상권,3110666,KC대학교,2132,1568,564,4,303,715,531,460,119,2,205,564,385,312,100,2,98,151,146,148,19
20211,A,골목상권,3110725,가산동주민센터,1841,864,977,4,142,241,320,390,744,2,70,130,189,193,280,2,72,111,131,197,464
20211,A,골목상권,3110700,고척초등학교,5750,4109,1641,10,516,1259,1605,1791,569,7,268,901,1181,1363,389,3,248,358,424,428,180
20211,A,골목상권,3110689,오류동역 3번,4517,2899,1618,15,569,864,1106,1262,701,8,405,556,678,764,488,7,164,308,428,498,213
20211,A,골목상권,3110690,오류2동버들시장,2262,1291,971,1,225,460,530,550,496,0,85,257,277,318,354,1,140,203,253,232,142
20211,A,골목상권,3110766,대림역 5번,5601,3708,1893,16,432,998,1379,1285,1491,5,258,730,1005,825,885,11,174,268,374,460,606
20211,A,골목상권,3110735,말미고개,2955,1738,1217,9,360,595,662,815,514,5,187,340,372,445,389,4,173,255,290,370,125
20211,A,골목상권,3110736,독산119안전센터,2709,1626,1083,4,307,444,561,745,648,2,174,271,330,427,422,2,133,173,231,318,226
20211,A,골목상권,3110746,금천금빛공원(은행나무사거리서측),971,444,527,1,93,156,237,270,214,1,36,71,105,122,109,0,57,85,132,148,105
20211,A,골목상권,3110783,영등포시장역 1번,2418,1654,764,5,411,700,493,528,281,3,259,492,345,391,164,2,152,208,148,137,117
20211,A,골목상권,3110793,대림썬프라자,1502,904,598,6,139,384,505,343,125,5,85,243,259,219,93,1,54,141,246,124,32
20211,A,골목상권,3110799,영등포본동주민센터,524,336,188,5,69,90,131,119,110,3,34,56,85,77,81,2,35,34,46,42,29
20211,A,골목상권,3110777,구로세무서,5825,3399,2426,22,1229,1703,1556,963,352,10,493,985,1009,609,293,12,736,718,547,354,59
20211,A,골목상권,3110821,보라매역 2번,19310,12435,6875,51,3710,3777,3102,4534,4136,27,2841,3091,2036,2222,2218,24,869,686,1066,2312,1918
20211,A,골목상권,3110788,영등포시장역 3번,924,604,320,3,106,166,286,224,139,1,58,113,202,145,85,2,48,53,84,79,54
20211,A,골목상권,3110840,중앙대학교,417,214,203,1,67,68,111,97,73,0,25,31,63,47,48,1,42,37,48,50,25
20211,A,골목상권,3110836,상도역 5번,4431,2490,1941,12,805,1182,1020,914,498,2,328,680,619,553,308,10,477,502,401,361,190
20211,A,골목상권,3110893,관악소방서(문영여고),1814,1409,405,2,342,557,398,425,90,1,237,436,304,357,74,1,105,121,94,68,16
20211,A,골목상권,3110878,미림여고,694,367,327,6,72,190,185,152,89,1,25,91,112,75,63,5,47,99,73,77,26
20211,A,골목상권,3110861,관악구신사동주민센터,4975,3397,1578,4,758,1388,1398,981,446,2,354,958,1075,707,301,2,404,430,323,274,145
20211,A,골목상권,3110890,봉천역 1번(관악초등학교),2071,803,1268,4,374,519,473,347,354,0,67,152,208,174,202,4,307,367,265,173,152
20211,A,골목상권,3110960,은광여고,20267,15455,4812,50,2314,4244,5292,6237,2130,36,1372,3182,4359,5022,1484,14,942,1062,933,1215,646
20211,A,골목상권,3110954,국기원,7043,3734,3309,24,2010,2434,1352,626,597,8,648,1239,953,450,436,16,1362,1195,399,176,161
20211,A,골목상권,3110936,더케이호텔(양재리본타워2단지아파트),1540,1105,435,14,246,433,389,311,147,10,159,288,286,247,115,4,87,145,103,64,32
20211,A,골목상권,3110940,양재근린공원(양재2동주민센터),6573,4578,1995,36,1029,1761,1701,1243,803,22,601,1228,1211,872,644,14,428,533,490,371,159
20211,A,골목상권,3110950,논현역 7번,14453,8508,5945,36,3283,4779,3414,1982,959,15,1326,2815,2305,1346,701,21,1957,1964,1109,636,258
20211,A,골목상권,3110949,한남IC,8417,5196,3221,28,1675,2570,2221,1300,623,15,760,1654,1435,852,480,13,915,916,786,448,143
20211,A,골목상권,3110993,개포지하차도 북측,142,86,56,0,14,21,31,45,31,0,4,14,19,28,21,0,10,7,12,17,10
20211,A,골목상권,3110983,국립국악고등학교,3034,1919,1115,12,544,819,737,554,368,2,245,512,476,373,311,10,299,307,261,181,57
20211,A,골목상권,3110964,싸리고개근린공원,8566,5556,3010,26,1611,2345,2176,1418,990,12,704,1538,1503,1014,785,14,907,807,673,404,205
20211,A,골목상권,3110995,봉은사역 4번,25206,19697,5509,27,4263,7944,7350,4403,1219,8,2756,6028,6191,3798,916,19,1507,1916,1159,605,303
20211,A,골목상권,3111001,아래방죽마을공원(율현초등학교),219,110,109,0,13,33,35,73,65,0,7,22,21,34,26,0,6,11,14,39,39
20211,A,골목상권,3110998,은곡마을(은곡마을공원),32,21,11,1,2,11,8,6,4,0,0,5,7,6,3,1,2,6,1,0,1
20211,A,골목상권,3110959,신구중학교,10232,5500,4732,112,2286,2945,2031,1596,1262,41,1015,1708,1395,759,582,71,1271,1237,636,837,680
20211,A,골목상권,3110962,도산공원북측,5103,2987,2116,21,1320,1864,1050,603,245,7,552,1132,729,415,152,14,768,732,321,188,93
20211,A,골목상권,3110997,대청초등학교,11645,4219,7426,31,3352,3686,2392,1435,749,3,709,1330,968,683,526,28,2643,2356,1424,752,223
20211,A,골목상권,3110979,청담초등학교,13513,6688,6825,34,3681,4952,2707,1503,636,14,1248,2542,1596,814,474,20,2433,2410,1111,689,162
20211,A,골목상권,3111027,문정초등학교,37078,28582,8496,20,3311,6648,10483,13841,2775,8,1965,4804,8129,11835,1841,12,1346,1844,2354,2006,934
20211,A,골목상권,3111020,방이동고분군(방산고등학교),4863,2790,2073,7,576,1242,1105,1165,768,4,274,719,681,609,503,3,302,523,424,556,265
20211,A,골목상권,3111032,방이역 1번,21842,16091,5751,28,2688,5066,5500,5171,3389,14,1606,3510,4215,4282,2464,14,1082,1556,1285,889,925
20211,A,골목상권,3111005,삼전역 3번,5492,3680,1812,15,836,1398,1269,1121,853,5,485,996,882,696,616,10,351,402,387,425,237
20211,A,골목상권,3111037,Sh수협은행 오금동금융센터(아랫말어린이공원),1645,894,751,0,186,380,425,449,205,0,97,235,228,207,127,0,89,145,197,242,78
20211,A,골목상권,3111089,상일여고(상일초등학교),858,553,305,0,66,157,203,261,171,0,37,92,135,164,125,0,29,65,68,97,46
20211,A,골목상권,3111067,강동구립성내도서관,5641,2901,2740,16,1009,1238,1344,1086,948,11,337,615,758,580,600,5,672,623,586,506,348
20211,A,골목상권,3111081,둔촌푸르지오아파트,986,603,383,2,117,183,200,251,233,1,58,108,117,139,180,1,59,75,83,112,53
20211,A,골목상권,3111059,강동역 4번(강풀만화거리),6849,3822,3027,10,1115,1236,1379,1299,1810,5,483,642,758,760,1174,5,632,594,621,539,636
20211,A,골목상권,3110005,세검정,2126,1089,1037,8,301,565,557,474,221,3,123,271,287,262,143,5,178,294,270,212,78
20211,A,골목상권,3110008,배화여자대학교(박노수미술관),3476,1938,1538,39,627,808,767,729,506,0,227,405,439,476,391,39,400,403,328,253,115
20211,A,골목상권,3110015,청와대사랑채,2312,1284,1028,37,513,765,497,301,199,0,191,422,324,192,155,37,322,343,173,109,44
20211,A,골목상권,3110035,동묘앞역 2번,3390,1775,1615,3,258,367,549,741,1472,0,87,183,285,341,879,3,171,184,264,400,593
20211,A,골목상권,3110055,황학동벼룩시장,2333,1280,1053,28,821,479,422,378,205,15,352,239,270,253,151,13,469,240,152,125,54
20211,A,골목상권,3110027,혜화역 1번,3124,1658,1466,9,394,650,865,728,478,5,112,253,479,462,347,4,282,397,386,266,131
20211,A,골목상권,3110030,동대문역 3번,1126,461,665,0,92,206,371,274,183,0,28,77,108,117,131,0,64,129,263,157,52
20211,A,골목상권,3110011,청운초등학교,1873,802,1071,13,318,482,437,339,284,2,65,197,195,159,184,11,253,285,242,180,100
20211,A,골목상권,3110024,혜회동주민센터,4244,1855,2389,27,697,1078,959,887,596,17,228,488,437,385,300,10,469,590,522,502,296
20211,A,골목상권,3110043,충무초등학교,6397,3882,2515,33,1241,1562,1628,1186,747,16,534,903,1084,808,537,17,707,659,544,378,210
20211,A,골목상권,3110082,용산구청,2532,1305,1227,13,448,730,571,554,216,10,162,304,295,368,166,3,286,426,276,186,50
20211,A,골목상권,3110045,동대문역사문화공원역 5번,40455,19049,21406,468,12792,10627,8138,6043,2387,192,5994,6220,4414,1662,567,276,6798,4407,3724,4381,1820
20211,A,골목상권,3110057,황학코아루아파트,1699,938,761,4,273,439,448,319,216,3,142,252,209,171,161,1,131,187,239,148,55
20211,A,골목상권,3110078,이촌동점보아파트,4727,2990,1737,17,766,1262,1193,1032,457,3,410,782,806,673,316,14,356,480,387,359,141
20211,A,골목상권,3110588,한겨레신문사,1133,567,566,1,166,237,297,284,148,1,73,129,147,128,89,0,93,108,150,156,59
20211,A,골목상권,3110073,삼각지역 3번,21368,6873,14495,123,6007,7127,5572,1957,582,50,2112,2306,1403,668,334,73,3895,4821,4169,1289,248
20211,A,골목상권,3110076,삼각지역 14번,2654,1645,1009,1,399,738,689,600,227,1,224,455,468,356,141,0,175,283,221,244,86
20211,A,골목상권,3110099,유엔빌리지길,21963,17803,4160,47,2625,5547,6288,6683,773,36,1322,4089,5454,6255,647,11,1303,1458,834,428,126
20211,A,골목상권,3110107,금호사거리,2695,1164,1531,16,307,810,1020,361,181,1,105,274,437,205,142,15,202,536,583,156,39
20211,A,골목상권,3110117,성동구보건소,3042,1046,1996,9,527,459,593,877,577,2,180,225,258,242,139,7,347,234,335,635,438
20211,A,골목상권,3110112,행당역 2번,1354,720,634,1,163,289,360,364,177,0,63,131,193,205,128,1,100,158,167,159,49
20211,A,골목상권,3110229,장평중학교,4729,3089,1640,10,521,877,975,1057,1289,6,275,555,639,696,918,4,246,322,336,361,371
20211,A,골목상권,3110113,응봉산,260,138,122,1,39,45,77,52,46,0,10,23,38,26,41,1,29,22,39,26,5
20211,A,골목상권,3110169,성동초등학교,4265,2889,1376,14,444,930,1078,1032,767,2,248,611,726,722,580,12,196,319,352,310,187
20211,A,골목상권,3110156,군자역 5번,3040,1883,1157,7,484,700,775,587,487,3,263,406,480,355,376,4,221,294,295,232,111
20211,A,골목상권,3110157,자양동우체국,1846,1325,521,14,427,408,437,359,201,10,335,309,286,227,158,4,92,99,151,132,43
20211,A,골목상권,3110163,성자초등학교,1358,679,679,1,136,233,372,407,209,1,60,112,160,197,149,0,76,121,212,210,60
20211,A,골목상권,3110168,대원고등학교,1985,1153,832,0,192,440,482,552,319,0,76,207,253,351,266,0,116,233,229,201,53
20211,A,골목상권,3110212,답십리초등학교,3380,2234,1146,24,681,841,827,639,368,21,491,622,488,363,249,3,190,219,339,276,119
20211,A,골목상권,3110187,제기동역 6번,5909,3849,2060,18,1010,1530,1329,1085,937,8,568,966,887,742,678,10,442,564,442,343,259
20211,A,골목상권,3110309,대광초등학교,2784,1954,830,10,336,612,722,679,425,4,187,423,511,486,343,6,149,189,211,193,82
20211,A,골목상권,3110231,장안교,728,483,245,0,55,125,159,208,181,0,22,52,89,162,158,0,33,73,70,46,23
20211,A,골목상권,3110203,떡전교사거리,1653,740,913,2,227,282,322,365,455,2,66,119,144,167,242,0,161,163,178,198,213
20211,A,골목상권,3110194,홍파초등학교,1028,599,429,1,94,200,292,318,123,0,58,123,168,168,82,1,36,77,124,150,41
20211,A,골목상권,3110278,망우본동주민센터,1851,1277,574,3,136,243,393,562,514,1,62,113,218,409,474,2,74,130,175,153,40
20211,A,골목상권,3110242,면목5동주민센터,867,570,297,0,78,153,226,199,211,0,36,99,119,132,184,0,42,54,107,67,27
20211,A,골목상권,3110246,월드순복음교회,1402,769,633,4,139,280,360,346,273,1,42,139,213,197,177,3,97,141,147,149,96
20211,A,골목상권,3110261,사가정역 4번,1640,972,668,5,175,265,434,463,298,4,62,125,253,303,225,1,113,140,181,160,73
20211,A,골목상권,3110241,먹골역 5번,2166,1475,691,1,315,530,524,571,225,1,183,366,341,415,169,0,132,164,183,156,56
20211,A,골목상권,3110233,중랑역 1번,893,461,432,6,154,146,204,200,183,4,65,61,89,121,121,2,89,85,115,79,62
20211,A,골목상권,3110318,KT월곡지사,3595,2540,1055,4,306,612,723,786,1164,2,171,405,460,571,931,2,135,207,263,215,233
20211,A,골목상권,3110377,미아사거리역 3번,694,331,363,7,98,129,184,169,107,6,42,61,75,80,67,1,56,68,109,89,40
20211,A,골목상권,3110281,길상사,16413,13694,2719,22,1927,3775,4747,5449,493,3,1165,2821,4173,5180,352,19,762,954,574,269,141
20211,A,골목상권,3110373,수유역 2번,2772,1558,1214,6,358,532,544,703,629,4,150,310,293,432,369,2,208,222,251,271,260
20211,A,골목상권,3110379,KT&G 북부지사,623,302,321,2,67,85,155,224,90,0,26,30,63,131,52,2,41,55,92,93,38
20211,A,골목상권,3110348,강북문화예술회관,2983,2155,828,0,93,237,630,911,1112,0,20,143,489,717,786,0,73,94,141,194,326
20211,A,골목상권,3110383,덕성여대시반거리,437,131,306,0,77,73,112,105,70,0,9,16,36,28,42,0,68,57,76,77,28
20211,A,골목상권,3110345,솔밭공원역 2번,708,263,445,1,82,141,166,188,130,0,15,41,54,71,82,1,67,100,112,117,48
20211,A,골목상권,3110342,국립재활원,1911,1168,743,0,163,409,566,562,211,0,54,205,383,372,154,0,109,204,183,190,57
20211,A,골목상권,3110338,인수초등학교,1029,648,381,3,137,254,247,265,123,3,70,171,149,154,101,0,67,83,98,111,22
20211,A,골목상권,3110402,도봉구 정병원,1673,968,705,5,226,351,392,442,257,4,101,216,235,250,162,1,125,135,157,192,95
20211,A,골목상권,3110392,발바닥공원,590,396,194,3,85,182,168,101,51,2,37,113,135,71,38,1,48,69,33,30,13
20211,A,골목상권,3110416,노원초등학교,1205,552,653,8,124,241,275,314,243,6,45,126,116,149,110,2,79,115,159,165,133
20211,A,골목상권,3110428,상계5동주민센터,1874,914,960,5,133,226,324,460,726,1,48,116,138,200,411,4,85,110,186,260,315
20211,A,골목상권,3110464,연신내역 5번,1985,1122,863,7,199,380,509,459,431,5,83,205,246,266,317,2,116,175,263,193,114
20211,A,골목상권,3110457,예일여고,3334,1823,1511,11,339,504,700,1175,605,2,131,234,342,705,409,9,208,270,358,470,196
20211,A,골목상권,3110488,우리은행응암동지점,3399,1825,1574,8,407,862,868,872,382,5,208,429,423,511,249,3,199,433,445,361,133
20211,A,골목상권,3110485,연신내우체국,2037,1061,976,2,103,180,239,350,1163,1,45,107,106,143,659,1,58,73,133,207,504
20211,A,골목상권,3110449,증산역 3번,2851,1858,993,1,398,704,743,668,337,0,156,480,515,477,230,1,242,224,228,191,107
20211,A,골목상권,3110523,홍제성원아파트,259,109,150,1,36,55,62,74,31,0,14,19,28,27,21,1,22,36,34,47,10
20211,A,골목상권,3110586,서울서부지방법원,11593,7273,4320,37,2044,3389,3339,2245,539,5,959,1962,2248,1752,347,32,1085,1427,1091,493,192
20211,A,골목상권,3110540,망원나들목체육관,1899,1092,807,8,639,591,325,211,125,1,387,316,158,136,94,7,252,275,167,75,31
20211,A,골목상권,3110567,광흥창역 6번,510,261,249,0,80,126,127,118,59,0,35,61,66,62,37,0,45,65,61,56,22
20211,A,골목상권,3110565,홍익대,4319,2959,1360,13,708,1013,1064,875,646,7,389,669,759,621,514,6,319,344,305,254,132
20211,A,골목상권,3110560,마포FM,4675,2819,1856,11,653,1106,1054,998,853,9,292,695,738,584,501,2,361,411,316,414,352
20211,A,골목상권,3110549,새터산,2447,1476,971,6,323,490,622,631,375,4,169,276,370,408,249,2,154,214,252,223,126
20211,A,골목상권,3110581,염리초등학교,8998,5077,3921,16,1305,2124,2079,1885,1589,7,628,1198,1340,989,915,9,677,926,739,896,674
20211,A,골목상권,3110617,등촌역 4번,2496,1419,1077,2,330,561,641,599,363,0,156,350,350,329,234,2,174,211,291,270,129
20211,A,골목상권,3110676,등촌역 7번,2587,1617,970,12,360,533,656,601,425,6,154,333,395,389,340,6,206,200,261,212,85
20211,A,골목상권,3110656,까치산역 3번,3071,1778,1293,17,286,570,813,925,460,15,146,353,484,505,275,2,140,217,329,420,185
20211,A,골목상권,3110654,까치산역 4번,3556,2235,1321,15,324,625,928,1128,536,13,164,373,533,736,416,2,160,252,395,392,120
20211,A,골목상권,3110597,신월1동주민센터,2472,1402,1070,4,249,481,521,657,560,1,110,252,269,403,367,3,139,229,252,254,193
20211,A,골목상권,3110665,곰달래도서관,2356,1305,1051,4,236,435,587,666,428,4,101,243,325,344,288,0,135,192,262,322,140
20211,A,골목상권,3110615,신서초등학교,848,519,329,2,79,148,152,220,247,1,36,81,84,146,171,1,43,67,68,74,76
20211,A,골목상권,3110674,강서구청가양동별관,2810,1867,943,13,484,647,757,564,345,8,334,446,510,346,223,5,150,201,247,218,122
20211,A,골목상권,3110677,등촌역 1번,3921,2407,1514,15,590,925,884,897,610,12,265,549,522,592,467,3,325,376,362,305,143
20211,A,골목상권,3110631,방화초등학교,2022,1206,816,5,282,386,462,504,383,5,137,222,260,288,294,0,145,164,202,216,89
20211,A,골목상권,3110636,방화역 2번,2261,1548,713,6,180,387,715,586,387,4,92,216,507,418,311,2,88,171,208,168,76
20211,A,골목상권,3110723,가산디지털단지역 1번 출입구,6364,4269,2095,13,1161,2024,1564,904,698,8,553,1337,1145,699,527,5,608,687,419,205,171
20211,A,골목상권,3110662,까치산역 1번,3644,2133,1511,8,464,871,961,872,468,6,214,496,504,566,347,2,250,375,457,306,121
20211,A,골목상권,3110732,가산초등학교(세일중학교),2697,1734,963,13,406,604,664,616,394,4,232,369,400,410,319,9,174,235,264,206,75
20211,A,골목상권,3110729,가산동우체국,3002,1566,1436,10,310,527,627,607,921,6,171,294,365,336,394,4,139,233,262,271,527
20211,A,골목상권,3110691,개봉중학교,2121,1250,871,6,243,460,510,560,342,1,134,278,283,301,253,5,109,182,227,259,89
20211,A,골목상권,3110705,고산초등학교,2324,1523,801,3,295,489,490,507,540,2,148,292,274,324,483,1,147,197,216,183,57
20211,A,골목상권,3110680,온수역 5번(온수산업단지),1651,1405,246,18,174,252,303,480,424,18,138,209,238,407,395,0,36,43,65,73,29
20211,A,골목상권,3110685,금강수목원아파트,1014,749,265,2,60,190,279,274,209,1,35,123,189,214,187,1,25,67,90,60,22
20211,A,골목상권,3110854,조원동주민센터,3686,2722,964,3,494,609,555,569,1456,1,220,390,345,394,1372,2,274,219,210,175,84
20211,A,골목상권,3110742,KT금천빌딩(금천구시설관리공단),1604,1021,583,0,211,338,390,400,265,0,133,223,244,230,191,0,78,115,146,170,74
20211,A,골목상권,3110748,백산초등학교,1088,584,504,0,104,213,289,304,178,0,44,118,147,162,113,0,60,95,142,142,65
20211,A,골목상권,3110750,시흥4동주민센터(서울신흥초등학교),1125,636,489,9,163,218,324,281,130,8,89,133,186,127,93,1,74,85,138,154,37
20211,A,골목상권,3110749,금산초등학교(금천고등학교),7714,4555,3159,13,568,1109,1786,2003,2235,4,300,718,1027,1087,1419,9,268,391,759,916,816
20211,A,골목상권,3110763,영등포구청역 2번,7998,3926,4072,23,1606,2127,1491,1555,1196,12,684,1112,819,673,626,11,922,1015,672,882,570
20211,A,골목상권,3110786,당산역 8번,7202,5111,2091,19,1007,1783,1914,1612,867,6,490,1180,1444,1314,677,13,517,603,470,298,190
20211,A,골목상권,3110762,선유도역 1번,6490,4189,2301,17,859,1406,1594,1541,1073,11,470,902,970,975,861,6,389,504,624,566,212
20211,A,골목상권,3110803,신길2동우편취급국,2306,1308,998,6,226,496,505,482,591,3,103,233,253,261,455,3,123,263,252,221,136
20211,A,골목상권,3110757,양평역 2번,2594,1895,699,3,271,581,643,581,515,2,144,438,483,429,399,1,127,143,160,152,116
20211,A,골목상권,3110817,대방역 4번,3279,1548,1731,9,625,746,811,579,509,4,208,342,403,284,307,5,417,404,408,295,202
20211,A,골목상권,3110807,신길역 3번,994,401,593,5,113,194,247,269,166,2,40,84,97,101,77,3,73,110,150,168,89
20211,A,골목상권,3110847,예술인마을,2033,1270,763,3,284,468,518,409,351,3,131,269,312,253,302,0,153,199,206,156,49
20211,A,골목상권,3110903,방배아이파크아파트,13318,6720,6598,17,2219,3034,3683,2226,2139,5,678,1278,1774,1240,1745,12,1541,1756,1909,986,394
20211,A,골목상권,3110843,사당5동주민센터,856,499,357,1,74,130,224,245,182,0,30,57,123,154,135,1,44,73,101,91,47
20211,A,골목상권,3110898,청림동주민센터(상도중학교),3140,1745,1395,2,453,1024,1007,483,171,1,197,571,572,281,123,1,256,453,435,202,48
20211,A,골목상권,3110835,상도역 1번,1284,685,599,4,217,336,311,268,148,2,91,204,169,124,95,2,126,132,142,144,53
20211,A,골목상권,3110830,상도초등학교,1099,508,591,0,192,255,269,254,129,0,84,114,104,127,79,0,108,141,165,127,50
20211,A,골목상권,3110863,난우초등학교,1274,596,678,21,162,252,274,330,235,16,65,112,116,144,143,5,97,140,158,186,92
20211,A,골목상권,3110882,신성초등학교,1461,843,618,4,181,268,423,344,241,1,87,139,232,207,177,3,94,129,191,137,64
20211,A,골목상권,3110867,국제신학대학원대학교(남서울중학교),1284,802,482,3,150,289,290,284,268,1,93,193,167,179,169,2,57,96,123,105,99
20211,A,골목상권,3110871,신원동주민센터,1221,662,559,5,110,197,235,300,374,0,62,122,135,146,197,5,48,75,100,154,177
20211,A,골목상권,3110864,신림우방아파트,3078,2254,824,2,485,863,972,582,174,2,229,637,794,472,120,0,256,226,178,110,54
20211,A,골목상권,3110917,서초소방서,10472,8160,2312,29,1128,2908,2901,2625,881,18,710,2263,2404,2117,648,11,418,645,497,508,233
20211,A,골목상권,3110927,잠원역,3312,2219,1093,5,550,1142,865,499,251,3,321,787,627,322,159,2,229,355,238,177,92
20211,A,골목상권,3110915,서래초등학교,89045,79397,9648,58,9613,19204,23591,33698,2881,23,6991,15974,21216,32574,2619,35,2622,3230,2375,1124,262
20211,A,골목상권,3110918,방배역 3번,7950,4877,3073,25,1436,1942,1884,1479,1184,9,623,1168,1279,916,882,16,813,774,605,563,302
20211,A,골목상권,3110926,신중초등학교,18935,13842,5093,26,2537,6187,5342,3491,1352,11,1323,4503,4347,2701,957,15,1214,1684,995,790,395
20211,A,골목상권,3110928,서초우방유쉘아파트,8601,5394,3207,32,1319,2349,2192,1755,954,20,686,1554,1461,1019,654,12,633,795,731,736,300
20211,A,골목상권,3110941,언남고등학교,3148,2001,1147,15,501,854,828,599,351,13,285,552,530,367,254,2,216,302,298,232,97
20211,A,골목상권,3110977,논현로18길,8768,6092,2676,17,1345,2688,2352,1426,940,7,731,1839,1812,1000,703,10,614,849,540,426,237
20211,A,골목상권,3110956,언주역 8번,10460,6708,3752,44,2484,3229,2399,1398,906,30,1284,2052,1709,952,681,14,1200,1177,690,446,225
20211,A,골목상권,3110961,언주역 3번,19048,12835,6213,40,3657,5606,4187,2889,2669,10,1697,3702,3162,2277,1987,30,1960,1904,1025,612,682
20211,A,골목상권,3110970,학동초등학교,8274,4686,3588,35,1750,2524,1972,1193,800,17,746,1341,1253,767,562,18,1004,1183,719,426,238
20211,A,골목상권,3110986,삼성중앙역 7번,7054,4250,2804,39,1478,2059,1499,883,1096,9,622,1271,1051,561,736,30,856,788,448,322,360
20211,A,골목상권,3110958,역삼역 4번,13145,7672,5473,25,2620,4104,3148,1957,1291,13,968,2265,2168,1344,914,12,1652,1839,980,613,377
20211,A,골목상권,3111025,경찰병원역 3번,9858,5487,4371,53,1071,1688,1733,1768,3545,24,506,1023,1074,799,2061,29,565,665,659,969,1484
20211,A,골목상권,3111029,오금역 4번,6170,4510,1660,14,1076,1905,1533,1053,589,8,670,1374,1159,778,521,6,406,531,374,275,68
20211,A,골목상권,3111023,문정역 1번,3188,1943,1245,5,559,689,779,662,494,2,274,426,517,382,342,3,285,263,262,280,152
20211,A,골목상권,3111042,거여역 1번(거여공원),4647,2955,1692,20,677,1102,1208,1011,629,16,473,746,745,568,407,4,204,356,463,443,222
20211,A,골목상권,3111006,석촌고분역 1번,13231,9393,3838,32,1634,2684,3221,2686,2974,27,996,1913,2319,1807,2331,5,638,771,902,879,643
20211,A,골목상권,3111090,강일동주민센터,199,120,79,0,24,45,67,44,19,0,9,25,41,30,15,0,15,20,26,14,4
20211,A,골목상권,3111068,강동성심병원,3440,1771,1669,8,770,842,809,570,441,5,225,389,495,352,305,3,545,453,314,218,136
20211,A,골목상권,3111065,천일초등학교,1242,677,565,2,112,177,234,284,433,2,39,75,105,131,325,0,73,102,129,153,108
20211,A,골목상권,3111060,암사역 2번(서울강동초등학교),3038,1600,1438,3,337,620,746,749,583,2,117,297,376,407,401,1,220,323,370,342,182
20211,A,골목상권,3111054,암사역 4번(삼성광나루아파트),3175,1255,1920,2,329,487,578,782,997,2,142,257,245,207,402,0,187,230,333,575,595
20211,A,골목상권,3111049,천호지구대(천호동자전거거리),1795,986,809,7,217,342,414,400,415,3,102,177,213,206,285,4,115,165,201,194,130
20211,A,골목상권,3110007,사직공원(한국사회과학도서관),2261,1151,1110,4,393,616,566,444,238,2,142,279,306,251,171,2,251,337,260,193,67
20211,A,골목상권,3110531,홍지문,828,402,426,2,118,219,178,187,124,0,39,117,90,81,75,2,79,102,88,106,49
20211,A,골목상권,3110010,평창동서측,8863,4827,4036,16,958,2387,3264,1811,427,1,407,1007,1802,1306,304,15,551,1380,1462,505,123
20211,A,골목상권,3110013,체부동홍종문가옥,1116,630,486,4,122,231,265,248,246,0,42,116,139,143,190,4,80,115,126,105,56
20211,A,골목상권,3110051,한양공고앞 교차로,1270,665,605,0,194,259,304,324,189,0,76,137,166,173,113,0,118,122,138,151,76
20211,A,골목상권,3110587,공덕동주민센터,4777,2727,2050,20,903,1328,1318,886,322,3,450,775,774,531,194,17,453,553,544,355,128
20211,A,골목상권,3110075,숙대입구역 1번,11721,3647,8074,164,6494,2357,1245,865,596,15,739,1093,761,587,452,149,5755,1264,484,278,144
20211,A,골목상권,3110094,오산중학교,293,171,122,0,19,48,84,96,46,0,8,24,50,58,31,0,11,24,34,38,15
20211,A,골목상권,3110093,우사단길,5722,3218,2504,28,1105,1870,1447,876,396,11,353,986,985,650,233,17,752,884,462,226,163
20211,A,골목상권,3110089,서빙고동주민센터,1027,643,384,1,125,313,300,153,135,0,47,186,191,106,113,1,78,127,109,47,22
20211,A,골목상권,3110064,효창공원앞역 2번,3452,2255,1197,8,448,903,911,799,383,7,272,598,596,522,260,1,176,305,315,277,123
20211,A,골목상권,3110109,금호삼성래미안아파트,2637,1124,1513,17,315,812,1046,338,109,1,116,291,459,171,86,16,199,521,587,167,23
20211,A,골목상권,3110126,서울숲역 1번,3085,1944,1141,11,616,755,648,538,517,5,355,479,400,356,349,6,261,276,248,182,168
20211,A,골목상권,3110108,성동구립금호도서관,186,90,96,0,24,35,54,55,18,0,12,20,24,19,15,0,12,15,30,36,3
20211,A,골목상권,3110104,신금호역 4번,732,398,334,0,85,142,175,168,162,0,25,62,94,95,122,0,60,80,81,73,40
20211,A,골목상권,3110115,상왕십리역 3번,4711,2086,2625,18,803,828,947,1248,867,3,269,473,519,510,312,15,534,355,428,738,555
20211,A,골목상권,3110135,성동세무서,6003,3797,2206,7,862,1512,1538,1291,793,5,450,954,1006,780,602,2,412,558,532,511,191
20211,A,골목상권,3110133,서울교통공사,4981,3435,1546,23,1308,1313,957,778,602,20,760,917,708,550,480,3,548,396,249,228,122
20211,A,골목상권,3110130,답십리역 6번,5008,2174,2834,4,714,1041,1495,1390,364,2,492,707,504,247,222,2,222,334,991,1143,142
20211,A,골목상권,3110170,동대부여고,1909,989,920,3,252,420,535,456,243,1,90,195,287,248,168,2,162,225,248,208,75
20211,A,골목상권,3110172,광진초등학교,2650,1482,1168,56,464,506,558,636,430,25,237,266,298,348,308,31,227,240,260,288,122
20211,A,골목상권,3110173,구남초등학교,6227,3640,2587,15,457,1113,1646,2007,989,4,265,728,1023,979,641,11,192,385,623,1028,348
20211,A,골목상권,3110143,뚝섬유원지역 1번,1815,1480,335,4,196,506,523,433,153,1,151,416,440,351,121,3,45,90,83,82,32
20211,A,골목상권,3110165,국립정신건강센터,2364,1365,999,3,223,480,601,647,410,0,85,228,319,404,329,3,138,252,282,243,81
20211,A,골목상권,3110185,용두초등학교,8144,4248,3896,8,666,1891,2614,2141,824,3,322,1123,1308,948,544,5,344,768,1306,1193,280
20211,A,골목상권,3110313,안암역 3번,4007,2603,1404,7,479,974,1134,933,480,3,232,606,749,655,358,4,247,368,385,278,122
20211,A,골목상권,3110205,경희대삼거리,2042,1155,887,3,307,699,408,383,242,2,146,461,194,203,149,1,161,238,214,180,93
20211,A,골목상권,3110263,면목역 1번,2374,1295,1079,3,342,596,740,505,188,0,167,400,365,229,134,3,175,196,375,276,54
20211,A,골목상권,3110265,망우역 1번,2560,1588,972,13,240,367,540,748,652,2,93,155,261,513,564,11,147,212,279,235,88
20211,A,골목상권,3110272,신내1동주민센터,3286,2011,1275,4,411,585,632,841,813,4,214,329,339,496,629,0,197,256,293,345,184
20211,A,골목상권,3110429,공릉동 국수거리,4838,2587,2251,6,483,668,995,1400,1286,2,224,366,498,716,781,4,259,302,497,684,505
20211,A,골목상권,3110307,길음역 7번,2161,758,1403,9,665,611,420,293,163,0,120,232,163,133,110,9,545,379,257,160,53
20211,A,골목상권,3110310,길음역 10번,1961,875,1086,9,604,603,400,252,93,0,140,299,228,141,67,9,464,304,172,111,26
20211,A,골목상권,3110288,동구여중,1859,769,1090,6,181,454,656,400,162,0,55,184,238,173,119,6,126,270,418,227,43
20211,A,골목상권,3110326,장위동성당,1271,741,530,3,141,245,334,297,251,3,57,121,191,187,182,0,84,124,143,110,69
20211,A,골목상권,3110282,국민대학교앞,1906,1357,549,15,321,599,445,311,215,14,185,437,349,245,127,1,136,162,96,66,88
20212,A,골목상권,3110050,약수역 7번,1836,960,876,2,250,436,467,418,263,2,91,213,281,223,150,0,159,223,186,195,113
20212,A,골목상권,3110536,돈의문센트레빌아파트입구,1695,833,862,1,260,434,449,376,175,1,78,212,254,177,111,0,182,222,195,199,64
20212,A,골목상권,3110029,동대문역 1번,1644,738,906,3,231,331,381,390,308,1,67,127,179,186,178,2,164,204,202,204,130
20212,A,골목상권,3110037,신설동역 12번,6845,2610,4235,8,686,1039,1229,1827,2056,0,200,462,558,454,936,8,486,577,671,1373,1120
20212,A,골목상권,3110021,성균관대학교,1380,854,526,13,176,218,316,344,313,11,77,113,213,233,207,2,99,105,103,111,106
20212,A,골목상권,3110056,신당역 3번,2607,1426,1181,6,401,693,647,505,355,6,185,356,340,292,247,0,216,337,307,213,108
20212,A,골목상권,3110042,남산골공원옆,3487,1845,1642,11,347,719,1132,882,396,6,133,341,523,568,274,5,214,378,609,314,122
20212,A,골목상권,3110067,배문고등학교,6040,2831,3209,9,1156,1772,1294,977,832,3,287,644,651,605,641,6,869,1128,643,372,191
20212,A,골목상권,3110090,한국폴리텍대학서울정수캠퍼스,6854,4231,2623,17,1075,2196,2359,934,273,8,504,1107,1684,735,193,9,571,1089,675,199,80
20212,A,골목상권,3110088,오산고등학교,7060,4470,2590,17,1103,2335,2474,899,232,7,558,1213,1793,727,172,10,545,1122,681,172,60
20212,A,골목상권,3110087,이태원엔틱가구거리,3473,1835,1638,14,616,996,784,725,338,11,220,474,424,457,249,3,396,522,360,268,89
20212,A,골목상권,3110063,효창공원앞역 5번,2545,1665,880,15,308,566,692,530,434,12,172,383,458,344,296,3,136,183,234,186,138
20212,A,골목상권,3110058,성심여자고등학교,6811,4886,1925,22,1067,2028,1812,1308,574,7,598,1398,1383,1048,452,15,469,630,429,260,122
20212,A,골목상권,3110098,서울독일학교,19270,15584,3686,22,2331,4742,5464,6112,599,14,1127,3406,4759,5764,514,8,1204,1336,705,348,85
20212,A,골목상권,3110096,한남힐사이드아파트,5546,3662,1884,5,1168,1544,1281,1282,266,3,498,976,912,1046,227,2,670,568,369,236,39
20212,A,골목상권,3110100,옥수동우편취급국,7613,6422,1191,7,609,2450,2479,1864,204,4,305,1915,2241,1784,173,3,304,535,238,80,31
20212,A,골목상권,3110119,마장지하차도,2046,656,1390,1,159,260,428,704,494,0,83,139,167,155,112,1,76,121,261,549,382
20212,A,골목상권,3110118,왕십리역 9번,1141,733,408,1,167,270,301,259,143,0,85,164,189,178,117,1,82,106,112,81,26
20212,A,골목상권,3110131,성수동카페거리,16372,10013,6359,69,3574,4475,3610,2782,1862,39,1790,2879,2348,1642,1315,30,1784,1596,1262,1140,547
20212,A,골목상권,3110134,성수119안전센터,3342,2382,960,73,532,823,835,706,373,34,330,619,609,498,292,39,202,204,226,208,81
20212,A,골목상권,3110139,자양4동주민센터,2367,1870,497,9,270,601,637,559,291,5,194,486,509,441,235,4,76,115,128,118,56
20212,A,골목상권,3110136,경수초등학교,16150,9947,6203,123,3454,3934,3551,3098,1990,71,1698,2541,2333,1900,1404,52,1756,1393,1218,1198,586
20212,A,골목상권,3110155,광진구청,12629,9937,2692,11,781,1849,3528,5069,1391,11,385,1169,2772,4413,1187,0,396,680,756,656,204
20212,A,골목상권,3110176,해오름공원,3579,1917,1662,4,675,798,998,836,268,2,178,374,601,542,220,2,497,424,397,294,48
20212,A,골목상권,3110149,세종대학교,799,452,347,0,93,197,215,179,115,0,44,101,133,91,83,0,49,96,82,88,32
20212,A,골목상권,3110167,용마초등학교,3707,2122,1585,11,501,762,961,828,644,3,272,440,519,426,462,8,229,322,442,402,182
20212,A,골목상권,3110204,간데메공원,1356,905,451,5,205,278,356,322,190,3,135,169,223,225,150,2,70,109,133,97,40
20212,A,골목상권,3110226,장안1동주민센터,5867,3209,2658,15,722,1138,1352,1410,1230,12,347,658,734,772,686,3,375,480,618,638,544
20212,A,골목상권,3110211,전곡마을마당공원,1820,983,837,4,278,348,454,491,245,1,111,192,268,266,145,3,167,156,186,225,100
20212,A,골목상권,3110207,시립대앞사거리,1345,584,761,3,233,270,311,303,225,1,53,120,140,127,143,2,180,150,171,176,82
20212,A,골목상권,3110198,동대문중앙새마을금고본점,361,189,172,0,20,53,86,133,69,0,9,28,50,59,43,0,11,25,36,74,26
20212,A,골목상권,3110200,동대문경찰서,703,390,313,0,77,108,145,182,191,0,37,54,78,85,136,0,40,54,67,97,55
20212,A,골목상권,3110256,면목2동체육관,3260,1961,1299,5,413,680,888,780,494,1,188,448,483,445,396,4,225,232,405,335,98
20212,A,골목상권,3110266,면목동우체국,2501,1548,953,5,244,423,558,704,567,0,78,210,314,502,444,5,166,213,244,202,123
20212,A,골목상권,3110236,신묵초등학교,2212,1481,731,2,311,516,532,603,248,2,174,350,347,432,176,0,137,166,185,171,72
20212,A,골목상권,3110267,망우역 2번,2430,1427,1003,13,334,482,518,637,446,11,202,293,263,329,329,2,132,189,255,308,117
20212,A,골목상권,3110234,중랑역 4번,2773,2036,737,11,275,619,860,768,240,9,142,418,643,647,177,2,133,201,217,121,63
20212,A,골목상권,3110314,종암경찰서,3397,2472,925,6,380,670,726,731,884,0,231,492,518,565,666,6,149,178,208,166,218
20212,A,골목상권,3110421,석계역 1번,1218,593,625,4,119,205,323,328,239,2,49,90,144,169,139,2,70,115,179,159,100
20212,A,골목상권,3110321,동덕여대,1128,697,431,0,75,117,219,296,421,0,24,61,110,162,340,0,51,56,109,134,81
20212,A,골목상권,3110324,월곡역 4번,1184,675,509,5,167,321,341,226,124,1,78,187,188,134,87,4,89,134,153,92,37
20212,A,골목상권,3110298,솔숲어린이공원,1115,539,576,6,144,199,273,276,217,1,36,66,112,152,172,5,108,133,161,124,45
20212,A,골목상권,3110365,미아역 5번,1266,616,650,2,97,152,267,320,428,2,36,63,110,186,219,0,61,89,157,134,209
20212,A,골목상권,3110367,강북구청,3460,1492,1968,10,334,684,730,796,906,8,94,264,328,453,345,2,240,420,402,343,561
20212,A,골목상권,3110368,송천초등학교,981,601,380,1,93,195,242,259,191,1,32,95,129,181,163,0,61,100,113,78,28
20212,A,골목상권,3110352,수유1동주민센터,1291,576,715,0,118,244,368,418,143,0,49,99,154,183,91,0,69,145,214,235,52
20212,A,골목상권,3110349,화계역 2번,641,353,288,0,50,92,172,256,71,0,28,41,97,133,54,0,22,51,75,123,17
20212,A,골목상권,3110346,4.19민주묘지역 2번,605,334,271,0,71,106,179,136,113,0,18,62,103,75,76,0,53,44,76,61,37
20212,A,골목상권,3110339,국립4.19민주묘지,819,555,264,6,104,130,193,232,154,6,50,99,122,143,135,0,54,31,71,89,19
20212,A,골목상권,3110393,국민은행방학지점,749,350,399,3,91,217,207,154,77,2,32,106,101,63,46,1,59,111,106,91,31
20212,A,골목상권,3110395,신한은행 방학동지점,591,318,273,1,73,99,158,142,118,1,38,50,73,83,73,0,35,49,85,59,45
20212,A,골목상권,3110403,방학1동주민센터,1702,974,728,4,211,309,359,482,337,2,94,177,211,286,204,2,117,132,148,196,133
20212,A,골목상권,3110398,쌍문2동우체국,1663,972,691,0,162,244,383,523,351,0,72,129,192,328,251,0,90,115,191,195,100
20212,A,골목상권,3110401,도봉구민회관,1586,856,730,0,181,221,327,460,397,0,78,117,164,255,242,0,103,104,163,205,155
20212,A,골목상권,3110425,계상초등학교,1457,683,774,4,150,232,387,426,258,3,63,143,181,181,112,1,87,89,206,245,146
20212,A,골목상권,3110419,수락산디자인거리,3472,2282,1190,13,387,781,865,882,544,12,226,552,591,566,335,1,161,229,274,316,209
20212,A,골목상권,3110474,세명컴퓨터고등학교,1360,647,713,2,130,295,356,348,229,2,46,137,159,153,150,0,84,158,197,195,79
20212,A,골목상권,3110473,구산역 1번,3155,1679,1476,5,325,617,795,785,628,5,131,352,419,351,421,0,194,265,376,434,207
20212,A,골목상권,3110455,역촌노인복지관,3715,1747,1968,9,658,760,944,829,515,3,247,351,416,367,363,6,411,409,528,462,152
20212,A,골목상권,3110487,불광역 8번,761,291,470,1,73,171,207,181,128,1,23,75,72,60,60,0,50,96,135,121,68
20212,A,골목상권,3110480,연신내역 3번,1023,428,595,6,192,199,279,216,131,2,70,88,121,80,67,4,122,111,158,136,64
20212,A,골목상권,3110482,연신초등학교,359,158,201,0,27,53,117,116,46,0,8,20,39,58,33,0,19,33,78,58,13
20212,A,골목상권,3110470,신진과학기술고등학교,1610,976,634,2,161,266,382,390,409,2,76,145,208,227,318,0,85,121,174,163,91
20212,A,골목상권,3110475,백련산해모로아파트,1745,1026,719,2,202,326,375,357,483,1,91,165,203,202,364,1,111,161,172,155,119
20212,A,골목상권,3110532,아현역 2번,1847,1072,775,2,422,522,371,290,240,1,165,307,218,208,173,1,257,215,153,82,67
20212,A,골목상권,3110534,경기대학교,3370,2048,1322,4,575,933,722,580,556,1,256,531,484,399,377,3,319,402,238,181,179
20212,A,골목상권,3110572,서강대역 1번,7726,3653,4073,68,2565,1977,1384,1231,501,24,960,907,708,748,306,44,1605,1070,676,483,195
20212,A,골목상권,3110575,대흥동주민센터,4172,1903,2269,62,2086,953,452,399,220,20,782,476,212,248,165,42,1304,477,240,151,55
20212,A,골목상권,3110516,정원여중,1299,656,643,0,226,284,343,307,139,0,78,137,188,165,88,0,148,147,155,142,51
20212,A,골목상권,3110569,홍대땡땡거리,3039,1407,1632,7,650,662,678,622,420,3,308,321,302,232,241,4,342,341,376,390,179
20212,A,골목상권,3110517,서대문소방서,2671,1696,975,14,441,700,687,557,272,8,191,471,487,368,171,6,250,229,200,189,101
20212,A,골목상권,3110512,연희지하차도,5089,3101,1988,67,1146,1450,1174,973,279,39,591,926,702,649,194,28,555,524,472,324,85
20212,A,골목상권,3110527,홍제역 2번,1712,867,845,2,169,226,456,564,295,1,44,119,214,314,175,1,125,107,242,250,120
20212,A,골목상권,3110546,양화대교북단,1549,938,611,3,314,420,380,250,182,3,138,208,258,183,148,0,176,212,122,67,34
20212,A,골목상권,3110550,합정역 8번,5374,2859,2515,13,961,1416,1292,955,737,8,367,677,778,563,466,5,594,739,514,392,271
20212,A,골목상권,3110554,망원역 1번,6464,3487,2977,10,913,1410,1559,1192,1380,7,345,648,802,647,1038,3,568,762,757,545,342
20212,A,골목상권,3110547,KB국민은행 망원동지점,6579,4117,2462,11,769,1170,1322,1746,1561,7,405,819,889,860,1137,4,364,351,433,886,424
20212,A,골목상권,3110551,성서초등학교,3102,1803,1299,3,301,471,703,601,1023,3,132,235,314,304,815,0,169,236,389,297,208
20212,A,골목상권,3110619,목4동주민센터,1689,1078,611,4,202,379,491,407,206,1,93,210,315,291,168,3,109,169,176,116,38
20212,A,골목상권,3110600,신월7동주민센터,4248,2844,1404,3,317,496,745,1209,1478,3,179,312,490,845,1015,0,138,184,255,364,463
20212,A,골목상권,3110647,화곡역 5번,3340,1821,1519,8,438,691,768,828,607,5,192,403,428,449,344,3,246,288,340,379,263
20212,A,골목상권,3110607,금빛새마을금고본점,2729,2241,488,2,110,221,394,521,1481,1,64,132,235,385,1424,1,46,89,159,136,57
20212,A,골목상권,3110608,신월2동주민센터,3392,1915,1477,10,282,562,891,941,706,9,134,332,463,486,491,1,148,230,428,455,215
20212,A,골목상권,3110611,신정역 1번,4475,2720,1755,14,895,697,748,814,1307,7,295,382,444,461,1131,7,600,315,304,353,176
20212,A,골목상권,3110594,신월중학교,1144,543,601,7,149,285,301,297,105,4,58,119,141,150,71,3,91,166,160,147,34
20212,A,골목상권,3110602,신월시영아파트중문,3056,2108,948,3,204,356,700,967,826,2,124,226,400,664,692,1,80,130,300,303,134
20212,A,골목상권,3110610,계남근린공원,648,338,310,2,87,129,151,148,131,0,26,50,86,87,89,2,61,79,65,61,42
20212,A,골목상권,3110616,양목초등학교,1359,706,653,2,110,255,266,391,335,1,43,136,132,202,192,1,67,119,134,189,143
20212,A,골목상권,3110635,공항시장역 3번,3727,1849,1878,9,361,571,664,1054,1068,2,153,336,399,431,528,7,208,235,265,623,540
20212,A,골목상권,3110650,우장산힐스테이트,1737,995,742,4,194,325,396,415,403,3,107,202,240,204,239,1,87,123,156,211,164
20212,A,골목상권,3110638,신방화역 2번,3645,2335,1310,10,416,661,1045,983,530,8,205,404,713,617,388,2,211,257,332,366,142
20212,A,골목상권,3110712,남구로역 5번,1579,913,666,8,183,331,363,324,370,5,99,196,189,176,248,3,84,135,174,148,122
20212,A,골목상권,3110702,개봉초등학교,1569,818,751,1,157,329,420,390,272,1,72,153,202,214,176,0,85,176,218,176,96
20212,A,골목상권,3110699,덕의초등학교,2451,1563,888,9,303,578,623,646,292,7,187,384,391,378,216,2,116,194,232,268,76
20212,A,골목상권,3110720,대림역 2번,2280,1556,724,2,188,387,574,709,420,2,83,218,387,538,328,0,105,169,187,171,92
20212,A,골목상권,3110778,구로디지털단지역 4번,13303,7796,5507,56,2966,4427,3201,1627,1026,23,1254,2669,2063,1065,722,33,1712,1758,1138,562,304
20212,A,골목상권,3110745,독산동정훈단지,1306,773,533,1,137,196,260,372,340,0,71,92,115,221,274,1,66,104,145,151,66
20212,A,골목상권,3110856,미성초등학교,5264,3671,1593,18,465,913,970,948,1950,13,238,541,608,563,1708,5,227,372,362,385,242
20212,A,골목상권,3110855,신대방역 2번,4936,3401,1535,6,709,900,888,794,1639,2,282,540,546,528,1503,4,427,360,342,266,136
20212,A,골목상권,3110755,동일여자고등학교,2033,1040,993,21,274,503,487,453,295,16,131,278,253,192,170,5,143,225,234,261,125
20212,A,골목상권,3110771,대림역 11번,2420,1335,1085,5,268,314,456,542,835,2,91,160,234,316,532,3,177,154,222,226,303
20212,A,골목상권,3110768,도림2동유수지내체육시설,1219,778,441,9,118,206,287,302,297,8,48,126,182,211,203,1,70,80,105,91,94
20212,A,골목상권,3110759,문래예술촌(문래창작촌),65954,51168,14786,61,8786,22706,21719,9637,3045,32,5433,17446,18749,7800,1708,29,3353,5260,2970,1837,1337
20212,A,골목상권,3110818,신대방역 3번,1692,950,742,2,287,451,397,278,277,2,124,277,228,138,181,0,163,174,169,140,96
20212,A,골목상권,3110858,신대방역 1번,2669,2004,665,0,421,756,879,491,122,0,195,575,748,404,82,0,226,181,131,87,40
20212,A,골목상권,3110874,원신초등학교(구세군관악영문교회),732,381,351,8,77,186,200,173,88,2,22,81,122,86,68,6,55,105,78,87,20
20212,A,골목상권,3110879,신림현대아파트,1116,536,580,7,212,210,278,222,187,1,100,99,137,109,90,6,112,111,141,113,97
20212,A,골목상권,3110885,영락고등학교,1746,990,756,7,240,328,434,376,361,1,122,173,232,224,238,6,118,155,202,152,123
20212,A,골목상권,3110872,신림초등학교,689,382,307,5,101,168,168,152,95,3,54,93,102,85,45,2,47,75,66,67,50
20212,A,골목상권,3110947,청계산입구역 2번(내곡동주민센터),182,79,103,0,26,23,46,37,50,0,13,11,28,10,17,0,13,12,18,27,33
20212,A,골목상권,3110913,방현초등학교(방배119안전센터),9674,6057,3617,22,1677,2842,2518,1523,1092,5,797,1829,1720,957,749,17,880,1013,798,566,343
20212,A,골목상권,3110934,우면주공아파트,1489,946,543,6,264,423,395,260,141,5,105,290,271,170,105,1,159,133,124,90,36
20212,A,골목상권,3110937,방아다리근린공원(횃불트리니티신학대학원대학교),14952,9277,5675,329,4835,4416,2991,1697,684,151,2497,2972,2135,1021,501,178,2338,1444,856,676,183
20212,A,골목상권,3110955,논현초등학교,20906,14265,6641,76,4625,6342,4724,3259,1880,45,2535,4372,3537,2430,1346,31,2090,1970,1187,829,534
20212,A,골목상권,3110992,도곡초등학교,8628,4357,4271,50,1508,2156,1880,1719,1315,28,647,1065,939,866,812,22,861,1091,941,853,503
20212,A,골목상권,3110963,역삼월드메르디앙아파트,18186,10655,7531,122,4620,5292,4181,2560,1411,33,1769,3113,2948,1716,1076,89,2851,2179,1233,844,335
20212,A,골목상권,3110972,강남세브란스병원미래의학연구센터,22138,12993,9145,207,6590,6499,5019,2834,989,69,2849,4088,3556,1696,735,138,3741,2411,1463,1138,254
20212,A,골목상권,3110991,삼성중앙역 5번,10374,5378,4996,43,2958,2855,2028,1298,1192,9,932,1472,1304,854,807,34,2026,1383,724,444,385
20212,A,골목상권,3110990,청담역 12번,7833,5477,2356,20,1213,2652,2394,1251,303,9,506,1665,1965,1094,238,11,707,987,429,157,65
20212,A,골목상권,3111000,대왕초등학교(세곡동사거리서남측),156,35,121,1,22,55,43,25,10,0,2,7,12,5,9,1,20,48,31,20,1
20212,A,골목상권,3110999,윗방죽마을공원,408,226,182,3,33,70,73,122,107,1,17,45,46,70,47,2,16,25,27,52,60
20212,A,골목상권,3110969,베르사이유1아파트,29014,17556,11458,73,5335,8726,7783,5424,1673,29,2616,5589,5487,2693,1142,44,2719,3137,2296,2731,531
20212,A,골목상권,3110967,역삼역 8번,24226,18490,5736,23,4422,7830,6561,4334,1056,10,2559,5859,5511,3785,766,13,1863,1971,1050,549,290
20212,A,골목상권,3110985,청담근린공원,9800,6589,3211,34,1729,2898,2625,1790,724,17,815,1972,1966,1323,496,17,914,926,659,467,228
20212,A,골목상권,3111008,석촌고분역 3번,3907,2479,1428,12,490,799,912,951,743,10,289,528,566,545,541,2,201,271,346,406,202
20212,A,골목상권,3111016,송파역 2번,15479,10229,5250,62,2083,3454,3732,3349,2799,44,1020,2251,2780,2219,1915,18,1063,1203,952,1130,884
20212,A,골목상권,3111038,보인중학교,2602,1770,832,14,377,689,649,574,299,13,214,471,461,405,206,1,163,218,188,169,93
20212,A,골목상권,3111021,방이역 4번,11137,8092,3045,38,1448,2300,2854,2754,1743,26,767,1502,2125,2188,1484,12,681,798,729,566,259
20212,A,골목상권,3111015,석촌역 3번,10932,6847,4085,26,1640,2424,2423,2333,2086,11,799,1507,1612,1477,1441,15,841,917,811,856,645
20212,A,골목상권,3111003,삼전역 4번,4568,3024,1544,18,600,1083,1254,905,708,1,324,732,817,598,552,17,276,351,437,307,156
20212,A,골목상권,3111062,둔촌동역 3번(성내3동주민센터),3255,2100,1155,7,480,811,880,607,470,6,266,532,569,389,338,1,214,279,311,218,132
20212,A,골목상권,3111011,잠실나루역,9608,7747,1861,42,1275,3018,2795,2046,432,18,924,2492,2309,1674,330,24,351,526,486,372,102
20212,A,골목상권,3111048,천호역 1번(천호문구완구거리),1608,876,732,7,195,360,372,323,351,4,82,170,209,171,240,3,113,190,163,152,111
20212,A,골목상권,3111088,고덕동성당,1134,951,183,0,35,82,216,447,354,0,9,53,173,388,328,0,26,29,43,59,26
20212,A,골목상권,3111079,둔촌고등학교(둔촌중학교),1407,838,569,2,141,259,315,339,351,2,81,153,184,167,251,0,60,106,131,172,100
20212,A,골목상권,3111066,암사동성당(효정하나플러스아파트),1710,995,715,5,169,380,394,455,307,1,71,188,219,302,214,4,98,192,175,153,93
20212,A,골목상권,3111071,천동초등학교,2013,1097,916,2,200,393,515,454,449,1,72,204,289,251,280,1,128,189,226,203,169
20212,A,골목상권,3111069,천호1동주민센터,2143,1118,1025,5,185,409,525,555,464,3,66,183,269,288,309,2,119,226,256,267,155
20212,A,골목상권,3111050,강동구청(강동구청역 2번),6451,4040,2411,30,768,1601,1613,1617,822,12,384,869,987,1154,634,18,384,732,626,463,188
20212,A,골목상권,3111052,암사역 3번(천호동자전거거리),1652,885,767,3,192,365,475,387,230,2,74,188,246,218,157,1,118,177,229,169,73
20212,A,골목상권,3110003,세검정초등학교,3208,1681,1527,12,383,849,849,655,460,7,132,383,486,370,303,5,251,466,363,285,157
20212,A,골목상권,3110032,수족관거리,1721,729,992,8,316,378,484,355,180,7,101,148,164,183,126,1,215,230,320,172,54
20212,A,골목상권,3110049,장충단 고개,7948,4363,3585,17,1488,2210,1865,1591,777,6,534,1186,1138,986,513,11,954,1024,727,605,264
20212,A,골목상권,3110054,청구역 3번,5615,2963,2652,16,1124,1473,1173,1085,744,5,384,793,702,621,458,11,740,680,471,464,286
20212,A,골목상권,3110041,남산케이블카,5723,3089,2634,10,793,1518,1444,1163,795,7,334,836,819,626,467,3,459,682,625,537,328
20212,A,골목상권,3110533,충정로역 7번,2911,1774,1137,1,433,782,782,547,366,0,223,473,484,349,245,1,210,309,298,198,121
20212,A,골목상권,3110065,남정초등학교,2218,1561,657,13,351,641,535,358,320,11,227,499,376,234,214,2,124,142,159,124,106
20212,A,골목상권,3110080,해방촌예술마을,2226,1456,770,3,252,385,746,672,168,3,84,214,546,496,113,0,168,171,200,176,55
20212,A,골목상권,3110579,마포역 4번,5616,3529,2087,8,1017,1486,1468,1076,561,6,371,893,1024,805,430,2,646,593,444,271,131
20212,A,골목상권,3110123,마장역 3번,1433,884,549,1,176,272,329,389,266,1,78,159,191,253,202,0,98,113,138,136,64
20212,A,골목상권,3110114,왕십리파출소,2346,644,1702,8,434,328,413,711,452,1,142,144,153,139,65,7,292,184,260,572,387
20212,A,골목상권,3110121,한양대역 4번,102,61,41,0,13,22,20,20,27,0,6,11,11,12,21,0,7,11,9,8,6
20212,A,골목상권,3110127,성수1가1동주민센터,3267,2102,1165,10,572,1007,809,584,285,5,303,663,543,374,214,5,269,344,266,210,71
20212,A,골목상권,3110140,건대입구역 6번,3220,2119,1101,14,390,614,754,831,617,10,183,373,498,562,493,4,207,241,256,269,124
20212,A,골목상권,3110141,건대입구역 1번,1987,1285,702,10,275,407,532,461,302,6,137,258,349,297,238,4,138,149,183,164,64
20212,A,골목상권,3110209,답십리 장령당공원,4227,1926,2301,4,629,938,1189,1163,304,1,465,673,394,189,204,3,164,265,795,974,100
20212,A,골목상권,3110174,아차산역 1번,2909,1780,1129,7,346,545,901,765,345,3,151,328,577,479,242,4,195,217,324,286,103
20212,A,골목상권,3110144,어린이대공원역 4번,1502,932,570,0,160,238,383,492,229,0,60,133,242,323,174,0,100,105,141,169,55
20212,A,골목상권,3110152,중곡어린이공원,1671,1070,601,49,338,283,323,400,278,6,137,200,206,286,235,43,201,83,117,114,43
20212,A,골목상권,3110161,중곡역 3번,1960,1296,664,4,150,317,503,672,314,0,67,189,303,504,233,4,83,128,200,168,81
20212,A,골목상권,3110202,전농1동주민센터(전농시장),478,273,205,0,58,96,127,105,92,0,44,55,85,53,36,0,14,41,42,52,56
20212,A,골목상권,3110186,종암초등학교,1751,1308,443,2,179,330,416,475,349,0,82,256,306,362,302,2,97,74,110,113,47
20212,A,골목상권,3110221,의릉,731,443,288,0,69,158,210,196,98,0,28,92,111,132,80,0,41,66,99,64,18
20212,A,골목상권,3110206,텃골근린공원,1126,651,475,2,118,187,312,318,189,1,71,108,193,192,86,1,47,79,119,126,103
20212,A,골목상권,3110219,삼육보건대학교,4329,2321,2008,4,574,869,1055,1098,729,2,178,407,603,643,488,2,396,462,452,455,241
20212,A,골목상권,3110199,홍릉시장,962,521,441,0,76,146,204,306,230,0,34,77,102,142,166,0,42,69,102,164,64
20212,A,골목상권,3110268,망우3동주민센터,981,580,401,0,94,152,205,296,234,0,55,83,101,168,173,0,39,69,104,128,61
20212,A,골목상권,3110264,면목역 2번,1816,1064,752,3,185,354,425,524,325,0,72,184,239,342,227,3,113,170,186,182,98
20212,A,골목상권,3110279,신내역 2번,153,118,35,0,17,28,41,48,19,0,13,24,30,34,17,0,4,4,11,14,2
20212,A,골목상권,3110258,면동초등학교,1659,911,748,2,207,394,460,372,224,1,84,220,233,212,161,1,123,174,227,160,63
20212,A,골목상권,3110237,메가박스 상봉,2944,2064,880,11,293,688,935,821,196,10,142,441,668,655,148,1,151,247,267,166,48
20212,A,골목상권,3110254,오거리공원,1604,894,710,3,171,342,447,427,214,2,70,170,244,256,152,1,101,172,203,171,62
20212,A,골목상권,3110248,먹골파출소,993,487,506,3,102,224,281,230,153,0,31,111,138,105,102,3,71,113,143,125,51
20212,A,골목상권,3110245,KB국민은행 중화동지점,1375,794,581,3,141,276,386,300,269,1,58,154,230,167,184,2,83,122,156,133,85
20212,A,골목상권,3110308,길음역 8번,5558,2775,2783,420,2091,1398,817,515,317,177,921,761,443,234,239,243,1170,637,374,281,78
20212,A,골목상권,3110301,성신여대입구역 7번,2035,1073,962,20,279,387,462,501,386,15,95,170,238,285,270,5,184,217,224,216,116
20212,A,골목상권,3110300,삼선동주민센터,6172,2933,3239,11,709,1579,1872,1508,493,2,213,608,842,960,308,9,496,971,1030,548,185
20212,A,골목상권,3110328,상월곡역 3번,745,414,331,3,111,200,209,158,64,1,47,116,119,84,47,2,64,84,90,74,17
20212,A,골목상권,3110323,상월곡역 1번,2096,1206,890,4,330,425,556,516,265,0,143,247,333,295,188,4,187,178,223,221,77
20212,A,골목상권,3110325,장곡초등학교,1196,710,486,3,130,246,318,285,214,3,60,131,186,172,158,0,70,115,132,113,56
20212,A,골목상권,3110329,우리은행체육관,1168,696,472,8,126,245,281,288,220,4,44,127,158,191,172,4,82,118,123,97,48
20212,A,골목상권,3110418,광운대학교 남단,2395,1300,1095,17,439,649,567,454,269,5,188,388,277,239,203,12,251,261,290,215,66
20212,A,골목상권,3110292,정릉역 2번,1165,443,722,1,229,306,319,217,93,0,57,124,99,95,68,1,172,182,220,122,25
20212,A,골목상권,3110289,북한산보국문역 2번,1565,804,761,0,234,320,398,370,243,0,63,140,184,230,187,0,171,180,214,140,56
20212,A,골목상권,3110320,KB국민은행 종암동지점,1030,585,445,1,84,202,331,295,117,1,23,84,177,219,81,0,61,118,154,76,36
20212,A,골목상권,3110369,성신여대운정그린캠퍼스,1935,860,1075,5,242,321,436,458,473,1,65,112,181,208,293,4,177,209,255,250,180
20212,A,골목상권,3110376,수송초등학교,2101,1069,1032,3,230,420,522,498,428,2,80,208,286,240,253,1,150,212,236,258,175
20212,A,골목상권,3110351,수유북부시장옆,1198,652,546,0,84,147,263,467,237,0,30,65,139,235,183,0,54,82,124,232,54
20212,A,골목상권,3110362,우이천 계성교,961,497,464,1,126,190,258,236,150,0,48,103,126,120,100,1,78,87,132,116,50
20212,A,골목상권,3110356,덕수교,687,389,298,0,56,108,200,172,151,0,20,63,108,94,104,0,36,45,92,78,47
20212,A,골목상권,3110343,무너미어린이공원,1770,1049,721,0,112,212,300,288,858,0,32,122,161,148,586,0,80,90,139,140,272
20212,A,골목상권,3110382,솔밭공원역 1번,391,147,244,1,43,67,98,118,64,0,9,21,28,46,43,1,34,46,70,72,21
20212,A,골목상권,3110413,누원고등학교,568,365,203,0,36,70,115,162,185,0,15,44,66,102,138,0,21,26,49,60,47
20212,A,골목상권,3110422,노원역 9번,1516,697,819,1,187,294,388,390,256,1,71,171,178,157,119,0,116,123,210,233,137
20212,A,골목상권,3110430,중계초등학교,1110,567,543,3,90,168,259,328,262,0,28,66,114,160,199,3,62,102,145,168,63
20212,A,골목상권,3110417,월계역 3번,348,134,214,2,49,63,67,100,67,2,18,35,21,34,24,0,31,28,46,66,43
20212,A,골목상권,3110441,영신여고,1036,451,585,3,105,241,280,305,102,3,45,111,106,125,61,0,60,130,174,180,41
20212,A,골목상권,3110427,노원 을지대학교병원,1752,1176,576,1,156,280,416,577,322,0,59,139,273,460,245,1,97,141,143,117,77
20212,A,골목상권,3110477,은평세무서,2219,1137,1082,6,199,354,531,627,502,2,93,192,270,298,282,4,106,162,261,329,220
20212,A,골목상권,3110476,역촌역 2번,1304,706,598,1,170,308,350,300,175,1,61,154,198,161,131,0,109,154,152,139,44
20212,A,골목상권,3110503,명지대학교교회,3329,2219,1110,30,564,1004,816,642,273,26,345,725,552,388,183,4,219,279,264,254,90
20212,A,골목상권,3110499,연가초등학교,1715,905,810,0,165,359,447,470,274,0,64,203,231,222,185,0,101,156,216,248,89
20212,A,골목상권,3110558,경성고등학교,4895,3051,1844,21,679,1152,1227,1106,710,18,346,676,765,727,519,3,333,476,462,379,191
20212,A,골목상권,3110537,충정로현대아파트,4722,3057,1665,15,800,1434,1132,868,473,9,385,840,810,674,339,6,415,594,322,194,134
20212,A,골목상권,3110541,동교초등학교,1947,1046,901,2,295,400,519,419,312,1,112,214,273,234,212,1,183,186,246,185,100
20212,A,골목상권,3110522,홍제역 3번,1269,694,575,3,128,184,351,436,167,1,37,93,189,254,120,2,91,91,162,182,47
20212,A,골목상권,3110571,신수동주민센터,5389,2967,2422,10,665,1386,1427,1276,625,9,253,623,760,871,451,1,412,763,667,405,174
20212,A,골목상권,3110555,홍익지구대,3611,1855,1756,10,638,968,938,631,426,5,213,449,543,370,275,5,425,519,395,261,151
20212,A,골목상권,3110627,신정롯데캐슬아파트,12409,6926,5483,66,2312,4020,3158,2183,670,31,900,2143,1942,1409,501,35,1412,1877,1216,774,169
20212,A,골목상권,3110628,신목동역,2125,1374,751,4,260,583,583,460,235,2,128,352,393,345,154,2,132,231,190,115,81
20212,A,골목상권,3110679,염창역 2번,2730,2023,707,4,276,584,863,682,321,3,134,413,667,544,262,1,142,171,196,138,59
20212,A,골목상권,3110612,신정역 5번,4440,2606,1834,12,892,682,723,821,1310,5,273,329,389,473,1137,7,619,353,334,348,173
20212,A,골목상권,3110629,송정역 4번,923,553,370,1,104,171,216,231,200,1,47,114,124,142,125,0,57,57,92,89,75
20212,A,골목상권,3110669,화곡보람2차아파트,4693,2768,1925,4,1133,1316,897,642,701,3,357,873,675,396,464,1,776,443,222,246,237
20212,A,골목상권,3110649,우장산역 1번,1340,739,601,2,254,249,320,285,230,0,111,132,152,166,178,2,143,117,168,119,52
20212,A,골목상권,3110670,신곡초등학교,1600,1036,564,8,185,409,399,404,195,5,114,286,251,246,134,3,71,123,148,158,61
20212,A,골목상권,3110666,KC대학교,2132,1568,564,4,303,715,531,460,119,2,205,564,385,312,100,2,98,151,146,148,19
20212,A,골목상권,3110725,가산동주민센터,1841,864,977,4,142,241,320,390,744,2,70,130,189,193,280,2,72,111,131,197,464
20212,A,골목상권,3110700,고척초등학교,5750,4109,1641,10,516,1259,1605,1791,569,7,268,901,1181,1363,389,3,248,358,424,428,180
20212,A,골목상권,3110689,오류동역 3번,4517,2899,1618,15,569,864,1106,1262,701,8,405,556,678,764,488,7,164,308,428,498,213
20212,A,골목상권,3110690,오류2동버들시장,2262,1291,971,1,225,460,530,550,496,0,85,257,277,318,354,1,140,203,253,232,142
20212,A,골목상권,3110766,대림역 5번,5601,3708,1893,16,432,998,1379,1285,1491,5,258,730,1005,825,885,11,174,268,374,460,606
20212,A,골목상권,3110735,말미고개,2955,1738,1217,9,360,595,662,815,514,5,187,340,372,445,389,4,173,255,290,370,125
20212,A,골목상권,3110736,독산119안전센터,2709,1626,1083,4,307,444,561,745,648,2,174,271,330,427,422,2,133,173,231,318,226
20212,A,골목상권,3110746,금천금빛공원(은행나무사거리서측),971,444,527,1,93,156,237,270,214,1,36,71,105,122,109,0,57,85,132,148,105
20212,A,골목상권,3110783,영등포시장역 1번,2418,1654,764,5,411,700,493,528,281,3,259,492,345,391,164,2,152,208,148,137,117
20212,A,골목상권,3110793,대림썬프라자,1502,904,598,6,139,384,505,343,125,5,85,243,259,219,93,1,54,141,246,124,32
20211,A,골목상권,3110358,인수동 우편취급국,1765,939,826,2,170,270,351,489,483,0,51,121,160,260,347,2,119,149,191,229,136
20211,A,골목상권,3110404,신창초등학교,1553,862,691,11,174,258,430,465,215,8,68,144,234,271,137,3,106,114,196,194,78
20211,A,골목상권,3110380,강북문화정보도서관,592,293,299,0,63,86,106,169,168,0,17,49,52,80,95,0,46,37,54,89,73
20211,A,골목상권,3110370,도봉세무서,1155,642,513,7,84,180,290,317,277,6,25,81,136,177,217,1,59,99,154,140,60
20211,A,골목상권,3110359,수유시장옆,1979,746,1233,2,174,251,355,450,747,0,62,112,146,178,248,2,112,139,209,272,499
20211,A,골목상권,3110366,광산사거리,1102,553,549,2,152,230,302,260,156,0,71,120,146,119,97,2,81,110,156,141,59
20211,A,골목상권,3110391,샘말어린이공원,1105,495,610,0,95,176,215,283,336,0,30,73,100,108,184,0,65,103,115,175,152
20211,A,골목상권,3110386,연산군묘,898,534,364,0,132,210,207,211,138,0,60,118,124,120,112,0,72,92,83,91,26
20211,A,골목상권,3110385,효문고등학교,492,210,282,0,72,109,138,115,58,0,15,34,51,62,48,0,57,75,87,53,10
20211,A,골목상권,3110396,쌍문역1번(쌍리단길),873,388,485,4,110,167,201,233,158,1,36,63,88,108,92,3,74,104,113,125,66
20211,A,골목상권,3110438,경춘선숲길 우측,1262,670,592,2,165,313,395,265,122,1,79,159,202,145,84,1,86,154,193,120,38
20211,A,골목상권,3110472,연신내역 4번,2101,1115,986,9,291,420,561,452,368,4,112,235,265,229,270,5,179,185,296,223,98
20211,A,골목상권,3110458,선일여고,1561,717,844,5,204,370,371,412,199,2,85,168,169,166,127,3,119,202,202,246,72
20211,A,골목상권,3110460,구산역 4번,4098,2463,1635,10,303,617,938,1372,858,6,136,347,489,872,613,4,167,270,449,500,245
20211,A,골목상권,3110450,시립서북병원,3765,1891,1874,8,699,863,827,786,582,2,293,433,413,369,381,6,406,430,414,417,201
20211,A,골목상권,3110456,구산보건지소,2822,1445,1377,11,571,580,644,581,435,3,244,277,308,315,298,8,327,303,336,266,137
20211,A,골목상권,3110486,은평구청,3565,1859,1706,8,390,827,963,954,423,5,183,376,460,548,287,3,207,451,503,406,136
20211,A,골목상권,3110484,역촌역 3번,1849,903,946,7,208,399,493,442,300,5,86,179,219,212,202,2,122,220,274,230,98
20211,A,골목상권,3110461,새절역 2번,927,505,422,2,86,134,215,259,231,1,30,51,97,146,180,1,56,83,118,113,51
20211,A,골목상권,3110445,덕산중학교,1113,537,576,5,235,253,205,221,194,0,73,130,116,94,124,5,162,123,89,127,70
20211,A,골목상권,3110451,증산역 4번,2598,1818,780,3,354,592,647,619,383,2,156,421,488,450,301,1,198,171,159,169,82
20211,A,골목상권,3110446,내를건너서숲으로도서관,760,517,243,0,100,159,174,187,140,0,83,108,97,110,119,0,17,51,77,77,21
20211,A,골목상권,3110504,명지전문대,601,306,295,1,61,72,145,194,128,0,30,29,70,105,72,1,31,43,75,89,56
20211,A,골목상권,3110502,남가좌파출소,820,489,331,0,68,121,216,264,151,0,31,62,124,166,106,0,37,59,92,98,45
20211,A,골목상권,3110543,중암중학교,668,466,202,0,37,70,115,223,223,0,16,35,56,145,214,0,21,35,59,78,9
20211,A,골목상권,3110582,이대역 5번,907,344,563,2,105,192,252,226,130,1,24,52,78,110,79,1,81,140,174,116,51
20211,A,골목상권,3110520,경의중앙 신촌역,1500,752,748,8,322,367,324,282,197,5,111,177,147,168,144,3,211,190,177,114,53
20211,A,골목상권,3110566,경의선책거리,7387,4414,2973,27,1465,1717,1712,1423,1043,16,758,1040,1073,796,731,11,707,677,639,627,312
20211,A,골목상권,3110511,연희초등학교,5789,4486,1303,7,719,1297,1142,1990,634,1,495,983,811,1677,519,6,224,314,331,313,115
20211,A,골목상권,3110526,봉원사,367,217,150,1,22,70,135,80,59,1,9,35,92,46,34,0,13,35,43,34,25
20211,A,골목상권,3110585,마포경찰서,3239,2093,1146,1,420,1126,934,559,199,0,226,683,634,427,123,1,194,443,300,132,76
20211,A,골목상권,3110578,대흥역 2번,4903,3185,1718,78,872,1109,1037,1047,760,28,453,737,756,701,510,50,419,372,281,346,250
20211,A,골목상권,3110574,서강대학교,896,599,297,4,117,204,240,201,130,2,74,135,174,124,90,2,43,69,66,77,40
20211,A,골목상권,3110544,망리단길,6222,3617,2605,17,1248,1421,1318,976,1242,8,640,721,675,587,986,9,608,700,643,389,256
20211,A,골목상권,3110548,마포구청역 4번,5895,3452,2443,18,764,1118,1304,1728,963,10,390,797,862,809,584,8,374,321,442,919,379
20211,A,골목상권,3110557,홍대부속여중고앞,5872,3326,2546,15,903,1543,1632,1119,660,15,389,832,977,651,462,0,514,711,655,468,198
20211,A,골목상권,3110618,강서고등학교,3661,1791,1870,7,785,1002,801,724,342,3,195,468,416,435,274,4,590,534,385,289,68
20211,A,골목상권,3110596,서서울호수공원,2036,1321,715,5,229,365,459,585,393,2,117,220,272,383,327,3,112,145,187,202,66
20211,A,골목상권,3110599,신월1파출소,1680,1078,602,4,158,295,421,566,236,2,93,182,259,368,174,2,65,113,162,198,62
20211,A,골목상권,3110651,화원중학교,2712,1532,1180,8,300,556,660,686,502,6,148,340,365,391,282,2,152,216,295,295,220
20211,A,골목상권,3110623,갈산공원,1473,855,618,6,162,331,380,329,265,4,90,177,200,190,194,2,72,154,180,139,71
20211,A,골목상권,3110632,방화역 3번,3801,2575,1226,6,332,705,1119,1071,568,4,193,413,783,737,445,2,139,292,336,334,123
20211,A,골목상권,3110659,화곡역 4번,3626,1901,1725,18,457,804,957,853,537,15,183,460,522,422,299,3,274,344,435,431,238
20211,A,골목상권,3110722,G타워,19389,12310,7079,60,3607,6404,5129,2626,1563,29,1836,4264,3348,1661,1172,31,1771,2140,1781,965,391
20211,A,골목상권,3110688,오류지구대,1309,724,585,5,130,240,332,393,209,4,56,137,187,212,128,1,74,103,145,181,81
20211,A,골목상권,3110696,오류동역 1번,3475,2139,1336,33,914,1147,671,456,254,17,516,814,390,225,177,16,398,333,281,231,77
20211,A,골목상권,3110698,개웅초등학교(개웅중학교),2757,1234,1523,7,405,493,704,774,374,5,210,265,264,263,227,2,195,228,440,511,147
20211,A,골목상권,3110697,개봉3동주민센터,1101,686,415,1,168,226,252,244,210,1,77,141,156,157,154,0,91,85,96,87,56
20211,A,골목상권,3110682,온수역 8번,361,283,78,0,13,52,95,107,94,0,11,34,65,83,90,0,2,18,30,24,4
20211,A,골목상권,3110684,서울공연예술고등학교,980,521,459,4,124,208,238,273,133,2,54,118,122,154,71,2,70,90,116,119,62
20211,A,골목상권,3110728,두산초등학교,7779,4797,2982,17,403,805,1036,1484,4034,15,223,510,611,873,2565,2,180,295,425,611,1469
20211,A,골목상권,3110731,금천구청역 1번 출입구,4469,2258,2211,11,672,1215,1026,1039,506,6,276,550,486,608,332,5,396,665,540,431,174
20211,A,골목상권,3110730,서울축산농협 독산역지점(독산파출소),7158,4528,2630,15,350,639,810,1307,4037,13,197,420,491,801,2606,2,153,219,319,506,1431
20211,A,골목상권,3110752,한울중학교,2059,1251,808,13,294,388,526,539,299,10,181,248,303,289,220,3,113,140,223,250,79
20211,A,골목상권,3110753,시흥동 은행나무사거리,1767,985,782,8,199,364,416,443,337,7,105,218,220,235,200,1,94,146,196,208,137
20211,A,골목상권,3110743,시흥초등학교(시흥1동우체국),1901,835,1066,7,317,358,467,487,265,6,126,168,210,183,142,1,191,190,257,304,123
20211,A,골목상권,3110764,문래역 3번,3153,1905,1248,2,407,744,863,599,538,2,173,425,526,380,399,0,234,319,337,219,139
20211,A,골목상권,3110782,영등포시장역 4번,1839,1063,776,5,208,345,454,439,388,3,97,205,292,249,217,2,111,140,162,190,171
20211,A,골목상권,3110779,대림갑을명가아파트,800,491,309,1,87,130,177,235,170,0,44,84,105,135,123,1,43,46,72,100,47
20211,A,골목상권,3110765,문래동사거리,2020,1394,626,4,169,352,494,465,536,2,82,219,333,315,443,2,87,133,161,150,93
20211,A,골목상권,3110810,영신초등학교,2994,1643,1351,2,368,625,659,659,681,0,176,353,376,324,414,2,192,272,283,335,267
20211,A,골목상권,3110809,장훈고등학교,1484,885,599,1,203,345,302,292,341,0,102,180,180,183,240,1,101,165,122,109,101
20211,A,골목상권,3110824,대방역 3번,2129,1361,768,5,292,552,582,381,317,4,165,378,384,224,206,1,127,174,198,157,111
20211,A,골목상권,3110813,보라매역 6번,5419,3837,1582,9,1033,1296,1111,1526,444,6,590,941,791,1194,315,3,443,355,320,332,129
20211,A,골목상권,3110834,동작구자원봉사센터,2564,1472,1092,14,261,540,690,627,432,11,135,308,409,356,253,3,126,232,281,271,179
20211,A,골목상권,3110828,노량진역 6번,7261,4126,3135,15,905,2214,1977,1542,608,3,417,1160,1187,977,382,12,488,1054,790,565,226
20211,A,골목상권,3110827,NH농협은행 상도동지점,1082,439,643,2,105,183,271,274,247,1,38,79,104,103,114,1,67,104,167,171,133
20211,A,골목상권,3110852,이수역 9번,2529,1175,1354,5,473,620,696,447,288,1,132,264,309,240,229,4,341,356,387,207,59
20211,A,골목상권,3110905,방배노인종합복지관(이수중학교),5242,2054,3188,12,1165,1458,1271,885,451,1,334,540,486,427,266,11,831,918,785,458,185
20211,A,골목상권,3110851,경문고등학교(동작동성당),3368,1773,1595,14,635,1032,934,524,229,8,236,520,595,291,123,6,399,512,339,233,106
20211,A,골목상권,3110899,낙성대역 5번(관악중학교),4614,3107,1507,19,916,1345,1018,737,579,11,468,959,710,495,464,8,448,386,308,242,115
20211,A,골목상권,3110831,상도4동주민센터,1928,1233,695,2,251,423,419,532,301,2,136,263,284,407,141,0,115,160,135,125,160
20211,A,골목상권,3110873,당곡중학교,2525,1427,1098,7,341,547,627,540,463,4,156,299,352,290,326,3,185,248,275,250,137
20211,A,골목상권,3110841,중대부중,360,156,204,0,43,52,85,105,75,0,14,21,31,46,44,0,29,31,54,59,31
20211,A,골목상권,3110900,낙성대역 1번(관악구민 종합체육센터),4337,2627,1710,15,852,1276,966,653,575,7,368,802,610,388,452,8,484,474,356,265,123
20211,A,골목상권,3110892,관악구 중앙길,4005,1888,2117,12,627,825,985,859,697,7,212,389,474,444,362,5,415,436,511,415,335
20211,A,골목상권,3110866,난우중학교,1102,622,480,0,111,196,289,322,184,0,50,105,148,183,136,0,61,91,141,139,48
20211,A,골목상권,3110857,미성동주민센터,1238,578,660,17,154,236,276,322,233,13,73,114,121,124,133,4,81,122,155,198,100
20211,A,골목상권,3110875,보라매동주민센터(당곡고등학교),940,526,414,2,104,162,206,235,231,0,48,85,103,128,162,2,56,77,103,107,69
20211,A,골목상권,3110891,구암초등학교,1342,607,735,0,232,374,420,224,92,0,68,168,205,117,49,0,164,206,215,107,43
20211,A,골목상권,3110944,서울나래학교(염곡어린이공원),1156,798,358,10,148,272,221,240,265,8,109,212,164,151,154,2,39,60,57,89,111
20211,A,골목상권,3110942,염곡동 구룡사(포이동성당),13415,8394,5021,55,2287,3724,3222,2573,1554,26,1169,2292,2042,1698,1167,29,1118,1432,1180,875,387
20211,A,골목상권,3110920,방배역 2번(백석예술대학교),5016,3055,1961,91,1042,1259,931,793,900,26,459,731,622,507,710,65,583,528,309,286,190
20211,A,골목상권,3110910,내방역 5번,6436,3785,2651,20,1118,1455,1481,1224,1138,10,430,857,865,759,864,10,688,598,616,465,274
20211,A,골목상권,3110906,서문여고,11702,5247,6455,16,2248,2996,3566,2017,859,4,688,1244,1668,1074,569,12,1560,1752,1898,943,290
20211,A,골목상권,3110932,서울시인재개발원,4209,2306,1903,8,1038,1226,942,667,328,6,350,687,621,424,218,2,688,539,321,243,110
20211,A,골목상권,3110930,서초동성당,32660,17166,15494,63,6180,7719,7177,9753,1768,35,2030,3676,3572,6555,1298,28,4150,4043,3605,3198,470
20211,A,골목상권,3110931,삼성전자서울R&D(서울우면초등학교),211,106,105,0,53,63,49,28,18,0,20,37,22,17,10,0,33,26,27,11,8
20211,A,골목상권,3110938,바우뫼공원,4722,3197,1525,17,814,1339,1276,836,440,8,422,921,904,581,361,9,392,418,372,255,79
20211,A,골목상권,3110943,법제교육센터(버들어린이공원),5935,3672,2263,18,851,1433,1538,1193,902,10,470,907,945,696,644,8,381,526,593,497,258
20211,A,골목상권,3110994,개포고등학교,4345,2839,1506,57,867,1222,970,768,461,24,505,806,631,503,370,33,362,416,339,265,91
20211,A,골목상권,3110988,청담역 3번,14773,6151,8622,65,3286,4402,3877,2145,998,27,1018,1851,1536,1027,692,38,2268,2551,2341,1118,306
20211,A,골목상권,3111012,석촌역 6번,3563,1857,1706,6,341,717,926,795,778,4,123,380,473,406,471,2,218,337,453,389,307
20211,A,골목상권,3111043,마천공원,1725,1113,612,1,183,389,411,423,318,0,112,251,235,271,244,1,71,138,176,152,74
20211,A,골목상권,3111045,개미어린이공원,1629,952,677,8,240,270,383,466,262,2,144,178,243,239,146,6,96,92,140,227,116
20211,A,골목상권,3111047,마천1치안센터,1130,680,450,1,120,251,299,266,193,1,60,143,171,153,152,0,60,108,128,113,41
20211,A,골목상권,3111028,문현중학교(장지역 1번),2770,1677,1093,9,489,714,682,541,335,5,271,467,421,262,251,4,218,247,261,279,84
20211,A,골목상권,3111035,오금공원(오주중학교),2277,1464,813,2,256,487,582,635,315,1,148,328,395,374,218,1,108,159,187,261,97
20211,A,골목상권,3111053,성내천어린이공원(하니사랑길),13219,9342,3877,40,1620,2605,2692,3224,3038,16,990,1785,1878,2342,2331,24,630,820,814,882,707
20211,A,골목상권,3111087,고덕중학교(고덕2동주민센터),472,171,301,0,46,83,108,137,98,0,8,31,45,43,44,0,38,52,63,94,54
20211,A,골목상권,3111083,GS강동자이아파트,2192,1281,911,3,253,379,423,595,539,3,145,235,242,299,357,0,108,144,181,296,182
20211,A,골목상권,3111074,명일역 1번,1560,927,633,3,195,368,374,356,264,2,96,213,197,225,194,1,99,155,177,131,70
20211,A,골목상권,3111056,천호태영아파트,2371,1291,1080,1,166,256,372,396,1180,0,61,99,164,203,764,1,105,157,208,193,416
20211,A,골목상권,3111061,암사역 1번,3505,1543,1962,2,374,555,668,876,1030,1,150,309,306,294,483,1,224,246,362,582,547
20211,A,골목상권,3110036,동묘앞역 3번,1190,660,530,2,181,238,291,276,202,0,47,113,169,190,141,2,134,125,122,86,61
20211,A,골목상권,3110034,창신1동주민센터,1885,871,1014,8,319,394,521,412,231,7,104,157,206,228,169,1,215,237,315,184,62
20211,A,골목상권,3110028,이화달팽이길,3695,2004,1691,7,657,966,880,710,475,3,229,479,515,444,334,4,428,487,365,266,141
20211,A,골목상권,3110014,경복고등학교,1637,871,766,2,154,436,502,373,170,2,50,215,274,204,126,0,104,221,228,169,44
20211,A,골목상권,3110001,이북5도청사,3311,2335,976,10,598,774,665,978,286,6,331,504,493,810,191,4,267,270,172,168,95
20211,A,골목상권,3110286,한성대입구역 5번,4861,2170,2691,20,736,1306,1268,999,532,9,240,613,591,455,262,11,496,693,677,544,270
20211,A,골목상권,3110283,성북초등학교앞,2067,1295,772,12,288,580,641,380,166,8,150,391,427,218,101,4,138,189,214,162,65
20211,A,골목상권,3110039,회현역 1번,23622,11623,11999,133,4395,7509,7184,3821,580,38,1547,3599,3487,2668,284,95,2848,3910,3697,1153,296
20211,A,골목상권,3110285,홍대부중,2796,1807,989,11,479,748,779,536,243,6,237,471,486,420,187,5,242,277,293,116,56
20211,A,골목상권,3110053,청구역 1번,1887,973,914,1,292,413,473,444,264,0,94,203,258,251,167,1,198,210,215,193,97
20211,A,골목상권,3110040,중구회현체육센터(정화예술대남산캠퍼스),15872,7161,8711,64,2309,4970,5377,2758,394,8,703,2069,2118,2073,190,56,1606,2901,3259,685,204
20211,A,골목상권,3110069,숙대입구,5692,2925,2767,14,842,1738,1501,985,612,6,238,745,833,646,457,8,604,993,668,339,155
20211,A,골목상권,3110077,삼광초등학교,1617,1102,515,8,162,358,490,381,218,7,93,234,360,254,154,1,69,124,130,127,64
20211,A,골목상권,3110072,열정도,1822,1125,697,9,264,375,438,367,369,3,123,236,278,230,255,6,141,139,160,137,114
20211,A,골목상권,3110059,새남터성지,2836,1935,901,8,404,789,837,608,190,3,181,500,636,477,138,5,223,289,201,131,52
20211,A,골목상권,3110095,한강진역 3번,5622,3227,2395,35,1349,2001,1256,664,317,20,544,1116,858,496,193,15,805,885,398,168,124
20211,A,골목상권,3110097,한남초등학교,5721,3746,1975,12,1028,2374,1313,590,404,7,478,1484,985,454,338,5,550,890,328,136,66
20211,A,골목상권,3110106,금북초등학교,123,49,74,0,15,25,38,29,16,0,2,11,13,12,11,0,13,14,25,17,5
20211,A,골목상권,3110103,옥수터널,545,284,261,1,45,141,155,157,46,0,17,64,87,85,31,1,28,77,68,72,15
20211,A,골목상권,3110137,성수초등학교,14338,9448,4890,60,2205,3717,3817,2875,1664,46,1146,2457,2601,1900,1298,14,1059,1260,1216,975,366
20211,A,골목상권,3110138,송정체육공원,2546,1233,1313,1,395,634,646,528,342,0,147,319,328,219,220,1,248,315,318,309,122
20211,A,골목상권,3110150,중곡1동 마을마당,5687,2821,2866,84,1470,1113,1132,1310,578,30,642,611,577,542,419,54,828,502,555,768,159
20211,A,골목상권,3110175,푸른동산공원,7435,3844,3591,8,711,1236,1667,2238,1575,4,374,802,970,930,764,4,337,434,697,1308,811
20211,A,골목상권,3110177,동의초등학교,1191,614,577,1,140,224,315,322,189,0,46,118,168,160,122,1,94,106,147,162,67
20211,A,골목상권,3110146,신자초등학교,2819,2113,706,7,317,659,835,751,250,3,224,506,625,563,192,4,93,153,210,188,58
20211,A,골목상권,3110195,동대문구청,3806,1797,2009,5,412,804,896,1082,607,3,155,327,374,598,340,2,257,477,522,484,267
20211,A,골목상권,3110201,전농119안전센터,669,454,215,0,93,145,215,139,77,0,61,94,144,99,56,0,32,51,71,40,21
20211,A,골목상권,3110189,제기동역 1번,4287,2552,1735,8,675,1174,895,684,851,2,252,688,568,412,630,6,423,486,327,272,221
20211,A,골목상권,3110215,회기역 1번,2285,799,1486,3,612,739,515,282,134,1,114,254,199,124,107,2,498,485,316,158,27
20211,A,골목상권,3110224,외대앞역 2번,1271,746,525,3,119,240,371,332,206,1,48,142,229,232,94,2,71,98,142,100,112
20211,A,골목상권,3110214,경희대후문,3212,1375,1837,1,688,904,837,553,229,1,133,324,406,334,177,0,555,580,431,219,52
20211,A,골목상권,3110334,석관중앙교회,1188,720,468,0,136,249,282,330,191,0,69,127,145,232,147,0,67,122,137,98,44
20211,A,골목상권,3110232,동대부고,2450,1295,1155,3,270,438,601,702,436,1,110,219,302,355,308,2,160,219,299,347,128
20211,A,골목상권,3110190,고대앞사거리,2811,1514,1297,5,408,813,812,528,245,2,171,410,436,326,169,3,237,403,376,202,76
20211,A,골목상권,3110196,홍릉근린공원,813,501,312,1,63,163,273,228,85,1,32,79,174,139,76,0,31,84,99,89,9
20211,A,골목상권,3110312,안암역 2번,1646,844,802,1,199,449,557,333,107,0,70,193,307,200,74,1,129,256,250,133,33
20211,A,골목상권,3110222,회기역 2번,2106,1033,1073,1,371,448,535,549,202,0,86,231,303,298,115,1,285,217,232,251,87
20211,A,골목상권,3110273,장스여성병원,1451,933,518,9,121,171,256,458,436,1,29,69,134,320,380,8,92,102,122,138,56
20211,A,골목상권,3110260,면목역 3번,2350,1372,978,3,344,558,668,508,269,0,147,374,336,286,229,3,197,184,332,222,40
20211,A,골목상권,3110238,배꽃어린이공원,1298,1025,273,1,203,312,289,312,181,1,146,248,219,268,143,0,57,64,70,44,38
20211,A,골목상권,3110257,상봉역 7번,1447,1068,379,2,86,174,301,412,472,1,40,93,179,332,423,1,46,81,122,80,49
20211,A,골목상권,3110239,중랑역 2번,478,213,265,1,58,81,106,116,116,0,23,34,39,50,67,1,35,47,67,66,49
20211,A,골목상권,3110294,서경대학교,1909,1071,838,1,218,284,476,532,398,0,68,128,255,335,285,1,150,156,221,197,113
20211,A,골목상권,3110316,숭곡초등학교,3255,1971,1284,7,264,440,671,666,1207,6,113,208,325,382,937,1,151,232,346,284,270
20211,A,골목상권,3110303,성신여대입구역 1번,1418,675,743,8,188,301,315,361,245,3,62,134,147,190,139,5,126,167,168,171,106
20211,A,골목상권,3110293,삼선중학교,15384,8771,6613,60,2292,3733,4993,2745,1561,27,1049,2116,3024,1840,715,33,1243,1617,1969,905,846
20211,A,골목상권,3110305,보문역 5번,6037,4718,1319,11,742,2042,1228,1245,769,5,463,1703,1006,1012,529,6,279,339,222,233,240
20211,A,골목상권,3110331,돌곶이역 8번,1135,748,387,4,137,251,271,224,248,0,50,166,174,147,211,4,87,85,97,77,37
20211,A,골목상권,3110423,석계역 2번,1311,574,737,4,152,235,386,321,213,2,65,110,173,127,97,2,87,125,213,194,116
20211,A,골목상권,3110319,종암동주민센터,1893,933,960,3,270,388,460,529,243,1,103,217,229,277,106,2,167,171,231,252,137
20211,A,골목상권,3110322,장위1동주민센터,871,527,344,2,161,181,190,183,154,1,77,118,116,111,104,1,84,63,74,72,50
20211,A,골목상권,3110361,삼양사거리역 1번,993,499,494,2,47,112,177,256,399,1,14,50,90,149,195,1,33,62,87,107,204
20211,A,골목상권,3110364,미아역 8번,1531,881,650,2,169,302,433,416,209,1,79,160,252,251,138,1,90,142,181,165,71
20211,A,골목상권,3110360,수유초등학교,2034,877,1157,5,275,331,439,521,463,1,65,139,157,219,296,4,210,192,282,302,167
20211,A,골목상권,3110381,번동주공2단지,791,418,373,5,81,172,201,218,114,4,26,69,100,134,85,1,55,103,101,84,29
20211,A,골목상권,3110363,송천동주민센터,409,210,199,2,30,68,123,98,88,1,8,30,50,50,71,1,22,38,73,48,17
20211,A,골목상권,3110371,삼양입구사거리,930,529,401,1,86,197,218,253,175,1,33,94,108,159,134,0,53,103,110,94,41
20211,A,골목상권,3110374,송중초등학교,1719,817,902,7,155,286,471,442,358,6,44,101,191,221,254,1,111,185,280,221,104
20211,A,골목상권,3110357,가오리역 1번,2168,1460,708,1,94,117,339,588,1029,0,22,54,236,446,702,1,72,63,103,142,327
20211,A,골목상권,3110340,인수중학교,1210,779,431,6,158,254,272,328,192,6,80,172,168,192,161,0,78,82,104,136,31
20211,A,골목상권,3110341,북한산우이역 2번,566,439,127,0,22,43,96,273,132,0,5,15,59,245,115,0,17,28,37,28,17
20211,A,골목상권,3110390,방학초등학교,1597,753,844,3,167,399,387,400,241,2,55,196,185,170,145,1,112,203,202,230,96
20211,A,골목상권,3110408,가인초등학교,5003,3437,1566,5,529,1188,1209,961,1111,3,315,894,903,569,753,2,214,294,306,392,358
20211,A,골목상권,3110433,공릉역 2번,3355,1631,1724,8,286,413,725,1012,911,3,111,214,339,463,501,5,175,199,386,549,410
20211,A,골목상권,3110462,갈현건영아파트,1644,949,695,7,239,380,374,357,287,5,127,224,218,183,192,2,112,156,156,174,95
20211,A,골목상권,3110468,응암역 3번,3641,1667,1974,6,385,681,1020,975,574,1,133,299,452,447,335,5,252,382,568,528,239
20211,A,골목상권,3110478,응암1동주민센터,2441,1361,1080,5,214,382,537,597,706,3,104,189,272,292,501,2,110,193,265,305,205
20211,A,골목상권,3110481,불광역 7번,1180,586,594,2,144,250,312,287,185,2,57,126,153,135,113,0,87,124,159,152,72
20211,A,골목상권,3110443,수색역 1번,216,134,82,0,17,25,57,64,53,0,8,14,33,40,39,0,9,11,24,24,14
20211,A,골목상권,3110463,응암3동주민센터,974,399,575,1,102,172,257,281,161,0,35,51,90,125,98,1,67,121,167,156,63
20211,A,골목상권,3110459,응암역 2번,3086,1443,1643,3,303,575,877,817,511,0,113,267,388,352,323,3,190,308,489,465,188
20211,A,골목상권,3110495,북가좌2동주민센터,3425,1703,1722,7,515,851,808,729,515,3,154,458,454,363,271,4,361,393,354,366,244
20211,A,골목상권,3110507,명지대학교,3062,2160,902,30,511,879,694,667,281,27,328,632,494,452,227,3,183,247,200,215,54
20211,A,골목상권,3110584,아현역 4번,1154,595,559,2,327,402,209,121,93,1,129,232,107,64,62,1,198,170,102,57,31
20211,A,골목상권,3110528,서울여자간호대학교,7567,1522,6045,6,217,511,2006,3643,1184,1,75,158,342,456,490,5,142,353,1664,3187,694
20211,A,골목상권,3110556,절두산순교성지,1036,634,402,3,129,274,296,242,92,3,52,152,183,174,70,0,77,122,113,68,22
20211,A,골목상권,3110580,양원초등학교,498,212,286,1,65,95,130,125,82,0,16,34,56,63,43,1,49,61,74,62,39
20211,A,골목상권,3110545,마포구청역 1번,2002,1003,999,13,262,386,532,510,299,6,101,203,265,254,174,7,161,183,267,256,125
20211,A,골목상권,3110568,광흥창역 1번,1865,940,925,2,319,532,473,379,160,0,93,278,268,220,81,2,226,254,205,159,79
20211,A,골목상권,3110622,달마을공원,3703,2251,1452,3,469,828,1090,957,356,2,224,483,702,584,256,1,245,345,388,373,100
20211,A,골목상권,3110675,화곡4동주민센터,2797,1278,1519,5,643,758,578,544,269,4,133,328,273,318,222,1,510,430,305,226,47
20211,A,골목상권,3110672,백석중학교,3412,1929,1483,2,392,661,820,891,646,1,172,329,509,533,385,1,220,332,311,358,261
20211,A,골목상권,3110601,신월1동우편취급국,2705,1819,886,9,277,464,638,855,462,4,152,304,424,572,363,5,125,160,214,283,99
20211,A,골목상권,3110609,신정네거리역 2번,3128,2387,741,7,203,302,527,602,1487,2,96,167,286,425,1411,5,107,135,241,177,76
20211,A,골목상권,3110598,신월문화체육센터,3588,2130,1458,4,271,421,690,983,1219,3,154,260,389,589,735,1,117,161,301,394,484
20211,A,골목상권,3110655,발산역 5번,4161,1917,2244,5,419,692,805,852,1388,3,173,359,411,358,613,2,246,333,394,494,775
20211,A,골목상권,3110652,양천향교역 2번,5355,3360,1995,14,588,1103,1158,1394,1098,8,298,697,700,851,806,6,290,406,458,543,292
20211,A,골목상권,3110630,공항시장역 1번,3398,1986,1412,9,371,571,654,788,1005,3,149,321,407,512,594,6,222,250,247,276,411
20211,A,골목상권,3110660,등촌3동주민센터,10361,5421,4940,46,1465,2249,2361,2354,1886,16,655,1444,1390,1025,891,30,810,805,971,1329,995
20211,A,골목상권,3110645,우장산역 4번,6211,3689,2522,11,755,1459,1633,1576,777,7,408,941,907,852,574,4,347,518,726,724,203
20211,A,골목상권,3110640,방화역 1번,4330,2746,1584,7,432,979,1112,1131,669,5,222,521,675,783,540,2,210,458,437,348,129
20211,A,골목상권,3110695,개봉1동주민센터,2132,1220,912,8,180,491,579,523,351,7,99,290,309,285,230,1,81,201,270,238,121
20211,A,골목상권,3110692,큰굴다리,3257,2221,1036,5,464,656,827,912,393,4,364,453,539,571,290,1,100,203,288,341,103
20211,A,골목상권,3110714,구로4동주민센터,3993,2731,1262,7,467,935,917,1103,564,4,223,587,636,850,431,3,244,348,281,253,133
20211,A,골목상권,3110715,구로구민회관,4993,2481,2512,4,601,1291,1353,1189,555,2,225,636,658,644,316,2,376,655,695,545,239
20211,A,골목상권,3110708,화원어린이공원,1274,488,786,6,311,266,296,208,187,1,66,71,108,97,145,5,245,195,188,111,42
20211,A,골목상권,3110713,구로보건소,7675,4823,2852,13,1134,1919,2115,1590,904,6,626,1277,1358,961,595,7,508,642,757,629,309
20211,A,골목상권,3110718,한국SGI본부,6477,4079,2398,33,1087,1712,1798,1241,606,26,598,1087,1157,798,413,7,489,625,641,443,193
20211,A,골목상권,3110707,구로창업지원센터,5470,4040,1430,11,555,1651,1506,1116,631,9,302,1244,1178,827,480,2,253,407,328,289,151
20211,A,골목상권,3110727,독산역 1번 출입구,3120,2126,994,18,378,675,804,825,420,18,221,481,534,577,295,0,157,194,270,248,125
20211,A,골목상권,3110726,금천철쭉어린이공원(금하마을),1222,795,427,13,185,229,245,307,243,11,116,157,160,167,184,2,69,72,85,140,59
20211,A,골목상권,3110738,문성초등학교,2470,1462,1008,12,359,479,571,602,447,3,208,314,345,327,265,9,151,165,226,275,182
20211,A,골목상권,3110744,독산동성당,2100,1247,853,1,190,325,415,592,577,0,116,185,232,327,387,1,74,140,183,265,190
20211,A,골목상권,3110754,삼성산자연공원(서울금천초등학교),1854,1031,823,19,228,370,484,441,312,12,101,240,284,208,186,7,127,130,200,233,126
20211,A,골목상권,3110734,금천파출소,1807,760,1047,8,475,533,360,289,142,3,200,263,141,92,61,5,275,270,219,197,81
20211,A,골목상권,3110747,석수역 1번 출입구,1082,802,280,4,73,141,239,286,339,4,48,101,156,202,291,0,25,40,83,84,48
20211,A,골목상권,3110819,신대방역 4번,5159,3199,1960,20,841,1350,1310,962,676,14,426,897,852,558,452,6,415,453,458,404,224
20211,A,골목상권,3110781,대림한신아파트,2145,1183,962,3,313,387,472,543,427,0,106,213,256,304,304,3,207,174,216,239,123
20211,A,골목상권,3110776,도신초등학교,4342,3047,1295,14,543,1061,1275,922,527,5,283,767,959,627,406,9,260,294,316,295,121
20211,A,골목상권,3110798,신풍역 2번,1786,1078,708,7,160,456,560,380,223,6,95,279,287,241,170,1,65,177,273,139,53
20211,A,골목상권,3110792,영등포역 2번,4524,2496,2028,35,680,1023,1028,1131,627,16,283,485,583,698,431,19,397,538,445,433,196
20211,A,골목상권,3110756,문래중학교,1572,1015,557,2,185,356,383,362,284,0,97,271,248,213,186,2,88,85,135,149,98
20211,A,골목상권,3110801,신풍역 6번(신길6동공영주차장),245,84,161,1,32,37,52,64,59,0,1,12,15,24,32,1,31,25,37,40,27
20211,A,골목상권,3110812,신길6동주민센터,2401,1555,846,4,382,558,565,498,394,3,189,346,367,345,305,1,193,212,198,153,89
20211,A,골목상권,3110811,보라매역 4번,1485,937,548,4,212,413,375,284,197,3,100,268,233,183,150,1,112,145,142,101,47
20211,A,골목상권,3110820,성남고등학교,4803,3512,1291,4,807,999,907,1587,499,3,498,725,655,1252,379,1,309,274,252,335,120
20211,A,골목상권,3110800,영등포동성당,4742,2638,2104,14,1219,1149,1000,824,536,6,385,590,637,579,441,8,834,559,363,245,95
20211,A,골목상권,3110806,서울시립영등포장애인복지관,2220,1555,665,16,339,498,524,501,342,8,181,328,388,376,274,8,158,170,136,125,68
20211,A,골목상권,3110839,숭실대입구역 4번,3303,2046,1257,2,371,954,1107,622,247,1,177,536,682,434,216,1,194,418,425,188,31
20211,A,골목상권,3110833,상도역 2번,1336,685,651,6,207,356,332,277,158,2,88,215,184,115,81,4,119,141,148,162,77
20211,A,골목상권,3110876,서원동주민센터(신관중학교),1010,458,552,0,95,206,235,294,180,0,31,95,124,113,95,0,64,111,111,181,85
20211,A,골목상권,3110889,봉천역 6번,1263,796,467,1,114,181,251,361,355,0,57,94,152,270,223,1,57,87,99,91,132
20211,A,골목상권,3110901,인헌고등학교(인헌중학교),1830,934,896,7,276,482,543,370,152,4,127,251,267,170,115,3,149,231,276,200,37
20212,A,골목상권,3110799,영등포본동주민센터,524,336,188,5,69,90,131,119,110,3,34,56,85,77,81,2,35,34,46,42,29
20212,A,골목상권,3110777,구로세무서,5825,3399,2426,22,1229,1703,1556,963,352,10,493,985,1009,609,293,12,736,718,547,354,59
20212,A,골목상권,3110821,보라매역 2번,19310,12435,6875,51,3710,3777,3102,4534,4136,27,2841,3091,2036,2222,2218,24,869,686,1066,2312,1918
20212,A,골목상권,3110788,영등포시장역 3번,924,604,320,3,106,166,286,224,139,1,58,113,202,145,85,2,48,53,84,79,54
20212,A,골목상권,3110840,중앙대학교,417,214,203,1,67,68,111,97,73,0,25,31,63,47,48,1,42,37,48,50,25
20212,A,골목상권,3110836,상도역 5번,4431,2490,1941,12,805,1182,1020,914,498,2,328,680,619,553,308,10,477,502,401,361,190
20212,A,골목상권,3110893,관악소방서(문영여고),1814,1409,405,2,342,557,398,425,90,1,237,436,304,357,74,1,105,121,94,68,16
20212,A,골목상권,3110878,미림여고,694,367,327,6,72,190,185,152,89,1,25,91,112,75,63,5,47,99,73,77,26
20212,A,골목상권,3110861,관악구신사동주민센터,4975,3397,1578,4,758,1388,1398,981,446,2,354,958,1075,707,301,2,404,430,323,274,145
20212,A,골목상권,3110890,봉천역 1번(관악초등학교),2071,803,1268,4,374,519,473,347,354,0,67,152,208,174,202,4,307,367,265,173,152
20212,A,골목상권,3110960,은광여고,20267,15455,4812,50,2314,4244,5292,6237,2130,36,1372,3182,4359,5022,1484,14,942,1062,933,1215,646
20212,A,골목상권,3110954,국기원,7043,3734,3309,24,2010,2434,1352,626,597,8,648,1239,953,450,436,16,1362,1195,399,176,161
20212,A,골목상권,3110936,더케이호텔(양재리본타워2단지아파트),1540,1105,435,14,246,433,389,311,147,10,159,288,286,247,115,4,87,145,103,64,32
20212,A,골목상권,3110940,양재근린공원(양재2동주민센터),6573,4578,1995,36,1029,1761,1701,1243,803,22,601,1228,1211,872,644,14,428,533,490,371,159
20212,A,골목상권,3110950,논현역 7번,14453,8508,5945,36,3283,4779,3414,1982,959,15,1326,2815,2305,1346,701,21,1957,1964,1109,636,258
20212,A,골목상권,3110949,한남IC,8417,5196,3221,28,1675,2570,2221,1300,623,15,760,1654,1435,852,480,13,915,916,786,448,143
20212,A,골목상권,3110993,개포지하차도 북측,142,86,56,0,14,21,31,45,31,0,4,14,19,28,21,0,10,7,12,17,10
20212,A,골목상권,3110983,국립국악고등학교,3034,1919,1115,12,544,819,737,554,368,2,245,512,476,373,311,10,299,307,261,181,57
20212,A,골목상권,3110964,싸리고개근린공원,8566,5556,3010,26,1611,2345,2176,1418,990,12,704,1538,1503,1014,785,14,907,807,673,404,205
20212,A,골목상권,3110995,봉은사역 4번,25206,19697,5509,27,4263,7944,7350,4403,1219,8,2756,6028,6191,3798,916,19,1507,1916,1159,605,303
20212,A,골목상권,3111001,아래방죽마을공원(율현초등학교),219,110,109,0,13,33,35,73,65,0,7,22,21,34,26,0,6,11,14,39,39
20212,A,골목상권,3110998,은곡마을(은곡마을공원),32,21,11,1,2,11,8,6,4,0,0,5,7,6,3,1,2,6,1,0,1
20212,A,골목상권,3110959,신구중학교,10232,5500,4732,112,2286,2945,2031,1596,1262,41,1015,1708,1395,759,582,71,1271,1237,636,837,680
20212,A,골목상권,3110962,도산공원북측,5103,2987,2116,21,1320,1864,1050,603,245,7,552,1132,729,415,152,14,768,732,321,188,93
20212,A,골목상권,3110997,대청초등학교,11645,4219,7426,31,3352,3686,2392,1435,749,3,709,1330,968,683,526,28,2643,2356,1424,752,223
20212,A,골목상권,3110979,청담초등학교,13513,6688,6825,34,3681,4952,2707,1503,636,14,1248,2542,1596,814,474,20,2433,2410,1111,689,162
20212,A,골목상권,3111027,문정초등학교,37078,28582,8496,20,3311,6648,10483,13841,2775,8,1965,4804,8129,11835,1841,12,1346,1844,2354,2006,934
20212,A,골목상권,3111020,방이동고분군(방산고등학교),4863,2790,2073,7,576,1242,1105,1165,768,4,274,719,681,609,503,3,302,523,424,556,265
20212,A,골목상권,3111032,방이역 1번,21842,16091,5751,28,2688,5066,5500,5171,3389,14,1606,3510,4215,4282,2464,14,1082,1556,1285,889,925
20212,A,골목상권,3111005,삼전역 3번,5492,3680,1812,15,836,1398,1269,1121,853,5,485,996,882,696,616,10,351,402,387,425,237
20212,A,골목상권,3111037,Sh수협은행 오금동금융센터(아랫말어린이공원),1645,894,751,0,186,380,425,449,205,0,97,235,228,207,127,0,89,145,197,242,78
20212,A,골목상권,3111089,상일여고(상일초등학교),858,553,305,0,66,157,203,261,171,0,37,92,135,164,125,0,29,65,68,97,46
20212,A,골목상권,3111067,강동구립성내도서관,5641,2901,2740,16,1009,1238,1344,1086,948,11,337,615,758,580,600,5,672,623,586,506,348
20212,A,골목상권,3111081,둔촌푸르지오아파트,986,603,383,2,117,183,200,251,233,1,58,108,117,139,180,1,59,75,83,112,53
20212,A,골목상권,3111059,강동역 4번(강풀만화거리),6849,3822,3027,10,1115,1236,1379,1299,1810,5,483,642,758,760,1174,5,632,594,621,539,636
20212,A,골목상권,3110005,세검정,2126,1089,1037,8,301,565,557,474,221,3,123,271,287,262,143,5,178,294,270,212,78
20212,A,골목상권,3110008,배화여자대학교(박노수미술관),3476,1938,1538,39,627,808,767,729,506,0,227,405,439,476,391,39,400,403,328,253,115
20212,A,골목상권,3110015,청와대사랑채,2312,1284,1028,37,513,765,497,301,199,0,191,422,324,192,155,37,322,343,173,109,44
20212,A,골목상권,3110035,동묘앞역 2번,3390,1775,1615,3,258,367,549,741,1472,0,87,183,285,341,879,3,171,184,264,400,593
20212,A,골목상권,3110055,황학동벼룩시장,2333,1280,1053,28,821,479,422,378,205,15,352,239,270,253,151,13,469,240,152,125,54
20212,A,골목상권,3110027,혜화역 1번,3124,1658,1466,9,394,650,865,728,478,5,112,253,479,462,347,4,282,397,386,266,131
20212,A,골목상권,3110030,동대문역 3번,1126,461,665,0,92,206,371,274,183,0,28,77,108,117,131,0,64,129,263,157,52
20212,A,골목상권,3110011,청운초등학교,1873,802,1071,13,318,482,437,339,284,2,65,197,195,159,184,11,253,285,242,180,100
20212,A,골목상권,3110024,혜회동주민센터,4244,1855,2389,27,697,1078,959,887,596,17,228,488,437,385,300,10,469,590,522,502,296
20212,A,골목상권,3110043,충무초등학교,6397,3882,2515,33,1241,1562,1628,1186,747,16,534,903,1084,808,537,17,707,659,544,378,210
20212,A,골목상권,3110588,한겨레신문사,1133,567,566,1,166,237,297,284,148,1,73,129,147,128,89,0,93,108,150,156,59
20212,A,골목상권,3110045,동대문역사문화공원역 5번,40455,19049,21406,468,12792,10627,8138,6043,2387,192,5994,6220,4414,1662,567,276,6798,4407,3724,4381,1820
20212,A,골목상권,3110057,황학코아루아파트,1699,938,761,4,273,439,448,319,216,3,142,252,209,171,161,1,131,187,239,148,55
20212,A,골목상권,3110078,이촌동점보아파트,4727,2990,1737,17,766,1262,1193,1032,457,3,410,782,806,673,316,14,356,480,387,359,141
20212,A,골목상권,3110082,용산구청,2532,1305,1227,13,448,730,571,554,216,10,162,304,295,368,166,3,286,426,276,186,50
20212,A,골목상권,3110073,삼각지역 3번,21368,6873,14495,123,6007,7127,5572,1957,582,50,2112,2306,1403,668,334,73,3895,4821,4169,1289,248
20212,A,골목상권,3110076,삼각지역 14번,2654,1645,1009,1,399,738,689,600,227,1,224,455,468,356,141,0,175,283,221,244,86
20212,A,골목상권,3110099,유엔빌리지길,21963,17803,4160,47,2625,5547,6288,6683,773,36,1322,4089,5454,6255,647,11,1303,1458,834,428,126
20212,A,골목상권,3110107,금호사거리,2695,1164,1531,16,307,810,1020,361,181,1,105,274,437,205,142,15,202,536,583,156,39
20212,A,골목상권,3110117,성동구보건소,3042,1046,1996,9,527,459,593,877,577,2,180,225,258,242,139,7,347,234,335,635,438
20212,A,골목상권,3110112,행당역 2번,1354,720,634,1,163,289,360,364,177,0,63,131,193,205,128,1,100,158,167,159,49
20212,A,골목상권,3110229,장평중학교,4729,3089,1640,10,521,877,975,1057,1289,6,275,555,639,696,918,4,246,322,336,361,371
20212,A,골목상권,3110113,응봉산,260,138,122,1,39,45,77,52,46,0,10,23,38,26,41,1,29,22,39,26,5
20212,A,골목상권,3110169,성동초등학교,4265,2889,1376,14,444,930,1078,1032,767,2,248,611,726,722,580,12,196,319,352,310,187
20212,A,골목상권,3110156,군자역 5번,3040,1883,1157,7,484,700,775,587,487,3,263,406,480,355,376,4,221,294,295,232,111
20212,A,골목상권,3110157,자양동우체국,1846,1325,521,14,427,408,437,359,201,10,335,309,286,227,158,4,92,99,151,132,43
20212,A,골목상권,3110163,성자초등학교,1358,679,679,1,136,233,372,407,209,1,60,112,160,197,149,0,76,121,212,210,60
20212,A,골목상권,3110168,대원고등학교,1985,1153,832,0,192,440,482,552,319,0,76,207,253,351,266,0,116,233,229,201,53
20212,A,골목상권,3110212,답십리초등학교,3380,2234,1146,24,681,841,827,639,368,21,491,622,488,363,249,3,190,219,339,276,119
20212,A,골목상권,3110187,제기동역 6번,5909,3849,2060,18,1010,1530,1329,1085,937,8,568,966,887,742,678,10,442,564,442,343,259
20212,A,골목상권,3110309,대광초등학교,2784,1954,830,10,336,612,722,679,425,4,187,423,511,486,343,6,149,189,211,193,82
20212,A,골목상권,3110231,장안교,728,483,245,0,55,125,159,208,181,0,22,52,89,162,158,0,33,73,70,46,23
20212,A,골목상권,3110203,떡전교사거리,1653,740,913,2,227,282,322,365,455,2,66,119,144,167,242,0,161,163,178,198,213
20212,A,골목상권,3110194,홍파초등학교,1028,599,429,1,94,200,292,318,123,0,58,123,168,168,82,1,36,77,124,150,41
20212,A,골목상권,3110278,망우본동주민센터,1851,1277,574,3,136,243,393,562,514,1,62,113,218,409,474,2,74,130,175,153,40
20212,A,골목상권,3110242,면목5동주민센터,867,570,297,0,78,153,226,199,211,0,36,99,119,132,184,0,42,54,107,67,27
20212,A,골목상권,3110246,월드순복음교회,1402,769,633,4,139,280,360,346,273,1,42,139,213,197,177,3,97,141,147,149,96
20212,A,골목상권,3110261,사가정역 4번,1640,972,668,5,175,265,434,463,298,4,62,125,253,303,225,1,113,140,181,160,73
20212,A,골목상권,3110241,먹골역 5번,2166,1475,691,1,315,530,524,571,225,1,183,366,341,415,169,0,132,164,183,156,56
20212,A,골목상권,3110233,중랑역 1번,893,461,432,6,154,146,204,200,183,4,65,61,89,121,121,2,89,85,115,79,62
20212,A,골목상권,3110318,KT월곡지사,3595,2540,1055,4,306,612,723,786,1164,2,171,405,460,571,931,2,135,207,263,215,233
20212,A,골목상권,3110377,미아사거리역 3번,694,331,363,7,98,129,184,169,107,6,42,61,75,80,67,1,56,68,109,89,40
20212,A,골목상권,3110281,길상사,16413,13694,2719,22,1927,3775,4747,5449,493,3,1165,2821,4173,5180,352,19,762,954,574,269,141
20212,A,골목상권,3110373,수유역 2번,2772,1558,1214,6,358,532,544,703,629,4,150,310,293,432,369,2,208,222,251,271,260
20212,A,골목상권,3110379,KT&G 북부지사,623,302,321,2,67,85,155,224,90,0,26,30,63,131,52,2,41,55,92,93,38
20212,A,골목상권,3110348,강북문화예술회관,2983,2155,828,0,93,237,630,911,1112,0,20,143,489,717,786,0,73,94,141,194,326
20212,A,골목상권,3110383,덕성여대시반거리,437,131,306,0,77,73,112,105,70,0,9,16,36,28,42,0,68,57,76,77,28
20212,A,골목상권,3110345,솔밭공원역 2번,708,263,445,1,82,141,166,188,130,0,15,41,54,71,82,1,67,100,112,117,48
20212,A,골목상권,3110342,국립재활원,1911,1168,743,0,163,409,566,562,211,0,54,205,383,372,154,0,109,204,183,190,57
20212,A,골목상권,3110338,인수초등학교,1029,648,381,3,137,254,247,265,123,3,70,171,149,154,101,0,67,83,98,111,22
20212,A,골목상권,3110402,도봉구 정병원,1673,968,705,5,226,351,392,442,257,4,101,216,235,250,162,1,125,135,157,192,95
20212,A,골목상권,3110392,발바닥공원,590,396,194,3,85,182,168,101,51,2,37,113,135,71,38,1,48,69,33,30,13
20212,A,골목상권,3110416,노원초등학교,1205,552,653,8,124,241,275,314,243,6,45,126,116,149,110,2,79,115,159,165,133
20212,A,골목상권,3110428,상계5동주민센터,1874,914,960,5,133,226,324,460,726,1,48,116,138,200,411,4,85,110,186,260,315
20212,A,골목상권,3110464,연신내역 5번,1985,1122,863,7,199,380,509,459,431,5,83,205,246,266,317,2,116,175,263,193,114
20212,A,골목상권,3110457,예일여고,3334,1823,1511,11,339,504,700,1175,605,2,131,234,342,705,409,9,208,270,358,470,196
20212,A,골목상권,3110488,우리은행응암동지점,3399,1825,1574,8,407,862,868,872,382,5,208,429,423,511,249,3,199,433,445,361,133
20212,A,골목상권,3110485,연신내우체국,2037,1061,976,2,103,180,239,350,1163,1,45,107,106,143,659,1,58,73,133,207,504
20212,A,골목상권,3110449,증산역 3번,2851,1858,993,1,398,704,743,668,337,0,156,480,515,477,230,1,242,224,228,191,107
20212,A,골목상권,3110523,홍제성원아파트,259,109,150,1,36,55,62,74,31,0,14,19,28,27,21,1,22,36,34,47,10
20212,A,골목상권,3110586,서울서부지방법원,11593,7273,4320,37,2044,3389,3339,2245,539,5,959,1962,2248,1752,347,32,1085,1427,1091,493,192
20212,A,골목상권,3110540,망원나들목체육관,1899,1092,807,8,639,591,325,211,125,1,387,316,158,136,94,7,252,275,167,75,31
20212,A,골목상권,3110567,광흥창역 6번,510,261,249,0,80,126,127,118,59,0,35,61,66,62,37,0,45,65,61,56,22
20212,A,골목상권,3110565,홍익대,4319,2959,1360,13,708,1013,1064,875,646,7,389,669,759,621,514,6,319,344,305,254,132
20212,A,골목상권,3110560,마포FM,4675,2819,1856,11,653,1106,1054,998,853,9,292,695,738,584,501,2,361,411,316,414,352
20212,A,골목상권,3110549,새터산,2447,1476,971,6,323,490,622,631,375,4,169,276,370,408,249,2,154,214,252,223,126
20212,A,골목상권,3110581,염리초등학교,8998,5077,3921,16,1305,2124,2079,1885,1589,7,628,1198,1340,989,915,9,677,926,739,896,674
20212,A,골목상권,3110617,등촌역 4번,2496,1419,1077,2,330,561,641,599,363,0,156,350,350,329,234,2,174,211,291,270,129
20212,A,골목상권,3110676,등촌역 7번,2587,1617,970,12,360,533,656,601,425,6,154,333,395,389,340,6,206,200,261,212,85
20212,A,골목상권,3110656,까치산역 3번,3071,1778,1293,17,286,570,813,925,460,15,146,353,484,505,275,2,140,217,329,420,185
20212,A,골목상권,3110654,까치산역 4번,3556,2235,1321,15,324,625,928,1128,536,13,164,373,533,736,416,2,160,252,395,392,120
20212,A,골목상권,3110597,신월1동주민센터,2472,1402,1070,4,249,481,521,657,560,1,110,252,269,403,367,3,139,229,252,254,193
20212,A,골목상권,3110665,곰달래도서관,2356,1305,1051,4,236,435,587,666,428,4,101,243,325,344,288,0,135,192,262,322,140
20212,A,골목상권,3110615,신서초등학교,848,519,329,2,79,148,152,220,247,1,36,81,84,146,171,1,43,67,68,74,76
20212,A,골목상권,3110674,강서구청가양동별관,2810,1867,943,13,484,647,757,564,345,8,334,446,510,346,223,5,150,201,247,218,122
20212,A,골목상권,3110677,등촌역 1번,3921,2407,1514,15,590,925,884,897,610,12,265,549,522,592,467,3,325,376,362,305,143
20212,A,골목상권,3110631,방화초등학교,2022,1206,816,5,282,386,462,504,383,5,137,222,260,288,294,0,145,164,202,216,89
20212,A,골목상권,3110636,방화역 2번,2261,1548,713,6,180,387,715,586,387,4,92,216,507,418,311,2,88,171,208,168,76
20212,A,골목상권,3110723,가산디지털단지역 1번 출입구,6364,4269,2095,13,1161,2024,1564,904,698,8,553,1337,1145,699,527,5,608,687,419,205,171
20212,A,골목상권,3110662,까치산역 1번,3644,2133,1511,8,464,871,961,872,468,6,214,496,504,566,347,2,250,375,457,306,121
20212,A,골목상권,3110732,가산초등학교(세일중학교),2697,1734,963,13,406,604,664,616,394,4,232,369,400,410,319,9,174,235,264,206,75
20212,A,골목상권,3110729,가산동우체국,3002,1566,1436,10,310,527,627,607,921,6,171,294,365,336,394,4,139,233,262,271,527
20212,A,골목상권,3110691,개봉중학교,2121,1250,871,6,243,460,510,560,342,1,134,278,283,301,253,5,109,182,227,259,89
20212,A,골목상권,3110705,고산초등학교,2324,1523,801,3,295,489,490,507,540,2,148,292,274,324,483,1,147,197,216,183,57
20212,A,골목상권,3110680,온수역 5번(온수산업단지),1651,1405,246,18,174,252,303,480,424,18,138,209,238,407,395,0,36,43,65,73,29
20212,A,골목상권,3110685,금강수목원아파트,1014,749,265,2,60,190,279,274,209,1,35,123,189,214,187,1,25,67,90,60,22
20212,A,골목상권,3110854,조원동주민센터,3686,2722,964,3,494,609,555,569,1456,1,220,390,345,394,1372,2,274,219,210,175,84
20212,A,골목상권,3110742,KT금천빌딩(금천구시설관리공단),1604,1021,583,0,211,338,390,400,265,0,133,223,244,230,191,0,78,115,146,170,74
20212,A,골목상권,3110748,백산초등학교,1088,584,504,0,104,213,289,304,178,0,44,118,147,162,113,0,60,95,142,142,65
20212,A,골목상권,3110750,시흥4동주민센터(서울신흥초등학교),1125,636,489,9,163,218,324,281,130,8,89,133,186,127,93,1,74,85,138,154,37
20212,A,골목상권,3110749,금산초등학교(금천고등학교),7714,4555,3159,13,568,1109,1786,2003,2235,4,300,718,1027,1087,1419,9,268,391,759,916,816
20212,A,골목상권,3110763,영등포구청역 2번,7998,3926,4072,23,1606,2127,1491,1555,1196,12,684,1112,819,673,626,11,922,1015,672,882,570
20212,A,골목상권,3110786,당산역 8번,7202,5111,2091,19,1007,1783,1914,1612,867,6,490,1180,1444,1314,677,13,517,603,470,298,190
20212,A,골목상권,3110762,선유도역 1번,6490,4189,2301,17,859,1406,1594,1541,1073,11,470,902,970,975,861,6,389,504,624,566,212
20212,A,골목상권,3110803,신길2동우편취급국,2306,1308,998,6,226,496,505,482,591,3,103,233,253,261,455,3,123,263,252,221,136
20212,A,골목상권,3110757,양평역 2번,2594,1895,699,3,271,581,643,581,515,2,144,438,483,429,399,1,127,143,160,152,116
20212,A,골목상권,3110817,대방역 4번,3279,1548,1731,9,625,746,811,579,509,4,208,342,403,284,307,5,417,404,408,295,202
20212,A,골목상권,3110807,신길역 3번,994,401,593,5,113,194,247,269,166,2,40,84,97,101,77,3,73,110,150,168,89
20212,A,골목상권,3110847,예술인마을,2033,1270,763,3,284,468,518,409,351,3,131,269,312,253,302,0,153,199,206,156,49
20212,A,골목상권,3110903,방배아이파크아파트,13318,6720,6598,17,2219,3034,3683,2226,2139,5,678,1278,1774,1240,1745,12,1541,1756,1909,986,394
20212,A,골목상권,3110843,사당5동주민센터,856,499,357,1,74,130,224,245,182,0,30,57,123,154,135,1,44,73,101,91,47
20212,A,골목상권,3110898,청림동주민센터(상도중학교),3140,1745,1395,2,453,1024,1007,483,171,1,197,571,572,281,123,1,256,453,435,202,48
20212,A,골목상권,3110835,상도역 1번,1284,685,599,4,217,336,311,268,148,2,91,204,169,124,95,2,126,132,142,144,53
20212,A,골목상권,3110830,상도초등학교,1099,508,591,0,192,255,269,254,129,0,84,114,104,127,79,0,108,141,165,127,50
20212,A,골목상권,3110863,난우초등학교,1274,596,678,21,162,252,274,330,235,16,65,112,116,144,143,5,97,140,158,186,92
20212,A,골목상권,3110882,신성초등학교,1461,843,618,4,181,268,423,344,241,1,87,139,232,207,177,3,94,129,191,137,64
20212,A,골목상권,3110867,국제신학대학원대학교(남서울중학교),1284,802,482,3,150,289,290,284,268,1,93,193,167,179,169,2,57,96,123,105,99
20212,A,골목상권,3110871,신원동주민센터,1221,662,559,5,110,197,235,300,374,0,62,122,135,146,197,5,48,75,100,154,177
20212,A,골목상권,3110864,신림우방아파트,3078,2254,824,2,485,863,972,582,174,2,229,637,794,472,120,0,256,226,178,110,54
20212,A,골목상권,3110917,서초소방서,10472,8160,2312,29,1128,2908,2901,2625,881,18,710,2263,2404,2117,648,11,418,645,497,508,233
20212,A,골목상권,3110927,잠원역,3312,2219,1093,5,550,1142,865,499,251,3,321,787,627,322,159,2,229,355,238,177,92
20212,A,골목상권,3110915,서래초등학교,89045,79397,9648,58,9613,19204,23591,33698,2881,23,6991,15974,21216,32574,2619,35,2622,3230,2375,1124,262
20212,A,골목상권,3110918,방배역 3번,7950,4877,3073,25,1436,1942,1884,1479,1184,9,623,1168,1279,916,882,16,813,774,605,563,302
20212,A,골목상권,3110926,신중초등학교,18935,13842,5093,26,2537,6187,5342,3491,1352,11,1323,4503,4347,2701,957,15,1214,1684,995,790,395
20212,A,골목상권,3110928,서초우방유쉘아파트,8601,5394,3207,32,1319,2349,2192,1755,954,20,686,1554,1461,1019,654,12,633,795,731,736,300
20212,A,골목상권,3110941,언남고등학교,3148,2001,1147,15,501,854,828,599,351,13,285,552,530,367,254,2,216,302,298,232,97
20212,A,골목상권,3110977,논현로18길,8768,6092,2676,17,1345,2688,2352,1426,940,7,731,1839,1812,1000,703,10,614,849,540,426,237
20212,A,골목상권,3110956,언주역 8번,10460,6708,3752,44,2484,3229,2399,1398,906,30,1284,2052,1709,952,681,14,1200,1177,690,446,225
20212,A,골목상권,3110961,언주역 3번,19048,12835,6213,40,3657,5606,4187,2889,2669,10,1697,3702,3162,2277,1987,30,1960,1904,1025,612,682
20212,A,골목상권,3110970,학동초등학교,8274,4686,3588,35,1750,2524,1972,1193,800,17,746,1341,1253,767,562,18,1004,1183,719,426,238
20212,A,골목상권,3110986,삼성중앙역 7번,7054,4250,2804,39,1478,2059,1499,883,1096,9,622,1271,1051,561,736,30,856,788,448,322,360
20212,A,골목상권,3110958,역삼역 4번,13145,7672,5473,25,2620,4104,3148,1957,1291,13,968,2265,2168,1344,914,12,1652,1839,980,613,377
20212,A,골목상권,3111025,경찰병원역 3번,9858,5487,4371,53,1071,1688,1733,1768,3545,24,506,1023,1074,799,2061,29,565,665,659,969,1484
20212,A,골목상권,3111029,오금역 4번,6170,4510,1660,14,1076,1905,1533,1053,589,8,670,1374,1159,778,521,6,406,531,374,275,68
20212,A,골목상권,3111023,문정역 1번,3188,1943,1245,5,559,689,779,662,494,2,274,426,517,382,342,3,285,263,262,280,152
20212,A,골목상권,3111042,거여역 1번(거여공원),4647,2955,1692,20,677,1102,1208,1011,629,16,473,746,745,568,407,4,204,356,463,443,222
20212,A,골목상권,3111006,석촌고분역 1번,13231,9393,3838,32,1634,2684,3221,2686,2974,27,996,1913,2319,1807,2331,5,638,771,902,879,643
20212,A,골목상권,3111090,강일동주민센터,199,120,79,0,24,45,67,44,19,0,9,25,41,30,15,0,15,20,26,14,4
20212,A,골목상권,3111068,강동성심병원,3440,1771,1669,8,770,842,809,570,441,5,225,389,495,352,305,3,545,453,314,218,136
20212,A,골목상권,3111065,천일초등학교,1242,677,565,2,112,177,234,284,433,2,39,75,105,131,325,0,73,102,129,153,108
20212,A,골목상권,3111060,암사역 2번(서울강동초등학교),3038,1600,1438,3,337,620,746,749,583,2,117,297,376,407,401,1,220,323,370,342,182
20212,A,골목상권,3111054,암사역 4번(삼성광나루아파트),3175,1255,1920,2,329,487,578,782,997,2,142,257,245,207,402,0,187,230,333,575,595
20212,A,골목상권,3111049,천호지구대(천호동자전거거리),1795,986,809,7,217,342,414,400,415,3,102,177,213,206,285,4,115,165,201,194,130
20212,A,골목상권,3110007,사직공원(한국사회과학도서관),2261,1151,1110,4,393,616,566,444,238,2,142,279,306,251,171,2,251,337,260,193,67
20212,A,골목상권,3110531,홍지문,828,402,426,2,118,219,178,187,124,0,39,117,90,81,75,2,79,102,88,106,49
20212,A,골목상권,3110010,평창동서측,8863,4827,4036,16,958,2387,3264,1811,427,1,407,1007,1802,1306,304,15,551,1380,1462,505,123
20212,A,골목상권,3110013,체부동홍종문가옥,1116,630,486,4,122,231,265,248,246,0,42,116,139,143,190,4,80,115,126,105,56
20212,A,골목상권,3110051,한양공고앞 교차로,1270,665,605,0,194,259,304,324,189,0,76,137,166,173,113,0,118,122,138,151,76
20212,A,골목상권,3110587,공덕동주민센터,4777,2727,2050,20,903,1328,1318,886,322,3,450,775,774,531,194,17,453,553,544,355,128
20212,A,골목상권,3110075,숙대입구역 1번,11721,3647,8074,164,6494,2357,1245,865,596,15,739,1093,761,587,452,149,5755,1264,484,278,144
20212,A,골목상권,3110094,오산중학교,293,171,122,0,19,48,84,96,46,0,8,24,50,58,31,0,11,24,34,38,15
20212,A,골목상권,3110093,우사단길,5722,3218,2504,28,1105,1870,1447,876,396,11,353,986,985,650,233,17,752,884,462,226,163
20212,A,골목상권,3110089,서빙고동주민센터,1027,643,384,1,125,313,300,153,135,0,47,186,191,106,113,1,78,127,109,47,22
20212,A,골목상권,3110064,효창공원앞역 2번,3452,2255,1197,8,448,903,911,799,383,7,272,598,596,522,260,1,176,305,315,277,123
20212,A,골목상권,3110109,금호삼성래미안아파트,2637,1124,1513,17,315,812,1046,338,109,1,116,291,459,171,86,16,199,521,587,167,23
20212,A,골목상권,3110126,서울숲역 1번,3085,1944,1141,11,616,755,648,538,517,5,355,479,400,356,349,6,261,276,248,182,168
20212,A,골목상권,3110108,성동구립금호도서관,186,90,96,0,24,35,54,55,18,0,12,20,24,19,15,0,12,15,30,36,3
20212,A,골목상권,3110104,신금호역 4번,732,398,334,0,85,142,175,168,162,0,25,62,94,95,122,0,60,80,81,73,40
20212,A,골목상권,3110115,상왕십리역 3번,4711,2086,2625,18,803,828,947,1248,867,3,269,473,519,510,312,15,534,355,428,738,555
20212,A,골목상권,3110135,성동세무서,6003,3797,2206,7,862,1512,1538,1291,793,5,450,954,1006,780,602,2,412,558,532,511,191
20212,A,골목상권,3110133,서울교통공사,4981,3435,1546,23,1308,1313,957,778,602,20,760,917,708,550,480,3,548,396,249,228,122
20212,A,골목상권,3110130,답십리역 6번,5008,2174,2834,4,714,1041,1495,1390,364,2,492,707,504,247,222,2,222,334,991,1143,142
20212,A,골목상권,3110170,동대부여고,1909,989,920,3,252,420,535,456,243,1,90,195,287,248,168,2,162,225,248,208,75
20212,A,골목상권,3110172,광진초등학교,2650,1482,1168,56,464,506,558,636,430,25,237,266,298,348,308,31,227,240,260,288,122
20212,A,골목상권,3110173,구남초등학교,6227,3640,2587,15,457,1113,1646,2007,989,4,265,728,1023,979,641,11,192,385,623,1028,348
20212,A,골목상권,3110143,뚝섬유원지역 1번,1815,1480,335,4,196,506,523,433,153,1,151,416,440,351,121,3,45,90,83,82,32
20212,A,골목상권,3110165,국립정신건강센터,2364,1365,999,3,223,480,601,647,410,0,85,228,319,404,329,3,138,252,282,243,81
20212,A,골목상권,3110185,용두초등학교,8144,4248,3896,8,666,1891,2614,2141,824,3,322,1123,1308,948,544,5,344,768,1306,1193,280
20212,A,골목상권,3110313,안암역 3번,4007,2603,1404,7,479,974,1134,933,480,3,232,606,749,655,358,4,247,368,385,278,122
20212,A,골목상권,3110205,경희대삼거리,2042,1155,887,3,307,699,408,383,242,2,146,461,194,203,149,1,161,238,214,180,93
20212,A,골목상권,3110263,면목역 1번,2374,1295,1079,3,342,596,740,505,188,0,167,400,365,229,134,3,175,196,375,276,54
20212,A,골목상권,3110265,망우역 1번,2560,1588,972,13,240,367,540,748,652,2,93,155,261,513,564,11,147,212,279,235,88
20212,A,골목상권,3110272,신내1동주민센터,3286,2011,1275,4,411,585,632,841,813,4,214,329,339,496,629,0,197,256,293,345,184
20212,A,골목상권,3110429,공릉동 국수거리,4838,2587,2251,6,483,668,995,1400,1286,2,224,366,498,716,781,4,259,302,497,684,505
20212,A,골목상권,3110307,길음역 7번,2161,758,1403,9,665,611,420,293,163,0,120,232,163,133,110,9,545,379,257,160,53
20212,A,골목상권,3110310,길음역 10번,1961,875,1086,9,604,603,400,252,93,0,140,299,228,141,67,9,464,304,172,111,26
20212,A,골목상권,3110288,동구여중,1859,769,1090,6,181,454,656,400,162,0,55,184,238,173,119,6,126,270,418,227,43
20212,A,골목상권,3110326,장위동성당,1271,741,530,3,141,245,334,297,251,3,57,121,191,187,182,0,84,124,143,110,69
20212,A,골목상권,3110282,국민대학교앞,1906,1357,549,15,321,599,445,311,215,14,185,437,349,245,127,1,136,162,96,66,88
20212,A,골목상권,3110358,인수동 우편취급국,1765,939,826,2,170,270,351,489,483,0,51,121,160,260,347,2,119,149,191,229,136
20212,A,골목상권,3110404,신창초등학교,1553,862,691,11,174,258,430,465,215,8,68,144,234,271,137,3,106,114,196,194,78
20212,A,골목상권,3110380,강북문화정보도서관,592,293,299,0,63,86,106,169,168,0,17,49,52,80,95,0,46,37,54,89,73
20212,A,골목상권,3110370,도봉세무서,1155,642,513,7,84,180,290,317,277,6,25,81,136,177,217,1,59,99,154,140,60
20212,A,골목상권,3110359,수유시장옆,1979,746,1233,2,174,251,355,450,747,0,62,112,146,178,248,2,112,139,209,272,499
20212,A,골목상권,3110366,광산사거리,1102,553,549,2,152,230,302,260,156,0,71,120,146,119,97,2,81,110,156,141,59
20212,A,골목상권,3110391,샘말어린이공원,1105,495,610,0,95,176,215,283,336,0,30,73,100,108,184,0,65,103,115,175,152
20212,A,골목상권,3110386,연산군묘,898,534,364,0,132,210,207,211,138,0,60,118,124,120,112,0,72,92,83,91,26
20212,A,골목상권,3110385,효문고등학교,492,210,282,0,72,109,138,115,58,0,15,34,51,62,48,0,57,75,87,53,10
20212,A,골목상권,3110396,쌍문역1번(쌍리단길),873,388,485,4,110,167,201,233,158,1,36,63,88,108,92,3,74,104,113,125,66
20212,A,골목상권,3110438,경춘선숲길 우측,1262,670,592,2,165,313,395,265,122,1,79,159,202,145,84,1,86,154,193,120,38
20212,A,골목상권,3110472,연신내역 4번,2101,1115,986,9,291,420,561,452,368,4,112,235,265,229,270,5,179,185,296,223,98
20212,A,골목상권,3110458,선일여고,1561,717,844,5,204,370,371,412,199,2,85,168,169,166,127,3,119,202,202,246,72
20212,A,골목상권,3110460,구산역 4번,4098,2463,1635,10,303,617,938,1372,858,6,136,347,489,872,613,4,167,270,449,500,245
20212,A,골목상권,3110450,시립서북병원,3765,1891,1874,8,699,863,827,786,582,2,293,433,413,369,381,6,406,430,414,417,201
20212,A,골목상권,3110456,구산보건지소,2822,1445,1377,11,571,580,644,581,435,3,244,277,308,315,298,8,327,303,336,266,137
20212,A,골목상권,3110486,은평구청,3565,1859,1706,8,390,827,963,954,423,5,183,376,460,548,287,3,207,451,503,406,136
20212,A,골목상권,3110484,역촌역 3번,1849,903,946,7,208,399,493,442,300,5,86,179,219,212,202,2,122,220,274,230,98
20212,A,골목상권,3110461,새절역 2번,927,505,422,2,86,134,215,259,231,1,30,51,97,146,180,1,56,83,118,113,51
20212,A,골목상권,3110445,덕산중학교,1113,537,576,5,235,253,205,221,194,0,73,130,116,94,124,5,162,123,89,127,70
20212,A,골목상권,3110451,증산역 4번,2598,1818,780,3,354,592,647,619,383,2,156,421,488,450,301,1,198,171,159,169,82
20212,A,골목상권,3110446,내를건너서숲으로도서관,760,517,243,0,100,159,174,187,140,0,83,108,97,110,119,0,17,51,77,77,21
20212,A,골목상권,3110504,명지전문대,601,306,295,1,61,72,145,194,128,0,30,29,70,105,72,1,31,43,75,89,56
20211,A,골목상권,3110919,내방역 8번,17656,12077,5579,47,2980,5187,5004,3205,1233,19,1390,3288,3826,2627,927,28,1590,1899,1178,578,306
20211,A,골목상권,3110908,구반포역,8972,4814,4158,21,1548,2263,2440,2159,541,21,607,1187,1452,1153,394,0,941,1076,988,1006,147
20211,A,골목상권,3110916,내방역 4번,9127,6122,3005,73,1885,2725,2144,1385,915,60,1124,1946,1492,851,649,13,761,779,652,534,266
20211,A,골목상권,3110914,내방역 6번,6099,3888,2211,13,1069,1570,1366,1162,919,9,527,958,903,780,711,4,542,612,463,382,208
20211,A,골목상권,3110981,국악고교사거리,4814,3009,1805,11,674,1061,1231,1002,835,3,342,675,767,584,638,8,332,386,464,418,197
20211,A,골목상권,3110952,논현목련공원,6619,4360,2259,19,1063,1760,1774,1271,732,13,616,1186,1215,839,491,6,447,574,559,432,241
20211,A,골목상권,3110953,학동근린공원,21063,12969,8094,82,5828,6708,4428,2577,1440,26,2619,4180,3209,1850,1085,56,3209,2528,1219,727,355
20211,A,골목상권,3110968,강남구청역 2번,13705,8449,5256,49,2620,3694,3410,2525,1407,16,1163,2112,2388,1751,1019,33,1457,1582,1022,774,388
20211,A,골목상권,3110966,논현2동주민센터,18787,11747,7040,55,3807,5812,4775,2774,1564,16,1620,3352,3408,2154,1197,39,2187,2460,1367,620,367
20211,A,골목상권,3110973,강남구청역 4번,10030,5790,4240,39,1911,2711,2341,1849,1179,16,845,1639,1467,1073,750,23,1066,1072,874,776,429
20211,A,골목상권,3110996,대치2동주민센터,35867,16914,18953,262,6657,8765,8045,7435,4703,105,3082,5222,4330,2505,1670,157,3575,3543,3715,4930,3033
20211,A,골목상권,3110982,강남구보훈회관,4003,2221,1782,8,984,1036,920,571,484,5,350,614,590,298,364,3,634,422,330,273,120
20211,A,골목상권,3111002,한국교통안전공단 강남자동차검사소,409,194,215,0,27,74,87,129,92,0,8,39,41,58,48,0,19,35,46,71,44
20211,A,골목상권,3110987,영동대교남단,6140,4147,1993,37,1147,1773,1594,1067,522,17,553,1233,1221,750,373,20,594,540,373,317,149
20211,A,골목상권,3111022,석촌중학교(방이육교),7523,4484,3039,23,1128,1955,1970,1642,805,9,549,1248,1293,845,540,14,579,707,677,797,265
20211,A,골목상권,3111041,거여역 8번,2127,1468,659,8,544,521,474,308,272,6,288,381,370,220,203,2,256,140,104,88,69
20211,A,골목상권,3111031,장지동주민센터(한림연예예술고교),34991,27580,7411,16,3048,6307,10062,13354,2204,7,1885,4657,7895,11621,1515,9,1163,1650,2167,1733,689
20211,A,골목상권,3111014,송파나루역 2번,9836,5551,4285,11,1370,2414,2283,2319,1439,5,597,1499,1467,1202,781,6,773,915,816,1117,658
20211,A,골목상권,3111073,둔촌동역 1번(한산중학교),3288,1796,1492,11,429,739,851,706,552,8,165,384,502,371,366,3,264,355,349,335,186
20211,A,골목상권,3110002,독립문역 1번,616,177,439,7,166,170,151,84,38,6,34,34,51,28,24,1,132,136,100,56,14
20211,A,골목상권,3111072,굽은다리역 1번(십자성마을),2946,1789,1157,8,298,573,759,699,609,3,146,346,440,433,421,5,152,227,319,266,188
20211,A,골목상권,3111084,길동신동아아파트,1097,568,529,2,102,184,201,327,281,2,56,104,100,149,157,0,46,80,101,178,124
20211,A,골목상권,3110017,정독도서관,4793,3571,1222,1,747,1261,1255,1054,475,1,404,870,1019,890,387,0,343,391,236,164,88
20211,A,골목상권,3110004,대신고등학교,402,232,170,6,56,96,96,104,44,5,32,54,54,53,34,1,24,42,42,51,10
20211,A,골목상권,3110031,창신역 1번,499,243,256,2,65,123,115,127,67,0,17,56,56,68,46,2,48,67,59,59,21
20211,A,골목상권,3110181,신설동역 9번,11325,6319,5006,32,1034,2438,3253,2841,1727,17,532,1500,1747,1415,1108,15,502,938,1506,1426,619
20211,A,골목상권,3110025,충신시장옆,2953,1750,1203,6,522,768,705,591,361,1,198,408,447,419,277,5,324,360,258,172,84
20211,A,골목상권,3110291,한성대입구역 3번,2792,1638,1154,3,210,450,857,801,471,1,83,257,522,485,290,2,127,193,335,316,181
20211,A,골목상권,3110026,종로5가역 4번,1316,680,636,4,165,282,370,283,212,1,63,132,176,155,153,3,102,150,194,128,59
20211,A,골목상권,3110016,평창동동측,12725,5785,6940,17,1035,3438,5042,2657,536,8,355,1373,2545,1209,295,9,680,2065,2497,1448,241
20211,A,골목상권,3110020,서울국제고등학교,2158,1200,958,4,389,630,516,385,234,3,162,347,310,219,159,1,227,283,206,166,75
20211,A,골목상권,3110048,장충동주민센터,10743,5949,4794,32,1907,2975,2905,2265,659,5,684,1762,1731,1314,453,27,1223,1213,1174,951,206
20211,A,골목상권,3110046,버티고개,2463,1750,713,3,241,901,673,506,139,0,143,678,502,330,97,3,98,223,171,176,42
20211,A,골목상권,3110047,다산성곽길,5084,2935,2149,11,1086,1445,1154,887,501,3,410,865,765,531,361,8,676,580,389,356,140
20211,A,골목상권,3110539,미근동,12732,7479,5253,42,2010,4180,3436,2242,822,19,832,2371,2093,1519,645,23,1178,1809,1343,723,177
20211,A,골목상권,3110110,상왕십리역 6번,2405,1457,948,12,383,537,534,531,408,3,127,319,375,375,258,9,256,218,159,156,150
20211,A,골목상권,3110066,서울역 15번,4167,2123,2044,9,838,1274,877,641,528,4,288,582,482,374,393,5,550,692,395,267,135
20211,A,골목상권,3110591,충정로역 6번,3780,2155,1625,0,729,1051,1004,652,344,0,358,619,586,387,205,0,371,432,418,265,139
20211,A,골목상권,3110086,이태원역 북측,13166,6107,7059,36,4072,5077,2603,1007,371,14,1114,2293,1610,799,277,22,2958,2784,993,208,94
20211,A,골목상권,3110085,경리단길남측,12274,5390,6884,26,3823,4925,2402,861,237,12,993,2133,1397,675,180,14,2830,2792,1005,186,57
20211,A,골목상권,3110105,금동어린이공원,2664,1110,1554,16,327,830,1025,337,129,1,110,292,450,175,82,15,217,538,575,162,47
20211,A,골목상권,3110116,청계천박물관,6537,4739,1798,43,541,1177,1527,2151,1098,31,326,844,1178,1561,799,12,215,333,349,590,299
20211,A,골목상권,3110128,성원중학교,3542,2310,1232,18,454,892,940,801,437,8,266,660,634,494,248,10,188,232,306,307,189
20211,A,골목상권,3110120,서울숲카페거리,835,506,329,0,85,162,225,202,161,0,41,83,109,130,143,0,44,79,116,72,18
20211,A,골목상권,3110124,뚝섬역교차로,2595,1874,721,12,366,472,586,575,584,10,183,303,387,461,530,2,183,169,199,114,54
20211,A,골목상권,3110129,성원어린이공원,3599,2300,1299,18,579,846,820,729,607,14,311,541,561,470,403,4,268,305,259,259,204
20211,A,골목상권,3110132,성수2가3동주민센터,3491,2130,1361,9,415,835,861,811,560,8,209,510,554,495,354,1,206,325,307,316,206
20211,A,골목상권,3110223,군자초등학교,3357,2271,1086,35,621,967,788,549,397,8,327,680,552,382,322,27,294,287,236,167,75
20211,A,골목상권,3110111,대현산장미원,74,52,22,0,7,13,12,21,21,0,6,5,6,16,19,0,1,8,6,5,2
20211,A,골목상권,3110166,구의1동주민센터,13530,10491,3039,13,880,2121,3757,5357,1402,11,448,1352,2902,4600,1178,2,432,769,855,757,224
20211,A,골목상권,3110160,광진경찰서,1622,1121,501,1,270,514,389,345,103,1,174,364,263,239,80,0,96,150,126,106,23
20211,A,골목상권,3110164,아차산역 5번,2452,1482,970,7,311,484,595,582,473,2,153,274,370,328,355,5,158,210,225,254,118
20211,A,골목상권,3110145,장안초등학교,626,318,308,0,48,90,132,215,141,0,20,45,59,100,94,0,28,45,73,115,47
20211,A,골목상권,3110158,중곡3동주민센터,1689,1085,604,3,201,401,431,405,248,0,113,280,259,259,174,3,88,121,172,146,74
20211,A,골목상권,3110253,중곡초등학교,1551,1093,458,2,104,216,386,589,254,1,47,124,250,474,197,1,57,92,136,115,57
20211,A,골목상권,3110227,답십리공원,3666,2141,1525,43,1527,620,564,543,369,25,873,404,327,274,238,18,654,216,237,269,131
20211,A,골목상권,3110192,동의보감타워,1689,798,891,2,156,273,358,433,467,0,54,114,189,200,241,2,102,159,169,233,226
20211,A,골목상권,3110182,용두희망어린이공원,6164,2634,3530,4,747,1233,1297,1729,1154,0,240,665,668,567,494,4,507,568,629,1162,660
20211,A,골목상권,3110208,시조사삼거리,1810,1056,754,3,255,573,311,351,317,2,120,403,184,193,154,1,135,170,127,158,163
20211,A,골목상권,3110191,고려대역 6번,817,524,293,1,45,155,267,206,143,1,24,76,163,146,114,0,21,79,104,60,29
20211,A,골목상권,3110193,고려대역 4번,827,531,296,1,49,167,287,216,107,1,25,93,176,149,87,0,24,74,111,67,20
20211,A,골목상권,3110274,서일대학교,1874,1209,665,2,153,270,455,529,465,1,54,150,285,380,339,1,99,120,170,149,126
20211,A,골목상권,3110270,혜원여고,1057,631,426,0,86,153,246,300,272,0,32,87,130,187,195,0,54,66,116,113,77
20211,A,골목상권,3110277,러스크서울병원,1417,798,619,5,161,220,285,429,317,1,56,69,143,266,263,4,105,151,142,163,54
20211,A,골목상권,3110249,중화역 1번,2900,1839,1061,1,380,672,715,696,436,1,208,379,410,482,359,0,172,293,305,214,77
20211,A,골목상권,3110250,화랑대역 7번,1016,501,515,5,84,215,300,277,135,1,28,102,135,142,93,4,56,113,165,135,42
20211,A,골목상권,3110235,세화어린이공원,352,192,160,6,86,56,94,66,44,5,50,30,41,35,31,1,36,26,53,31,13
20211,A,골목상권,3110306,미아초등학교,5040,2548,2492,418,2027,1281,681,387,246,176,903,701,375,192,201,242,1124,580,306,195,45
20211,A,골목상권,3110304,보문역 4번,3586,1900,1686,4,465,1014,939,889,275,3,200,485,478,545,189,1,265,529,461,344,86
20211,A,골목상권,3110336,석관고등학교,933,606,327,1,108,181,209,262,172,0,57,97,124,192,136,1,51,84,85,70,36
20211,A,골목상권,3110327,상월곡역 2번,1727,1049,678,4,291,422,476,347,187,1,146,269,289,200,144,3,145,153,187,147,43
20211,A,골목상권,3110330,돌곶이역 1번,785,481,304,1,83,124,161,170,246,0,26,63,88,101,203,1,57,61,73,69,43
20211,A,골목상권,3110335,석계역 7번,2390,1663,727,2,154,218,357,467,1192,0,68,110,204,330,951,2,86,108,153,137,241
20211,A,골목상권,3110332,돌곶이역 3번,2136,1489,647,1,156,186,243,364,1186,0,59,94,136,223,977,1,97,92,107,141,209
20211,A,골목상권,3110389,한일병원,2913,1480,1433,1,556,681,702,645,328,1,161,333,390,368,227,0,395,348,312,277,101
20211,A,골목상권,3110347,구세군강북종합사회복지관,229,109,120,0,29,43,60,41,56,0,5,15,30,21,38,0,24,28,30,20,18
20211,A,골목상권,3110344,화계중학교,765,403,362,0,70,135,208,278,74,0,39,56,106,139,63,0,31,79,102,139,11
20211,A,골목상권,3110353,수유동우체국,2195,1467,728,0,76,117,357,593,1052,0,17,56,240,437,717,0,59,61,117,156,335
20211,A,골목상권,3110387,쌍문초등학교,1023,569,454,0,115,155,279,298,176,0,47,78,125,166,153,0,68,77,154,132,23
20211,A,골목상권,3110337,아카데미하우스,1220,817,403,6,149,254,287,330,194,6,70,184,184,207,166,0,79,70,103,123,28
20211,A,골목상권,3110397,도봉산입구,1081,690,391,0,65,132,223,329,332,0,17,63,112,226,272,0,48,69,111,103,60
20211,A,골목상권,3110406,도봉산역 1번,1282,894,388,0,35,92,248,427,480,0,12,56,183,328,315,0,23,36,65,99,165
20211,A,골목상권,3110415,수락산역 4번,3127,1795,1332,19,436,611,756,776,529,16,238,366,437,450,288,3,198,245,319,326,241
20211,A,골목상권,3110435,서울과학기술대,486,320,166,0,28,85,109,148,116,0,14,37,61,104,104,0,14,48,48,44,12
20211,A,골목상권,3110436,상계제일중학교,1604,823,781,12,185,351,391,391,274,7,70,171,207,186,182,5,115,180,184,205,92
20211,A,골목상권,3110432,대진고등학교,2273,1419,854,3,199,364,570,753,384,2,72,175,325,556,289,1,127,189,245,197,95
20211,A,골목상권,3110483,연천초등학교,1888,990,898,2,87,158,205,289,1147,1,35,83,95,136,640,1,52,75,110,153,507
20211,A,골목상권,3110491,불광중학교,467,194,273,1,38,82,132,139,75,1,13,39,53,48,40,0,25,43,79,91,35
20211,A,골목상권,3110494,증산3교남측,1503,1100,403,0,61,162,176,249,855,0,27,76,66,146,785,0,34,86,110,103,70
20211,A,골목상권,3110452,새절역 3번,1150,767,383,3,83,169,269,341,285,3,52,85,159,216,252,0,31,84,110,125,33
20211,A,골목상권,3110469,응암정보도서관,2593,1307,1286,1,277,517,711,671,416,0,105,249,330,338,285,1,172,268,381,333,131
20211,A,골목상권,3110471,응암동우체국,1068,455,613,2,131,198,295,296,146,1,38,64,109,149,94,1,93,134,186,147,52
20211,A,골목상권,3110497,가좌역 3번,3639,2210,1429,4,227,430,591,916,1471,2,157,288,394,494,875,2,70,142,197,422,596
20211,A,골목상권,3110501,연희어린이공원,1435,806,629,9,204,340,341,335,206,8,95,227,185,158,133,1,109,113,156,177,73
20211,A,골목상권,3110500,남가좌동현대아파트,219,118,101,0,28,30,52,77,32,0,13,18,25,47,15,0,15,12,27,30,17
20211,A,골목상권,3110530,아현역 1번,1285,656,629,2,341,431,249,154,108,1,130,243,133,83,66,1,211,188,116,71,42
20211,A,골목상권,3110509,연희대우아파트앞,3108,1452,1656,10,588,768,762,647,333,7,195,340,413,291,206,3,393,428,349,356,127
20211,A,골목상권,3110564,홍대입구역 3번,3719,2005,1714,13,669,919,827,753,538,9,248,448,456,453,391,4,421,471,371,300,147
20211,A,골목상권,3110524,연희세브란스병원,103,61,42,0,12,14,21,21,35,0,6,7,10,13,25,0,6,7,11,8,10
20211,A,골목상권,3110519,서대문구보건소별관,1507,688,819,1,235,290,399,374,208,1,79,135,203,162,108,0,156,155,196,212,100
20211,A,골목상권,3110576,대흥역 3번,5382,3414,1968,79,939,1223,1169,1147,825,29,466,793,820,754,552,50,473,430,349,393,273
20211,A,골목상권,3110573,신촌역 6번,3658,1638,2020,59,1952,841,356,296,154,19,740,412,168,189,110,40,1212,429,188,107,44
20211,A,골목상권,3110563,상수역 3번,1775,1091,684,20,394,537,380,269,175,14,185,322,259,186,125,6,209,215,121,83,50
20211,A,골목상권,3110621,목동역 5번,6561,3403,3158,13,1373,1658,1558,1218,741,7,459,886,925,658,468,6,914,772,633,560,273
20211,A,골목상권,3110604,신월4동주민센터,2562,1829,733,1,147,307,531,813,763,1,63,163,324,591,687,0,84,144,207,222,76
20211,A,골목상권,3110592,서울금융고등학교,1418,826,592,0,159,268,306,388,297,0,60,114,154,262,236,0,99,154,152,126,61
20211,A,골목상권,3110595,메디힐병원,2673,1506,1167,2,265,534,570,717,585,1,120,277,304,429,375,1,145,257,266,288,210
20211,A,골목상권,3110603,지향초등학교,1491,835,656,3,116,242,379,451,300,0,47,129,201,246,212,3,69,113,178,205,88
20211,A,골목상권,3110625,신정2동주민센터,16198,9820,6378,112,2886,5330,4076,2804,990,78,1380,3276,2623,1819,644,34,1506,2054,1453,985,346
20211,A,골목상권,3110694,세곡초등학교,1785,1047,738,2,177,395,445,464,302,0,103,223,225,258,238,2,74,172,220,206,64
20211,A,골목상권,3110614,목동로데오거리,2417,1098,1319,3,334,528,600,608,344,2,114,230,276,284,192,1,220,298,324,324,152
20211,A,골목상권,3110667,가양역 10번,1800,935,865,11,274,339,420,410,346,3,109,178,245,204,196,8,165,161,175,206,150
20211,A,골목상권,3110643,강서구다솔마을,965,598,367,1,130,245,288,220,81,0,61,147,186,143,61,1,69,98,102,77,20
20211,A,골목상권,3110639,신방화역 8번,2731,1181,1550,7,220,288,413,883,920,4,100,169,211,292,405,3,120,119,202,591,515
20211,A,골목상권,3110663,우장산롯데캐슬아파트앞,5359,3199,2160,30,999,1445,1422,975,488,6,423,940,917,567,346,24,576,505,505,408,142
20211,A,골목상권,3110641,공항고등학교,1128,713,415,5,140,196,275,310,202,4,68,126,151,195,169,1,72,70,124,115,33
20211,A,골목상권,3110633,개화산역 1번,1889,1400,489,5,147,329,613,532,263,3,96,226,475,385,215,2,51,103,138,147,48
20211,A,골목상권,3110642,정곡초등학교,685,546,139,4,37,93,162,180,209,3,26,69,120,144,184,1,11,24,42,36,25
20211,A,골목상권,3110678,염창무학아파트,1394,954,440,1,153,288,345,353,254,1,67,196,230,253,207,0,86,92,115,100,47
20211,A,골목상권,3110653,화곡역 2번,3217,1604,1613,4,830,737,647,610,389,2,234,386,349,374,259,2,596,351,298,236,130
20211,A,골목상권,3110664,강서구청옆,5115,3052,2063,3,737,1589,1285,1162,339,2,325,916,765,801,243,1,412,673,520,361,96
20211,A,골목상권,3110661,강서새말어린이공원,5000,2990,2010,3,614,1412,1299,1279,393,1,264,757,773,902,293,2,350,655,526,377,100
20211,A,골목상권,3110710,남구로역 3번,11294,7278,4016,42,2025,3289,2861,1783,1294,27,997,2122,1963,1237,932,15,1028,1167,898,546,362
20211,A,골목상권,3110683,오류고등학교,947,549,398,2,104,203,251,259,128,0,46,117,149,161,76,2,58,86,102,98,52
20211,A,골목상권,3110687,"천왕역 3번(오류2동주민센터, 서울오류남초등학교)",611,327,284,2,64,145,181,164,55,0,25,67,94,101,40,2,39,78,87,63,15
20211,A,골목상권,3110740,금천해태공원,2272,1221,1051,12,314,449,585,607,305,12,140,242,307,289,231,0,174,207,278,318,74
20211,A,골목상권,3110733,금천어울림복지센터,1394,848,546,6,220,294,309,352,213,6,95,175,196,198,178,0,125,119,113,154,35
20211,A,골목상권,3110739,시흥3동 우편취급국,6057,3396,2661,12,415,798,1378,1593,1861,3,218,521,767,793,1094,9,197,277,611,800,767
20211,A,골목상권,3110794,영동초등학교,6731,4384,2347,7,908,1678,1868,1488,782,4,484,1187,1296,880,533,3,424,491,572,608,249
20211,A,골목상권,3110796,한림대학교한강성심병원,4703,2546,2157,8,1205,1185,1032,730,543,0,356,602,664,496,428,8,849,583,368,234,115
20211,A,골목상권,3110773,당산역 13번,2296,1625,671,5,321,455,469,433,613,2,200,319,306,314,484,3,121,136,163,119,129
20211,A,골목상권,3110775,대동초등학교,2205,1172,1033,3,265,305,440,491,701,2,87,154,225,267,437,1,178,151,215,224,264
20211,A,골목상권,3110802,신길동홍어거리,1688,958,730,2,163,356,336,340,491,0,66,161,165,198,368,2,97,195,171,142,123
20211,A,골목상권,3110814,서울지방병무청,7231,4542,2689,9,1277,1559,1449,2091,846,3,648,1005,888,1436,562,6,629,554,561,655,284
20211,A,골목상권,3110791,신풍역 3번,962,409,553,2,107,204,340,219,90,1,55,84,106,98,65,1,52,120,234,121,25
20211,A,골목상권,3110826,장승배기역 4번,1539,717,822,2,208,317,383,327,302,1,88,174,163,145,146,1,120,143,220,182,156
20211,A,골목상권,3110846,남성역 1번,3023,1643,1380,6,279,488,722,688,840,4,110,241,329,370,589,2,169,247,393,318,251
20211,A,골목상권,3110849,이수역 10번,2020,917,1103,9,243,385,555,503,325,3,74,176,237,222,205,6,169,209,318,281,120
20211,A,골목상권,3110904,이수역 5번,7580,3075,4505,27,1481,1942,1814,1328,988,11,481,754,719,541,569,16,1000,1188,1095,787,419
20211,A,골목상권,3110845,사당종합체육관,2216,1328,888,1,343,604,608,487,173,0,142,347,418,296,125,1,201,257,190,191,48
20211,A,골목상권,3110838,상도1동주민센터앞,470,279,191,0,38,134,125,108,65,0,24,64,76,59,56,0,14,70,49,49,9
20211,A,골목상권,3110842,흑리단길,333,124,209,1,42,51,91,88,60,0,9,16,31,31,37,1,33,35,60,57,23
20211,A,골목상권,3110895,샤로수길,9100,5774,3326,22,1457,2643,2011,1949,1018,12,741,1663,1249,1320,789,10,716,980,762,629,229
20211,A,골목상권,3110862,난곡초등학교(난곡동벽화마을),751,369,382,4,90,142,198,179,138,2,33,61,89,89,95,2,57,81,109,90,43
20211,A,골목상권,3110881,구립대학경로당(관악산샘말공원),3491,2506,985,7,487,876,989,802,330,2,285,574,762,628,255,5,202,302,227,174,75
20211,A,골목상권,3110868,남부초등학교,1203,669,534,1,119,222,307,292,262,1,58,121,153,170,166,0,61,101,154,122,96
20211,A,골목상권,3110884,봉천역 4번(봉천110안전센터),2449,1248,1201,5,344,475,517,594,514,2,117,236,287,288,318,3,227,239,230,306,196
20211,A,골목상권,3110945,본마을노인복지센터(서초구립내곡도서관),282,173,109,3,60,68,60,61,30,3,24,39,39,44,24,0,36,29,21,17,6
20211,A,골목상권,3110923,방배역 1번,7685,4925,2760,99,1271,2216,1992,1225,882,30,656,1274,1396,874,695,69,615,942,596,351,187
20211,A,골목상권,3110911,방배배수지체육공원,5174,3320,1854,19,999,1738,1199,574,645,7,472,1151,868,368,454,12,527,587,331,206,191
20211,A,골목상권,3110925,서초중학교,7154,4224,2930,46,1556,2069,1769,1060,654,22,621,1233,1169,687,492,24,935,836,600,373,162
20211,A,골목상권,3110939,양재역 8번(양재동우체국),41563,20436,21127,491,8989,10005,11680,7308,3090,234,4386,5999,4772,2772,2273,257,4603,4006,6908,4536,817
20211,A,골목상권,3110957,언북중학교,19599,10831,8768,50,4379,6251,4791,2651,1477,12,1584,3303,3059,1807,1066,38,2795,2948,1732,844,411
20211,A,골목상권,3110965,언주역 6번,9740,5517,4223,23,2101,3089,2326,1335,866,8,808,1801,1548,764,588,15,1293,1288,778,571,278
20211,A,골목상권,3110989,대치동아우편취급국,11455,6945,4510,30,1728,2699,2466,2216,2316,10,807,1670,1718,1423,1317,20,921,1029,748,793,999
20211,A,골목상권,3110976,언북초등학교,7421,3945,3476,22,1768,2422,1579,974,656,5,662,1328,981,573,396,17,1106,1094,598,401,260
20211,A,골목상권,3111013,송파나루역 1번(송리단길),13204,8353,4851,24,2104,4019,3310,2243,1504,8,1026,2562,2230,1466,1061,16,1078,1457,1080,777,443
20211,A,골목상권,3111009,송파책박물관,1894,1412,482,3,218,363,367,454,489,1,177,296,267,293,378,2,41,67,100,161,111
20211,A,골목상권,3111036,투구봉어린이공원,2144,1386,758,11,342,562,503,501,225,9,231,389,324,276,157,2,111,173,179,225,68
20211,A,골목상권,3111039,벌말어린이공원,2919,1879,1040,10,337,724,752,674,422,9,200,492,489,409,280,1,137,232,263,265,142
20211,A,골목상권,3111063,강동구립 천호도서관,2780,1638,1142,5,183,340,451,548,1253,5,84,173,243,277,856,0,99,167,208,271,397
20211,A,골목상권,3111075,굽은다리역 2번,2417,1284,1133,3,301,474,580,612,447,1,128,269,277,326,283,2,173,205,303,286,164
20211,A,골목상권,3111058,성내중학교,2021,1203,818,3,223,404,536,552,303,1,135,242,295,323,207,2,88,162,241,229,96
20211,A,골목상권,3111055,선사초등학교,1504,437,1067,1,125,210,322,498,348,0,66,114,117,64,76,1,59,96,205,434,272
20211,A,골목상권,3110535,영천시장입구,1407,635,772,2,148,229,338,457,233,2,47,91,151,210,134,0,101,138,187,247,99
20211,A,골목상권,3110009,자하문터널,2236,1348,888,1,463,684,579,375,134,1,207,424,359,259,98,0,256,260,220,116,36
20211,A,골목상권,3110033,창신역 4번,852,441,411,1,111,175,201,230,134,0,33,87,107,143,71,1,78,88,94,87,63
20211,A,골목상권,3110023,서울대병원,2374,1256,1118,7,511,735,518,390,213,2,179,349,299,269,158,5,332,386,219,121,55
20211,A,골목상권,3110022,경신고등학교,5909,2689,3220,26,974,1661,1479,1083,686,19,336,787,696,497,354,7,638,874,783,586,332
20211,A,골목상권,3110280,북정마을,1209,815,394,9,195,326,356,231,92,2,107,241,255,149,61,7,88,85,101,82,31
20211,A,골목상권,3110044,관성묘,34192,15760,18432,442,11564,8837,6437,4830,2082,190,5585,5080,3417,1066,422,252,5979,3757,3020,3764,1660
20211,A,골목상권,3110590,만리재,1137,499,638,0,203,311,256,242,125,0,72,138,121,98,70,0,131,173,135,144,55
20211,A,골목상권,3110538,충정로역 3번,6660,3985,2675,3,1234,1988,1797,1041,597,2,614,1164,1117,687,401,1,620,824,680,354,196
20211,A,골목상권,3110074,서울역 12번,26467,15378,11089,166,9386,8469,5337,2396,713,16,2581,5612,4442,2143,584,150,6805,2857,895,253,129
20211,A,골목상권,3110079,후암동주민센터,23635,17320,6315,25,4338,8442,6036,3464,1330,14,2507,5969,5038,2823,969,11,1831,2473,998,641,361
20211,A,골목상권,3110084,경리단길북측,1137,629,508,2,162,321,292,215,145,0,72,172,152,124,109,2,90,149,140,91,36
20211,A,골목상권,3110081,해방촌 남동측,1004,549,455,0,167,274,244,214,105,0,70,167,133,107,72,0,97,107,111,107,33
20211,A,골목상권,3110071,한강미주맨션아파트,7694,4336,3358,39,937,1689,2729,1822,478,30,410,993,1467,1121,315,9,527,696,1262,701,163
20211,A,골목상권,3110070,용산세무서,4544,2531,2013,7,511,842,1763,1106,315,0,317,511,830,654,219,7,194,331,933,452,96
20211,A,골목상권,3110062,한강로동땡땡거리(은행나무길),6939,4293,2646,11,881,2017,1923,1394,713,7,381,1078,1310,1036,481,4,500,939,613,358,232
20211,A,골목상권,3110101,옥정중학교,7875,6553,1322,8,667,2533,2557,1899,211,4,336,1961,2280,1793,179,4,331,572,277,106,32
20211,A,골목상권,3110102,옥수역 6번,3841,1318,2523,3,1030,1177,844,551,236,0,231,368,353,245,121,3,799,809,491,306,115
20211,A,골목상권,3110142,화양사거리,2804,1663,1141,4,514,723,673,527,363,1,251,457,441,258,255,3,263,266,232,269,108
20211,A,골목상권,3110179,광나루역 1번,5756,3390,2366,160,2246,981,941,998,430,51,1063,679,646,684,267,109,1183,302,295,314,163
20211,A,골목상권,3110180,광진정보도서관,8061,5134,2927,18,2150,2859,1722,920,392,5,1092,1920,1198,611,308,13,1058,939,524,309,84
20211,A,골목상권,3110159,구의역 4번,5367,2836,2531,7,750,1225,1369,1270,746,7,284,550,682,767,546,0,466,675,687,503,200
20211,A,골목상권,3110148,어린이대공원역 3번,1054,772,282,0,83,139,292,374,166,0,39,93,207,287,146,0,44,46,85,87,20
20211,A,골목상권,3110153,중곡1동주민센터,4344,1904,2440,82,1289,748,851,997,377,28,556,394,376,309,241,54,733,354,475,688,136
20211,A,골목상권,3110228,장안근린공원,5579,2983,2596,50,1846,996,988,1029,670,31,967,565,447,513,460,19,879,431,541,516,210
20211,A,골목상권,3110183,한국의류시험연구원,5635,1896,3739,5,941,1338,1052,1352,947,1,284,602,411,281,317,4,657,736,641,1071,630
20211,A,골목상권,3110210,서울시립대,1290,734,556,4,172,214,230,290,380,1,63,119,130,137,284,3,109,95,100,153,96
20211,A,골목상권,3110197,세종대왕기념관교차로,681,441,240,1,42,138,243,179,78,1,22,79,156,117,66,0,20,59,87,62,12
20211,A,골목상권,3110317,종암중학교,856,427,429,0,69,203,291,204,89,0,23,84,143,127,50,0,46,119,148,77,39
20211,A,골목상권,3110269,용마문화복지센터,1193,806,387,1,105,206,253,351,277,0,39,123,168,269,207,1,66,83,85,82,70
20211,A,골목상권,3110262,상봉역 3번,2597,1501,1096,5,405,724,834,459,170,3,233,499,436,209,121,2,172,225,398,250,49
20211,A,골목상권,3110243,중랑노인종합복지관,1280,706,574,2,112,204,300,372,290,1,37,90,161,202,215,1,75,114,139,170,75
20211,A,골목상권,3110252,장안제일시장,1463,895,568,1,172,277,384,342,287,1,77,179,182,215,241,0,95,98,202,127,46
20211,A,골목상권,3110255,상봉역 4번,4054,2483,1571,6,455,886,1164,879,664,1,218,560,648,531,525,5,237,326,516,348,139
20211,A,골목상권,3110259,사가정역 1번,2849,1765,1084,6,311,616,796,665,455,3,137,348,463,463,351,3,174,268,333,202,104
20211,A,골목상권,3110247,먹골역 1번,1727,841,886,0,201,366,470,450,240,0,59,164,206,235,177,0,142,202,264,215,63
20211,A,골목상권,3110244,중화역 4번,2138,1412,726,2,328,556,501,482,269,2,197,350,310,346,207,0,131,206,191,136,62
20211,A,골목상권,3110251,장안중학교,1630,858,772,0,198,364,401,366,301,0,75,156,203,193,231,0,123,208,198,173,70
20211,A,골목상권,3110271,신내역 1번,2482,929,1553,4,592,712,487,573,114,1,121,285,240,223,59,3,471,427,247,350,55
20211,A,골목상권,3110296,성신여대입구역 4번,12695,7697,4998,59,1926,3038,3949,2285,1438,26,872,1766,2632,1690,711,33,1054,1272,1317,595,727
20211,A,골목상권,3110297,경동고등학교,7690,3952,3738,8,907,1939,2285,1889,662,4,314,848,1159,1261,366,4,593,1091,1126,628,296
20211,A,골목상권,3110378,송중동주민센터,1126,533,593,8,114,164,325,277,238,6,49,71,143,123,141,2,65,93,182,154,97
20211,A,골목상권,3110414,장석교회,402,255,147,4,50,79,115,101,53,2,29,47,75,62,40,2,21,32,40,39,13
20211,A,골목상권,3110287,정릉3동주민센터,875,585,290,0,79,170,271,258,97,0,28,91,181,204,81,0,51,79,90,54,16
20211,A,골목상권,3110375,서울북부고용노동지청,845,360,485,1,109,138,239,204,154,0,39,61,79,89,92,1,70,77,160,115,62
20211,A,골목상권,3110399,창2동주민센터,1602,880,722,10,196,366,466,372,192,9,106,227,240,168,130,1,90,139,226,204,62
20211,A,골목상권,3110354,삼각산119안전센터,344,130,214,1,37,80,102,76,48,0,8,21,42,29,30,1,29,59,60,47,18
20211,A,골목상권,3110350,가오리역 2번,1785,1189,596,0,95,235,490,631,334,0,24,137,343,423,262,0,71,98,147,208,72
20211,A,골목상권,3110410,방학역 2번,5184,3020,2164,10,533,1200,1296,1319,826,9,263,670,687,796,595,1,270,530,609,523,231
20211,A,골목상권,3110411,도봉역 3번,1429,925,504,2,98,247,291,426,365,1,28,129,162,293,312,1,70,118,129,133,53
20211,A,골목상권,3110400,도봉구보건소,1846,892,954,4,271,357,453,479,282,3,89,169,210,236,185,1,182,188,243,243,97
20211,A,골목상권,3110409,창동역 2번,5869,3927,1942,2,646,1342,1458,1180,1241,0,365,971,1044,680,867,2,281,371,414,500,374
20211,A,골목상권,3110434,태릉입구역 4번,2447,893,1554,4,239,367,566,692,579,2,84,195,227,195,190,2,155,172,339,497,389
20211,A,골목상권,3110426,상계2동주민센터,2416,1320,1096,14,360,487,625,559,371,11,137,269,322,324,257,3,223,218,303,235,114
20211,A,골목상권,3110465,연신내역 7번,2257,927,1330,9,386,528,559,476,299,5,118,240,230,184,150,4,268,288,329,292,149
20211,A,골목상권,3110490,녹번동근린공원,3783,1923,1860,7,438,883,1034,1016,405,4,202,399,477,577,264,3,236,484,557,439,141
20211,A,골목상권,3110489,불광역 3번,716,357,359,0,96,185,192,137,106,0,35,89,98,60,75,0,61,96,94,77,31
20211,A,골목상권,3110479,연신내역 2번,2576,1321,1255,3,157,300,327,507,1282,1,56,170,162,218,714,2,101,130,165,289,568
20211,A,골목상권,3110493,북가좌초등학교,1809,1358,451,0,58,129,215,372,1035,0,18,54,90,234,962,0,40,75,125,138,73
20211,A,골목상권,3110492,하나고등학교,540,262,278,1,21,104,141,149,124,0,6,75,108,50,23,1,15,29,33,99,101
20211,A,골목상권,3110513,연희파출소,3363,2204,1159,22,567,790,725,790,469,9,272,540,501,544,338,13,295,250,224,246,131
20211,A,골목상권,3110514,서대문우체국,5884,4292,1592,5,831,1136,1085,2109,718,2,601,819,690,1648,532,3,230,317,395,461,186
20211,A,골목상권,3110562,연트럴파크(연남동주민센터),2875,1653,1222,6,493,708,654,605,409,5,216,416,353,352,311,1,277,292,301,253,98
20211,A,골목상권,3110508,서연중학교,4731,2947,1784,65,1080,1249,854,927,556,33,608,915,530,502,359,32,472,334,324,425,197
20211,A,골목상권,3110518,서대문구청,3722,1975,1747,12,546,1034,1058,869,203,9,200,479,568,581,138,3,346,555,490,288,65
20211,A,골목상권,3110525,홍은종합사회복지관,7221,1312,5909,3,183,467,1911,3557,1100,1,69,144,285,391,422,2,114,323,1626,3166,678
20211,A,골목상권,3110515,홍은중학교,1043,706,337,1,143,296,295,199,109,1,75,191,205,147,87,0,68,105,90,52,22
20211,A,골목상권,3110583,공덕래미안3차아파트,6179,4019,2160,25,972,2169,1807,999,207,2,442,1254,1331,841,149,23,530,915,476,158,58
20211,A,골목상권,3110577,용강동주민센터,9059,5496,3563,86,1376,2019,2088,1811,1679,35,752,1266,1421,1058,964,51,624,753,667,753,715
20211,A,골목상권,3110559,성산중학교,3953,2244,1709,15,791,1163,989,658,337,10,291,617,630,448,248,5,500,546,359,210,89
20211,A,골목상권,3110673,뜸부기어린이공원,3925,1626,2299,2,811,1050,872,768,422,1,199,434,404,342,246,1,612,616,468,426,176
20211,A,골목상권,3110593,신월3동주민센터,1762,1006,756,1,186,325,388,471,391,0,75,151,191,286,303,1,111,174,197,185,88
20211,A,골목상권,3110605,목동센트럴아이파크앞,1499,829,670,1,100,208,369,491,330,0,43,115,174,261,236,1,57,93,195,230,94
20211,A,골목상권,3110644,신광명마을,984,638,346,8,82,134,249,286,225,5,35,58,135,196,209,3,47,76,114,90,16
20211,A,골목상권,3110634,송정역 3번,2258,1399,859,4,275,506,610,511,352,1,117,307,373,338,263,3,158,199,237,173,89
20211,A,골목상권,3110637,송정역 2번,2971,1382,1589,8,213,374,533,870,973,1,106,229,321,293,432,7,107,145,212,577,541
20211,A,골목상권,3110717,남구로역 2번,14015,9786,4229,70,2885,4254,3438,2015,1353,55,1641,3012,2557,1417,1104,15,1244,1242,881,598,249
20211,A,골목상권,3110704,고척중학교,2226,1605,621,3,212,447,479,523,562,2,146,303,298,357,499,1,66,144,181,166,63
20211,A,골목상권,3110711,구로초등학교,6053,3126,2927,18,987,1548,1351,1432,717,6,398,756,689,847,430,12,589,792,662,585,287
20211,A,골목상권,3110853,KT구로지사,2641,1608,1033,1,319,772,649,545,355,0,145,461,405,335,262,1,174,311,244,210,93
20211,A,골목상권,3110719,영서중학교,8289,5933,2356,59,1796,2525,2024,1273,612,45,1066,1810,1558,970,484,14,730,715,466,303,128
20211,A,골목상권,3110681,온수역 1번,770,608,162,1,32,106,134,230,267,1,15,68,84,193,247,0,17,38,50,37,20
20211,A,골목상권,3110686,수궁동주민센터,1712,942,770,4,166,281,410,516,335,2,67,147,225,281,220,2,99,134,185,235,115
20211,A,골목상권,3110724,금천구립가산도서관,11383,7546,3837,40,1693,3181,2821,2099,1549,26,938,2131,2094,1485,872,14,755,1050,727,614,677
20211,A,골목상권,3110737,금천세무서,1798,1125,673,11,253,347,446,436,305,2,132,205,256,291,239,9,121,142,190,145,66
20211,A,골목상권,3110751,난곡중학교,4170,2971,1199,5,268,560,768,723,1846,4,152,299,440,412,1664,1,116,261,328,311,182
20211,A,골목상권,3110770,영등포구청역 6번,3743,2293,1450,10,456,798,1009,775,695,8,198,431,610,510,536,2,258,367,399,265,159
20211,A,골목상권,3110774,당산반도유보라팰리스아파트,6057,3990,2067,23,1174,1514,1210,1260,876,16,690,964,811,881,628,7,484,550,399,379,248
20211,A,골목상권,3110784,신대림초등학교,635,358,277,0,52,113,172,193,105,0,17,54,98,114,75,0,35,59,74,79,30
20211,A,골목상권,3110790,대림1동주민센터,1866,1133,733,8,165,442,606,439,206,6,106,276,315,276,154,2,59,166,291,163,52
20211,A,골목상권,3110797,KT대방빌딩,2388,1195,1193,9,744,610,471,373,181,6,202,321,282,247,137,3,542,289,189,126,44
20211,A,골목상권,3110767,도림동주민센터,1986,1301,685,12,195,337,469,452,521,9,94,206,296,293,403,3,101,131,173,159,118
20211,A,골목상권,3110795,도림초등학교,1472,844,628,3,149,235,336,361,388,3,60,124,194,196,267,0,89,111,142,165,121
20211,A,골목상권,3110816,대방역 6번,1738,1058,680,6,221,364,462,314,371,4,113,216,301,190,234,2,108,148,161,124,137
20211,A,골목상권,3110805,신길새마을금고신길4동지점,1023,537,486,1,157,206,259,272,128,0,62,106,133,146,90,1,95,100,126,126,38
20211,A,골목상권,3110760,선유도역 6번,5228,3263,1965,14,772,1203,1346,1246,647,10,420,748,783,769,533,4,352,455,563,477,114
20211,A,골목상권,3110829,장승배기역 5번,1910,1113,797,2,354,419,433,426,276,1,244,230,215,246,177,1,110,189,218,180,99
20211,A,골목상권,3110823,신대방삼거리역 3번,18527,11847,6680,53,3630,3578,3043,4396,3827,29,2845,2902,1956,2093,2022,24,785,676,1087,2303,1805
20211,A,골목상권,3110825,신대방삼거리역 1번,1887,1186,701,4,200,384,537,438,324,2,118,234,332,261,239,2,82,150,205,177,85
20211,A,골목상권,3110902,사당역 4번,4587,2962,1625,5,748,1134,1234,856,610,3,391,730,829,555,454,2,357,404,405,301,156
20211,A,골목상권,3110848,양지어린이공원,2097,1112,985,2,190,322,522,478,583,1,51,160,244,247,409,1,139,162,278,231,174
20211,A,골목상권,3110837,숭실대입구역 1번,7582,3000,4582,54,1016,1317,1684,2308,1203,29,513,708,790,619,341,25,503,609,894,1689,862
20211,A,골목상권,3110869,"신림역 5번(신림동주민센터, 신림동별빛거리)",3655,2148,1507,5,394,824,948,715,769,3,166,460,534,430,555,2,228,364,414,285,214
20211,A,골목상권,3110844,흑석2치안센터,160,91,69,1,22,48,41,25,23,1,12,21,23,16,18,0,10,27,18,9,5
20211,A,골목상권,3110897,서울대입구역 8번,3249,1771,1478,17,519,696,762,756,499,10,216,361,414,426,344,7,303,335,348,330,155
20211,A,골목상권,3110865,남강고등학교(남강중학교),1253,655,598,10,151,251,310,354,177,7,69,139,159,167,114,3,82,112,151,187,63
20211,A,골목상권,3110909,남태령역(서울전자고등학교),640,329,311,2,35,69,132,263,139,2,9,34,62,132,90,0,26,35,70,131,49
20211,A,골목상권,3110887,서울산업정보학교(서울삼성초등학교),1438,924,514,2,150,309,356,436,185,0,51,150,237,337,149,2,99,159,119,99,36
20211,A,골목상권,3110860,호림박물관(성보고등학교),1990,1169,821,6,297,530,482,443,232,2,133,294,297,266,177,4,164,236,185,177,55
20211,A,골목상권,3110883,은천초등학교(은천교앞),3082,1294,1788,17,445,582,703,892,443,2,110,250,330,308,294,15,335,332,373,584,149
20211,A,골목상권,3110877,신림역 8번,2858,1276,1582,5,569,617,591,596,480,1,169,257,289,245,315,4,400,360,302,351,165
20211,A,골목상권,3110894,관악동부센트레빌아파트(은천로35라길),7043,2668,4375,54,994,1207,1567,2169,1052,30,470,649,731,579,209,24,524,558,836,1590,843
20211,A,골목상권,3110946,청계산원터골,162,69,93,0,24,18,42,31,47,0,12,10,25,7,15,0,12,8,17,24,32
20211,A,골목상권,3110924,반포4동주민센터(몽마르뜨공원),77734,71457,6277,26,7647,15682,20670,31194,2515,11,6234,13666,18911,30353,2282,15,1413,2016,1759,841,233
20211,A,골목상권,3110922,내방역 1번,15637,10488,5149,75,3040,4842,3871,2935,874,57,1457,2908,2911,2496,659,18,1583,1934,960,439,215
20211,A,골목상권,3110929,남부터미널역 1번,36239,19956,16283,80,7810,8818,7565,9758,2208,25,2589,4537,4266,6904,1635,55,5221,4281,3299,2854,573
20211,A,골목상권,3110980,개포지구대옆,18101,5325,12776,71,2848,3483,6555,4107,1037,34,1294,1688,1158,625,526,37,1554,1795,5397,3482,511
20211,A,골목상권,3110951,신사은행나무공원,9132,5156,3976,46,2729,2597,1929,1129,702,14,1093,1493,1282,764,510,32,1636,1104,647,365,192
20211,A,골목상권,3111024,경찰병원역 4번(건너말공원),10720,6112,4608,57,1433,2394,2566,2144,2126,27,681,1469,1754,1167,1014,30,752,925,812,977,1112
20211,A,골목상권,3111046,마천역(마천초등학교),2560,1555,1005,5,274,560,700,645,376,1,145,333,390,383,303,4,129,227,310,262,73
20211,A,골목상권,3111044,남천초등학교,1831,923,908,1,191,385,506,486,262,0,87,192,216,220,208,1,104,193,290,266,54
20211,A,골목상권,3111033,문정동성당,32663,26076,6587,11,2622,5719,9448,12913,1950,4,1647,4277,7502,11343,1303,7,975,1442,1946,1570,647
20211,A,골목상권,3111019,한성백제역 3번,15362,8061,7301,39,2405,3433,3255,3668,2562,30,1305,2236,1757,1393,1340,9,1100,1197,1498,2275,1222
20211,A,골목상권,3111007,석촌고분역 4번,4469,2987,1482,9,625,1051,1004,989,791,8,392,705,646,633,603,1,233,346,358,356,188
20211,A,골목상권,3111004,삼전역 1번,11074,7193,3881,42,1623,2462,2544,2663,1740,4,728,1489,1666,1950,1356,38,895,973,878,713,384
20211,A,골목상권,3111051,천호역 6번,3537,1976,1561,10,608,745,821,822,531,4,339,401,414,434,384,6,269,344,407,388,147
20211,A,골목상권,3111018,풍납초등학교(풍납백제문화공원),958,634,324,0,133,194,216,258,157,0,84,122,134,175,119,0,49,72,82,83,38
20211,A,골목상권,3111064,둔촌동역 4번,2203,1364,839,6,236,423,519,533,486,5,121,252,314,340,332,1,115,171,205,193,154
20211,A,골목상권,3111078,굽은다리역 4번,3935,2367,1568,9,362,678,891,1032,963,5,192,427,513,612,618,4,170,251,378,420,345
20211,A,골목상권,3111082,중앙보훈병원,476,316,160,0,30,57,76,119,194,0,18,40,52,73,133,0,12,17,24,46,61
20211,A,골목상권,3111086,한영중고,702,392,310,1,68,159,171,215,88,1,31,67,87,136,70,0,37,92,84,79,18
20211,A,골목상권,3111070,천호초등학교,1434,798,636,6,118,348,397,393,172,1,45,166,221,243,122,5,73,182,176,150,50
20211,A,골목상권,3111057,천호공원(해공체육문화센터),1546,745,801,2,167,228,317,374,458,2,47,73,121,162,340,0,120,155,196,212,118
20212,A,골목상권,3110502,남가좌파출소,820,489,331,0,68,121,216,264,151,0,31,62,124,166,106,0,37,59,92,98,45
20212,A,골목상권,3110543,중암중학교,668,466,202,0,37,70,115,223,223,0,16,35,56,145,214,0,21,35,59,78,9
20212,A,골목상권,3110582,이대역 5번,907,344,563,2,105,192,252,226,130,1,24,52,78,110,79,1,81,140,174,116,51
20212,A,골목상권,3110520,경의중앙 신촌역,1500,752,748,8,322,367,324,282,197,5,111,177,147,168,144,3,211,190,177,114,53
20212,A,골목상권,3110566,경의선책거리,7387,4414,2973,27,1465,1717,1712,1423,1043,16,758,1040,1073,796,731,11,707,677,639,627,312
20212,A,골목상권,3110511,연희초등학교,5789,4486,1303,7,719,1297,1142,1990,634,1,495,983,811,1677,519,6,224,314,331,313,115
20212,A,골목상권,3110526,봉원사,367,217,150,1,22,70,135,80,59,1,9,35,92,46,34,0,13,35,43,34,25
20212,A,골목상권,3110585,마포경찰서,3239,2093,1146,1,420,1126,934,559,199,0,226,683,634,427,123,1,194,443,300,132,76
20212,A,골목상권,3110578,대흥역 2번,4903,3185,1718,78,872,1109,1037,1047,760,28,453,737,756,701,510,50,419,372,281,346,250
20212,A,골목상권,3110574,서강대학교,896,599,297,4,117,204,240,201,130,2,74,135,174,124,90,2,43,69,66,77,40
20212,A,골목상권,3110544,망리단길,6222,3617,2605,17,1248,1421,1318,976,1242,8,640,721,675,587,986,9,608,700,643,389,256
20212,A,골목상권,3110548,마포구청역 4번,5895,3452,2443,18,764,1118,1304,1728,963,10,390,797,862,809,584,8,374,321,442,919,379
20212,A,골목상권,3110557,홍대부속여중고앞,5872,3326,2546,15,903,1543,1632,1119,660,15,389,832,977,651,462,0,514,711,655,468,198
20212,A,골목상권,3110618,강서고등학교,3661,1791,1870,7,785,1002,801,724,342,3,195,468,416,435,274,4,590,534,385,289,68
20212,A,골목상권,3110596,서서울호수공원,2036,1321,715,5,229,365,459,585,393,2,117,220,272,383,327,3,112,145,187,202,66
20212,A,골목상권,3110599,신월1파출소,1680,1078,602,4,158,295,421,566,236,2,93,182,259,368,174,2,65,113,162,198,62
20212,A,골목상권,3110651,화원중학교,2712,1532,1180,8,300,556,660,686,502,6,148,340,365,391,282,2,152,216,295,295,220
20212,A,골목상권,3110623,갈산공원,1473,855,618,6,162,331,380,329,265,4,90,177,200,190,194,2,72,154,180,139,71
20212,A,골목상권,3110632,방화역 3번,3801,2575,1226,6,332,705,1119,1071,568,4,193,413,783,737,445,2,139,292,336,334,123
20212,A,골목상권,3110659,화곡역 4번,3626,1901,1725,18,457,804,957,853,537,15,183,460,522,422,299,3,274,344,435,431,238
20212,A,골목상권,3110722,G타워,19389,12310,7079,60,3607,6404,5129,2626,1563,29,1836,4264,3348,1661,1172,31,1771,2140,1781,965,391
20212,A,골목상권,3110682,온수역 8번,361,283,78,0,13,52,95,107,94,0,11,34,65,83,90,0,2,18,30,24,4
20212,A,골목상권,3110696,오류동역 1번,3475,2139,1336,33,914,1147,671,456,254,17,516,814,390,225,177,16,398,333,281,231,77
20212,A,골목상권,3110698,개웅초등학교(개웅중학교),2757,1234,1523,7,405,493,704,774,374,5,210,265,264,263,227,2,195,228,440,511,147
20212,A,골목상권,3110697,개봉3동주민센터,1101,686,415,1,168,226,252,244,210,1,77,141,156,157,154,0,91,85,96,87,56
20212,A,골목상권,3110688,오류지구대,1309,724,585,5,130,240,332,393,209,4,56,137,187,212,128,1,74,103,145,181,81
20212,A,골목상권,3110684,서울공연예술고등학교,980,521,459,4,124,208,238,273,133,2,54,118,122,154,71,2,70,90,116,119,62
20212,A,골목상권,3110728,두산초등학교,7779,4797,2982,17,403,805,1036,1484,4034,15,223,510,611,873,2565,2,180,295,425,611,1469
20212,A,골목상권,3110731,금천구청역 1번 출입구,4469,2258,2211,11,672,1215,1026,1039,506,6,276,550,486,608,332,5,396,665,540,431,174
20212,A,골목상권,3110730,서울축산농협 독산역지점(독산파출소),7158,4528,2630,15,350,639,810,1307,4037,13,197,420,491,801,2606,2,153,219,319,506,1431
20212,A,골목상권,3110752,한울중학교,2059,1251,808,13,294,388,526,539,299,10,181,248,303,289,220,3,113,140,223,250,79
20212,A,골목상권,3110753,시흥동 은행나무사거리,1767,985,782,8,199,364,416,443,337,7,105,218,220,235,200,1,94,146,196,208,137
20212,A,골목상권,3110743,시흥초등학교(시흥1동우체국),1901,835,1066,7,317,358,467,487,265,6,126,168,210,183,142,1,191,190,257,304,123
20212,A,골목상권,3110764,문래역 3번,3153,1905,1248,2,407,744,863,599,538,2,173,425,526,380,399,0,234,319,337,219,139
20212,A,골목상권,3110782,영등포시장역 4번,1839,1063,776,5,208,345,454,439,388,3,97,205,292,249,217,2,111,140,162,190,171
20212,A,골목상권,3110779,대림갑을명가아파트,800,491,309,1,87,130,177,235,170,0,44,84,105,135,123,1,43,46,72,100,47
20212,A,골목상권,3110765,문래동사거리,2020,1394,626,4,169,352,494,465,536,2,82,219,333,315,443,2,87,133,161,150,93
20212,A,골목상권,3110810,영신초등학교,2994,1643,1351,2,368,625,659,659,681,0,176,353,376,324,414,2,192,272,283,335,267
20212,A,골목상권,3110809,장훈고등학교,1484,885,599,1,203,345,302,292,341,0,102,180,180,183,240,1,101,165,122,109,101
20212,A,골목상권,3110824,대방역 3번,2129,1361,768,5,292,552,582,381,317,4,165,378,384,224,206,1,127,174,198,157,111
20212,A,골목상권,3110813,보라매역 6번,5419,3837,1582,9,1033,1296,1111,1526,444,6,590,941,791,1194,315,3,443,355,320,332,129
20212,A,골목상권,3110834,동작구자원봉사센터,2564,1472,1092,14,261,540,690,627,432,11,135,308,409,356,253,3,126,232,281,271,179
20212,A,골목상권,3110828,노량진역 6번,7261,4126,3135,15,905,2214,1977,1542,608,3,417,1160,1187,977,382,12,488,1054,790,565,226
20212,A,골목상권,3110827,NH농협은행 상도동지점,1082,439,643,2,105,183,271,274,247,1,38,79,104,103,114,1,67,104,167,171,133
20212,A,골목상권,3110852,이수역 9번,2529,1175,1354,5,473,620,696,447,288,1,132,264,309,240,229,4,341,356,387,207,59
20212,A,골목상권,3110905,방배노인종합복지관(이수중학교),5242,2054,3188,12,1165,1458,1271,885,451,1,334,540,486,427,266,11,831,918,785,458,185
20212,A,골목상권,3110851,경문고등학교(동작동성당),3368,1773,1595,14,635,1032,934,524,229,8,236,520,595,291,123,6,399,512,339,233,106
20212,A,골목상권,3110899,낙성대역 5번(관악중학교),4614,3107,1507,19,916,1345,1018,737,579,11,468,959,710,495,464,8,448,386,308,242,115
20212,A,골목상권,3110831,상도4동주민센터,1928,1233,695,2,251,423,419,532,301,2,136,263,284,407,141,0,115,160,135,125,160
20212,A,골목상권,3110873,당곡중학교,2525,1427,1098,7,341,547,627,540,463,4,156,299,352,290,326,3,185,248,275,250,137
20212,A,골목상권,3110841,중대부중,360,156,204,0,43,52,85,105,75,0,14,21,31,46,44,0,29,31,54,59,31
20212,A,골목상권,3110900,낙성대역 1번(관악구민 종합체육센터),4337,2627,1710,15,852,1276,966,653,575,7,368,802,610,388,452,8,484,474,356,265,123
20212,A,골목상권,3110892,관악구 중앙길,4005,1888,2117,12,627,825,985,859,697,7,212,389,474,444,362,5,415,436,511,415,335
20212,A,골목상권,3110866,난우중학교,1102,622,480,0,111,196,289,322,184,0,50,105,148,183,136,0,61,91,141,139,48
20212,A,골목상권,3110857,미성동주민센터,1238,578,660,17,154,236,276,322,233,13,73,114,121,124,133,4,81,122,155,198,100
20212,A,골목상권,3110875,보라매동주민센터(당곡고등학교),940,526,414,2,104,162,206,235,231,0,48,85,103,128,162,2,56,77,103,107,69
20212,A,골목상권,3110891,구암초등학교,1342,607,735,0,232,374,420,224,92,0,68,168,205,117,49,0,164,206,215,107,43
20212,A,골목상권,3110944,서울나래학교(염곡어린이공원),1156,798,358,10,148,272,221,240,265,8,109,212,164,151,154,2,39,60,57,89,111
20212,A,골목상권,3110942,염곡동 구룡사(포이동성당),13415,8394,5021,55,2287,3724,3222,2573,1554,26,1169,2292,2042,1698,1167,29,1118,1432,1180,875,387
20212,A,골목상권,3110920,방배역 2번(백석예술대학교),5016,3055,1961,91,1042,1259,931,793,900,26,459,731,622,507,710,65,583,528,309,286,190
20212,A,골목상권,3110910,내방역 5번,6436,3785,2651,20,1118,1455,1481,1224,1138,10,430,857,865,759,864,10,688,598,616,465,274
20212,A,골목상권,3110906,서문여고,11702,5247,6455,16,2248,2996,3566,2017,859,4,688,1244,1668,1074,569,12,1560,1752,1898,943,290
20212,A,골목상권,3110932,서울시인재개발원,4209,2306,1903,8,1038,1226,942,667,328,6,350,687,621,424,218,2,688,539,321,243,110
20212,A,골목상권,3110930,서초동성당,32660,17166,15494,63,6180,7719,7177,9753,1768,35,2030,3676,3572,6555,1298,28,4150,4043,3605,3198,470
20212,A,골목상권,3110931,삼성전자서울R&D(서울우면초등학교),211,106,105,0,53,63,49,28,18,0,20,37,22,17,10,0,33,26,27,11,8
20212,A,골목상권,3110938,바우뫼공원,4722,3197,1525,17,814,1339,1276,836,440,8,422,921,904,581,361,9,392,418,372,255,79
20212,A,골목상권,3110943,법제교육센터(버들어린이공원),5935,3672,2263,18,851,1433,1538,1193,902,10,470,907,945,696,644,8,381,526,593,497,258
20212,A,골목상권,3110994,개포고등학교,4345,2839,1506,57,867,1222,970,768,461,24,505,806,631,503,370,33,362,416,339,265,91
20212,A,골목상권,3110988,청담역 3번,14773,6151,8622,65,3286,4402,3877,2145,998,27,1018,1851,1536,1027,692,38,2268,2551,2341,1118,306
20212,A,골목상권,3111012,석촌역 6번,3563,1857,1706,6,341,717,926,795,778,4,123,380,473,406,471,2,218,337,453,389,307
20212,A,골목상권,3111043,마천공원,1725,1113,612,1,183,389,411,423,318,0,112,251,235,271,244,1,71,138,176,152,74
20212,A,골목상권,3111045,개미어린이공원,1629,952,677,8,240,270,383,466,262,2,144,178,243,239,146,6,96,92,140,227,116
20212,A,골목상권,3111047,마천1치안센터,1130,680,450,1,120,251,299,266,193,1,60,143,171,153,152,0,60,108,128,113,41
20212,A,골목상권,3111028,문현중학교(장지역 1번),2770,1677,1093,9,489,714,682,541,335,5,271,467,421,262,251,4,218,247,261,279,84
20212,A,골목상권,3111035,오금공원(오주중학교),2277,1464,813,2,256,487,582,635,315,1,148,328,395,374,218,1,108,159,187,261,97
20212,A,골목상권,3111053,성내천어린이공원(하니사랑길),13219,9342,3877,40,1620,2605,2692,3224,3038,16,990,1785,1878,2342,2331,24,630,820,814,882,707
20212,A,골목상권,3111087,고덕중학교(고덕2동주민센터),472,171,301,0,46,83,108,137,98,0,8,31,45,43,44,0,38,52,63,94,54
20212,A,골목상권,3111083,GS강동자이아파트,2192,1281,911,3,253,379,423,595,539,3,145,235,242,299,357,0,108,144,181,296,182
20212,A,골목상권,3111074,명일역 1번,1560,927,633,3,195,368,374,356,264,2,96,213,197,225,194,1,99,155,177,131,70
20212,A,골목상권,3111056,천호태영아파트,2371,1291,1080,1,166,256,372,396,1180,0,61,99,164,203,764,1,105,157,208,193,416
20212,A,골목상권,3111061,암사역 1번,3505,1543,1962,2,374,555,668,876,1030,1,150,309,306,294,483,1,224,246,362,582,547
20212,A,골목상권,3110036,동묘앞역 3번,1190,660,530,2,181,238,291,276,202,0,47,113,169,190,141,2,134,125,122,86,61
20212,A,골목상권,3110034,창신1동주민센터,1885,871,1014,8,319,394,521,412,231,7,104,157,206,228,169,1,215,237,315,184,62
20212,A,골목상권,3110028,이화달팽이길,3695,2004,1691,7,657,966,880,710,475,3,229,479,515,444,334,4,428,487,365,266,141
20212,A,골목상권,3110014,경복고등학교,1637,871,766,2,154,436,502,373,170,2,50,215,274,204,126,0,104,221,228,169,44
20212,A,골목상권,3110001,이북5도청사,3311,2335,976,10,598,774,665,978,286,6,331,504,493,810,191,4,267,270,172,168,95
20212,A,골목상권,3110286,한성대입구역 5번,4861,2170,2691,20,736,1306,1268,999,532,9,240,613,591,455,262,11,496,693,677,544,270
20212,A,골목상권,3110283,성북초등학교앞,2067,1295,772,12,288,580,641,380,166,8,150,391,427,218,101,4,138,189,214,162,65
20212,A,골목상권,3110039,회현역 1번,23622,11623,11999,133,4395,7509,7184,3821,580,38,1547,3599,3487,2668,284,95,2848,3910,3697,1153,296
20212,A,골목상권,3110285,홍대부중,2796,1807,989,11,479,748,779,536,243,6,237,471,486,420,187,5,242,277,293,116,56
20212,A,골목상권,3110053,청구역 1번,1887,973,914,1,292,413,473,444,264,0,94,203,258,251,167,1,198,210,215,193,97
20212,A,골목상권,3110040,중구회현체육센터(정화예술대남산캠퍼스),15872,7161,8711,64,2309,4970,5377,2758,394,8,703,2069,2118,2073,190,56,1606,2901,3259,685,204
20212,A,골목상권,3110069,숙대입구,5692,2925,2767,14,842,1738,1501,985,612,6,238,745,833,646,457,8,604,993,668,339,155
20212,A,골목상권,3110077,삼광초등학교,1617,1102,515,8,162,358,490,381,218,7,93,234,360,254,154,1,69,124,130,127,64
20212,A,골목상권,3110072,열정도,1822,1125,697,9,264,375,438,367,369,3,123,236,278,230,255,6,141,139,160,137,114
20212,A,골목상권,3110059,새남터성지,2836,1935,901,8,404,789,837,608,190,3,181,500,636,477,138,5,223,289,201,131,52
20212,A,골목상권,3110095,한강진역 3번,5622,3227,2395,35,1349,2001,1256,664,317,20,544,1116,858,496,193,15,805,885,398,168,124
20212,A,골목상권,3110097,한남초등학교,5721,3746,1975,12,1028,2374,1313,590,404,7,478,1484,985,454,338,5,550,890,328,136,66
20212,A,골목상권,3110106,금북초등학교,123,49,74,0,15,25,38,29,16,0,2,11,13,12,11,0,13,14,25,17,5
20212,A,골목상권,3110103,옥수터널,545,284,261,1,45,141,155,157,46,0,17,64,87,85,31,1,28,77,68,72,15
20212,A,골목상권,3110137,성수초등학교,14338,9448,4890,60,2205,3717,3817,2875,1664,46,1146,2457,2601,1900,1298,14,1059,1260,1216,975,366
20212,A,골목상권,3110138,송정체육공원,2546,1233,1313,1,395,634,646,528,342,0,147,319,328,219,220,1,248,315,318,309,122
20212,A,골목상권,3110150,중곡1동 마을마당,5687,2821,2866,84,1470,1113,1132,1310,578,30,642,611,577,542,419,54,828,502,555,768,159
20212,A,골목상권,3110175,푸른동산공원,7435,3844,3591,8,711,1236,1667,2238,1575,4,374,802,970,930,764,4,337,434,697,1308,811
20212,A,골목상권,3110177,동의초등학교,1191,614,577,1,140,224,315,322,189,0,46,118,168,160,122,1,94,106,147,162,67
20212,A,골목상권,3110146,신자초등학교,2819,2113,706,7,317,659,835,751,250,3,224,506,625,563,192,4,93,153,210,188,58
20212,A,골목상권,3110195,동대문구청,3806,1797,2009,5,412,804,896,1082,607,3,155,327,374,598,340,2,257,477,522,484,267
20212,A,골목상권,3110201,전농119안전센터,669,454,215,0,93,145,215,139,77,0,61,94,144,99,56,0,32,51,71,40,21
20212,A,골목상권,3110189,제기동역 1번,4287,2552,1735,8,675,1174,895,684,851,2,252,688,568,412,630,6,423,486,327,272,221
20212,A,골목상권,3110215,회기역 1번,2285,799,1486,3,612,739,515,282,134,1,114,254,199,124,107,2,498,485,316,158,27
20212,A,골목상권,3110224,외대앞역 2번,1271,746,525,3,119,240,371,332,206,1,48,142,229,232,94,2,71,98,142,100,112
20212,A,골목상권,3110214,경희대후문,3212,1375,1837,1,688,904,837,553,229,1,133,324,406,334,177,0,555,580,431,219,52
20212,A,골목상권,3110334,석관중앙교회,1188,720,468,0,136,249,282,330,191,0,69,127,145,232,147,0,67,122,137,98,44
20212,A,골목상권,3110232,동대부고,2450,1295,1155,3,270,438,601,702,436,1,110,219,302,355,308,2,160,219,299,347,128
20212,A,골목상권,3110190,고대앞사거리,2811,1514,1297,5,408,813,812,528,245,2,171,410,436,326,169,3,237,403,376,202,76
20212,A,골목상권,3110196,홍릉근린공원,813,501,312,1,63,163,273,228,85,1,32,79,174,139,76,0,31,84,99,89,9
20212,A,골목상권,3110312,안암역 2번,1646,844,802,1,199,449,557,333,107,0,70,193,307,200,74,1,129,256,250,133,33
20212,A,골목상권,3110222,회기역 2번,2106,1033,1073,1,371,448,535,549,202,0,86,231,303,298,115,1,285,217,232,251,87
20212,A,골목상권,3110273,장스여성병원,1451,933,518,9,121,171,256,458,436,1,29,69,134,320,380,8,92,102,122,138,56
20212,A,골목상권,3110260,면목역 3번,2350,1372,978,3,344,558,668,508,269,0,147,374,336,286,229,3,197,184,332,222,40
20212,A,골목상권,3110238,배꽃어린이공원,1298,1025,273,1,203,312,289,312,181,1,146,248,219,268,143,0,57,64,70,44,38
20212,A,골목상권,3110257,상봉역 7번,1447,1068,379,2,86,174,301,412,472,1,40,93,179,332,423,1,46,81,122,80,49
20212,A,골목상권,3110239,중랑역 2번,478,213,265,1,58,81,106,116,116,0,23,34,39,50,67,1,35,47,67,66,49
20212,A,골목상권,3110294,서경대학교,1909,1071,838,1,218,284,476,532,398,0,68,128,255,335,285,1,150,156,221,197,113
20212,A,골목상권,3110316,숭곡초등학교,3255,1971,1284,7,264,440,671,666,1207,6,113,208,325,382,937,1,151,232,346,284,270
20212,A,골목상권,3110303,성신여대입구역 1번,1418,675,743,8,188,301,315,361,245,3,62,134,147,190,139,5,126,167,168,171,106
20212,A,골목상권,3110293,삼선중학교,15384,8771,6613,60,2292,3733,4993,2745,1561,27,1049,2116,3024,1840,715,33,1243,1617,1969,905,846
20212,A,골목상권,3110305,보문역 5번,6037,4718,1319,11,742,2042,1228,1245,769,5,463,1703,1006,1012,529,6,279,339,222,233,240
20212,A,골목상권,3110331,돌곶이역 8번,1135,748,387,4,137,251,271,224,248,0,50,166,174,147,211,4,87,85,97,77,37
20212,A,골목상권,3110423,석계역 2번,1311,574,737,4,152,235,386,321,213,2,65,110,173,127,97,2,87,125,213,194,116
20212,A,골목상권,3110319,종암동주민센터,1893,933,960,3,270,388,460,529,243,1,103,217,229,277,106,2,167,171,231,252,137
20212,A,골목상권,3110322,장위1동주민센터,871,527,344,2,161,181,190,183,154,1,77,118,116,111,104,1,84,63,74,72,50
20212,A,골목상권,3110361,삼양사거리역 1번,993,499,494,2,47,112,177,256,399,1,14,50,90,149,195,1,33,62,87,107,204
20212,A,골목상권,3110364,미아역 8번,1531,881,650,2,169,302,433,416,209,1,79,160,252,251,138,1,90,142,181,165,71
20212,A,골목상권,3110360,수유초등학교,2034,877,1157,5,275,331,439,521,463,1,65,139,157,219,296,4,210,192,282,302,167
20212,A,골목상권,3110381,번동주공2단지,791,418,373,5,81,172,201,218,114,4,26,69,100,134,85,1,55,103,101,84,29
20212,A,골목상권,3110363,송천동주민센터,409,210,199,2,30,68,123,98,88,1,8,30,50,50,71,1,22,38,73,48,17
20212,A,골목상권,3110371,삼양입구사거리,930,529,401,1,86,197,218,253,175,1,33,94,108,159,134,0,53,103,110,94,41
20212,A,골목상권,3110374,송중초등학교,1719,817,902,7,155,286,471,442,358,6,44,101,191,221,254,1,111,185,280,221,104
20212,A,골목상권,3110357,가오리역 1번,2168,1460,708,1,94,117,339,588,1029,0,22,54,236,446,702,1,72,63,103,142,327
20212,A,골목상권,3110340,인수중학교,1210,779,431,6,158,254,272,328,192,6,80,172,168,192,161,0,78,82,104,136,31
20212,A,골목상권,3110341,북한산우이역 2번,566,439,127,0,22,43,96,273,132,0,5,15,59,245,115,0,17,28,37,28,17
20212,A,골목상권,3110390,방학초등학교,1597,753,844,3,167,399,387,400,241,2,55,196,185,170,145,1,112,203,202,230,96
20212,A,골목상권,3110408,가인초등학교,5003,3437,1566,5,529,1188,1209,961,1111,3,315,894,903,569,753,2,214,294,306,392,358
20212,A,골목상권,3110433,공릉역 2번,3355,1631,1724,8,286,413,725,1012,911,3,111,214,339,463,501,5,175,199,386,549,410
20212,A,골목상권,3110462,갈현건영아파트,1644,949,695,7,239,380,374,357,287,5,127,224,218,183,192,2,112,156,156,174,95
20212,A,골목상권,3110468,응암역 3번,3641,1667,1974,6,385,681,1020,975,574,1,133,299,452,447,335,5,252,382,568,528,239
20212,A,골목상권,3110478,응암1동주민센터,2441,1361,1080,5,214,382,537,597,706,3,104,189,272,292,501,2,110,193,265,305,205
20212,A,골목상권,3110481,불광역 7번,1180,586,594,2,144,250,312,287,185,2,57,126,153,135,113,0,87,124,159,152,72
20212,A,골목상권,3110443,수색역 1번,216,134,82,0,17,25,57,64,53,0,8,14,33,40,39,0,9,11,24,24,14
20212,A,골목상권,3110463,응암3동주민센터,974,399,575,1,102,172,257,281,161,0,35,51,90,125,98,1,67,121,167,156,63
20212,A,골목상권,3110459,응암역 2번,3086,1443,1643,3,303,575,877,817,511,0,113,267,388,352,323,3,190,308,489,465,188
20212,A,골목상권,3110495,북가좌2동주민센터,3425,1703,1722,7,515,851,808,729,515,3,154,458,454,363,271,4,361,393,354,366,244
20212,A,골목상권,3110507,명지대학교,3062,2160,902,30,511,879,694,667,281,27,328,632,494,452,227,3,183,247,200,215,54
20212,A,골목상권,3110584,아현역 4번,1154,595,559,2,327,402,209,121,93,1,129,232,107,64,62,1,198,170,102,57,31
20212,A,골목상권,3110528,서울여자간호대학교,7567,1522,6045,6,217,511,2006,3643,1184,1,75,158,342,456,490,5,142,353,1664,3187,694
20212,A,골목상권,3110556,절두산순교성지,1036,634,402,3,129,274,296,242,92,3,52,152,183,174,70,0,77,122,113,68,22
20212,A,골목상권,3110580,양원초등학교,498,212,286,1,65,95,130,125,82,0,16,34,56,63,43,1,49,61,74,62,39
20212,A,골목상권,3110545,마포구청역 1번,2002,1003,999,13,262,386,532,510,299,6,101,203,265,254,174,7,161,183,267,256,125
20212,A,골목상권,3110568,광흥창역 1번,1865,940,925,2,319,532,473,379,160,0,93,278,268,220,81,2,226,254,205,159,79
20212,A,골목상권,3110622,달마을공원,3703,2251,1452,3,469,828,1090,957,356,2,224,483,702,584,256,1,245,345,388,373,100
20212,A,골목상권,3110675,화곡4동주민센터,2797,1278,1519,5,643,758,578,544,269,4,133,328,273,318,222,1,510,430,305,226,47
20212,A,골목상권,3110672,백석중학교,3412,1929,1483,2,392,661,820,891,646,1,172,329,509,533,385,1,220,332,311,358,261
20212,A,골목상권,3110601,신월1동우편취급국,2705,1819,886,9,277,464,638,855,462,4,152,304,424,572,363,5,125,160,214,283,99
20212,A,골목상권,3110609,신정네거리역 2번,3128,2387,741,7,203,302,527,602,1487,2,96,167,286,425,1411,5,107,135,241,177,76
20212,A,골목상권,3110598,신월문화체육센터,3588,2130,1458,4,271,421,690,983,1219,3,154,260,389,589,735,1,117,161,301,394,484
20212,A,골목상권,3110655,발산역 5번,4161,1917,2244,5,419,692,805,852,1388,3,173,359,411,358,613,2,246,333,394,494,775
20212,A,골목상권,3110652,양천향교역 2번,5355,3360,1995,14,588,1103,1158,1394,1098,8,298,697,700,851,806,6,290,406,458,543,292
20212,A,골목상권,3110630,공항시장역 1번,3398,1986,1412,9,371,571,654,788,1005,3,149,321,407,512,594,6,222,250,247,276,411
20212,A,골목상권,3110660,등촌3동주민센터,10361,5421,4940,46,1465,2249,2361,2354,1886,16,655,1444,1390,1025,891,30,810,805,971,1329,995
20212,A,골목상권,3110645,우장산역 4번,6211,3689,2522,11,755,1459,1633,1576,777,7,408,941,907,852,574,4,347,518,726,724,203
20212,A,골목상권,3110640,방화역 1번,4330,2746,1584,7,432,979,1112,1131,669,5,222,521,675,783,540,2,210,458,437,348,129
20212,A,골목상권,3110695,개봉1동주민센터,2132,1220,912,8,180,491,579,523,351,7,99,290,309,285,230,1,81,201,270,238,121
20212,A,골목상권,3110692,큰굴다리,3257,2221,1036,5,464,656,827,912,393,4,364,453,539,571,290,1,100,203,288,341,103
20212,A,골목상권,3110714,구로4동주민센터,3993,2731,1262,7,467,935,917,1103,564,4,223,587,636,850,431,3,244,348,281,253,133
20212,A,골목상권,3110715,구로구민회관,4993,2481,2512,4,601,1291,1353,1189,555,2,225,636,658,644,316,2,376,655,695,545,239
20212,A,골목상권,3110708,화원어린이공원,1274,488,786,6,311,266,296,208,187,1,66,71,108,97,145,5,245,195,188,111,42
20212,A,골목상권,3110713,구로보건소,7675,4823,2852,13,1134,1919,2115,1590,904,6,626,1277,1358,961,595,7,508,642,757,629,309
20212,A,골목상권,3110718,한국SGI본부,6477,4079,2398,33,1087,1712,1798,1241,606,26,598,1087,1157,798,413,7,489,625,641,443,193
20212,A,골목상권,3110707,구로창업지원센터,5470,4040,1430,11,555,1651,1506,1116,631,9,302,1244,1178,827,480,2,253,407,328,289,151
20212,A,골목상권,3110727,독산역 1번 출입구,3120,2126,994,18,378,675,804,825,420,18,221,481,534,577,295,0,157,194,270,248,125
20212,A,골목상권,3110726,금천철쭉어린이공원(금하마을),1222,795,427,13,185,229,245,307,243,11,116,157,160,167,184,2,69,72,85,140,59
20212,A,골목상권,3110738,문성초등학교,2470,1462,1008,12,359,479,571,602,447,3,208,314,345,327,265,9,151,165,226,275,182
20212,A,골목상권,3110744,독산동성당,2100,1247,853,1,190,325,415,592,577,0,116,185,232,327,387,1,74,140,183,265,190
20212,A,골목상권,3110754,삼성산자연공원(서울금천초등학교),1854,1031,823,19,228,370,484,441,312,12,101,240,284,208,186,7,127,130,200,233,126
20212,A,골목상권,3110734,금천파출소,1807,760,1047,8,475,533,360,289,142,3,200,263,141,92,61,5,275,270,219,197,81
20212,A,골목상권,3110747,석수역 1번 출입구,1082,802,280,4,73,141,239,286,339,4,48,101,156,202,291,0,25,40,83,84,48
20212,A,골목상권,3110819,신대방역 4번,5159,3199,1960,20,841,1350,1310,962,676,14,426,897,852,558,452,6,415,453,458,404,224
20212,A,골목상권,3110781,대림한신아파트,2145,1183,962,3,313,387,472,543,427,0,106,213,256,304,304,3,207,174,216,239,123
20212,A,골목상권,3110776,도신초등학교,4342,3047,1295,14,543,1061,1275,922,527,5,283,767,959,627,406,9,260,294,316,295,121
20212,A,골목상권,3110798,신풍역 2번,1786,1078,708,7,160,456,560,380,223,6,95,279,287,241,170,1,65,177,273,139,53
20212,A,골목상권,3110792,영등포역 2번,4524,2496,2028,35,680,1023,1028,1131,627,16,283,485,583,698,431,19,397,538,445,433,196
20212,A,골목상권,3110756,문래중학교,1572,1015,557,2,185,356,383,362,284,0,97,271,248,213,186,2,88,85,135,149,98
20212,A,골목상권,3110801,신풍역 6번(신길6동공영주차장),245,84,161,1,32,37,52,64,59,0,1,12,15,24,32,1,31,25,37,40,27
20212,A,골목상권,3110812,신길6동주민센터,2401,1555,846,4,382,558,565,498,394,3,189,346,367,345,305,1,193,212,198,153,89
20212,A,골목상권,3110811,보라매역 4번,1485,937,548,4,212,413,375,284,197,3,100,268,233,183,150,1,112,145,142,101,47
20212,A,골목상권,3110820,성남고등학교,4803,3512,1291,4,807,999,907,1587,499,3,498,725,655,1252,379,1,309,274,252,335,120
20212,A,골목상권,3110800,영등포동성당,4742,2638,2104,14,1219,1149,1000,824,536,6,385,590,637,579,441,8,834,559,363,245,95
20212,A,골목상권,3110806,서울시립영등포장애인복지관,2220,1555,665,16,339,498,524,501,342,8,181,328,388,376,274,8,158,170,136,125,68
20212,A,골목상권,3110839,숭실대입구역 4번,3303,2046,1257,2,371,954,1107,622,247,1,177,536,682,434,216,1,194,418,425,188,31
20212,A,골목상권,3110833,상도역 2번,1336,685,651,6,207,356,332,277,158,2,88,215,184,115,81,4,119,141,148,162,77
20212,A,골목상권,3110876,서원동주민센터(신관중학교),1010,458,552,0,95,206,235,294,180,0,31,95,124,113,95,0,64,111,111,181,85
20212,A,골목상권,3110889,봉천역 6번,1263,796,467,1,114,181,251,361,355,0,57,94,152,270,223,1,57,87,99,91,132
20212,A,골목상권,3110901,인헌고등학교(인헌중학교),1830,934,896,7,276,482,543,370,152,4,127,251,267,170,115,3,149,231,276,200,37
20212,A,골목상권,3110919,내방역 8번,17656,12077,5579,47,2980,5187,5004,3205,1233,19,1390,3288,3826,2627,927,28,1590,1899,1178,578,306
20212,A,골목상권,3110908,구반포역,8972,4814,4158,21,1548,2263,2440,2159,541,21,607,1187,1452,1153,394,0,941,1076,988,1006,147
20212,A,골목상권,3110916,내방역 4번,9127,6122,3005,73,1885,2725,2144,1385,915,60,1124,1946,1492,851,649,13,761,779,652,534,266
20212,A,골목상권,3110914,내방역 6번,6099,3888,2211,13,1069,1570,1366,1162,919,9,527,958,903,780,711,4,542,612,463,382,208
20212,A,골목상권,3110981,국악고교사거리,4814,3009,1805,11,674,1061,1231,1002,835,3,342,675,767,584,638,8,332,386,464,418,197
20212,A,골목상권,3110952,논현목련공원,6619,4360,2259,19,1063,1760,1774,1271,732,13,616,1186,1215,839,491,6,447,574,559,432,241
20212,A,골목상권,3110953,학동근린공원,21063,12969,8094,82,5828,6708,4428,2577,1440,26,2619,4180,3209,1850,1085,56,3209,2528,1219,727,355
20212,A,골목상권,3110968,강남구청역 2번,13705,8449,5256,49,2620,3694,3410,2525,1407,16,1163,2112,2388,1751,1019,33,1457,1582,1022,774,388
20212,A,골목상권,3110966,논현2동주민센터,18787,11747,7040,55,3807,5812,4775,2774,1564,16,1620,3352,3408,2154,1197,39,2187,2460,1367,620,367
20212,A,골목상권,3110973,강남구청역 4번,10030,5790,4240,39,1911,2711,2341,1849,1179,16,845,1639,1467,1073,750,23,1066,1072,874,776,429
20212,A,골목상권,3110996,대치2동주민센터,35867,16914,18953,262,6657,8765,8045,7435,4703,105,3082,5222,4330,2505,1670,157,3575,3543,3715,4930,3033
20212,A,골목상권,3110982,강남구보훈회관,4003,2221,1782,8,984,1036,920,571,484,5,350,614,590,298,364,3,634,422,330,273,120
20212,A,골목상권,3111002,한국교통안전공단 강남자동차검사소,409,194,215,0,27,74,87,129,92,0,8,39,41,58,48,0,19,35,46,71,44
20212,A,골목상권,3110987,영동대교남단,6140,4147,1993,37,1147,1773,1594,1067,522,17,553,1233,1221,750,373,20,594,540,373,317,149
20212,A,골목상권,3111022,석촌중학교(방이육교),7523,4484,3039,23,1128,1955,1970,1642,805,9,549,1248,1293,845,540,14,579,707,677,797,265
20212,A,골목상권,3111041,거여역 8번,2127,1468,659,8,544,521,474,308,272,6,288,381,370,220,203,2,256,140,104,88,69
20212,A,골목상권,3111031,장지동주민센터(한림연예예술고교),34991,27580,7411,16,3048,6307,10062,13354,2204,7,1885,4657,7895,11621,1515,9,1163,1650,2167,1733,689
20212,A,골목상권,3111014,송파나루역 2번,9836,5551,4285,11,1370,2414,2283,2319,1439,5,597,1499,1467,1202,781,6,773,915,816,1117,658
20212,A,골목상권,3111073,둔촌동역 1번(한산중학교),3288,1796,1492,11,429,739,851,706,552,8,165,384,502,371,366,3,264,355,349,335,186
20213,A,골목상권,3110019,창덕궁,6319,4360,1959,10,1053,2069,1767,953,467,3,559,1386,1342,701,369,7,494,683,425,252,98
20213,A,골목상권,3110018,중앙고등학교,11262,8487,2775,7,1250,3853,3350,2089,713,6,649,2888,2664,1739,541,1,601,965,686,350,172
20213,A,골목상권,3110038,경향신문사,10172,7008,3164,16,1531,3252,3390,1653,330,3,695,2090,2547,1430,243,13,836,1162,843,223,87
20213,A,골목상권,3110012,성곡미술관,27735,18834,8901,37,3819,8129,8256,5229,2265,7,1836,5632,6275,3697,1387,30,1983,2497,1981,1532,878
20213,A,골목상권,3110006,부암동주민센터,773,347,426,0,158,275,203,101,36,0,69,129,83,45,21,0,89,146,120,56,15
20213,A,골목상권,3110052,장충초등학교,5705,3122,2583,6,827,1468,1432,1344,628,3,309,713,830,859,408,3,518,755,602,485,220
20213,A,골목상권,3110589,애오개역 3번,559,265,294,0,108,185,141,80,45,0,38,87,71,42,27,0,70,98,70,38,18
20213,A,골목상권,3110068,남영역 1번,8193,5432,2761,40,1419,2582,2050,1326,776,19,721,1609,1516,1011,556,21,698,973,534,315,220
20213,A,골목상권,3110092,NH농협은행 보광동지점,3281,2252,1029,31,523,841,877,713,296,21,277,569,627,533,225,10,246,272,250,180,71
20213,A,골목상권,3110083,서빙고역 1번,6594,4364,2230,19,1375,1883,1618,1157,542,7,651,1268,1156,865,417,12,724,615,462,292,125
20213,A,골목상권,3110060,효창공원앞역 6번,6789,4650,2139,19,1230,1825,1872,1318,525,10,677,1315,1333,926,389,9,553,510,539,392,136
20213,A,골목상권,3110061,효창동주민센터,5303,3773,1530,6,882,1448,1482,1038,447,4,527,1073,1109,722,338,2,355,375,373,316,109
20213,A,골목상권,3110091,리움미술관,5605,3483,2122,16,1353,2027,1384,612,213,8,579,1155,1049,531,161,8,774,872,335,81,52
20213,A,골목상권,3110122,마장역 2번,1288,844,444,1,128,208,307,373,271,1,73,133,188,246,203,0,55,75,119,127,68
20213,A,골목상권,3110188,용두동신동아아파트,8552,6410,2142,56,940,1775,2007,2538,1236,37,653,1318,1585,1899,918,19,287,457,422,639,318
20213,A,골목상권,3110125,사근동살곶이상점가,304,167,137,2,52,66,90,59,35,2,21,32,48,39,25,0,31,34,42,20,10
20213,A,골목상권,3110147,능동우편취급국,4531,2184,2347,31,1146,862,890,1066,536,19,559,502,431,345,328,12,587,360,459,721,208
20213,A,골목상권,3110217,자동차부품상가,3677,2888,789,21,732,983,868,595,478,20,576,785,687,435,385,1,156,198,181,160,93
20213,A,골목상권,3110178,장로회신학대학교,2404,1638,766,1,341,582,567,559,354,0,195,410,420,386,227,1,146,172,147,173,127
20213,A,골목상권,3110162,군자역 4번,3299,1971,1328,5,497,696,811,692,598,2,300,424,470,362,413,3,197,272,341,330,185
20213,A,골목상권,3110154,광진정말공원,1521,878,643,6,193,294,396,399,233,4,99,168,215,220,172,2,94,126,181,179,61
20213,A,골목상권,3110151,자양한강도서관,2110,1470,640,7,384,424,537,519,239,4,274,300,362,348,182,3,110,124,175,171,57
20213,A,골목상권,3110171,중곡4동주민센터,2069,805,1264,3,502,500,486,436,142,1,84,182,208,224,106,2,418,318,278,212,36
20213,A,골목상권,3110218,답십리사거리,1293,747,546,6,152,258,330,326,221,5,58,132,175,207,170,1,94,126,155,119,51
20213,A,골목상권,3110225,촬영소사거리,1955,992,963,2,123,189,335,525,781,2,67,108,191,252,372,0,56,81,144,273,409
20213,A,골목상권,3110184,용두사거리,3021,1527,1494,5,599,895,617,491,414,2,203,397,289,306,330,3,396,498,328,185,84
20213,A,골목상권,3110213,청량초등학교,2045,619,1426,0,582,702,456,221,84,0,98,228,161,74,58,0,484,474,295,147,26
20213,A,골목상권,3110220,외대앞역 1번,3279,1428,1851,2,649,864,843,597,324,1,120,311,409,369,218,1,529,553,434,228,106
20213,A,골목상권,3110230,장안현대홈타운1차아파트,4180,2588,1592,14,740,1026,1066,899,435,10,450,646,636,535,311,4,290,380,430,364,124
20213,A,골목상권,3110216,전농중학교,1431,725,706,2,194,328,385,371,151,1,84,149,201,194,96,1,110,179,184,177,55
20213,A,골목상권,3110275,하나은행 망우동지점,1321,725,596,10,155,180,250,376,350,0,42,46,116,227,294,10,113,134,134,149,56
20213,A,골목상권,3110276,신내IC북측,132,100,32,0,9,22,38,38,25,0,5,19,26,32,18,0,4,3,12,6,7
20213,A,골목상권,3110240,태릉시장 특화거리,439,231,208,3,63,64,129,98,82,2,24,33,65,48,59,1,39,31,64,50,23
20213,A,골목상권,3110299,정릉역 1번,1824,844,980,4,260,396,436,423,305,0,53,150,161,238,242,4,207,246,275,185,63
20213,A,골목상권,3110302,보문역 8번,5898,4601,1297,6,635,1951,1314,1333,659,2,343,1589,1089,1123,455,4,292,362,225,210,204
20213,A,골목상권,3110333,돌곶이역 5번,2180,1597,583,1,138,180,253,395,1213,0,72,102,152,268,1003,1,66,78,101,127,210
20213,A,골목상권,3110295,정릉우체국,2033,967,1066,2,326,405,505,478,317,0,87,174,207,267,232,2,239,231,298,211,85
20213,A,골목상권,3110290,북한산보국문역 1번,956,503,453,2,85,114,198,295,262,0,23,58,103,167,152,2,62,56,95,128,110
20213,A,골목상권,3110284,정릉북한산국립공원입구,1070,775,295,0,67,166,299,370,168,0,17,93,226,294,145,0,50,73,73,76,23
20213,A,골목상권,3110315,종암아이파크2차,19324,9933,9391,57,1503,4968,7106,5488,202,13,619,1647,3160,4363,131,44,884,3321,3946,1125,71
20213,A,골목상권,3110311,종암아이파크2차후문,18326,9454,8872,55,1387,4748,6804,5254,78,12,582,1562,3010,4226,62,43,805,3186,3794,1028,16
20213,A,골목상권,3110372,강북중학교,2235,1039,1196,1,431,564,556,464,219,1,120,285,281,229,123,0,311,279,275,235,96
20213,A,골목상권,3110355,삼양사거리역 2번,841,465,376,2,75,143,202,215,204,1,21,48,103,134,158,1,54,95,99,81,46
20213,A,골목상권,3110384,문이교,515,242,273,1,67,67,122,148,110,0,18,23,41,80,80,1,49,44,81,68,30
20213,A,골목상권,3110407,도봉역 2번,1737,1230,507,2,79,213,329,569,545,1,27,108,185,426,483,1,52,105,144,143,62
20213,A,골목상권,3110405,방학역 1번,2828,1543,1285,6,280,510,686,856,490,5,158,343,328,348,361,1,122,167,358,508,129
20213,A,골목상권,3110412,창동중학교,926,729,197,1,32,75,129,327,362,1,15,31,69,262,351,0,17,44,60,65,11
20213,A,골목상권,3110394,방학중학교,1009,508,501,1,104,211,274,247,172,1,47,99,125,125,111,0,57,112,149,122,61
20213,A,골목상권,3110388,도봉우체국,1888,873,1015,4,412,414,447,441,170,3,100,202,209,231,128,1,312,212,238,210,42
20213,A,골목상권,3110442,화랑대철도공원,516,235,281,2,52,82,125,173,82,2,27,35,48,69,54,0,25,47,77,104,28
20213,A,골목상권,3110424,상계초등학교,1733,729,1004,5,214,302,436,475,301,5,84,152,179,184,125,0,130,150,257,291,176
20213,A,골목상권,3110431,상계역,1287,621,666,3,148,275,353,314,194,0,43,131,187,139,121,3,105,144,166,175,73
20213,A,골목상권,3110437,당고개역 2번,1939,1463,476,1,93,154,435,765,491,0,35,83,301,619,425,1,58,71,134,146,66
20213,A,골목상권,3110439,당고개역 5번,1564,1295,269,1,57,95,313,641,457,0,18,56,256,564,401,1,39,39,57,77,56
20213,A,골목상권,3110440,상계3동4동주민센터,169,56,113,0,26,25,43,40,35,0,8,5,11,16,16,0,18,20,32,24,19
20213,A,골목상권,3110420,광운대역 1번,1471,830,641,9,301,445,400,204,112,2,145,305,217,102,59,7,156,140,183,102,53
20213,A,골목상권,3110467,은평요양병원,1379,737,642,5,189,335,332,289,229,4,86,184,174,140,149,1,103,151,158,149,80
20213,A,골목상권,3110454,선정중학교,2790,1775,1015,7,272,500,645,930,436,3,129,261,343,687,352,4,143,239,302,243,84
20213,A,골목상권,3110447,구산초등학교,1598,1138,460,2,95,229,339,680,253,0,42,106,199,571,220,2,53,123,140,109,33
20213,A,골목상권,3110466,구산역 2번,1798,899,899,10,243,407,457,413,268,2,80,171,240,218,188,8,163,236,217,195,80
20213,A,골목상권,3110444,수색성당,1892,1313,579,0,137,252,283,320,900,0,54,128,127,184,820,0,83,124,156,136,80
20213,A,골목상권,3110453,신사1동주민센터,1978,1132,846,1,218,408,518,480,353,1,127,200,295,268,241,0,91,208,223,212,112
20213,A,골목상권,3110448,상신초등학교입구,1073,613,460,3,129,216,240,258,227,1,83,123,122,132,152,2,46,93,118,126,75
20213,A,골목상권,3110498,증산역 1번,2535,1338,1197,4,342,517,554,649,469,2,109,293,309,322,303,2,233,224,245,327,166
20213,A,골목상권,3110505,홍남교남측,2126,1435,691,49,700,599,355,283,140,26,407,498,226,172,106,23,293,101,129,111,34
20213,A,골목상권,3110510,홍연시장,2641,1768,873,55,777,683,448,457,221,30,445,554,273,293,173,25,332,129,175,164,48
20213,A,골목상권,3110553,가좌역 2번,1511,856,655,3,170,321,388,384,245,2,77,175,235,224,143,1,93,146,153,160,102
20213,A,골목상권,3110496,모래내우체국,1812,822,990,7,281,445,449,349,281,4,85,208,221,148,156,3,196,237,228,201,125
20213,A,골목상권,3110542,마포구청역 7번,5558,3298,2260,20,707,1052,1202,1656,921,11,378,760,825,770,554,9,329,292,377,886,367
20213,A,골목상권,3110506,연희임광아파트,1391,746,645,2,205,313,340,335,196,2,93,209,169,157,116,0,112,104,171,178,80
20213,A,골목상권,3110529,홍제3동주민센터,1091,564,527,4,122,140,206,257,362,1,44,66,95,138,220,3,78,74,111,119,142
20213,A,골목상권,3110521,홍제역 4번,1109,612,497,3,108,134,316,391,157,1,30,70,168,242,101,2,78,64,148,149,56
20213,A,골목상권,3110561,상수역 4번,2460,1498,962,31,569,746,545,348,221,20,264,444,364,239,167,11,305,302,181,109,54
20213,A,골목상권,3110552,성미산체육관,2995,1818,1177,8,379,652,778,730,448,4,185,366,457,506,300,4,194,286,321,224,148
20213,A,골목상권,3110570,KB국민은행 서강지점,1410,826,584,7,199,376,380,261,187,7,100,222,201,154,142,0,99,154,179,107,45
20213,A,골목상권,3110620,목동보건지소,3652,1851,1801,7,412,863,1018,883,469,5,182,474,447,423,320,2,230,389,571,460,149
20213,A,골목상권,3110624,목동문화체육센터,1670,856,814,1,264,453,486,298,168,1,140,240,200,155,120,0,124,213,286,143,48
20213,A,골목상권,3110626,양화초등학교,3807,2364,1443,4,517,846,1106,938,396,3,219,458,758,652,274,1,298,388,348,286,122
20213,A,골목상권,3110606,신한은행 신월동지점,2588,1783,805,3,138,296,550,822,779,1,58,158,318,568,680,2,80,138,232,254,99
20213,A,골목상권,3110646,푸른들청소년도서관,6554,3939,2615,12,861,1499,1624,1593,965,9,445,957,950,890,688,3,416,542,674,703,277
20213,A,골목상권,3110613,신정네거리역 4번,532,258,274,0,62,116,114,119,121,0,13,47,48,66,84,0,49,69,66,53,37
20213,A,골목상권,3110706,그라운드 고척,2411,1613,798,2,310,586,628,638,247,2,161,381,415,463,191,0,149,205,213,175,56
20213,A,골목상권,3110701,고척동성당,2031,1278,753,7,310,414,454,523,323,1,176,260,284,305,252,6,134,154,170,218,71
20213,A,골목상권,3110657,양천향교역 5번,8471,5307,3164,17,1024,2088,2090,1892,1360,11,513,1206,1353,1162,1062,6,511,882,737,730,298
20213,A,골목상권,3110648,양천향교역 7번,4059,2626,1433,14,469,835,925,929,887,10,238,536,594,535,713,4,231,299,331,394,174
20213,A,골목상권,3110671,등촌1동주민센터,10403,6389,4014,31,1969,2531,2337,1997,1538,18,787,1620,1611,1312,1041,13,1182,911,726,685,497
20213,A,골목상권,3110658,화곡초등학교,3192,1856,1336,2,811,765,628,538,448,0,270,453,376,381,376,2,541,312,252,157,72
20213,A,골목상권,3110668,화곡2동주민센터,3004,1684,1320,10,406,790,822,630,346,7,198,431,436,373,239,3,208,359,386,257,107
20213,A,골목상권,3110721,가리봉파출소,9719,6601,3118,27,1764,3184,2464,1435,845,13,942,2250,1830,926,640,14,822,934,634,509,205
20213,A,골목상권,3110703,개봉역,8618,4789,3829,41,1381,2048,1932,2036,1180,22,796,1309,965,946,751,19,585,739,967,1090,429
20213,A,골목상권,3110693,오류동역 4번,2696,1879,817,4,369,515,637,750,421,3,300,366,437,480,293,1,69,149,200,270,128
20213,A,골목상권,3110709,구로119안전센터,1187,559,628,4,117,165,257,381,263,2,53,88,142,137,137,2,64,77,115,244,126
20213,A,골목상권,3110716,구로나눔길,4822,2652,2170,7,579,1315,1117,1252,552,3,265,697,592,776,319,4,314,618,525,476,233
20213,A,골목상권,3110769,대림차이나타운(대림역 12번),1954,1208,746,5,121,251,393,460,724,3,75,164,232,290,444,2,46,87,161,170,280
20213,A,골목상권,3110761,문래동남성맨션,1158,827,331,2,91,236,304,299,226,1,64,159,218,197,188,1,27,77,86,102,38
20213,A,골목상권,3110741,독산2동주민센터,1504,811,693,3,175,295,351,425,255,2,91,145,170,215,188,1,84,150,181,210,67
20213,A,골목상권,3110859,난향초등학교,512,230,282,1,45,111,154,119,82,0,3,44,63,56,64,1,42,67,91,63,18
20213,A,골목상권,3110789,대림성모병원,3410,1458,1952,2,996,845,702,539,326,2,257,378,363,264,194,0,739,467,339,275,132
20213,A,골목상권,3110780,신길대성유니드아파트,1394,925,469,1,137,277,365,360,254,1,88,167,227,235,207,0,49,110,138,125,47
20213,A,골목상권,3110772,신우어린이공원,1405,839,566,1,221,295,338,329,221,0,93,177,214,205,150,1,128,118,124,124,71
20213,A,골목상권,3110785,영등포푸르지오아파트,2009,1361,648,6,207,449,544,471,332,4,93,298,379,338,249,2,114,151,165,133,83
20213,A,골목상권,3110787,신길3동주민센터,1010,595,415,3,99,199,285,264,160,3,47,107,166,160,112,0,52,92,119,104,48
20213,A,골목상권,3110758,문래소공원,14709,7623,7086,103,3376,3787,3217,3111,1115,31,1541,2760,1604,829,858,72,1835,1027,1613,2282,257
20213,A,골목상권,3110815,공군호텔,3580,1559,2021,5,645,846,827,727,530,0,194,396,377,297,295,5,451,450,450,430,235
20213,A,골목상권,3110808,신길역 1번,1130,445,685,0,100,235,310,302,183,0,32,108,122,98,85,0,68,127,188,204,98
20213,A,골목상권,3110804,신풍역 1번,1741,798,943,1,169,357,520,405,289,0,76,149,168,199,206,1,93,208,352,206,83
20213,A,골목상권,3110832,노량진초등학교,4040,2156,1884,1,568,1114,970,953,434,0,307,514,509,572,254,1,261,600,461,381,180
20213,A,골목상권,3110822,신대방삼거리역 4번(대림초등학교),2751,1560,1191,2,363,614,588,613,571,0,112,362,360,362,364,2,251,252,228,251,207
20213,A,골목상권,3110850,사당역 10번,7894,4180,3714,14,1345,2053,2169,1428,885,5,442,1014,1153,889,677,9,903,1039,1016,539,208
20213,A,골목상권,3110907,방배초등학교,7536,4093,3443,28,1176,1611,1757,1598,1366,16,482,896,974,820,905,12,694,715,783,778,461
20213,A,골목상권,3110886,관악해태어린이공원,1445,959,486,3,127,237,384,457,237,1,51,115,248,345,199,2,76,122,136,112,38
20213,A,골목상권,3110870,신림주공2단지(광신고등학교),926,524,402,2,74,142,244,279,185,0,27,71,123,158,145,2,47,71,121,121,40
20213,A,골목상권,3110888,청룡동주민센터,1962,823,1139,4,400,564,469,301,224,0,83,193,220,164,163,4,317,371,249,137,61
20213,A,골목상권,3110880,신림역 1번,1885,706,1179,2,469,465,373,346,230,1,114,169,180,115,127,1,355,296,193,231,103
20213,A,골목상권,3110896,관악우성아파트,736,263,473,3,103,109,175,206,140,2,34,34,61,79,53,1,69,75,114,127,87
20213,A,골목상권,3110948,헌인가구단지,57,27,30,0,5,24,14,11,3,0,4,12,6,2,3,0,1,12,8,9,0
20213,A,골목상권,3110921,서울프랑스학교,78980,73122,5858,28,7548,16129,20976,31809,2490,12,6231,14222,19329,31052,2276,16,1317,1907,1647,757,214
20213,A,골목상권,3110912,방배동사이길,10864,6872,3992,39,2280,3332,2614,1988,611,11,836,2031,1921,1590,483,28,1444,1301,693,398,128
20213,A,골목상권,3110933,한국상담대학원대학교,5166,2935,2231,17,1332,1552,1139,789,337,4,500,976,763,474,218,13,832,576,376,315,119
20213,A,골목상권,3110935,한전아트센터,15447,13162,2285,22,2512,5659,3695,2968,591,17,1823,4896,3229,2703,494,5,689,763,466,265,97
20213,A,골목상권,3110984,포이초등학교(개포목련어린이공원),3582,2150,1432,4,498,767,882,784,647,1,250,501,486,430,482,3,248,266,396,354,165
20213,A,골목상권,3110978,도곡2동주민센터(대치중학교),9979,6980,2999,40,2087,3214,2294,1200,1144,23,1136,2370,1884,909,658,17,951,844,410,291,486
20213,A,골목상권,3110971,선정릉역 4번,19901,10561,9340,56,4117,6246,4806,2922,1754,20,1411,3453,2772,1734,1171,36,2706,2793,2034,1188,583
20213,A,골목상권,3110974,언주중학교,8256,5430,2826,32,1847,2573,1708,1193,903,20,851,1532,1318,975,734,12,996,1041,390,218,169
20213,A,골목상권,3110975,매봉역 1번,20752,14192,6560,76,4365,5383,5577,4328,1023,51,2288,3472,4126,3439,816,25,2077,1911,1451,889,207
20213,A,골목상권,3111040,거여초등학교,2357,1472,885,10,310,602,594,522,319,9,179,402,365,295,222,1,131,200,229,227,97
20213,A,골목상권,3111026,문정역 2번,5159,3277,1882,8,771,1232,1312,1131,705,3,429,810,876,634,525,5,342,422,436,497,180
20213,A,골목상권,3111017,송파나루역 3번,3628,2432,1196,16,792,796,869,755,400,11,460,537,585,527,312,5,332,259,284,228,88
20213,A,골목상권,3111010,석촌역 7번,7142,5058,2084,9,802,1620,1617,1242,1852,6,441,1150,1102,793,1566,3,361,470,515,449,286
20213,A,골목상권,3111034,오동나무공원(송파레미니스1단지),3543,2415,1128,7,500,770,849,906,511,6,300,543,575,584,407,1,200,227,274,322,104
20213,A,골목상권,3111030,방이역 2번,20738,15418,5320,18,2658,5004,5332,4928,2798,6,1628,3495,4144,4200,1945,12,1030,1509,1188,728,853
20213,A,골목상권,3111085,묘곡초등학교(고덕아이파크아파트),1513,784,729,0,146,290,369,382,326,0,61,149,169,194,211,0,85,141,200,188,115
20213,A,골목상권,3111077,길동주민센터(강동도서관),6406,3327,3079,16,671,1129,1499,1694,1397,9,330,650,809,710,819,7,341,479,690,984,578
20213,A,골목상권,3111076,둔촌2동주민센터,2137,1170,967,3,262,433,458,484,497,1,104,223,250,249,343,2,158,210,208,235,154
20213,A,골목상권,3111080,굽은다리역 3번,1729,778,951,2,186,308,401,447,385,0,66,164,188,178,182,2,120,144,213,269,203
20213,A,골목상권,3110021,성균관대학교,1380,854,526,13,176,218,316,344,313,11,77,113,213,233,207,2,99,105,103,111,106
20213,A,골목상권,3110536,돈의문센트레빌아파트입구,1695,833,862,1,260,434,449,376,175,1,78,212,254,177,111,0,182,222,195,199,64
20213,A,골목상권,3110029,동대문역 1번,1644,738,906,3,231,331,381,390,308,1,67,127,179,186,178,2,164,204,202,204,130
20213,A,골목상권,3110037,신설동역 12번,6845,2610,4235,8,686,1039,1229,1827,2056,0,200,462,558,454,936,8,486,577,671,1373,1120
20213,A,골목상권,3110050,약수역 7번,1836,960,876,2,250,436,467,418,263,2,91,213,281,223,150,0,159,223,186,195,113
20213,A,골목상권,3110056,신당역 3번,2607,1426,1181,6,401,693,647,505,355,6,185,356,340,292,247,0,216,337,307,213,108
20213,A,골목상권,3110042,남산골공원옆,3487,1845,1642,11,347,719,1132,882,396,6,133,341,523,568,274,5,214,378,609,314,122
20213,A,골목상권,3110067,배문고등학교,6040,2831,3209,9,1156,1772,1294,977,832,3,287,644,651,605,641,6,869,1128,643,372,191
20212,A,골목상권,3110145,장안초등학교,626,318,308,0,48,90,132,215,141,0,20,45,59,100,94,0,28,45,73,115,47
20213,A,골목상권,3110090,한국폴리텍대학서울정수캠퍼스,6854,4231,2623,17,1075,2196,2359,934,273,8,504,1107,1684,735,193,9,571,1089,675,199,80
20213,A,골목상권,3110088,오산고등학교,7060,4470,2590,17,1103,2335,2474,899,232,7,558,1213,1793,727,172,10,545,1122,681,172,60
20213,A,골목상권,3110087,이태원엔틱가구거리,3473,1835,1638,14,616,996,784,725,338,11,220,474,424,457,249,3,396,522,360,268,89
20213,A,골목상권,3110063,효창공원앞역 5번,2545,1665,880,15,308,566,692,530,434,12,172,383,458,344,296,3,136,183,234,186,138
20213,A,골목상권,3110058,성심여자고등학교,6811,4886,1925,22,1067,2028,1812,1308,574,7,598,1398,1383,1048,452,15,469,630,429,260,122
20213,A,골목상권,3110098,서울독일학교,19270,15584,3686,22,2331,4742,5464,6112,599,14,1127,3406,4759,5764,514,8,1204,1336,705,348,85
20213,A,골목상권,3110096,한남힐사이드아파트,5546,3662,1884,5,1168,1544,1281,1282,266,3,498,976,912,1046,227,2,670,568,369,236,39
20213,A,골목상권,3110100,옥수동우편취급국,7613,6422,1191,7,609,2450,2479,1864,204,4,305,1915,2241,1784,173,3,304,535,238,80,31
20213,A,골목상권,3110119,마장지하차도,2046,656,1390,1,159,260,428,704,494,0,83,139,167,155,112,1,76,121,261,549,382
20213,A,골목상권,3110118,왕십리역 9번,1141,733,408,1,167,270,301,259,143,0,85,164,189,178,117,1,82,106,112,81,26
20212,A,골목상권,3110002,독립문역 1번,616,177,439,7,166,170,151,84,38,6,34,34,51,28,24,1,132,136,100,56,14
20212,A,골목상권,3111072,굽은다리역 1번(십자성마을),2946,1789,1157,8,298,573,759,699,609,3,146,346,440,433,421,5,152,227,319,266,188
20212,A,골목상권,3111084,길동신동아아파트,1097,568,529,2,102,184,201,327,281,2,56,104,100,149,157,0,46,80,101,178,124
20212,A,골목상권,3110017,정독도서관,4793,3571,1222,1,747,1261,1255,1054,475,1,404,870,1019,890,387,0,343,391,236,164,88
20212,A,골목상권,3110004,대신고등학교,402,232,170,6,56,96,96,104,44,5,32,54,54,53,34,1,24,42,42,51,10
20212,A,골목상권,3110031,창신역 1번,499,243,256,2,65,123,115,127,67,0,17,56,56,68,46,2,48,67,59,59,21
20212,A,골목상권,3110181,신설동역 9번,11325,6319,5006,32,1034,2438,3253,2841,1727,17,532,1500,1747,1415,1108,15,502,938,1506,1426,619
20212,A,골목상권,3110025,충신시장옆,2953,1750,1203,6,522,768,705,591,361,1,198,408,447,419,277,5,324,360,258,172,84
20212,A,골목상권,3110291,한성대입구역 3번,2792,1638,1154,3,210,450,857,801,471,1,83,257,522,485,290,2,127,193,335,316,181
20212,A,골목상권,3110026,종로5가역 4번,1316,680,636,4,165,282,370,283,212,1,63,132,176,155,153,3,102,150,194,128,59
20212,A,골목상권,3110016,평창동동측,12725,5785,6940,17,1035,3438,5042,2657,536,8,355,1373,2545,1209,295,9,680,2065,2497,1448,241
20212,A,골목상권,3110020,서울국제고등학교,2158,1200,958,4,389,630,516,385,234,3,162,347,310,219,159,1,227,283,206,166,75
20212,A,골목상권,3110048,장충동주민센터,10743,5949,4794,32,1907,2975,2905,2265,659,5,684,1762,1731,1314,453,27,1223,1213,1174,951,206
20212,A,골목상권,3110046,버티고개,2463,1750,713,3,241,901,673,506,139,0,143,678,502,330,97,3,98,223,171,176,42
20212,A,골목상권,3110047,다산성곽길,5084,2935,2149,11,1086,1445,1154,887,501,3,410,865,765,531,361,8,676,580,389,356,140
20212,A,골목상권,3110539,미근동,12732,7479,5253,42,2010,4180,3436,2242,822,19,832,2371,2093,1519,645,23,1178,1809,1343,723,177
20212,A,골목상권,3110110,상왕십리역 6번,2405,1457,948,12,383,537,534,531,408,3,127,319,375,375,258,9,256,218,159,156,150
20212,A,골목상권,3110066,서울역 15번,4167,2123,2044,9,838,1274,877,641,528,4,288,582,482,374,393,5,550,692,395,267,135
20212,A,골목상권,3110591,충정로역 6번,3780,2155,1625,0,729,1051,1004,652,344,0,358,619,586,387,205,0,371,432,418,265,139
20212,A,골목상권,3110086,이태원역 북측,13166,6107,7059,36,4072,5077,2603,1007,371,14,1114,2293,1610,799,277,22,2958,2784,993,208,94
20212,A,골목상권,3110085,경리단길남측,12274,5390,6884,26,3823,4925,2402,861,237,12,993,2133,1397,675,180,14,2830,2792,1005,186,57
20212,A,골목상권,3110105,금동어린이공원,2664,1110,1554,16,327,830,1025,337,129,1,110,292,450,175,82,15,217,538,575,162,47
20212,A,골목상권,3110116,청계천박물관,6537,4739,1798,43,541,1177,1527,2151,1098,31,326,844,1178,1561,799,12,215,333,349,590,299
20212,A,골목상권,3110128,성원중학교,3542,2310,1232,18,454,892,940,801,437,8,266,660,634,494,248,10,188,232,306,307,189
20212,A,골목상권,3110120,서울숲카페거리,835,506,329,0,85,162,225,202,161,0,41,83,109,130,143,0,44,79,116,72,18
20212,A,골목상권,3110124,뚝섬역교차로,2595,1874,721,12,366,472,586,575,584,10,183,303,387,461,530,2,183,169,199,114,54
20212,A,골목상권,3110129,성원어린이공원,3599,2300,1299,18,579,846,820,729,607,14,311,541,561,470,403,4,268,305,259,259,204
20212,A,골목상권,3110132,성수2가3동주민센터,3491,2130,1361,9,415,835,861,811,560,8,209,510,554,495,354,1,206,325,307,316,206
20212,A,골목상권,3110223,군자초등학교,3357,2271,1086,35,621,967,788,549,397,8,327,680,552,382,322,27,294,287,236,167,75
20212,A,골목상권,3110111,대현산장미원,74,52,22,0,7,13,12,21,21,0,6,5,6,16,19,0,1,8,6,5,2
20212,A,골목상권,3110166,구의1동주민센터,13530,10491,3039,13,880,2121,3757,5357,1402,11,448,1352,2902,4600,1178,2,432,769,855,757,224
20212,A,골목상권,3110160,광진경찰서,1622,1121,501,1,270,514,389,345,103,1,174,364,263,239,80,0,96,150,126,106,23
20212,A,골목상권,3110164,아차산역 5번,2452,1482,970,7,311,484,595,582,473,2,153,274,370,328,355,5,158,210,225,254,118
20212,A,골목상권,3110158,중곡3동주민센터,1689,1085,604,3,201,401,431,405,248,0,113,280,259,259,174,3,88,121,172,146,74
20212,A,골목상권,3110253,중곡초등학교,1551,1093,458,2,104,216,386,589,254,1,47,124,250,474,197,1,57,92,136,115,57
20212,A,골목상권,3110227,답십리공원,3666,2141,1525,43,1527,620,564,543,369,25,873,404,327,274,238,18,654,216,237,269,131
20212,A,골목상권,3110192,동의보감타워,1689,798,891,2,156,273,358,433,467,0,54,114,189,200,241,2,102,159,169,233,226
20212,A,골목상권,3110182,용두희망어린이공원,6164,2634,3530,4,747,1233,1297,1729,1154,0,240,665,668,567,494,4,507,568,629,1162,660
20212,A,골목상권,3110208,시조사삼거리,1810,1056,754,3,255,573,311,351,317,2,120,403,184,193,154,1,135,170,127,158,163
20212,A,골목상권,3110191,고려대역 6번,817,524,293,1,45,155,267,206,143,1,24,76,163,146,114,0,21,79,104,60,29
20212,A,골목상권,3110193,고려대역 4번,827,531,296,1,49,167,287,216,107,1,25,93,176,149,87,0,24,74,111,67,20
20212,A,골목상권,3110274,서일대학교,1874,1209,665,2,153,270,455,529,465,1,54,150,285,380,339,1,99,120,170,149,126
20212,A,골목상권,3110270,혜원여고,1057,631,426,0,86,153,246,300,272,0,32,87,130,187,195,0,54,66,116,113,77
20212,A,골목상권,3110277,러스크서울병원,1417,798,619,5,161,220,285,429,317,1,56,69,143,266,263,4,105,151,142,163,54
20212,A,골목상권,3110249,중화역 1번,2900,1839,1061,1,380,672,715,696,436,1,208,379,410,482,359,0,172,293,305,214,77
20212,A,골목상권,3110250,화랑대역 7번,1016,501,515,5,84,215,300,277,135,1,28,102,135,142,93,4,56,113,165,135,42
20212,A,골목상권,3110235,세화어린이공원,352,192,160,6,86,56,94,66,44,5,50,30,41,35,31,1,36,26,53,31,13
20212,A,골목상권,3110306,미아초등학교,5040,2548,2492,418,2027,1281,681,387,246,176,903,701,375,192,201,242,1124,580,306,195,45
20212,A,골목상권,3110304,보문역 4번,3586,1900,1686,4,465,1014,939,889,275,3,200,485,478,545,189,1,265,529,461,344,86
20212,A,골목상권,3110336,석관고등학교,933,606,327,1,108,181,209,262,172,0,57,97,124,192,136,1,51,84,85,70,36
20212,A,골목상권,3110327,상월곡역 2번,1727,1049,678,4,291,422,476,347,187,1,146,269,289,200,144,3,145,153,187,147,43
20212,A,골목상권,3110330,돌곶이역 1번,785,481,304,1,83,124,161,170,246,0,26,63,88,101,203,1,57,61,73,69,43
20212,A,골목상권,3110335,석계역 7번,2390,1663,727,2,154,218,357,467,1192,0,68,110,204,330,951,2,86,108,153,137,241
20212,A,골목상권,3110332,돌곶이역 3번,2136,1489,647,1,156,186,243,364,1186,0,59,94,136,223,977,1,97,92,107,141,209
20212,A,골목상권,3110389,한일병원,2913,1480,1433,1,556,681,702,645,328,1,161,333,390,368,227,0,395,348,312,277,101
20212,A,골목상권,3110347,구세군강북종합사회복지관,229,109,120,0,29,43,60,41,56,0,5,15,30,21,38,0,24,28,30,20,18
20212,A,골목상권,3110344,화계중학교,765,403,362,0,70,135,208,278,74,0,39,56,106,139,63,0,31,79,102,139,11
20212,A,골목상권,3110353,수유동우체국,2195,1467,728,0,76,117,357,593,1052,0,17,56,240,437,717,0,59,61,117,156,335
20212,A,골목상권,3110387,쌍문초등학교,1023,569,454,0,115,155,279,298,176,0,47,78,125,166,153,0,68,77,154,132,23
20212,A,골목상권,3110337,아카데미하우스,1220,817,403,6,149,254,287,330,194,6,70,184,184,207,166,0,79,70,103,123,28
20212,A,골목상권,3110397,도봉산입구,1081,690,391,0,65,132,223,329,332,0,17,63,112,226,272,0,48,69,111,103,60
20212,A,골목상권,3110406,도봉산역 1번,1282,894,388,0,35,92,248,427,480,0,12,56,183,328,315,0,23,36,65,99,165
20212,A,골목상권,3110415,수락산역 4번,3127,1795,1332,19,436,611,756,776,529,16,238,366,437,450,288,3,198,245,319,326,241
20212,A,골목상권,3110435,서울과학기술대,486,320,166,0,28,85,109,148,116,0,14,37,61,104,104,0,14,48,48,44,12
20212,A,골목상권,3110436,상계제일중학교,1604,823,781,12,185,351,391,391,274,7,70,171,207,186,182,5,115,180,184,205,92
20212,A,골목상권,3110432,대진고등학교,2273,1419,854,3,199,364,570,753,384,2,72,175,325,556,289,1,127,189,245,197,95
20212,A,골목상권,3110483,연천초등학교,1888,990,898,2,87,158,205,289,1147,1,35,83,95,136,640,1,52,75,110,153,507
20212,A,골목상권,3110491,불광중학교,467,194,273,1,38,82,132,139,75,1,13,39,53,48,40,0,25,43,79,91,35
20212,A,골목상권,3110494,증산3교남측,1503,1100,403,0,61,162,176,249,855,0,27,76,66,146,785,0,34,86,110,103,70
20212,A,골목상권,3110452,새절역 3번,1150,767,383,3,83,169,269,341,285,3,52,85,159,216,252,0,31,84,110,125,33
20212,A,골목상권,3110469,응암정보도서관,2593,1307,1286,1,277,517,711,671,416,0,105,249,330,338,285,1,172,268,381,333,131
20212,A,골목상권,3110471,응암동우체국,1068,455,613,2,131,198,295,296,146,1,38,64,109,149,94,1,93,134,186,147,52
20212,A,골목상권,3110497,가좌역 3번,3639,2210,1429,4,227,430,591,916,1471,2,157,288,394,494,875,2,70,142,197,422,596
20212,A,골목상권,3110501,연희어린이공원,1435,806,629,9,204,340,341,335,206,8,95,227,185,158,133,1,109,113,156,177,73
20212,A,골목상권,3110500,남가좌동현대아파트,219,118,101,0,28,30,52,77,32,0,13,18,25,47,15,0,15,12,27,30,17
20212,A,골목상권,3110530,아현역 1번,1285,656,629,2,341,431,249,154,108,1,130,243,133,83,66,1,211,188,116,71,42
20212,A,골목상권,3110509,연희대우아파트앞,3108,1452,1656,10,588,768,762,647,333,7,195,340,413,291,206,3,393,428,349,356,127
20212,A,골목상권,3110564,홍대입구역 3번,3719,2005,1714,13,669,919,827,753,538,9,248,448,456,453,391,4,421,471,371,300,147
20212,A,골목상권,3110524,연희세브란스병원,103,61,42,0,12,14,21,21,35,0,6,7,10,13,25,0,6,7,11,8,10
20212,A,골목상권,3110519,서대문구보건소별관,1507,688,819,1,235,290,399,374,208,1,79,135,203,162,108,0,156,155,196,212,100
20212,A,골목상권,3110576,대흥역 3번,5382,3414,1968,79,939,1223,1169,1147,825,29,466,793,820,754,552,50,473,430,349,393,273
20212,A,골목상권,3110573,신촌역 6번,3658,1638,2020,59,1952,841,356,296,154,19,740,412,168,189,110,40,1212,429,188,107,44
20212,A,골목상권,3110563,상수역 3번,1775,1091,684,20,394,537,380,269,175,14,185,322,259,186,125,6,209,215,121,83,50
20212,A,골목상권,3110621,목동역 5번,6561,3403,3158,13,1373,1658,1558,1218,741,7,459,886,925,658,468,6,914,772,633,560,273
20212,A,골목상권,3110604,신월4동주민센터,2562,1829,733,1,147,307,531,813,763,1,63,163,324,591,687,0,84,144,207,222,76
20212,A,골목상권,3110592,서울금융고등학교,1418,826,592,0,159,268,306,388,297,0,60,114,154,262,236,0,99,154,152,126,61
20212,A,골목상권,3110595,메디힐병원,2673,1506,1167,2,265,534,570,717,585,1,120,277,304,429,375,1,145,257,266,288,210
20212,A,골목상권,3110603,지향초등학교,1491,835,656,3,116,242,379,451,300,0,47,129,201,246,212,3,69,113,178,205,88
20212,A,골목상권,3110625,신정2동주민센터,16198,9820,6378,112,2886,5330,4076,2804,990,78,1380,3276,2623,1819,644,34,1506,2054,1453,985,346
20212,A,골목상권,3110694,세곡초등학교,1785,1047,738,2,177,395,445,464,302,0,103,223,225,258,238,2,74,172,220,206,64
20212,A,골목상권,3110614,목동로데오거리,2417,1098,1319,3,334,528,600,608,344,2,114,230,276,284,192,1,220,298,324,324,152
20212,A,골목상권,3110667,가양역 10번,1800,935,865,11,274,339,420,410,346,3,109,178,245,204,196,8,165,161,175,206,150
20212,A,골목상권,3110643,강서구다솔마을,965,598,367,1,130,245,288,220,81,0,61,147,186,143,61,1,69,98,102,77,20
20212,A,골목상권,3110639,신방화역 8번,2731,1181,1550,7,220,288,413,883,920,4,100,169,211,292,405,3,120,119,202,591,515
20212,A,골목상권,3110663,우장산롯데캐슬아파트앞,5359,3199,2160,30,999,1445,1422,975,488,6,423,940,917,567,346,24,576,505,505,408,142
20212,A,골목상권,3110641,공항고등학교,1128,713,415,5,140,196,275,310,202,4,68,126,151,195,169,1,72,70,124,115,33
20212,A,골목상권,3110633,개화산역 1번,1889,1400,489,5,147,329,613,532,263,3,96,226,475,385,215,2,51,103,138,147,48
20212,A,골목상권,3110642,정곡초등학교,685,546,139,4,37,93,162,180,209,3,26,69,120,144,184,1,11,24,42,36,25
20212,A,골목상권,3110678,염창무학아파트,1394,954,440,1,153,288,345,353,254,1,67,196,230,253,207,0,86,92,115,100,47
20212,A,골목상권,3110653,화곡역 2번,3217,1604,1613,4,830,737,647,610,389,2,234,386,349,374,259,2,596,351,298,236,130
20212,A,골목상권,3110664,강서구청옆,5115,3052,2063,3,737,1589,1285,1162,339,2,325,916,765,801,243,1,412,673,520,361,96
20212,A,골목상권,3110661,강서새말어린이공원,5000,2990,2010,3,614,1412,1299,1279,393,1,264,757,773,902,293,2,350,655,526,377,100
20212,A,골목상권,3110710,남구로역 3번,11294,7278,4016,42,2025,3289,2861,1783,1294,27,997,2122,1963,1237,932,15,1028,1167,898,546,362
20212,A,골목상권,3110683,오류고등학교,947,549,398,2,104,203,251,259,128,0,46,117,149,161,76,2,58,86,102,98,52
20212,A,골목상권,3110687,"천왕역 3번(오류2동주민센터, 서울오류남초등학교)",611,327,284,2,64,145,181,164,55,0,25,67,94,101,40,2,39,78,87,63,15
20212,A,골목상권,3110740,금천해태공원,2272,1221,1051,12,314,449,585,607,305,12,140,242,307,289,231,0,174,207,278,318,74
20212,A,골목상권,3110733,금천어울림복지센터,1394,848,546,6,220,294,309,352,213,6,95,175,196,198,178,0,125,119,113,154,35
20212,A,골목상권,3110739,시흥3동 우편취급국,6057,3396,2661,12,415,798,1378,1593,1861,3,218,521,767,793,1094,9,197,277,611,800,767
20212,A,골목상권,3110794,영동초등학교,6731,4384,2347,7,908,1678,1868,1488,782,4,484,1187,1296,880,533,3,424,491,572,608,249
20212,A,골목상권,3110796,한림대학교한강성심병원,4703,2546,2157,8,1205,1185,1032,730,543,0,356,602,664,496,428,8,849,583,368,234,115
20212,A,골목상권,3110773,당산역 13번,2296,1625,671,5,321,455,469,433,613,2,200,319,306,314,484,3,121,136,163,119,129
20212,A,골목상권,3110775,대동초등학교,2205,1172,1033,3,265,305,440,491,701,2,87,154,225,267,437,1,178,151,215,224,264
20212,A,골목상권,3110802,신길동홍어거리,1688,958,730,2,163,356,336,340,491,0,66,161,165,198,368,2,97,195,171,142,123
20212,A,골목상권,3110814,서울지방병무청,7231,4542,2689,9,1277,1559,1449,2091,846,3,648,1005,888,1436,562,6,629,554,561,655,284
20212,A,골목상권,3110791,신풍역 3번,962,409,553,2,107,204,340,219,90,1,55,84,106,98,65,1,52,120,234,121,25
20212,A,골목상권,3110826,장승배기역 4번,1539,717,822,2,208,317,383,327,302,1,88,174,163,145,146,1,120,143,220,182,156
20212,A,골목상권,3110846,남성역 1번,3023,1643,1380,6,279,488,722,688,840,4,110,241,329,370,589,2,169,247,393,318,251
20212,A,골목상권,3110849,이수역 10번,2020,917,1103,9,243,385,555,503,325,3,74,176,237,222,205,6,169,209,318,281,120
20212,A,골목상권,3110904,이수역 5번,7580,3075,4505,27,1481,1942,1814,1328,988,11,481,754,719,541,569,16,1000,1188,1095,787,419
20212,A,골목상권,3110845,사당종합체육관,2216,1328,888,1,343,604,608,487,173,0,142,347,418,296,125,1,201,257,190,191,48
20213,A,골목상권,3110221,의릉,731,443,288,0,69,158,210,196,98,0,28,92,111,132,80,0,41,66,99,64,18
20212,A,골목상권,3110838,상도1동주민센터앞,470,279,191,0,38,134,125,108,65,0,24,64,76,59,56,0,14,70,49,49,9
20212,A,골목상권,3110842,흑리단길,333,124,209,1,42,51,91,88,60,0,9,16,31,31,37,1,33,35,60,57,23
20212,A,골목상권,3110895,샤로수길,9100,5774,3326,22,1457,2643,2011,1949,1018,12,741,1663,1249,1320,789,10,716,980,762,629,229
20212,A,골목상권,3110862,난곡초등학교(난곡동벽화마을),751,369,382,4,90,142,198,179,138,2,33,61,89,89,95,2,57,81,109,90,43
20212,A,골목상권,3110881,구립대학경로당(관악산샘말공원),3491,2506,985,7,487,876,989,802,330,2,285,574,762,628,255,5,202,302,227,174,75
20212,A,골목상권,3110868,남부초등학교,1203,669,534,1,119,222,307,292,262,1,58,121,153,170,166,0,61,101,154,122,96
20212,A,골목상권,3110884,봉천역 4번(봉천110안전센터),2449,1248,1201,5,344,475,517,594,514,2,117,236,287,288,318,3,227,239,230,306,196
20212,A,골목상권,3110945,본마을노인복지센터(서초구립내곡도서관),282,173,109,3,60,68,60,61,30,3,24,39,39,44,24,0,36,29,21,17,6
20212,A,골목상권,3110923,방배역 1번,7685,4925,2760,99,1271,2216,1992,1225,882,30,656,1274,1396,874,695,69,615,942,596,351,187
20212,A,골목상권,3110911,방배배수지체육공원,5174,3320,1854,19,999,1738,1199,574,645,7,472,1151,868,368,454,12,527,587,331,206,191
20212,A,골목상권,3110925,서초중학교,7154,4224,2930,46,1556,2069,1769,1060,654,22,621,1233,1169,687,492,24,935,836,600,373,162
20212,A,골목상권,3110939,양재역 8번(양재동우체국),41563,20436,21127,491,8989,10005,11680,7308,3090,234,4386,5999,4772,2772,2273,257,4603,4006,6908,4536,817
20212,A,골목상권,3110957,언북중학교,19599,10831,8768,50,4379,6251,4791,2651,1477,12,1584,3303,3059,1807,1066,38,2795,2948,1732,844,411
20212,A,골목상권,3110965,언주역 6번,9740,5517,4223,23,2101,3089,2326,1335,866,8,808,1801,1548,764,588,15,1293,1288,778,571,278
20212,A,골목상권,3110989,대치동아우편취급국,11455,6945,4510,30,1728,2699,2466,2216,2316,10,807,1670,1718,1423,1317,20,921,1029,748,793,999
20212,A,골목상권,3110976,언북초등학교,7421,3945,3476,22,1768,2422,1579,974,656,5,662,1328,981,573,396,17,1106,1094,598,401,260
20212,A,골목상권,3111013,송파나루역 1번(송리단길),13204,8353,4851,24,2104,4019,3310,2243,1504,8,1026,2562,2230,1466,1061,16,1078,1457,1080,777,443
20212,A,골목상권,3111009,송파책박물관,1894,1412,482,3,218,363,367,454,489,1,177,296,267,293,378,2,41,67,100,161,111
20212,A,골목상권,3111036,투구봉어린이공원,2144,1386,758,11,342,562,503,501,225,9,231,389,324,276,157,2,111,173,179,225,68
20212,A,골목상권,3111039,벌말어린이공원,2919,1879,1040,10,337,724,752,674,422,9,200,492,489,409,280,1,137,232,263,265,142
20212,A,골목상권,3111063,강동구립 천호도서관,2780,1638,1142,5,183,340,451,548,1253,5,84,173,243,277,856,0,99,167,208,271,397
20212,A,골목상권,3111075,굽은다리역 2번,2417,1284,1133,3,301,474,580,612,447,1,128,269,277,326,283,2,173,205,303,286,164
20212,A,골목상권,3111058,성내중학교,2021,1203,818,3,223,404,536,552,303,1,135,242,295,323,207,2,88,162,241,229,96
20212,A,골목상권,3111055,선사초등학교,1504,437,1067,1,125,210,322,498,348,0,66,114,117,64,76,1,59,96,205,434,272
20212,A,골목상권,3110535,영천시장입구,1407,635,772,2,148,229,338,457,233,2,47,91,151,210,134,0,101,138,187,247,99
20212,A,골목상권,3110009,자하문터널,2236,1348,888,1,463,684,579,375,134,1,207,424,359,259,98,0,256,260,220,116,36
20212,A,골목상권,3110033,창신역 4번,852,441,411,1,111,175,201,230,134,0,33,87,107,143,71,1,78,88,94,87,63
20212,A,골목상권,3110023,서울대병원,2374,1256,1118,7,511,735,518,390,213,2,179,349,299,269,158,5,332,386,219,121,55
20212,A,골목상권,3110022,경신고등학교,5909,2689,3220,26,974,1661,1479,1083,686,19,336,787,696,497,354,7,638,874,783,586,332
20212,A,골목상권,3110280,북정마을,1209,815,394,9,195,326,356,231,92,2,107,241,255,149,61,7,88,85,101,82,31
20212,A,골목상권,3110044,관성묘,34192,15760,18432,442,11564,8837,6437,4830,2082,190,5585,5080,3417,1066,422,252,5979,3757,3020,3764,1660
20212,A,골목상권,3110590,만리재,1137,499,638,0,203,311,256,242,125,0,72,138,121,98,70,0,131,173,135,144,55
20212,A,골목상권,3110538,충정로역 3번,6660,3985,2675,3,1234,1988,1797,1041,597,2,614,1164,1117,687,401,1,620,824,680,354,196
20212,A,골목상권,3110074,서울역 12번,26467,15378,11089,166,9386,8469,5337,2396,713,16,2581,5612,4442,2143,584,150,6805,2857,895,253,129
20212,A,골목상권,3110079,후암동주민센터,23635,17320,6315,25,4338,8442,6036,3464,1330,14,2507,5969,5038,2823,969,11,1831,2473,998,641,361
20212,A,골목상권,3110084,경리단길북측,1137,629,508,2,162,321,292,215,145,0,72,172,152,124,109,2,90,149,140,91,36
20212,A,골목상권,3110081,해방촌 남동측,1004,549,455,0,167,274,244,214,105,0,70,167,133,107,72,0,97,107,111,107,33
20212,A,골목상권,3110071,한강미주맨션아파트,7694,4336,3358,39,937,1689,2729,1822,478,30,410,993,1467,1121,315,9,527,696,1262,701,163
20212,A,골목상권,3110070,용산세무서,4544,2531,2013,7,511,842,1763,1106,315,0,317,511,830,654,219,7,194,331,933,452,96
20212,A,골목상권,3110062,한강로동땡땡거리(은행나무길),6939,4293,2646,11,881,2017,1923,1394,713,7,381,1078,1310,1036,481,4,500,939,613,358,232
20212,A,골목상권,3110101,옥정중학교,7875,6553,1322,8,667,2533,2557,1899,211,4,336,1961,2280,1793,179,4,331,572,277,106,32
20212,A,골목상권,3110102,옥수역 6번,3841,1318,2523,3,1030,1177,844,551,236,0,231,368,353,245,121,3,799,809,491,306,115
20212,A,골목상권,3110142,화양사거리,2804,1663,1141,4,514,723,673,527,363,1,251,457,441,258,255,3,263,266,232,269,108
20212,A,골목상권,3110179,광나루역 1번,5756,3390,2366,160,2246,981,941,998,430,51,1063,679,646,684,267,109,1183,302,295,314,163
20212,A,골목상권,3110180,광진정보도서관,8061,5134,2927,18,2150,2859,1722,920,392,5,1092,1920,1198,611,308,13,1058,939,524,309,84
20212,A,골목상권,3110159,구의역 4번,5367,2836,2531,7,750,1225,1369,1270,746,7,284,550,682,767,546,0,466,675,687,503,200
20212,A,골목상권,3110148,어린이대공원역 3번,1054,772,282,0,83,139,292,374,166,0,39,93,207,287,146,0,44,46,85,87,20
20212,A,골목상권,3110153,중곡1동주민센터,4344,1904,2440,82,1289,748,851,997,377,28,556,394,376,309,241,54,733,354,475,688,136
20212,A,골목상권,3110228,장안근린공원,5579,2983,2596,50,1846,996,988,1029,670,31,967,565,447,513,460,19,879,431,541,516,210
20212,A,골목상권,3110183,한국의류시험연구원,5635,1896,3739,5,941,1338,1052,1352,947,1,284,602,411,281,317,4,657,736,641,1071,630
20212,A,골목상권,3110210,서울시립대,1290,734,556,4,172,214,230,290,380,1,63,119,130,137,284,3,109,95,100,153,96
20212,A,골목상권,3110197,세종대왕기념관교차로,681,441,240,1,42,138,243,179,78,1,22,79,156,117,66,0,20,59,87,62,12
20212,A,골목상권,3110317,종암중학교,856,427,429,0,69,203,291,204,89,0,23,84,143,127,50,0,46,119,148,77,39
20212,A,골목상권,3110269,용마문화복지센터,1193,806,387,1,105,206,253,351,277,0,39,123,168,269,207,1,66,83,85,82,70
20212,A,골목상권,3110262,상봉역 3번,2597,1501,1096,5,405,724,834,459,170,3,233,499,436,209,121,2,172,225,398,250,49
20212,A,골목상권,3110243,중랑노인종합복지관,1280,706,574,2,112,204,300,372,290,1,37,90,161,202,215,1,75,114,139,170,75
20212,A,골목상권,3110252,장안제일시장,1463,895,568,1,172,277,384,342,287,1,77,179,182,215,241,0,95,98,202,127,46
20212,A,골목상권,3110255,상봉역 4번,4054,2483,1571,6,455,886,1164,879,664,1,218,560,648,531,525,5,237,326,516,348,139
20212,A,골목상권,3110259,사가정역 1번,2849,1765,1084,6,311,616,796,665,455,3,137,348,463,463,351,3,174,268,333,202,104
20212,A,골목상권,3110247,먹골역 1번,1727,841,886,0,201,366,470,450,240,0,59,164,206,235,177,0,142,202,264,215,63
20212,A,골목상권,3110244,중화역 4번,2138,1412,726,2,328,556,501,482,269,2,197,350,310,346,207,0,131,206,191,136,62
20212,A,골목상권,3110251,장안중학교,1630,858,772,0,198,364,401,366,301,0,75,156,203,193,231,0,123,208,198,173,70
20212,A,골목상권,3110271,신내역 1번,2482,929,1553,4,592,712,487,573,114,1,121,285,240,223,59,3,471,427,247,350,55
20212,A,골목상권,3110296,성신여대입구역 4번,12695,7697,4998,59,1926,3038,3949,2285,1438,26,872,1766,2632,1690,711,33,1054,1272,1317,595,727
20212,A,골목상권,3110297,경동고등학교,7690,3952,3738,8,907,1939,2285,1889,662,4,314,848,1159,1261,366,4,593,1091,1126,628,296
20212,A,골목상권,3110378,송중동주민센터,1126,533,593,8,114,164,325,277,238,6,49,71,143,123,141,2,65,93,182,154,97
20212,A,골목상권,3110414,장석교회,402,255,147,4,50,79,115,101,53,2,29,47,75,62,40,2,21,32,40,39,13
20212,A,골목상권,3110287,정릉3동주민센터,875,585,290,0,79,170,271,258,97,0,28,91,181,204,81,0,51,79,90,54,16
20212,A,골목상권,3110375,서울북부고용노동지청,845,360,485,1,109,138,239,204,154,0,39,61,79,89,92,1,70,77,160,115,62
20212,A,골목상권,3110399,창2동주민센터,1602,880,722,10,196,366,466,372,192,9,106,227,240,168,130,1,90,139,226,204,62
20212,A,골목상권,3110354,삼각산119안전센터,344,130,214,1,37,80,102,76,48,0,8,21,42,29,30,1,29,59,60,47,18
20212,A,골목상권,3110350,가오리역 2번,1785,1189,596,0,95,235,490,631,334,0,24,137,343,423,262,0,71,98,147,208,72
20212,A,골목상권,3110410,방학역 2번,5184,3020,2164,10,533,1200,1296,1319,826,9,263,670,687,796,595,1,270,530,609,523,231
20212,A,골목상권,3110411,도봉역 3번,1429,925,504,2,98,247,291,426,365,1,28,129,162,293,312,1,70,118,129,133,53
20212,A,골목상권,3110400,도봉구보건소,1846,892,954,4,271,357,453,479,282,3,89,169,210,236,185,1,182,188,243,243,97
20212,A,골목상권,3110409,창동역 2번,5869,3927,1942,2,646,1342,1458,1180,1241,0,365,971,1044,680,867,2,281,371,414,500,374
20212,A,골목상권,3110434,태릉입구역 4번,2447,893,1554,4,239,367,566,692,579,2,84,195,227,195,190,2,155,172,339,497,389
20212,A,골목상권,3110426,상계2동주민센터,2416,1320,1096,14,360,487,625,559,371,11,137,269,322,324,257,3,223,218,303,235,114
20212,A,골목상권,3110465,연신내역 7번,2257,927,1330,9,386,528,559,476,299,5,118,240,230,184,150,4,268,288,329,292,149
20212,A,골목상권,3110490,녹번동근린공원,3783,1923,1860,7,438,883,1034,1016,405,4,202,399,477,577,264,3,236,484,557,439,141
20212,A,골목상권,3110489,불광역 3번,716,357,359,0,96,185,192,137,106,0,35,89,98,60,75,0,61,96,94,77,31
20212,A,골목상권,3110479,연신내역 2번,2576,1321,1255,3,157,300,327,507,1282,1,56,170,162,218,714,2,101,130,165,289,568
20212,A,골목상권,3110493,북가좌초등학교,1809,1358,451,0,58,129,215,372,1035,0,18,54,90,234,962,0,40,75,125,138,73
20212,A,골목상권,3110492,하나고등학교,540,262,278,1,21,104,141,149,124,0,6,75,108,50,23,1,15,29,33,99,101
20212,A,골목상권,3110513,연희파출소,3363,2204,1159,22,567,790,725,790,469,9,272,540,501,544,338,13,295,250,224,246,131
20212,A,골목상권,3110514,서대문우체국,5884,4292,1592,5,831,1136,1085,2109,718,2,601,819,690,1648,532,3,230,317,395,461,186
20212,A,골목상권,3110562,연트럴파크(연남동주민센터),2875,1653,1222,6,493,708,654,605,409,5,216,416,353,352,311,1,277,292,301,253,98
20212,A,골목상권,3110508,서연중학교,4731,2947,1784,65,1080,1249,854,927,556,33,608,915,530,502,359,32,472,334,324,425,197
20212,A,골목상권,3110518,서대문구청,3722,1975,1747,12,546,1034,1058,869,203,9,200,479,568,581,138,3,346,555,490,288,65
20212,A,골목상권,3110525,홍은종합사회복지관,7221,1312,5909,3,183,467,1911,3557,1100,1,69,144,285,391,422,2,114,323,1626,3166,678
20212,A,골목상권,3110515,홍은중학교,1043,706,337,1,143,296,295,199,109,1,75,191,205,147,87,0,68,105,90,52,22
20212,A,골목상권,3110583,공덕래미안3차아파트,6179,4019,2160,25,972,2169,1807,999,207,2,442,1254,1331,841,149,23,530,915,476,158,58
20212,A,골목상권,3110577,용강동주민센터,9059,5496,3563,86,1376,2019,2088,1811,1679,35,752,1266,1421,1058,964,51,624,753,667,753,715
20212,A,골목상권,3110559,성산중학교,3953,2244,1709,15,791,1163,989,658,337,10,291,617,630,448,248,5,500,546,359,210,89
20212,A,골목상권,3110673,뜸부기어린이공원,3925,1626,2299,2,811,1050,872,768,422,1,199,434,404,342,246,1,612,616,468,426,176
20212,A,골목상권,3110593,신월3동주민센터,1762,1006,756,1,186,325,388,471,391,0,75,151,191,286,303,1,111,174,197,185,88
20212,A,골목상권,3110605,목동센트럴아이파크앞,1499,829,670,1,100,208,369,491,330,0,43,115,174,261,236,1,57,93,195,230,94
20212,A,골목상권,3110644,신광명마을,984,638,346,8,82,134,249,286,225,5,35,58,135,196,209,3,47,76,114,90,16
20212,A,골목상권,3110634,송정역 3번,2258,1399,859,4,275,506,610,511,352,1,117,307,373,338,263,3,158,199,237,173,89
20212,A,골목상권,3110637,송정역 2번,2971,1382,1589,8,213,374,533,870,973,1,106,229,321,293,432,7,107,145,212,577,541
20212,A,골목상권,3110717,남구로역 2번,14015,9786,4229,70,2885,4254,3438,2015,1353,55,1641,3012,2557,1417,1104,15,1244,1242,881,598,249
20212,A,골목상권,3110704,고척중학교,2226,1605,621,3,212,447,479,523,562,2,146,303,298,357,499,1,66,144,181,166,63
20212,A,골목상권,3110711,구로초등학교,6053,3126,2927,18,987,1548,1351,1432,717,6,398,756,689,847,430,12,589,792,662,585,287
20212,A,골목상권,3110853,KT구로지사,2641,1608,1033,1,319,772,649,545,355,0,145,461,405,335,262,1,174,311,244,210,93
20212,A,골목상권,3110719,영서중학교,8289,5933,2356,59,1796,2525,2024,1273,612,45,1066,1810,1558,970,484,14,730,715,466,303,128
20212,A,골목상권,3110681,온수역 1번,770,608,162,1,32,106,134,230,267,1,15,68,84,193,247,0,17,38,50,37,20
20212,A,골목상권,3110686,수궁동주민센터,1712,942,770,4,166,281,410,516,335,2,67,147,225,281,220,2,99,134,185,235,115
20212,A,골목상권,3110724,금천구립가산도서관,11383,7546,3837,40,1693,3181,2821,2099,1549,26,938,2131,2094,1485,872,14,755,1050,727,614,677
20212,A,골목상권,3110737,금천세무서,1798,1125,673,11,253,347,446,436,305,2,132,205,256,291,239,9,121,142,190,145,66
20212,A,골목상권,3110751,난곡중학교,4170,2971,1199,5,268,560,768,723,1846,4,152,299,440,412,1664,1,116,261,328,311,182
20212,A,골목상권,3110770,영등포구청역 6번,3743,2293,1450,10,456,798,1009,775,695,8,198,431,610,510,536,2,258,367,399,265,159
20212,A,골목상권,3110774,당산반도유보라팰리스아파트,6057,3990,2067,23,1174,1514,1210,1260,876,16,690,964,811,881,628,7,484,550,399,379,248
20212,A,골목상권,3110784,신대림초등학교,635,358,277,0,52,113,172,193,105,0,17,54,98,114,75,0,35,59,74,79,30
20212,A,골목상권,3110790,대림1동주민센터,1866,1133,733,8,165,442,606,439,206,6,106,276,315,276,154,2,59,166,291,163,52
20212,A,골목상권,3110797,KT대방빌딩,2388,1195,1193,9,744,610,471,373,181,6,202,321,282,247,137,3,542,289,189,126,44
20212,A,골목상권,3110767,도림동주민센터,1986,1301,685,12,195,337,469,452,521,9,94,206,296,293,403,3,101,131,173,159,118
20212,A,골목상권,3110795,도림초등학교,1472,844,628,3,149,235,336,361,388,3,60,124,194,196,267,0,89,111,142,165,121
20212,A,골목상권,3110816,대방역 6번,1738,1058,680,6,221,364,462,314,371,4,113,216,301,190,234,2,108,148,161,124,137
20212,A,골목상권,3110805,신길새마을금고신길4동지점,1023,537,486,1,157,206,259,272,128,0,62,106,133,146,90,1,95,100,126,126,38
20212,A,골목상권,3110760,선유도역 6번,5228,3263,1965,14,772,1203,1346,1246,647,10,420,748,783,769,533,4,352,455,563,477,114
20212,A,골목상권,3110829,장승배기역 5번,1910,1113,797,2,354,419,433,426,276,1,244,230,215,246,177,1,110,189,218,180,99
20212,A,골목상권,3110823,신대방삼거리역 3번,18527,11847,6680,53,3630,3578,3043,4396,3827,29,2845,2902,1956,2093,2022,24,785,676,1087,2303,1805
20212,A,골목상권,3110825,신대방삼거리역 1번,1887,1186,701,4,200,384,537,438,324,2,118,234,332,261,239,2,82,150,205,177,85
20212,A,골목상권,3110902,사당역 4번,4587,2962,1625,5,748,1134,1234,856,610,3,391,730,829,555,454,2,357,404,405,301,156
20212,A,골목상권,3110848,양지어린이공원,2097,1112,985,2,190,322,522,478,583,1,51,160,244,247,409,1,139,162,278,231,174
20212,A,골목상권,3110837,숭실대입구역 1번,7582,3000,4582,54,1016,1317,1684,2308,1203,29,513,708,790,619,341,25,503,609,894,1689,862
20212,A,골목상권,3110869,"신림역 5번(신림동주민센터, 신림동별빛거리)",3655,2148,1507,5,394,824,948,715,769,3,166,460,534,430,555,2,228,364,414,285,214
20212,A,골목상권,3110844,흑석2치안센터,160,91,69,1,22,48,41,25,23,1,12,21,23,16,18,0,10,27,18,9,5
20212,A,골목상권,3110897,서울대입구역 8번,3249,1771,1478,17,519,696,762,756,499,10,216,361,414,426,344,7,303,335,348,330,155
20212,A,골목상권,3110865,남강고등학교(남강중학교),1253,655,598,10,151,251,310,354,177,7,69,139,159,167,114,3,82,112,151,187,63
20212,A,골목상권,3110909,남태령역(서울전자고등학교),640,329,311,2,35,69,132,263,139,2,9,34,62,132,90,0,26,35,70,131,49
20212,A,골목상권,3110887,서울산업정보학교(서울삼성초등학교),1438,924,514,2,150,309,356,436,185,0,51,150,237,337,149,2,99,159,119,99,36
20212,A,골목상권,3110860,호림박물관(성보고등학교),1990,1169,821,6,297,530,482,443,232,2,133,294,297,266,177,4,164,236,185,177,55
20212,A,골목상권,3110883,은천초등학교(은천교앞),3082,1294,1788,17,445,582,703,892,443,2,110,250,330,308,294,15,335,332,373,584,149
20212,A,골목상권,3110877,신림역 8번,2858,1276,1582,5,569,617,591,596,480,1,169,257,289,245,315,4,400,360,302,351,165
20212,A,골목상권,3110894,관악동부센트레빌아파트(은천로35라길),7043,2668,4375,54,994,1207,1567,2169,1052,30,470,649,731,579,209,24,524,558,836,1590,843
20212,A,골목상권,3110946,청계산원터골,162,69,93,0,24,18,42,31,47,0,12,10,25,7,15,0,12,8,17,24,32
20212,A,골목상권,3110924,반포4동주민센터(몽마르뜨공원),77734,71457,6277,26,7647,15682,20670,31194,2515,11,6234,13666,18911,30353,2282,15,1413,2016,1759,841,233
20212,A,골목상권,3110922,내방역 1번,15637,10488,5149,75,3040,4842,3871,2935,874,57,1457,2908,2911,2496,659,18,1583,1934,960,439,215
20212,A,골목상권,3110929,남부터미널역 1번,36239,19956,16283,80,7810,8818,7565,9758,2208,25,2589,4537,4266,6904,1635,55,5221,4281,3299,2854,573
20212,A,골목상권,3110980,개포지구대옆,18101,5325,12776,71,2848,3483,6555,4107,1037,34,1294,1688,1158,625,526,37,1554,1795,5397,3482,511
20212,A,골목상권,3110951,신사은행나무공원,9132,5156,3976,46,2729,2597,1929,1129,702,14,1093,1493,1282,764,510,32,1636,1104,647,365,192
20212,A,골목상권,3111024,경찰병원역 4번(건너말공원),10720,6112,4608,57,1433,2394,2566,2144,2126,27,681,1469,1754,1167,1014,30,752,925,812,977,1112
20212,A,골목상권,3111046,마천역(마천초등학교),2560,1555,1005,5,274,560,700,645,376,1,145,333,390,383,303,4,129,227,310,262,73
20212,A,골목상권,3111044,남천초등학교,1831,923,908,1,191,385,506,486,262,0,87,192,216,220,208,1,104,193,290,266,54
20212,A,골목상권,3111033,문정동성당,32663,26076,6587,11,2622,5719,9448,12913,1950,4,1647,4277,7502,11343,1303,7,975,1442,1946,1570,647
20212,A,골목상권,3111019,한성백제역 3번,15362,8061,7301,39,2405,3433,3255,3668,2562,30,1305,2236,1757,1393,1340,9,1100,1197,1498,2275,1222
20212,A,골목상권,3111007,석촌고분역 4번,4469,2987,1482,9,625,1051,1004,989,791,8,392,705,646,633,603,1,233,346,358,356,188
20212,A,골목상권,3111004,삼전역 1번,11074,7193,3881,42,1623,2462,2544,2663,1740,4,728,1489,1666,1950,1356,38,895,973,878,713,384
20212,A,골목상권,3111051,천호역 6번,3537,1976,1561,10,608,745,821,822,531,4,339,401,414,434,384,6,269,344,407,388,147
20212,A,골목상권,3111018,풍납초등학교(풍납백제문화공원),958,634,324,0,133,194,216,258,157,0,84,122,134,175,119,0,49,72,82,83,38
20212,A,골목상권,3111064,둔촌동역 4번,2203,1364,839,6,236,423,519,533,486,5,121,252,314,340,332,1,115,171,205,193,154
20212,A,골목상권,3111078,굽은다리역 4번,3935,2367,1568,9,362,678,891,1032,963,5,192,427,513,612,618,4,170,251,378,420,345
20212,A,골목상권,3111082,중앙보훈병원,476,316,160,0,30,57,76,119,194,0,18,40,52,73,133,0,12,17,24,46,61
20212,A,골목상권,3111086,한영중고,702,392,310,1,68,159,171,215,88,1,31,67,87,136,70,0,37,92,84,79,18
20212,A,골목상권,3111070,천호초등학교,1434,798,636,6,118,348,397,393,172,1,45,166,221,243,122,5,73,182,176,150,50
20212,A,골목상권,3111057,천호공원(해공체육문화센터),1546,745,801,2,167,228,317,374,458,2,47,73,121,162,340,0,120,155,196,212,118
20213,A,골목상권,3110131,성수동카페거리,16372,10013,6359,69,3574,4475,3610,2782,1862,39,1790,2879,2348,1642,1315,30,1784,1596,1262,1140,547
20213,A,골목상권,3110134,성수119안전센터,3342,2382,960,73,532,823,835,706,373,34,330,619,609,498,292,39,202,204,226,208,81
20213,A,골목상권,3110139,자양4동주민센터,2367,1870,497,9,270,601,637,559,291,5,194,486,509,441,235,4,76,115,128,118,56
20213,A,골목상권,3110136,경수초등학교,16150,9947,6203,123,3454,3934,3551,3098,1990,71,1698,2541,2333,1900,1404,52,1756,1393,1218,1198,586
20213,A,골목상권,3110155,광진구청,12629,9937,2692,11,781,1849,3528,5069,1391,11,385,1169,2772,4413,1187,0,396,680,756,656,204
20213,A,골목상권,3110176,해오름공원,3579,1917,1662,4,675,798,998,836,268,2,178,374,601,542,220,2,497,424,397,294,48
20213,A,골목상권,3110149,세종대학교,799,452,347,0,93,197,215,179,115,0,44,101,133,91,83,0,49,96,82,88,32
20213,A,골목상권,3110167,용마초등학교,3707,2122,1585,11,501,762,961,828,644,3,272,440,519,426,462,8,229,322,442,402,182
20213,A,골목상권,3110204,간데메공원,1356,905,451,5,205,278,356,322,190,3,135,169,223,225,150,2,70,109,133,97,40
20213,A,골목상권,3110226,장안1동주민센터,5867,3209,2658,15,722,1138,1352,1410,1230,12,347,658,734,772,686,3,375,480,618,638,544
20213,A,골목상권,3110211,전곡마을마당공원,1820,983,837,4,278,348,454,491,245,1,111,192,268,266,145,3,167,156,186,225,100
20213,A,골목상권,3110207,시립대앞사거리,1345,584,761,3,233,270,311,303,225,1,53,120,140,127,143,2,180,150,171,176,82
20213,A,골목상권,3110198,동대문중앙새마을금고본점,361,189,172,0,20,53,86,133,69,0,9,28,50,59,43,0,11,25,36,74,26
20213,A,골목상권,3110200,동대문경찰서,703,390,313,0,77,108,145,182,191,0,37,54,78,85,136,0,40,54,67,97,55
20213,A,골목상권,3110256,면목2동체육관,3260,1961,1299,5,413,680,888,780,494,1,188,448,483,445,396,4,225,232,405,335,98
20213,A,골목상권,3110266,면목동우체국,2501,1548,953,5,244,423,558,704,567,0,78,210,314,502,444,5,166,213,244,202,123
20213,A,골목상권,3110236,신묵초등학교,2212,1481,731,2,311,516,532,603,248,2,174,350,347,432,176,0,137,166,185,171,72
20213,A,골목상권,3110267,망우역 2번,2430,1427,1003,13,334,482,518,637,446,11,202,293,263,329,329,2,132,189,255,308,117
20213,A,골목상권,3110234,중랑역 4번,2773,2036,737,11,275,619,860,768,240,9,142,418,643,647,177,2,133,201,217,121,63
20213,A,골목상권,3110314,종암경찰서,3397,2472,925,6,380,670,726,731,884,0,231,492,518,565,666,6,149,178,208,166,218
20213,A,골목상권,3110421,석계역 1번,1218,593,625,4,119,205,323,328,239,2,49,90,144,169,139,2,70,115,179,159,100
20213,A,골목상권,3110321,동덕여대,1128,697,431,0,75,117,219,296,421,0,24,61,110,162,340,0,51,56,109,134,81
20213,A,골목상권,3110324,월곡역 4번,1184,675,509,5,167,321,341,226,124,1,78,187,188,134,87,4,89,134,153,92,37
20213,A,골목상권,3110298,솔숲어린이공원,1115,539,576,6,144,199,273,276,217,1,36,66,112,152,172,5,108,133,161,124,45
20213,A,골목상권,3110365,미아역 5번,1266,616,650,2,97,152,267,320,428,2,36,63,110,186,219,0,61,89,157,134,209
20213,A,골목상권,3110367,강북구청,3460,1492,1968,10,334,684,730,796,906,8,94,264,328,453,345,2,240,420,402,343,561
20213,A,골목상권,3110368,송천초등학교,981,601,380,1,93,195,242,259,191,1,32,95,129,181,163,0,61,100,113,78,28
20213,A,골목상권,3110352,수유1동주민센터,1291,576,715,0,118,244,368,418,143,0,49,99,154,183,91,0,69,145,214,235,52
20213,A,골목상권,3110349,화계역 2번,641,353,288,0,50,92,172,256,71,0,28,41,97,133,54,0,22,51,75,123,17
20213,A,골목상권,3110346,4.19민주묘지역 2번,605,334,271,0,71,106,179,136,113,0,18,62,103,75,76,0,53,44,76,61,37
20213,A,골목상권,3110339,국립4.19민주묘지,819,555,264,6,104,130,193,232,154,6,50,99,122,143,135,0,54,31,71,89,19
20213,A,골목상권,3110393,국민은행방학지점,749,350,399,3,91,217,207,154,77,2,32,106,101,63,46,1,59,111,106,91,31
20213,A,골목상권,3110395,신한은행 방학동지점,591,318,273,1,73,99,158,142,118,1,38,50,73,83,73,0,35,49,85,59,45
20213,A,골목상권,3110403,방학1동주민센터,1702,974,728,4,211,309,359,482,337,2,94,177,211,286,204,2,117,132,148,196,133
20213,A,골목상권,3110398,쌍문2동우체국,1663,972,691,0,162,244,383,523,351,0,72,129,192,328,251,0,90,115,191,195,100
20213,A,골목상권,3110401,도봉구민회관,1586,856,730,0,181,221,327,460,397,0,78,117,164,255,242,0,103,104,163,205,155
20213,A,골목상권,3110425,계상초등학교,1457,683,774,4,150,232,387,426,258,3,63,143,181,181,112,1,87,89,206,245,146
20213,A,골목상권,3110419,수락산디자인거리,3472,2282,1190,13,387,781,865,882,544,12,226,552,591,566,335,1,161,229,274,316,209
20213,A,골목상권,3110474,세명컴퓨터고등학교,1360,647,713,2,130,295,356,348,229,2,46,137,159,153,150,0,84,158,197,195,79
20213,A,골목상권,3110473,구산역 1번,3155,1679,1476,5,325,617,795,785,628,5,131,352,419,351,421,0,194,265,376,434,207
20213,A,골목상권,3110455,역촌노인복지관,3715,1747,1968,9,658,760,944,829,515,3,247,351,416,367,363,6,411,409,528,462,152
20213,A,골목상권,3110487,불광역 8번,761,291,470,1,73,171,207,181,128,1,23,75,72,60,60,0,50,96,135,121,68
20213,A,골목상권,3110480,연신내역 3번,1023,428,595,6,192,199,279,216,131,2,70,88,121,80,67,4,122,111,158,136,64
20213,A,골목상권,3110482,연신초등학교,359,158,201,0,27,53,117,116,46,0,8,20,39,58,33,0,19,33,78,58,13
20213,A,골목상권,3110470,신진과학기술고등학교,1610,976,634,2,161,266,382,390,409,2,76,145,208,227,318,0,85,121,174,163,91
20213,A,골목상권,3110475,백련산해모로아파트,1745,1026,719,2,202,326,375,357,483,1,91,165,203,202,364,1,111,161,172,155,119
20213,A,골목상권,3110532,아현역 2번,1847,1072,775,2,422,522,371,290,240,1,165,307,218,208,173,1,257,215,153,82,67
20213,A,골목상권,3110534,경기대학교,3370,2048,1322,4,575,933,722,580,556,1,256,531,484,399,377,3,319,402,238,181,179
20213,A,골목상권,3110572,서강대역 1번,7726,3653,4073,68,2565,1977,1384,1231,501,24,960,907,708,748,306,44,1605,1070,676,483,195
20213,A,골목상권,3110575,대흥동주민센터,4172,1903,2269,62,2086,953,452,399,220,20,782,476,212,248,165,42,1304,477,240,151,55
20213,A,골목상권,3110516,정원여중,1299,656,643,0,226,284,343,307,139,0,78,137,188,165,88,0,148,147,155,142,51
20213,A,골목상권,3110569,홍대땡땡거리,3039,1407,1632,7,650,662,678,622,420,3,308,321,302,232,241,4,342,341,376,390,179
20213,A,골목상권,3110517,서대문소방서,2671,1696,975,14,441,700,687,557,272,8,191,471,487,368,171,6,250,229,200,189,101
20213,A,골목상권,3110512,연희지하차도,5089,3101,1988,67,1146,1450,1174,973,279,39,591,926,702,649,194,28,555,524,472,324,85
20213,A,골목상권,3110527,홍제역 2번,1712,867,845,2,169,226,456,564,295,1,44,119,214,314,175,1,125,107,242,250,120
20213,A,골목상권,3110546,양화대교북단,1549,938,611,3,314,420,380,250,182,3,138,208,258,183,148,0,176,212,122,67,34
20213,A,골목상권,3110550,합정역 8번,5374,2859,2515,13,961,1416,1292,955,737,8,367,677,778,563,466,5,594,739,514,392,271
20213,A,골목상권,3110554,망원역 1번,6464,3487,2977,10,913,1410,1559,1192,1380,7,345,648,802,647,1038,3,568,762,757,545,342
20213,A,골목상권,3110547,KB국민은행 망원동지점,6579,4117,2462,11,769,1170,1322,1746,1561,7,405,819,889,860,1137,4,364,351,433,886,424
20213,A,골목상권,3110551,성서초등학교,3102,1803,1299,3,301,471,703,601,1023,3,132,235,314,304,815,0,169,236,389,297,208
20213,A,골목상권,3110619,목4동주민센터,1689,1078,611,4,202,379,491,407,206,1,93,210,315,291,168,3,109,169,176,116,38
20213,A,골목상권,3110600,신월7동주민센터,4248,2844,1404,3,317,496,745,1209,1478,3,179,312,490,845,1015,0,138,184,255,364,463
20213,A,골목상권,3110647,화곡역 5번,3340,1821,1519,8,438,691,768,828,607,5,192,403,428,449,344,3,246,288,340,379,263
20213,A,골목상권,3110607,금빛새마을금고본점,2729,2241,488,2,110,221,394,521,1481,1,64,132,235,385,1424,1,46,89,159,136,57
20213,A,골목상권,3110608,신월2동주민센터,3392,1915,1477,10,282,562,891,941,706,9,134,332,463,486,491,1,148,230,428,455,215
20213,A,골목상권,3110611,신정역 1번,4475,2720,1755,14,895,697,748,814,1307,7,295,382,444,461,1131,7,600,315,304,353,176
20213,A,골목상권,3110594,신월중학교,1144,543,601,7,149,285,301,297,105,4,58,119,141,150,71,3,91,166,160,147,34
20213,A,골목상권,3110602,신월시영아파트중문,3056,2108,948,3,204,356,700,967,826,2,124,226,400,664,692,1,80,130,300,303,134
20213,A,골목상권,3110610,계남근린공원,648,338,310,2,87,129,151,148,131,0,26,50,86,87,89,2,61,79,65,61,42
20213,A,골목상권,3110616,양목초등학교,1359,706,653,2,110,255,266,391,335,1,43,136,132,202,192,1,67,119,134,189,143
20213,A,골목상권,3110635,공항시장역 3번,3727,1849,1878,9,361,571,664,1054,1068,2,153,336,399,431,528,7,208,235,265,623,540
20213,A,골목상권,3110650,우장산힐스테이트,1737,995,742,4,194,325,396,415,403,3,107,202,240,204,239,1,87,123,156,211,164
20213,A,골목상권,3110638,신방화역 2번,3645,2335,1310,10,416,661,1045,983,530,8,205,404,713,617,388,2,211,257,332,366,142
20213,A,골목상권,3110712,남구로역 5번,1579,913,666,8,183,331,363,324,370,5,99,196,189,176,248,3,84,135,174,148,122
20213,A,골목상권,3110702,개봉초등학교,1569,818,751,1,157,329,420,390,272,1,72,153,202,214,176,0,85,176,218,176,96
20213,A,골목상권,3110699,덕의초등학교,2451,1563,888,9,303,578,623,646,292,7,187,384,391,378,216,2,116,194,232,268,76
20213,A,골목상권,3110720,대림역 2번,2280,1556,724,2,188,387,574,709,420,2,83,218,387,538,328,0,105,169,187,171,92
20213,A,골목상권,3110778,구로디지털단지역 4번,13303,7796,5507,56,2966,4427,3201,1627,1026,23,1254,2669,2063,1065,722,33,1712,1758,1138,562,304
20213,A,골목상권,3110745,독산동정훈단지,1306,773,533,1,137,196,260,372,340,0,71,92,115,221,274,1,66,104,145,151,66
20213,A,골목상권,3110856,미성초등학교,5264,3671,1593,18,465,913,970,948,1950,13,238,541,608,563,1708,5,227,372,362,385,242
20213,A,골목상권,3110855,신대방역 2번,4936,3401,1535,6,709,900,888,794,1639,2,282,540,546,528,1503,4,427,360,342,266,136
20213,A,골목상권,3110755,동일여자고등학교,2033,1040,993,21,274,503,487,453,295,16,131,278,253,192,170,5,143,225,234,261,125
20213,A,골목상권,3110771,대림역 11번,2420,1335,1085,5,268,314,456,542,835,2,91,160,234,316,532,3,177,154,222,226,303
20213,A,골목상권,3110768,도림2동유수지내체육시설,1219,778,441,9,118,206,287,302,297,8,48,126,182,211,203,1,70,80,105,91,94
20213,A,골목상권,3110759,문래예술촌(문래창작촌),65954,51168,14786,61,8786,22706,21719,9637,3045,32,5433,17446,18749,7800,1708,29,3353,5260,2970,1837,1337
20213,A,골목상권,3110818,신대방역 3번,1692,950,742,2,287,451,397,278,277,2,124,277,228,138,181,0,163,174,169,140,96
20213,A,골목상권,3110858,신대방역 1번,2669,2004,665,0,421,756,879,491,122,0,195,575,748,404,82,0,226,181,131,87,40
20213,A,골목상권,3110874,원신초등학교(구세군관악영문교회),732,381,351,8,77,186,200,173,88,2,22,81,122,86,68,6,55,105,78,87,20
20213,A,골목상권,3110879,신림현대아파트,1116,536,580,7,212,210,278,222,187,1,100,99,137,109,90,6,112,111,141,113,97
20213,A,골목상권,3110885,영락고등학교,1746,990,756,7,240,328,434,376,361,1,122,173,232,224,238,6,118,155,202,152,123
20213,A,골목상권,3110872,신림초등학교,689,382,307,5,101,168,168,152,95,3,54,93,102,85,45,2,47,75,66,67,50
20213,A,골목상권,3110947,청계산입구역 2번(내곡동주민센터),182,79,103,0,26,23,46,37,50,0,13,11,28,10,17,0,13,12,18,27,33
20213,A,골목상권,3110913,방현초등학교(방배119안전센터),9674,6057,3617,22,1677,2842,2518,1523,1092,5,797,1829,1720,957,749,17,880,1013,798,566,343
20213,A,골목상권,3110934,우면주공아파트,1489,946,543,6,264,423,395,260,141,5,105,290,271,170,105,1,159,133,124,90,36
20213,A,골목상권,3110937,방아다리근린공원(횃불트리니티신학대학원대학교),14952,9277,5675,329,4835,4416,2991,1697,684,151,2497,2972,2135,1021,501,178,2338,1444,856,676,183
20213,A,골목상권,3110955,논현초등학교,20906,14265,6641,76,4625,6342,4724,3259,1880,45,2535,4372,3537,2430,1346,31,2090,1970,1187,829,534
20213,A,골목상권,3110992,도곡초등학교,8628,4357,4271,50,1508,2156,1880,1719,1315,28,647,1065,939,866,812,22,861,1091,941,853,503
20213,A,골목상권,3110963,역삼월드메르디앙아파트,18186,10655,7531,122,4620,5292,4181,2560,1411,33,1769,3113,2948,1716,1076,89,2851,2179,1233,844,335
20213,A,골목상권,3110972,강남세브란스병원미래의학연구센터,22138,12993,9145,207,6590,6499,5019,2834,989,69,2849,4088,3556,1696,735,138,3741,2411,1463,1138,254
20213,A,골목상권,3110991,삼성중앙역 5번,10374,5378,4996,43,2958,2855,2028,1298,1192,9,932,1472,1304,854,807,34,2026,1383,724,444,385
20213,A,골목상권,3110990,청담역 12번,7833,5477,2356,20,1213,2652,2394,1251,303,9,506,1665,1965,1094,238,11,707,987,429,157,65
20213,A,골목상권,3111000,대왕초등학교(세곡동사거리서남측),156,35,121,1,22,55,43,25,10,0,2,7,12,5,9,1,20,48,31,20,1
20213,A,골목상권,3110999,윗방죽마을공원,408,226,182,3,33,70,73,122,107,1,17,45,46,70,47,2,16,25,27,52,60
20213,A,골목상권,3110969,베르사이유1아파트,29014,17556,11458,73,5335,8726,7783,5424,1673,29,2616,5589,5487,2693,1142,44,2719,3137,2296,2731,531
20213,A,골목상권,3110967,역삼역 8번,24226,18490,5736,23,4422,7830,6561,4334,1056,10,2559,5859,5511,3785,766,13,1863,1971,1050,549,290
20213,A,골목상권,3110985,청담근린공원,9800,6589,3211,34,1729,2898,2625,1790,724,17,815,1972,1966,1323,496,17,914,926,659,467,228
20213,A,골목상권,3111008,석촌고분역 3번,3907,2479,1428,12,490,799,912,951,743,10,289,528,566,545,541,2,201,271,346,406,202
20213,A,골목상권,3111016,송파역 2번,15479,10229,5250,62,2083,3454,3732,3349,2799,44,1020,2251,2780,2219,1915,18,1063,1203,952,1130,884
20213,A,골목상권,3111038,보인중학교,2602,1770,832,14,377,689,649,574,299,13,214,471,461,405,206,1,163,218,188,169,93
20213,A,골목상권,3111021,방이역 4번,11137,8092,3045,38,1448,2300,2854,2754,1743,26,767,1502,2125,2188,1484,12,681,798,729,566,259
20213,A,골목상권,3111015,석촌역 3번,10932,6847,4085,26,1640,2424,2423,2333,2086,11,799,1507,1612,1477,1441,15,841,917,811,856,645
20213,A,골목상권,3111003,삼전역 4번,4568,3024,1544,18,600,1083,1254,905,708,1,324,732,817,598,552,17,276,351,437,307,156
20213,A,골목상권,3111062,둔촌동역 3번(성내3동주민센터),3255,2100,1155,7,480,811,880,607,470,6,266,532,569,389,338,1,214,279,311,218,132
20213,A,골목상권,3111011,잠실나루역,9608,7747,1861,42,1275,3018,2795,2046,432,18,924,2492,2309,1674,330,24,351,526,486,372,102
20213,A,골목상권,3111048,천호역 1번(천호문구완구거리),1608,876,732,7,195,360,372,323,351,4,82,170,209,171,240,3,113,190,163,152,111
20213,A,골목상권,3111088,고덕동성당,1134,951,183,0,35,82,216,447,354,0,9,53,173,388,328,0,26,29,43,59,26
20213,A,골목상권,3111079,둔촌고등학교(둔촌중학교),1407,838,569,2,141,259,315,339,351,2,81,153,184,167,251,0,60,106,131,172,100
20213,A,골목상권,3111066,암사동성당(효정하나플러스아파트),1710,995,715,5,169,380,394,455,307,1,71,188,219,302,214,4,98,192,175,153,93
20213,A,골목상권,3111071,천동초등학교,2013,1097,916,2,200,393,515,454,449,1,72,204,289,251,280,1,128,189,226,203,169
20213,A,골목상권,3111069,천호1동주민센터,2143,1118,1025,5,185,409,525,555,464,3,66,183,269,288,309,2,119,226,256,267,155
20213,A,골목상권,3111050,강동구청(강동구청역 2번),6451,4040,2411,30,768,1601,1613,1617,822,12,384,869,987,1154,634,18,384,732,626,463,188
20213,A,골목상권,3111052,암사역 3번(천호동자전거거리),1652,885,767,3,192,365,475,387,230,2,74,188,246,218,157,1,118,177,229,169,73
20213,A,골목상권,3110003,세검정초등학교,3208,1681,1527,12,383,849,849,655,460,7,132,383,486,370,303,5,251,466,363,285,157
20213,A,골목상권,3110032,수족관거리,1721,729,992,8,316,378,484,355,180,7,101,148,164,183,126,1,215,230,320,172,54
20213,A,골목상권,3110049,장충단 고개,7948,4363,3585,17,1488,2210,1865,1591,777,6,534,1186,1138,986,513,11,954,1024,727,605,264
20213,A,골목상권,3110054,청구역 3번,5615,2963,2652,16,1124,1473,1173,1085,744,5,384,793,702,621,458,11,740,680,471,464,286
20213,A,골목상권,3110041,남산케이블카,5723,3089,2634,10,793,1518,1444,1163,795,7,334,836,819,626,467,3,459,682,625,537,328
20213,A,골목상권,3110533,충정로역 7번,2911,1774,1137,1,433,782,782,547,366,0,223,473,484,349,245,1,210,309,298,198,121
20213,A,골목상권,3110065,남정초등학교,2218,1561,657,13,351,641,535,358,320,11,227,499,376,234,214,2,124,142,159,124,106
20213,A,골목상권,3110080,해방촌예술마을,2226,1456,770,3,252,385,746,672,168,3,84,214,546,496,113,0,168,171,200,176,55
20213,A,골목상권,3110579,마포역 4번,5616,3529,2087,8,1017,1486,1468,1076,561,6,371,893,1024,805,430,2,646,593,444,271,131
20213,A,골목상권,3110123,마장역 3번,1433,884,549,1,176,272,329,389,266,1,78,159,191,253,202,0,98,113,138,136,64
20213,A,골목상권,3110114,왕십리파출소,2346,644,1702,8,434,328,413,711,452,1,142,144,153,139,65,7,292,184,260,572,387
20213,A,골목상권,3110121,한양대역 4번,102,61,41,0,13,22,20,20,27,0,6,11,11,12,21,0,7,11,9,8,6
20213,A,골목상권,3110127,성수1가1동주민센터,3267,2102,1165,10,572,1007,809,584,285,5,303,663,543,374,214,5,269,344,266,210,71
20213,A,골목상권,3110140,건대입구역 6번,3220,2119,1101,14,390,614,754,831,617,10,183,373,498,562,493,4,207,241,256,269,124
20213,A,골목상권,3110141,건대입구역 1번,1987,1285,702,10,275,407,532,461,302,6,137,258,349,297,238,4,138,149,183,164,64
20213,A,골목상권,3110209,답십리 장령당공원,4227,1926,2301,4,629,938,1189,1163,304,1,465,673,394,189,204,3,164,265,795,974,100
20213,A,골목상권,3110174,아차산역 1번,2909,1780,1129,7,346,545,901,765,345,3,151,328,577,479,242,4,195,217,324,286,103
20213,A,골목상권,3110144,어린이대공원역 4번,1502,932,570,0,160,238,383,492,229,0,60,133,242,323,174,0,100,105,141,169,55
20213,A,골목상권,3110152,중곡어린이공원,1671,1070,601,49,338,283,323,400,278,6,137,200,206,286,235,43,201,83,117,114,43
20213,A,골목상권,3110161,중곡역 3번,1960,1296,664,4,150,317,503,672,314,0,67,189,303,504,233,4,83,128,200,168,81
20213,A,골목상권,3110202,전농1동주민센터(전농시장),478,273,205,0,58,96,127,105,92,0,44,55,85,53,36,0,14,41,42,52,56
20213,A,골목상권,3110186,종암초등학교,1751,1308,443,2,179,330,416,475,349,0,82,256,306,362,302,2,97,74,110,113,47
20213,A,골목상권,3110206,텃골근린공원,1126,651,475,2,118,187,312,318,189,1,71,108,193,192,86,1,47,79,119,126,103
20213,A,골목상권,3110219,삼육보건대학교,4329,2321,2008,4,574,869,1055,1098,729,2,178,407,603,643,488,2,396,462,452,455,241
20213,A,골목상권,3110199,홍릉시장,962,521,441,0,76,146,204,306,230,0,34,77,102,142,166,0,42,69,102,164,64
20213,A,골목상권,3110268,망우3동주민센터,981,580,401,0,94,152,205,296,234,0,55,83,101,168,173,0,39,69,104,128,61
20213,A,골목상권,3110264,면목역 2번,1816,1064,752,3,185,354,425,524,325,0,72,184,239,342,227,3,113,170,186,182,98
20213,A,골목상권,3110279,신내역 2번,153,118,35,0,17,28,41,48,19,0,13,24,30,34,17,0,4,4,11,14,2
20213,A,골목상권,3110258,면동초등학교,1659,911,748,2,207,394,460,372,224,1,84,220,233,212,161,1,123,174,227,160,63
20213,A,골목상권,3110237,메가박스 상봉,2944,2064,880,11,293,688,935,821,196,10,142,441,668,655,148,1,151,247,267,166,48
20213,A,골목상권,3110254,오거리공원,1604,894,710,3,171,342,447,427,214,2,70,170,244,256,152,1,101,172,203,171,62
20213,A,골목상권,3110248,먹골파출소,993,487,506,3,102,224,281,230,153,0,31,111,138,105,102,3,71,113,143,125,51
20213,A,골목상권,3110245,KB국민은행 중화동지점,1375,794,581,3,141,276,386,300,269,1,58,154,230,167,184,2,83,122,156,133,85
20213,A,골목상권,3110308,길음역 8번,5558,2775,2783,420,2091,1398,817,515,317,177,921,761,443,234,239,243,1170,637,374,281,78
20213,A,골목상권,3110301,성신여대입구역 7번,2035,1073,962,20,279,387,462,501,386,15,95,170,238,285,270,5,184,217,224,216,116
20213,A,골목상권,3110300,삼선동주민센터,6172,2933,3239,11,709,1579,1872,1508,493,2,213,608,842,960,308,9,496,971,1030,548,185
20213,A,골목상권,3110328,상월곡역 3번,745,414,331,3,111,200,209,158,64,1,47,116,119,84,47,2,64,84,90,74,17
20213,A,골목상권,3110323,상월곡역 1번,2096,1206,890,4,330,425,556,516,265,0,143,247,333,295,188,4,187,178,223,221,77
20213,A,골목상권,3110325,장곡초등학교,1196,710,486,3,130,246,318,285,214,3,60,131,186,172,158,0,70,115,132,113,56
20213,A,골목상권,3110329,우리은행체육관,1168,696,472,8,126,245,281,288,220,4,44,127,158,191,172,4,82,118,123,97,48
20213,A,골목상권,3110418,광운대학교 남단,2395,1300,1095,17,439,649,567,454,269,5,188,388,277,239,203,12,251,261,290,215,66
20213,A,골목상권,3110292,정릉역 2번,1165,443,722,1,229,306,319,217,93,0,57,124,99,95,68,1,172,182,220,122,25
20213,A,골목상권,3110289,북한산보국문역 2번,1565,804,761,0,234,320,398,370,243,0,63,140,184,230,187,0,171,180,214,140,56
20213,A,골목상권,3110320,KB국민은행 종암동지점,1030,585,445,1,84,202,331,295,117,1,23,84,177,219,81,0,61,118,154,76,36
20213,A,골목상권,3110369,성신여대운정그린캠퍼스,1935,860,1075,5,242,321,436,458,473,1,65,112,181,208,293,4,177,209,255,250,180
20213,A,골목상권,3110376,수송초등학교,2101,1069,1032,3,230,420,522,498,428,2,80,208,286,240,253,1,150,212,236,258,175
20213,A,골목상권,3110351,수유북부시장옆,1198,652,546,0,84,147,263,467,237,0,30,65,139,235,183,0,54,82,124,232,54
20213,A,골목상권,3110362,우이천 계성교,961,497,464,1,126,190,258,236,150,0,48,103,126,120,100,1,78,87,132,116,50
20213,A,골목상권,3110356,덕수교,687,389,298,0,56,108,200,172,151,0,20,63,108,94,104,0,36,45,92,78,47
20213,A,골목상권,3110343,무너미어린이공원,1770,1049,721,0,112,212,300,288,858,0,32,122,161,148,586,0,80,90,139,140,272
20213,A,골목상권,3110382,솔밭공원역 1번,391,147,244,1,43,67,98,118,64,0,9,21,28,46,43,1,34,46,70,72,21
20213,A,골목상권,3110413,누원고등학교,568,365,203,0,36,70,115,162,185,0,15,44,66,102,138,0,21,26,49,60,47
20213,A,골목상권,3110422,노원역 9번,1516,697,819,1,187,294,388,390,256,1,71,171,178,157,119,0,116,123,210,233,137
20213,A,골목상권,3110430,중계초등학교,1110,567,543,3,90,168,259,328,262,0,28,66,114,160,199,3,62,102,145,168,63
20213,A,골목상권,3110417,월계역 3번,348,134,214,2,49,63,67,100,67,2,18,35,21,34,24,0,31,28,46,66,43
20213,A,골목상권,3110441,영신여고,1036,451,585,3,105,241,280,305,102,3,45,111,106,125,61,0,60,130,174,180,41
20213,A,골목상권,3110427,노원 을지대학교병원,1752,1176,576,1,156,280,416,577,322,0,59,139,273,460,245,1,97,141,143,117,77
20213,A,골목상권,3110477,은평세무서,2219,1137,1082,6,199,354,531,627,502,2,93,192,270,298,282,4,106,162,261,329,220
20213,A,골목상권,3110476,역촌역 2번,1304,706,598,1,170,308,350,300,175,1,61,154,198,161,131,0,109,154,152,139,44
20213,A,골목상권,3110503,명지대학교교회,3329,2219,1110,30,564,1004,816,642,273,26,345,725,552,388,183,4,219,279,264,254,90
20213,A,골목상권,3110499,연가초등학교,1715,905,810,0,165,359,447,470,274,0,64,203,231,222,185,0,101,156,216,248,89
20213,A,골목상권,3110558,경성고등학교,4895,3051,1844,21,679,1152,1227,1106,710,18,346,676,765,727,519,3,333,476,462,379,191
20213,A,골목상권,3110537,충정로현대아파트,4722,3057,1665,15,800,1434,1132,868,473,9,385,840,810,674,339,6,415,594,322,194,134
20213,A,골목상권,3110541,동교초등학교,1947,1046,901,2,295,400,519,419,312,1,112,214,273,234,212,1,183,186,246,185,100
20213,A,골목상권,3110522,홍제역 3번,1269,694,575,3,128,184,351,436,167,1,37,93,189,254,120,2,91,91,162,182,47
20213,A,골목상권,3110571,신수동주민센터,5389,2967,2422,10,665,1386,1427,1276,625,9,253,623,760,871,451,1,412,763,667,405,174
20213,A,골목상권,3110555,홍익지구대,3611,1855,1756,10,638,968,938,631,426,5,213,449,543,370,275,5,425,519,395,261,151
20213,A,골목상권,3110627,신정롯데캐슬아파트,12409,6926,5483,66,2312,4020,3158,2183,670,31,900,2143,1942,1409,501,35,1412,1877,1216,774,169
20213,A,골목상권,3110628,신목동역,2125,1374,751,4,260,583,583,460,235,2,128,352,393,345,154,2,132,231,190,115,81
20213,A,골목상권,3110679,염창역 2번,2730,2023,707,4,276,584,863,682,321,3,134,413,667,544,262,1,142,171,196,138,59
20213,A,골목상권,3110612,신정역 5번,4440,2606,1834,12,892,682,723,821,1310,5,273,329,389,473,1137,7,619,353,334,348,173
20213,A,골목상권,3110629,송정역 4번,923,553,370,1,104,171,216,231,200,1,47,114,124,142,125,0,57,57,92,89,75
20213,A,골목상권,3110669,화곡보람2차아파트,4693,2768,1925,4,1133,1316,897,642,701,3,357,873,675,396,464,1,776,443,222,246,237
20213,A,골목상권,3110649,우장산역 1번,1340,739,601,2,254,249,320,285,230,0,111,132,152,166,178,2,143,117,168,119,52
20213,A,골목상권,3110670,신곡초등학교,1600,1036,564,8,185,409,399,404,195,5,114,286,251,246,134,3,71,123,148,158,61
20213,A,골목상권,3110666,KC대학교,2132,1568,564,4,303,715,531,460,119,2,205,564,385,312,100,2,98,151,146,148,19
20213,A,골목상권,3110725,가산동주민센터,1841,864,977,4,142,241,320,390,744,2,70,130,189,193,280,2,72,111,131,197,464
20213,A,골목상권,3110700,고척초등학교,5750,4109,1641,10,516,1259,1605,1791,569,7,268,901,1181,1363,389,3,248,358,424,428,180
20213,A,골목상권,3110689,오류동역 3번,4517,2899,1618,15,569,864,1106,1262,701,8,405,556,678,764,488,7,164,308,428,498,213
20213,A,골목상권,3110690,오류2동버들시장,2262,1291,971,1,225,460,530,550,496,0,85,257,277,318,354,1,140,203,253,232,142
20213,A,골목상권,3110766,대림역 5번,5601,3708,1893,16,432,998,1379,1285,1491,5,258,730,1005,825,885,11,174,268,374,460,606
20213,A,골목상권,3110735,말미고개,2955,1738,1217,9,360,595,662,815,514,5,187,340,372,445,389,4,173,255,290,370,125
20213,A,골목상권,3110736,독산119안전센터,2709,1626,1083,4,307,444,561,745,648,2,174,271,330,427,422,2,133,173,231,318,226
20213,A,골목상권,3110746,금천금빛공원(은행나무사거리서측),971,444,527,1,93,156,237,270,214,1,36,71,105,122,109,0,57,85,132,148,105
20213,A,골목상권,3110783,영등포시장역 1번,2418,1654,764,5,411,700,493,528,281,3,259,492,345,391,164,2,152,208,148,137,117
20213,A,골목상권,3110793,대림썬프라자,1502,904,598,6,139,384,505,343,125,5,85,243,259,219,93,1,54,141,246,124,32
20213,A,골목상권,3110799,영등포본동주민센터,524,336,188,5,69,90,131,119,110,3,34,56,85,77,81,2,35,34,46,42,29
20213,A,골목상권,3110777,구로세무서,5825,3399,2426,22,1229,1703,1556,963,352,10,493,985,1009,609,293,12,736,718,547,354,59
20213,A,골목상권,3110821,보라매역 2번,19310,12435,6875,51,3710,3777,3102,4534,4136,27,2841,3091,2036,2222,2218,24,869,686,1066,2312,1918
20213,A,골목상권,3110788,영등포시장역 3번,924,604,320,3,106,166,286,224,139,1,58,113,202,145,85,2,48,53,84,79,54
20213,A,골목상권,3110840,중앙대학교,417,214,203,1,67,68,111,97,73,0,25,31,63,47,48,1,42,37,48,50,25
20213,A,골목상권,3110836,상도역 5번,4431,2490,1941,12,805,1182,1020,914,498,2,328,680,619,553,308,10,477,502,401,361,190
20213,A,골목상권,3110893,관악소방서(문영여고),1814,1409,405,2,342,557,398,425,90,1,237,436,304,357,74,1,105,121,94,68,16
20213,A,골목상권,3110878,미림여고,694,367,327,6,72,190,185,152,89,1,25,91,112,75,63,5,47,99,73,77,26
20213,A,골목상권,3110861,관악구신사동주민센터,4975,3397,1578,4,758,1388,1398,981,446,2,354,958,1075,707,301,2,404,430,323,274,145
20213,A,골목상권,3110890,봉천역 1번(관악초등학교),2071,803,1268,4,374,519,473,347,354,0,67,152,208,174,202,4,307,367,265,173,152
20213,A,골목상권,3110960,은광여고,20267,15455,4812,50,2314,4244,5292,6237,2130,36,1372,3182,4359,5022,1484,14,942,1062,933,1215,646
20213,A,골목상권,3110954,국기원,7043,3734,3309,24,2010,2434,1352,626,597,8,648,1239,953,450,436,16,1362,1195,399,176,161
20213,A,골목상권,3110936,더케이호텔(양재리본타워2단지아파트),1540,1105,435,14,246,433,389,311,147,10,159,288,286,247,115,4,87,145,103,64,32
20213,A,골목상권,3110940,양재근린공원(양재2동주민센터),6573,4578,1995,36,1029,1761,1701,1243,803,22,601,1228,1211,872,644,14,428,533,490,371,159
20213,A,골목상권,3110950,논현역 7번,14453,8508,5945,36,3283,4779,3414,1982,959,15,1326,2815,2305,1346,701,21,1957,1964,1109,636,258
20213,A,골목상권,3110949,한남IC,8417,5196,3221,28,1675,2570,2221,1300,623,15,760,1654,1435,852,480,13,915,916,786,448,143
20213,A,골목상권,3110993,개포지하차도 북측,142,86,56,0,14,21,31,45,31,0,4,14,19,28,21,0,10,7,12,17,10
20213,A,골목상권,3110983,국립국악고등학교,3034,1919,1115,12,544,819,737,554,368,2,245,512,476,373,311,10,299,307,261,181,57
20214,A,골목상권,3110019,창덕궁,6319,4360,1959,10,1053,2069,1767,953,467,3,559,1386,1342,701,369,7,494,683,425,252,98
20214,A,골목상권,3110018,중앙고등학교,11262,8487,2775,7,1250,3853,3350,2089,713,6,649,2888,2664,1739,541,1,601,965,686,350,172
20214,A,골목상권,3110038,경향신문사,10172,7008,3164,16,1531,3252,3390,1653,330,3,695,2090,2547,1430,243,13,836,1162,843,223,87
20214,A,골목상권,3110012,성곡미술관,27735,18834,8901,37,3819,8129,8256,5229,2265,7,1836,5632,6275,3697,1387,30,1983,2497,1981,1532,878
20214,A,골목상권,3110006,부암동주민센터,773,347,426,0,158,275,203,101,36,0,69,129,83,45,21,0,89,146,120,56,15
20214,A,골목상권,3110052,장충초등학교,5705,3122,2583,6,827,1468,1432,1344,628,3,309,713,830,859,408,3,518,755,602,485,220
20214,A,골목상권,3110589,애오개역 3번,559,265,294,0,108,185,141,80,45,0,38,87,71,42,27,0,70,98,70,38,18
20214,A,골목상권,3110068,남영역 1번,8193,5432,2761,40,1419,2582,2050,1326,776,19,721,1609,1516,1011,556,21,698,973,534,315,220
20214,A,골목상권,3110092,NH농협은행 보광동지점,3281,2252,1029,31,523,841,877,713,296,21,277,569,627,533,225,10,246,272,250,180,71
20214,A,골목상권,3110083,서빙고역 1번,6594,4364,2230,19,1375,1883,1618,1157,542,7,651,1268,1156,865,417,12,724,615,462,292,125
20214,A,골목상권,3110060,효창공원앞역 6번,6789,4650,2139,19,1230,1825,1872,1318,525,10,677,1315,1333,926,389,9,553,510,539,392,136
20214,A,골목상권,3110061,효창동주민센터,5303,3773,1530,6,882,1448,1482,1038,447,4,527,1073,1109,722,338,2,355,375,373,316,109
20214,A,골목상권,3110091,리움미술관,5605,3483,2122,16,1353,2027,1384,612,213,8,579,1155,1049,531,161,8,774,872,335,81,52
20214,A,골목상권,3110122,마장역 2번,1288,844,444,1,128,208,307,373,271,1,73,133,188,246,203,0,55,75,119,127,68
20214,A,골목상권,3110188,용두동신동아아파트,8552,6410,2142,56,940,1775,2007,2538,1236,37,653,1318,1585,1899,918,19,287,457,422,639,318
20214,A,골목상권,3110125,사근동살곶이상점가,304,167,137,2,52,66,90,59,35,2,21,32,48,39,25,0,31,34,42,20,10
20214,A,골목상권,3110147,능동우편취급국,4531,2184,2347,31,1146,862,890,1066,536,19,559,502,431,345,328,12,587,360,459,721,208
20214,A,골목상권,3110217,자동차부품상가,3677,2888,789,21,732,983,868,595,478,20,576,785,687,435,385,1,156,198,181,160,93
20214,A,골목상권,3110178,장로회신학대학교,2404,1638,766,1,341,582,567,559,354,0,195,410,420,386,227,1,146,172,147,173,127
20214,A,골목상권,3110162,군자역 4번,3299,1971,1328,5,497,696,811,692,598,2,300,424,470,362,413,3,197,272,341,330,185
20214,A,골목상권,3110154,광진정말공원,1521,878,643,6,193,294,396,399,233,4,99,168,215,220,172,2,94,126,181,179,61
20214,A,골목상권,3110151,자양한강도서관,2110,1470,640,7,384,424,537,519,239,4,274,300,362,348,182,3,110,124,175,171,57
20214,A,골목상권,3110171,중곡4동주민센터,2069,805,1264,3,502,500,486,436,142,1,84,182,208,224,106,2,418,318,278,212,36
20214,A,골목상권,3110218,답십리사거리,1293,747,546,6,152,258,330,326,221,5,58,132,175,207,170,1,94,126,155,119,51
20214,A,골목상권,3110225,촬영소사거리,1955,992,963,2,123,189,335,525,781,2,67,108,191,252,372,0,56,81,144,273,409
20214,A,골목상권,3110184,용두사거리,3021,1527,1494,5,599,895,617,491,414,2,203,397,289,306,330,3,396,498,328,185,84
20214,A,골목상권,3110213,청량초등학교,2045,619,1426,0,582,702,456,221,84,0,98,228,161,74,58,0,484,474,295,147,26
20214,A,골목상권,3110220,외대앞역 1번,3279,1428,1851,2,649,864,843,597,324,1,120,311,409,369,218,1,529,553,434,228,106
20214,A,골목상권,3110230,장안현대홈타운1차아파트,4180,2588,1592,14,740,1026,1066,899,435,10,450,646,636,535,311,4,290,380,430,364,124
20214,A,골목상권,3110216,전농중학교,1431,725,706,2,194,328,385,371,151,1,84,149,201,194,96,1,110,179,184,177,55
20214,A,골목상권,3110275,하나은행 망우동지점,1321,725,596,10,155,180,250,376,350,0,42,46,116,227,294,10,113,134,134,149,56
20214,A,골목상권,3110276,신내IC북측,132,100,32,0,9,22,38,38,25,0,5,19,26,32,18,0,4,3,12,6,7
20214,A,골목상권,3110240,태릉시장 특화거리,439,231,208,3,63,64,129,98,82,2,24,33,65,48,59,1,39,31,64,50,23
20214,A,골목상권,3110299,정릉역 1번,1824,844,980,4,260,396,436,423,305,0,53,150,161,238,242,4,207,246,275,185,63
20214,A,골목상권,3110302,보문역 8번,5898,4601,1297,6,635,1951,1314,1333,659,2,343,1589,1089,1123,455,4,292,362,225,210,204
20214,A,골목상권,3110333,돌곶이역 5번,2180,1597,583,1,138,180,253,395,1213,0,72,102,152,268,1003,1,66,78,101,127,210
20214,A,골목상권,3110295,정릉우체국,2033,967,1066,2,326,405,505,478,317,0,87,174,207,267,232,2,239,231,298,211,85
20214,A,골목상권,3110290,북한산보국문역 1번,956,503,453,2,85,114,198,295,262,0,23,58,103,167,152,2,62,56,95,128,110
20214,A,골목상권,3110284,정릉북한산국립공원입구,1070,775,295,0,67,166,299,370,168,0,17,93,226,294,145,0,50,73,73,76,23
20214,A,골목상권,3110315,종암아이파크2차,19324,9933,9391,57,1503,4968,7106,5488,202,13,619,1647,3160,4363,131,44,884,3321,3946,1125,71
20214,A,골목상권,3110311,종암아이파크2차후문,18326,9454,8872,55,1387,4748,6804,5254,78,12,582,1562,3010,4226,62,43,805,3186,3794,1028,16
20214,A,골목상권,3110372,강북중학교,2235,1039,1196,1,431,564,556,464,219,1,120,285,281,229,123,0,311,279,275,235,96
20214,A,골목상권,3110355,삼양사거리역 2번,841,465,376,2,75,143,202,215,204,1,21,48,103,134,158,1,54,95,99,81,46
20214,A,골목상권,3110384,문이교,515,242,273,1,67,67,122,148,110,0,18,23,41,80,80,1,49,44,81,68,30
20214,A,골목상권,3110407,도봉역 2번,1737,1230,507,2,79,213,329,569,545,1,27,108,185,426,483,1,52,105,144,143,62
20214,A,골목상권,3110405,방학역 1번,2828,1543,1285,6,280,510,686,856,490,5,158,343,328,348,361,1,122,167,358,508,129
20214,A,골목상권,3110412,창동중학교,926,729,197,1,32,75,129,327,362,1,15,31,69,262,351,0,17,44,60,65,11
20214,A,골목상권,3110394,방학중학교,1009,508,501,1,104,211,274,247,172,1,47,99,125,125,111,0,57,112,149,122,61
20214,A,골목상권,3110388,도봉우체국,1888,873,1015,4,412,414,447,441,170,3,100,202,209,231,128,1,312,212,238,210,42
20214,A,골목상권,3110442,화랑대철도공원,516,235,281,2,52,82,125,173,82,2,27,35,48,69,54,0,25,47,77,104,28
20214,A,골목상권,3110424,상계초등학교,1733,729,1004,5,214,302,436,475,301,5,84,152,179,184,125,0,130,150,257,291,176
20214,A,골목상권,3110431,상계역,1287,621,666,3,148,275,353,314,194,0,43,131,187,139,121,3,105,144,166,175,73
20214,A,골목상권,3110437,당고개역 2번,1939,1463,476,1,93,154,435,765,491,0,35,83,301,619,425,1,58,71,134,146,66
20214,A,골목상권,3110439,당고개역 5번,1564,1295,269,1,57,95,313,641,457,0,18,56,256,564,401,1,39,39,57,77,56
20214,A,골목상권,3110440,상계3동4동주민센터,169,56,113,0,26,25,43,40,35,0,8,5,11,16,16,0,18,20,32,24,19
20214,A,골목상권,3110420,광운대역 1번,1471,830,641,9,301,445,400,204,112,2,145,305,217,102,59,7,156,140,183,102,53
20214,A,골목상권,3110467,은평요양병원,1379,737,642,5,189,335,332,289,229,4,86,184,174,140,149,1,103,151,158,149,80
20214,A,골목상권,3110454,선정중학교,2790,1775,1015,7,272,500,645,930,436,3,129,261,343,687,352,4,143,239,302,243,84
20214,A,골목상권,3110447,구산초등학교,1598,1138,460,2,95,229,339,680,253,0,42,106,199,571,220,2,53,123,140,109,33
20214,A,골목상권,3110466,구산역 2번,1798,899,899,10,243,407,457,413,268,2,80,171,240,218,188,8,163,236,217,195,80
20214,A,골목상권,3110444,수색성당,1892,1313,579,0,137,252,283,320,900,0,54,128,127,184,820,0,83,124,156,136,80
20214,A,골목상권,3110453,신사1동주민센터,1978,1132,846,1,218,408,518,480,353,1,127,200,295,268,241,0,91,208,223,212,112
20214,A,골목상권,3110448,상신초등학교입구,1073,613,460,3,129,216,240,258,227,1,83,123,122,132,152,2,46,93,118,126,75
20214,A,골목상권,3110498,증산역 1번,2535,1338,1197,4,342,517,554,649,469,2,109,293,309,322,303,2,233,224,245,327,166
20214,A,골목상권,3110505,홍남교남측,2126,1435,691,49,700,599,355,283,140,26,407,498,226,172,106,23,293,101,129,111,34
20214,A,골목상권,3110510,홍연시장,2641,1768,873,55,777,683,448,457,221,30,445,554,273,293,173,25,332,129,175,164,48
20214,A,골목상권,3110553,가좌역 2번,1511,856,655,3,170,321,388,384,245,2,77,175,235,224,143,1,93,146,153,160,102
20214,A,골목상권,3110496,모래내우체국,1812,822,990,7,281,445,449,349,281,4,85,208,221,148,156,3,196,237,228,201,125
20214,A,골목상권,3110542,마포구청역 7번,5558,3298,2260,20,707,1052,1202,1656,921,11,378,760,825,770,554,9,329,292,377,886,367
20214,A,골목상권,3110506,연희임광아파트,1391,746,645,2,205,313,340,335,196,2,93,209,169,157,116,0,112,104,171,178,80
20214,A,골목상권,3110529,홍제3동주민센터,1091,564,527,4,122,140,206,257,362,1,44,66,95,138,220,3,78,74,111,119,142
20214,A,골목상권,3110521,홍제역 4번,1109,612,497,3,108,134,316,391,157,1,30,70,168,242,101,2,78,64,148,149,56
20214,A,골목상권,3110561,상수역 4번,2460,1498,962,31,569,746,545,348,221,20,264,444,364,239,167,11,305,302,181,109,54
20214,A,골목상권,3110552,성미산체육관,2995,1818,1177,8,379,652,778,730,448,4,185,366,457,506,300,4,194,286,321,224,148
20214,A,골목상권,3110570,KB국민은행 서강지점,1410,826,584,7,199,376,380,261,187,7,100,222,201,154,142,0,99,154,179,107,45
20214,A,골목상권,3110620,목동보건지소,3652,1851,1801,7,412,863,1018,883,469,5,182,474,447,423,320,2,230,389,571,460,149
20214,A,골목상권,3110624,목동문화체육센터,1670,856,814,1,264,453,486,298,168,1,140,240,200,155,120,0,124,213,286,143,48
20214,A,골목상권,3110626,양화초등학교,3807,2364,1443,4,517,846,1106,938,396,3,219,458,758,652,274,1,298,388,348,286,122
20214,A,골목상권,3110606,신한은행 신월동지점,2588,1783,805,3,138,296,550,822,779,1,58,158,318,568,680,2,80,138,232,254,99
20214,A,골목상권,3110646,푸른들청소년도서관,6554,3939,2615,12,861,1499,1624,1593,965,9,445,957,950,890,688,3,416,542,674,703,277
20214,A,골목상권,3110613,신정네거리역 4번,532,258,274,0,62,116,114,119,121,0,13,47,48,66,84,0,49,69,66,53,37
20214,A,골목상권,3110706,그라운드 고척,2411,1613,798,2,310,586,628,638,247,2,161,381,415,463,191,0,149,205,213,175,56
20214,A,골목상권,3110701,고척동성당,2031,1278,753,7,310,414,454,523,323,1,176,260,284,305,252,6,134,154,170,218,71
20214,A,골목상권,3110657,양천향교역 5번,8471,5307,3164,17,1024,2088,2090,1892,1360,11,513,1206,1353,1162,1062,6,511,882,737,730,298
20214,A,골목상권,3110648,양천향교역 7번,4059,2626,1433,14,469,835,925,929,887,10,238,536,594,535,713,4,231,299,331,394,174
20214,A,골목상권,3110671,등촌1동주민센터,10403,6389,4014,31,1969,2531,2337,1997,1538,18,787,1620,1611,1312,1041,13,1182,911,726,685,497
20214,A,골목상권,3110658,화곡초등학교,3192,1856,1336,2,811,765,628,538,448,0,270,453,376,381,376,2,541,312,252,157,72
20214,A,골목상권,3110668,화곡2동주민센터,3004,1684,1320,10,406,790,822,630,346,7,198,431,436,373,239,3,208,359,386,257,107
20214,A,골목상권,3110721,가리봉파출소,9719,6601,3118,27,1764,3184,2464,1435,845,13,942,2250,1830,926,640,14,822,934,634,509,205
20214,A,골목상권,3110703,개봉역,8618,4789,3829,41,1381,2048,1932,2036,1180,22,796,1309,965,946,751,19,585,739,967,1090,429
20214,A,골목상권,3110693,오류동역 4번,2696,1879,817,4,369,515,637,750,421,3,300,366,437,480,293,1,69,149,200,270,128
20214,A,골목상권,3110709,구로119안전센터,1187,559,628,4,117,165,257,381,263,2,53,88,142,137,137,2,64,77,115,244,126
20214,A,골목상권,3110716,구로나눔길,4822,2652,2170,7,579,1315,1117,1252,552,3,265,697,592,776,319,4,314,618,525,476,233
20214,A,골목상권,3110769,대림차이나타운(대림역 12번),1954,1208,746,5,121,251,393,460,724,3,75,164,232,290,444,2,46,87,161,170,280
20214,A,골목상권,3110761,문래동남성맨션,1158,827,331,2,91,236,304,299,226,1,64,159,218,197,188,1,27,77,86,102,38
20214,A,골목상권,3110741,독산2동주민센터,1504,811,693,3,175,295,351,425,255,2,91,145,170,215,188,1,84,150,181,210,67
20214,A,골목상권,3110859,난향초등학교,512,230,282,1,45,111,154,119,82,0,3,44,63,56,64,1,42,67,91,63,18
20214,A,골목상권,3110789,대림성모병원,3410,1458,1952,2,996,845,702,539,326,2,257,378,363,264,194,0,739,467,339,275,132
20214,A,골목상권,3110780,신길대성유니드아파트,1394,925,469,1,137,277,365,360,254,1,88,167,227,235,207,0,49,110,138,125,47
20214,A,골목상권,3110772,신우어린이공원,1405,839,566,1,221,295,338,329,221,0,93,177,214,205,150,1,128,118,124,124,71
20214,A,골목상권,3110785,영등포푸르지오아파트,2009,1361,648,6,207,449,544,471,332,4,93,298,379,338,249,2,114,151,165,133,83
20214,A,골목상권,3110787,신길3동주민센터,1010,595,415,3,99,199,285,264,160,3,47,107,166,160,112,0,52,92,119,104,48
20214,A,골목상권,3110758,문래소공원,14709,7623,7086,103,3376,3787,3217,3111,1115,31,1541,2760,1604,829,858,72,1835,1027,1613,2282,257
20214,A,골목상권,3110815,공군호텔,3580,1559,2021,5,645,846,827,727,530,0,194,396,377,297,295,5,451,450,450,430,235
20214,A,골목상권,3110808,신길역 1번,1130,445,685,0,100,235,310,302,183,0,32,108,122,98,85,0,68,127,188,204,98
20214,A,골목상권,3110804,신풍역 1번,1741,798,943,1,169,357,520,405,289,0,76,149,168,199,206,1,93,208,352,206,83
20214,A,골목상권,3110832,노량진초등학교,4040,2156,1884,1,568,1114,970,953,434,0,307,514,509,572,254,1,261,600,461,381,180
20214,A,골목상권,3110822,신대방삼거리역 4번(대림초등학교),2751,1560,1191,2,363,614,588,613,571,0,112,362,360,362,364,2,251,252,228,251,207
20214,A,골목상권,3110850,사당역 10번,7894,4180,3714,14,1345,2053,2169,1428,885,5,442,1014,1153,889,677,9,903,1039,1016,539,208
20214,A,골목상권,3110907,방배초등학교,7536,4093,3443,28,1176,1611,1757,1598,1366,16,482,896,974,820,905,12,694,715,783,778,461
20214,A,골목상권,3110886,관악해태어린이공원,1445,959,486,3,127,237,384,457,237,1,51,115,248,345,199,2,76,122,136,112,38
20214,A,골목상권,3110870,신림주공2단지(광신고등학교),926,524,402,2,74,142,244,279,185,0,27,71,123,158,145,2,47,71,121,121,40
20214,A,골목상권,3110888,청룡동주민센터,1962,823,1139,4,400,564,469,301,224,0,83,193,220,164,163,4,317,371,249,137,61
20214,A,골목상권,3110880,신림역 1번,1885,706,1179,2,469,465,373,346,230,1,114,169,180,115,127,1,355,296,193,231,103
20214,A,골목상권,3110896,관악우성아파트,736,263,473,3,103,109,175,206,140,2,34,34,61,79,53,1,69,75,114,127,87
20214,A,골목상권,3110948,헌인가구단지,57,27,30,0,5,24,14,11,3,0,4,12,6,2,3,0,1,12,8,9,0
20214,A,골목상권,3110921,서울프랑스학교,78980,73122,5858,28,7548,16129,20976,31809,2490,12,6231,14222,19329,31052,2276,16,1317,1907,1647,757,214
20214,A,골목상권,3110912,방배동사이길,10864,6872,3992,39,2280,3332,2614,1988,611,11,836,2031,1921,1590,483,28,1444,1301,693,398,128
20214,A,골목상권,3110933,한국상담대학원대학교,5166,2935,2231,17,1332,1552,1139,789,337,4,500,976,763,474,218,13,832,576,376,315,119
20214,A,골목상권,3110935,한전아트센터,15447,13162,2285,22,2512,5659,3695,2968,591,17,1823,4896,3229,2703,494,5,689,763,466,265,97
20214,A,골목상권,3110984,포이초등학교(개포목련어린이공원),3582,2150,1432,4,498,767,882,784,647,1,250,501,486,430,482,3,248,266,396,354,165
20214,A,골목상권,3110978,도곡2동주민센터(대치중학교),9979,6980,2999,40,2087,3214,2294,1200,1144,23,1136,2370,1884,909,658,17,951,844,410,291,486
20214,A,골목상권,3110971,선정릉역 4번,19901,10561,9340,56,4117,6246,4806,2922,1754,20,1411,3453,2772,1734,1171,36,2706,2793,2034,1188,583
20214,A,골목상권,3110974,언주중학교,8256,5430,2826,32,1847,2573,1708,1193,903,20,851,1532,1318,975,734,12,996,1041,390,218,169
20214,A,골목상권,3110975,매봉역 1번,20752,14192,6560,76,4365,5383,5577,4328,1023,51,2288,3472,4126,3439,816,25,2077,1911,1451,889,207
20214,A,골목상권,3111040,거여초등학교,2357,1472,885,10,310,602,594,522,319,9,179,402,365,295,222,1,131,200,229,227,97
20214,A,골목상권,3111026,문정역 2번,5159,3277,1882,8,771,1232,1312,1131,705,3,429,810,876,634,525,5,342,422,436,497,180
20214,A,골목상권,3111017,송파나루역 3번,3628,2432,1196,16,792,796,869,755,400,11,460,537,585,527,312,5,332,259,284,228,88
20214,A,골목상권,3111010,석촌역 7번,7142,5058,2084,9,802,1620,1617,1242,1852,6,441,1150,1102,793,1566,3,361,470,515,449,286
20214,A,골목상권,3111034,오동나무공원(송파레미니스1단지),3543,2415,1128,7,500,770,849,906,511,6,300,543,575,584,407,1,200,227,274,322,104
20214,A,골목상권,3111030,방이역 2번,20738,15418,5320,18,2658,5004,5332,4928,2798,6,1628,3495,4144,4200,1945,12,1030,1509,1188,728,853
20214,A,골목상권,3111085,묘곡초등학교(고덕아이파크아파트),1513,784,729,0,146,290,369,382,326,0,61,149,169,194,211,0,85,141,200,188,115
20214,A,골목상권,3111077,길동주민센터(강동도서관),6406,3327,3079,16,671,1129,1499,1694,1397,9,330,650,809,710,819,7,341,479,690,984,578
20214,A,골목상권,3111076,둔촌2동주민센터,2137,1170,967,3,262,433,458,484,497,1,104,223,250,249,343,2,158,210,208,235,154
20214,A,골목상권,3111080,굽은다리역 3번,1729,778,951,2,186,308,401,447,385,0,66,164,188,178,182,2,120,144,213,269,203
20214,A,골목상권,3110021,성균관대학교,1380,854,526,13,176,218,316,344,313,11,77,113,213,233,207,2,99,105,103,111,106
20214,A,골목상권,3110536,돈의문센트레빌아파트입구,1695,833,862,1,260,434,449,376,175,1,78,212,254,177,111,0,182,222,195,199,64
20214,A,골목상권,3110029,동대문역 1번,1644,738,906,3,231,331,381,390,308,1,67,127,179,186,178,2,164,204,202,204,130
20214,A,골목상권,3110037,신설동역 12번,6845,2610,4235,8,686,1039,1229,1827,2056,0,200,462,558,454,936,8,486,577,671,1373,1120
20214,A,골목상권,3110050,약수역 7번,1836,960,876,2,250,436,467,418,263,2,91,213,281,223,150,0,159,223,186,195,113
20214,A,골목상권,3110056,신당역 3번,2607,1426,1181,6,401,693,647,505,355,6,185,356,340,292,247,0,216,337,307,213,108
20214,A,골목상권,3110042,남산골공원옆,3487,1845,1642,11,347,719,1132,882,396,6,133,341,523,568,274,5,214,378,609,314,122
20214,A,골목상권,3110067,배문고등학교,6040,2831,3209,9,1156,1772,1294,977,832,3,287,644,651,605,641,6,869,1128,643,372,191
20214,A,골목상권,3110090,한국폴리텍대학서울정수캠퍼스,6854,4231,2623,17,1075,2196,2359,934,273,8,504,1107,1684,735,193,9,571,1089,675,199,80
20214,A,골목상권,3110088,오산고등학교,7060,4470,2590,17,1103,2335,2474,899,232,7,558,1213,1793,727,172,10,545,1122,681,172,60
20214,A,골목상권,3110087,이태원엔틱가구거리,3473,1835,1638,14,616,996,784,725,338,11,220,474,424,457,249,3,396,522,360,268,89
20214,A,골목상권,3110063,효창공원앞역 5번,2545,1665,880,15,308,566,692,530,434,12,172,383,458,344,296,3,136,183,234,186,138
20214,A,골목상권,3110058,성심여자고등학교,6811,4886,1925,22,1067,2028,1812,1308,574,7,598,1398,1383,1048,452,15,469,630,429,260,122
20214,A,골목상권,3110098,서울독일학교,19270,15584,3686,22,2331,4742,5464,6112,599,14,1127,3406,4759,5764,514,8,1204,1336,705,348,85
20214,A,골목상권,3110096,한남힐사이드아파트,5546,3662,1884,5,1168,1544,1281,1282,266,3,498,976,912,1046,227,2,670,568,369,236,39
20214,A,골목상권,3110100,옥수동우편취급국,7613,6422,1191,7,609,2450,2479,1864,204,4,305,1915,2241,1784,173,3,304,535,238,80,31
20214,A,골목상권,3110119,마장지하차도,2046,656,1390,1,159,260,428,704,494,0,83,139,167,155,112,1,76,121,261,549,382
20214,A,골목상권,3110118,왕십리역 9번,1141,733,408,1,167,270,301,259,143,0,85,164,189,178,117,1,82,106,112,81,26
20214,A,골목상권,3110131,성수동카페거리,16372,10013,6359,69,3574,4475,3610,2782,1862,39,1790,2879,2348,1642,1315,30,1784,1596,1262,1140,547
20214,A,골목상권,3110134,성수119안전센터,3342,2382,960,73,532,823,835,706,373,34,330,619,609,498,292,39,202,204,226,208,81
20214,A,골목상권,3110139,자양4동주민센터,2367,1870,497,9,270,601,637,559,291,5,194,486,509,441,235,4,76,115,128,118,56
20214,A,골목상권,3110136,경수초등학교,16150,9947,6203,123,3454,3934,3551,3098,1990,71,1698,2541,2333,1900,1404,52,1756,1393,1218,1198,586
20214,A,골목상권,3110155,광진구청,12629,9937,2692,11,781,1849,3528,5069,1391,11,385,1169,2772,4413,1187,0,396,680,756,656,204
20214,A,골목상권,3110176,해오름공원,3579,1917,1662,4,675,798,998,836,268,2,178,374,601,542,220,2,497,424,397,294,48
20214,A,골목상권,3110149,세종대학교,799,452,347,0,93,197,215,179,115,0,44,101,133,91,83,0,49,96,82,88,32
20214,A,골목상권,3110167,용마초등학교,3707,2122,1585,11,501,762,961,828,644,3,272,440,519,426,462,8,229,322,442,402,182
20214,A,골목상권,3110204,간데메공원,1356,905,451,5,205,278,356,322,190,3,135,169,223,225,150,2,70,109,133,97,40
20214,A,골목상권,3110226,장안1동주민센터,5867,3209,2658,15,722,1138,1352,1410,1230,12,347,658,734,772,686,3,375,480,618,638,544
20214,A,골목상권,3110211,전곡마을마당공원,1820,983,837,4,278,348,454,491,245,1,111,192,268,266,145,3,167,156,186,225,100
20214,A,골목상권,3110207,시립대앞사거리,1345,584,761,3,233,270,311,303,225,1,53,120,140,127,143,2,180,150,171,176,82
20214,A,골목상권,3110198,동대문중앙새마을금고본점,361,189,172,0,20,53,86,133,69,0,9,28,50,59,43,0,11,25,36,74,26
20214,A,골목상권,3110200,동대문경찰서,703,390,313,0,77,108,145,182,191,0,37,54,78,85,136,0,40,54,67,97,55
20214,A,골목상권,3110256,면목2동체육관,3260,1961,1299,5,413,680,888,780,494,1,188,448,483,445,396,4,225,232,405,335,98
20214,A,골목상권,3110266,면목동우체국,2501,1548,953,5,244,423,558,704,567,0,78,210,314,502,444,5,166,213,244,202,123
20214,A,골목상권,3110236,신묵초등학교,2212,1481,731,2,311,516,532,603,248,2,174,350,347,432,176,0,137,166,185,171,72
20214,A,골목상권,3110267,망우역 2번,2430,1427,1003,13,334,482,518,637,446,11,202,293,263,329,329,2,132,189,255,308,117
20214,A,골목상권,3110234,중랑역 4번,2773,2036,737,11,275,619,860,768,240,9,142,418,643,647,177,2,133,201,217,121,63
20214,A,골목상권,3110314,종암경찰서,3397,2472,925,6,380,670,726,731,884,0,231,492,518,565,666,6,149,178,208,166,218
20214,A,골목상권,3110421,석계역 1번,1218,593,625,4,119,205,323,328,239,2,49,90,144,169,139,2,70,115,179,159,100
20214,A,골목상권,3110321,동덕여대,1128,697,431,0,75,117,219,296,421,0,24,61,110,162,340,0,51,56,109,134,81
20214,A,골목상권,3110324,월곡역 4번,1184,675,509,5,167,321,341,226,124,1,78,187,188,134,87,4,89,134,153,92,37
20214,A,골목상권,3110298,솔숲어린이공원,1115,539,576,6,144,199,273,276,217,1,36,66,112,152,172,5,108,133,161,124,45
20214,A,골목상권,3110365,미아역 5번,1266,616,650,2,97,152,267,320,428,2,36,63,110,186,219,0,61,89,157,134,209
20214,A,골목상권,3110367,강북구청,3460,1492,1968,10,334,684,730,796,906,8,94,264,328,453,345,2,240,420,402,343,561
20214,A,골목상권,3110368,송천초등학교,981,601,380,1,93,195,242,259,191,1,32,95,129,181,163,0,61,100,113,78,28
20214,A,골목상권,3110352,수유1동주민센터,1291,576,715,0,118,244,368,418,143,0,49,99,154,183,91,0,69,145,214,235,52
20214,A,골목상권,3110349,화계역 2번,641,353,288,0,50,92,172,256,71,0,28,41,97,133,54,0,22,51,75,123,17
20214,A,골목상권,3110346,4.19민주묘지역 2번,605,334,271,0,71,106,179,136,113,0,18,62,103,75,76,0,53,44,76,61,37
20214,A,골목상권,3110339,국립4.19민주묘지,819,555,264,6,104,130,193,232,154,6,50,99,122,143,135,0,54,31,71,89,19
20214,A,골목상권,3110393,국민은행방학지점,749,350,399,3,91,217,207,154,77,2,32,106,101,63,46,1,59,111,106,91,31
20214,A,골목상권,3110395,신한은행 방학동지점,591,318,273,1,73,99,158,142,118,1,38,50,73,83,73,0,35,49,85,59,45
20214,A,골목상권,3110403,방학1동주민센터,1702,974,728,4,211,309,359,482,337,2,94,177,211,286,204,2,117,132,148,196,133
20214,A,골목상권,3110398,쌍문2동우체국,1663,972,691,0,162,244,383,523,351,0,72,129,192,328,251,0,90,115,191,195,100
20214,A,골목상권,3110401,도봉구민회관,1586,856,730,0,181,221,327,460,397,0,78,117,164,255,242,0,103,104,163,205,155
20214,A,골목상권,3110425,계상초등학교,1457,683,774,4,150,232,387,426,258,3,63,143,181,181,112,1,87,89,206,245,146
20214,A,골목상권,3110419,수락산디자인거리,3472,2282,1190,13,387,781,865,882,544,12,226,552,591,566,335,1,161,229,274,316,209
20214,A,골목상권,3110474,세명컴퓨터고등학교,1360,647,713,2,130,295,356,348,229,2,46,137,159,153,150,0,84,158,197,195,79
20214,A,골목상권,3110473,구산역 1번,3155,1679,1476,5,325,617,795,785,628,5,131,352,419,351,421,0,194,265,376,434,207
20214,A,골목상권,3110455,역촌노인복지관,3715,1747,1968,9,658,760,944,829,515,3,247,351,416,367,363,6,411,409,528,462,152
20214,A,골목상권,3110487,불광역 8번,761,291,470,1,73,171,207,181,128,1,23,75,72,60,60,0,50,96,135,121,68
20214,A,골목상권,3110480,연신내역 3번,1023,428,595,6,192,199,279,216,131,2,70,88,121,80,67,4,122,111,158,136,64
20214,A,골목상권,3110482,연신초등학교,359,158,201,0,27,53,117,116,46,0,8,20,39,58,33,0,19,33,78,58,13
20214,A,골목상권,3110470,신진과학기술고등학교,1610,976,634,2,161,266,382,390,409,2,76,145,208,227,318,0,85,121,174,163,91
20214,A,골목상권,3110475,백련산해모로아파트,1745,1026,719,2,202,326,375,357,483,1,91,165,203,202,364,1,111,161,172,155,119
20214,A,골목상권,3110532,아현역 2번,1847,1072,775,2,422,522,371,290,240,1,165,307,218,208,173,1,257,215,153,82,67
20214,A,골목상권,3110534,경기대학교,3370,2048,1322,4,575,933,722,580,556,1,256,531,484,399,377,3,319,402,238,181,179
20214,A,골목상권,3110572,서강대역 1번,7726,3653,4073,68,2565,1977,1384,1231,501,24,960,907,708,748,306,44,1605,1070,676,483,195
20214,A,골목상권,3110575,대흥동주민센터,4172,1903,2269,62,2086,953,452,399,220,20,782,476,212,248,165,42,1304,477,240,151,55
20214,A,골목상권,3110516,정원여중,1299,656,643,0,226,284,343,307,139,0,78,137,188,165,88,0,148,147,155,142,51
20214,A,골목상권,3110569,홍대땡땡거리,3039,1407,1632,7,650,662,678,622,420,3,308,321,302,232,241,4,342,341,376,390,179
20214,A,골목상권,3110517,서대문소방서,2671,1696,975,14,441,700,687,557,272,8,191,471,487,368,171,6,250,229,200,189,101
20214,A,골목상권,3110512,연희지하차도,5089,3101,1988,67,1146,1450,1174,973,279,39,591,926,702,649,194,28,555,524,472,324,85
20214,A,골목상권,3110527,홍제역 2번,1712,867,845,2,169,226,456,564,295,1,44,119,214,314,175,1,125,107,242,250,120
20214,A,골목상권,3110546,양화대교북단,1549,938,611,3,314,420,380,250,182,3,138,208,258,183,148,0,176,212,122,67,34
20214,A,골목상권,3110550,합정역 8번,5374,2859,2515,13,961,1416,1292,955,737,8,367,677,778,563,466,5,594,739,514,392,271
20214,A,골목상권,3110554,망원역 1번,6464,3487,2977,10,913,1410,1559,1192,1380,7,345,648,802,647,1038,3,568,762,757,545,342
20214,A,골목상권,3110547,KB국민은행 망원동지점,6579,4117,2462,11,769,1170,1322,1746,1561,7,405,819,889,860,1137,4,364,351,433,886,424
20214,A,골목상권,3110551,성서초등학교,3102,1803,1299,3,301,471,703,601,1023,3,132,235,314,304,815,0,169,236,389,297,208
20214,A,골목상권,3110619,목4동주민센터,1689,1078,611,4,202,379,491,407,206,1,93,210,315,291,168,3,109,169,176,116,38
20214,A,골목상권,3110600,신월7동주민센터,4248,2844,1404,3,317,496,745,1209,1478,3,179,312,490,845,1015,0,138,184,255,364,463
20214,A,골목상권,3110647,화곡역 5번,3340,1821,1519,8,438,691,768,828,607,5,192,403,428,449,344,3,246,288,340,379,263
20214,A,골목상권,3110607,금빛새마을금고본점,2729,2241,488,2,110,221,394,521,1481,1,64,132,235,385,1424,1,46,89,159,136,57
20214,A,골목상권,3110608,신월2동주민센터,3392,1915,1477,10,282,562,891,941,706,9,134,332,463,486,491,1,148,230,428,455,215
20214,A,골목상권,3110611,신정역 1번,4475,2720,1755,14,895,697,748,814,1307,7,295,382,444,461,1131,7,600,315,304,353,176
20214,A,골목상권,3110594,신월중학교,1144,543,601,7,149,285,301,297,105,4,58,119,141,150,71,3,91,166,160,147,34
20214,A,골목상권,3110602,신월시영아파트중문,3056,2108,948,3,204,356,700,967,826,2,124,226,400,664,692,1,80,130,300,303,134
20214,A,골목상권,3110610,계남근린공원,648,338,310,2,87,129,151,148,131,0,26,50,86,87,89,2,61,79,65,61,42
20214,A,골목상권,3110616,양목초등학교,1359,706,653,2,110,255,266,391,335,1,43,136,132,202,192,1,67,119,134,189,143
20214,A,골목상권,3110635,공항시장역 3번,3727,1849,1878,9,361,571,664,1054,1068,2,153,336,399,431,528,7,208,235,265,623,540
20214,A,골목상권,3110650,우장산힐스테이트,1737,995,742,4,194,325,396,415,403,3,107,202,240,204,239,1,87,123,156,211,164
20214,A,골목상권,3110638,신방화역 2번,3645,2335,1310,10,416,661,1045,983,530,8,205,404,713,617,388,2,211,257,332,366,142
20214,A,골목상권,3110712,남구로역 5번,1579,913,666,8,183,331,363,324,370,5,99,196,189,176,248,3,84,135,174,148,122
20213,A,골목상권,3110964,싸리고개근린공원,8566,5556,3010,26,1611,2345,2176,1418,990,12,704,1538,1503,1014,785,14,907,807,673,404,205
20213,A,골목상권,3110995,봉은사역 4번,25206,19697,5509,27,4263,7944,7350,4403,1219,8,2756,6028,6191,3798,916,19,1507,1916,1159,605,303
20213,A,골목상권,3111001,아래방죽마을공원(율현초등학교),219,110,109,0,13,33,35,73,65,0,7,22,21,34,26,0,6,11,14,39,39
20213,A,골목상권,3110998,은곡마을(은곡마을공원),32,21,11,1,2,11,8,6,4,0,0,5,7,6,3,1,2,6,1,0,1
20213,A,골목상권,3110959,신구중학교,10232,5500,4732,112,2286,2945,2031,1596,1262,41,1015,1708,1395,759,582,71,1271,1237,636,837,680
20213,A,골목상권,3110962,도산공원북측,5103,2987,2116,21,1320,1864,1050,603,245,7,552,1132,729,415,152,14,768,732,321,188,93
20213,A,골목상권,3110997,대청초등학교,11645,4219,7426,31,3352,3686,2392,1435,749,3,709,1330,968,683,526,28,2643,2356,1424,752,223
20213,A,골목상권,3110979,청담초등학교,13513,6688,6825,34,3681,4952,2707,1503,636,14,1248,2542,1596,814,474,20,2433,2410,1111,689,162
20213,A,골목상권,3111027,문정초등학교,37078,28582,8496,20,3311,6648,10483,13841,2775,8,1965,4804,8129,11835,1841,12,1346,1844,2354,2006,934
20213,A,골목상권,3111020,방이동고분군(방산고등학교),4863,2790,2073,7,576,1242,1105,1165,768,4,274,719,681,609,503,3,302,523,424,556,265
20213,A,골목상권,3111032,방이역 1번,21842,16091,5751,28,2688,5066,5500,5171,3389,14,1606,3510,4215,4282,2464,14,1082,1556,1285,889,925
20213,A,골목상권,3111005,삼전역 3번,5492,3680,1812,15,836,1398,1269,1121,853,5,485,996,882,696,616,10,351,402,387,425,237
20213,A,골목상권,3111037,Sh수협은행 오금동금융센터(아랫말어린이공원),1645,894,751,0,186,380,425,449,205,0,97,235,228,207,127,0,89,145,197,242,78
20213,A,골목상권,3111089,상일여고(상일초등학교),858,553,305,0,66,157,203,261,171,0,37,92,135,164,125,0,29,65,68,97,46
20213,A,골목상권,3111067,강동구립성내도서관,5641,2901,2740,16,1009,1238,1344,1086,948,11,337,615,758,580,600,5,672,623,586,506,348
20213,A,골목상권,3111081,둔촌푸르지오아파트,986,603,383,2,117,183,200,251,233,1,58,108,117,139,180,1,59,75,83,112,53
20213,A,골목상권,3111059,강동역 4번(강풀만화거리),6849,3822,3027,10,1115,1236,1379,1299,1810,5,483,642,758,760,1174,5,632,594,621,539,636
20213,A,골목상권,3110005,세검정,2126,1089,1037,8,301,565,557,474,221,3,123,271,287,262,143,5,178,294,270,212,78
20213,A,골목상권,3110008,배화여자대학교(박노수미술관),3476,1938,1538,39,627,808,767,729,506,0,227,405,439,476,391,39,400,403,328,253,115
20213,A,골목상권,3110015,청와대사랑채,2312,1284,1028,37,513,765,497,301,199,0,191,422,324,192,155,37,322,343,173,109,44
20213,A,골목상권,3110035,동묘앞역 2번,3390,1775,1615,3,258,367,549,741,1472,0,87,183,285,341,879,3,171,184,264,400,593
20213,A,골목상권,3110055,황학동벼룩시장,2333,1280,1053,28,821,479,422,378,205,15,352,239,270,253,151,13,469,240,152,125,54
20213,A,골목상권,3110027,혜화역 1번,3124,1658,1466,9,394,650,865,728,478,5,112,253,479,462,347,4,282,397,386,266,131
20213,A,골목상권,3110030,동대문역 3번,1126,461,665,0,92,206,371,274,183,0,28,77,108,117,131,0,64,129,263,157,52
20213,A,골목상권,3110011,청운초등학교,1873,802,1071,13,318,482,437,339,284,2,65,197,195,159,184,11,253,285,242,180,100
20213,A,골목상권,3110024,혜회동주민센터,4244,1855,2389,27,697,1078,959,887,596,17,228,488,437,385,300,10,469,590,522,502,296
20213,A,골목상권,3110043,충무초등학교,6397,3882,2515,33,1241,1562,1628,1186,747,16,534,903,1084,808,537,17,707,659,544,378,210
20213,A,골목상권,3110588,한겨레신문사,1133,567,566,1,166,237,297,284,148,1,73,129,147,128,89,0,93,108,150,156,59
20213,A,골목상권,3110045,동대문역사문화공원역 5번,40455,19049,21406,468,12792,10627,8138,6043,2387,192,5994,6220,4414,1662,567,276,6798,4407,3724,4381,1820
20213,A,골목상권,3110057,황학코아루아파트,1699,938,761,4,273,439,448,319,216,3,142,252,209,171,161,1,131,187,239,148,55
20213,A,골목상권,3110078,이촌동점보아파트,4727,2990,1737,17,766,1262,1193,1032,457,3,410,782,806,673,316,14,356,480,387,359,141
20213,A,골목상권,3110082,용산구청,2532,1305,1227,13,448,730,571,554,216,10,162,304,295,368,166,3,286,426,276,186,50
20213,A,골목상권,3110073,삼각지역 3번,21368,6873,14495,123,6007,7127,5572,1957,582,50,2112,2306,1403,668,334,73,3895,4821,4169,1289,248
20213,A,골목상권,3110076,삼각지역 14번,2654,1645,1009,1,399,738,689,600,227,1,224,455,468,356,141,0,175,283,221,244,86
20213,A,골목상권,3110099,유엔빌리지길,21963,17803,4160,47,2625,5547,6288,6683,773,36,1322,4089,5454,6255,647,11,1303,1458,834,428,126
20213,A,골목상권,3110107,금호사거리,2695,1164,1531,16,307,810,1020,361,181,1,105,274,437,205,142,15,202,536,583,156,39
20213,A,골목상권,3110117,성동구보건소,3042,1046,1996,9,527,459,593,877,577,2,180,225,258,242,139,7,347,234,335,635,438
20213,A,골목상권,3110112,행당역 2번,1354,720,634,1,163,289,360,364,177,0,63,131,193,205,128,1,100,158,167,159,49
20213,A,골목상권,3110229,장평중학교,4729,3089,1640,10,521,877,975,1057,1289,6,275,555,639,696,918,4,246,322,336,361,371
20213,A,골목상권,3110113,응봉산,260,138,122,1,39,45,77,52,46,0,10,23,38,26,41,1,29,22,39,26,5
20213,A,골목상권,3110169,성동초등학교,4265,2889,1376,14,444,930,1078,1032,767,2,248,611,726,722,580,12,196,319,352,310,187
20213,A,골목상권,3110156,군자역 5번,3040,1883,1157,7,484,700,775,587,487,3,263,406,480,355,376,4,221,294,295,232,111
20213,A,골목상권,3110157,자양동우체국,1846,1325,521,14,427,408,437,359,201,10,335,309,286,227,158,4,92,99,151,132,43
20213,A,골목상권,3110163,성자초등학교,1358,679,679,1,136,233,372,407,209,1,60,112,160,197,149,0,76,121,212,210,60
20213,A,골목상권,3110168,대원고등학교,1985,1153,832,0,192,440,482,552,319,0,76,207,253,351,266,0,116,233,229,201,53
20213,A,골목상권,3110212,답십리초등학교,3380,2234,1146,24,681,841,827,639,368,21,491,622,488,363,249,3,190,219,339,276,119
20213,A,골목상권,3110187,제기동역 6번,5909,3849,2060,18,1010,1530,1329,1085,937,8,568,966,887,742,678,10,442,564,442,343,259
20213,A,골목상권,3110309,대광초등학교,2784,1954,830,10,336,612,722,679,425,4,187,423,511,486,343,6,149,189,211,193,82
20213,A,골목상권,3110231,장안교,728,483,245,0,55,125,159,208,181,0,22,52,89,162,158,0,33,73,70,46,23
20213,A,골목상권,3110203,떡전교사거리,1653,740,913,2,227,282,322,365,455,2,66,119,144,167,242,0,161,163,178,198,213
20213,A,골목상권,3110194,홍파초등학교,1028,599,429,1,94,200,292,318,123,0,58,123,168,168,82,1,36,77,124,150,41
20213,A,골목상권,3110278,망우본동주민센터,1851,1277,574,3,136,243,393,562,514,1,62,113,218,409,474,2,74,130,175,153,40
20213,A,골목상권,3110242,면목5동주민센터,867,570,297,0,78,153,226,199,211,0,36,99,119,132,184,0,42,54,107,67,27
20213,A,골목상권,3110246,월드순복음교회,1402,769,633,4,139,280,360,346,273,1,42,139,213,197,177,3,97,141,147,149,96
20213,A,골목상권,3110261,사가정역 4번,1640,972,668,5,175,265,434,463,298,4,62,125,253,303,225,1,113,140,181,160,73
20213,A,골목상권,3110241,먹골역 5번,2166,1475,691,1,315,530,524,571,225,1,183,366,341,415,169,0,132,164,183,156,56
20213,A,골목상권,3110233,중랑역 1번,893,461,432,6,154,146,204,200,183,4,65,61,89,121,121,2,89,85,115,79,62
20213,A,골목상권,3110318,KT월곡지사,3595,2540,1055,4,306,612,723,786,1164,2,171,405,460,571,931,2,135,207,263,215,233
20213,A,골목상권,3110377,미아사거리역 3번,694,331,363,7,98,129,184,169,107,6,42,61,75,80,67,1,56,68,109,89,40
20213,A,골목상권,3110281,길상사,16413,13694,2719,22,1927,3775,4747,5449,493,3,1165,2821,4173,5180,352,19,762,954,574,269,141
20213,A,골목상권,3110373,수유역 2번,2772,1558,1214,6,358,532,544,703,629,4,150,310,293,432,369,2,208,222,251,271,260
20213,A,골목상권,3110379,KT&G 북부지사,623,302,321,2,67,85,155,224,90,0,26,30,63,131,52,2,41,55,92,93,38
20213,A,골목상권,3110348,강북문화예술회관,2983,2155,828,0,93,237,630,911,1112,0,20,143,489,717,786,0,73,94,141,194,326
20213,A,골목상권,3110383,덕성여대시반거리,437,131,306,0,77,73,112,105,70,0,9,16,36,28,42,0,68,57,76,77,28
20213,A,골목상권,3110345,솔밭공원역 2번,708,263,445,1,82,141,166,188,130,0,15,41,54,71,82,1,67,100,112,117,48
20213,A,골목상권,3110342,국립재활원,1911,1168,743,0,163,409,566,562,211,0,54,205,383,372,154,0,109,204,183,190,57
20213,A,골목상권,3110338,인수초등학교,1029,648,381,3,137,254,247,265,123,3,70,171,149,154,101,0,67,83,98,111,22
20213,A,골목상권,3110402,도봉구 정병원,1673,968,705,5,226,351,392,442,257,4,101,216,235,250,162,1,125,135,157,192,95
20213,A,골목상권,3110392,발바닥공원,590,396,194,3,85,182,168,101,51,2,37,113,135,71,38,1,48,69,33,30,13
20213,A,골목상권,3110416,노원초등학교,1205,552,653,8,124,241,275,314,243,6,45,126,116,149,110,2,79,115,159,165,133
20213,A,골목상권,3110428,상계5동주민센터,1874,914,960,5,133,226,324,460,726,1,48,116,138,200,411,4,85,110,186,260,315
20213,A,골목상권,3110464,연신내역 5번,1985,1122,863,7,199,380,509,459,431,5,83,205,246,266,317,2,116,175,263,193,114
20213,A,골목상권,3110457,예일여고,3334,1823,1511,11,339,504,700,1175,605,2,131,234,342,705,409,9,208,270,358,470,196
20213,A,골목상권,3110488,우리은행응암동지점,3399,1825,1574,8,407,862,868,872,382,5,208,429,423,511,249,3,199,433,445,361,133
20213,A,골목상권,3110485,연신내우체국,2037,1061,976,2,103,180,239,350,1163,1,45,107,106,143,659,1,58,73,133,207,504
20213,A,골목상권,3110449,증산역 3번,2851,1858,993,1,398,704,743,668,337,0,156,480,515,477,230,1,242,224,228,191,107
20213,A,골목상권,3110523,홍제성원아파트,259,109,150,1,36,55,62,74,31,0,14,19,28,27,21,1,22,36,34,47,10
20213,A,골목상권,3110586,서울서부지방법원,11593,7273,4320,37,2044,3389,3339,2245,539,5,959,1962,2248,1752,347,32,1085,1427,1091,493,192
20213,A,골목상권,3110540,망원나들목체육관,1899,1092,807,8,639,591,325,211,125,1,387,316,158,136,94,7,252,275,167,75,31
20213,A,골목상권,3110567,광흥창역 6번,510,261,249,0,80,126,127,118,59,0,35,61,66,62,37,0,45,65,61,56,22
20213,A,골목상권,3110565,홍익대,4319,2959,1360,13,708,1013,1064,875,646,7,389,669,759,621,514,6,319,344,305,254,132
20213,A,골목상권,3110560,마포FM,4675,2819,1856,11,653,1106,1054,998,853,9,292,695,738,584,501,2,361,411,316,414,352
20213,A,골목상권,3110549,새터산,2447,1476,971,6,323,490,622,631,375,4,169,276,370,408,249,2,154,214,252,223,126
20213,A,골목상권,3110581,염리초등학교,8998,5077,3921,16,1305,2124,2079,1885,1589,7,628,1198,1340,989,915,9,677,926,739,896,674
20213,A,골목상권,3110617,등촌역 4번,2496,1419,1077,2,330,561,641,599,363,0,156,350,350,329,234,2,174,211,291,270,129
20213,A,골목상권,3110676,등촌역 7번,2587,1617,970,12,360,533,656,601,425,6,154,333,395,389,340,6,206,200,261,212,85
20213,A,골목상권,3110656,까치산역 3번,3071,1778,1293,17,286,570,813,925,460,15,146,353,484,505,275,2,140,217,329,420,185
20213,A,골목상권,3110654,까치산역 4번,3556,2235,1321,15,324,625,928,1128,536,13,164,373,533,736,416,2,160,252,395,392,120
20213,A,골목상권,3110597,신월1동주민센터,2472,1402,1070,4,249,481,521,657,560,1,110,252,269,403,367,3,139,229,252,254,193
20213,A,골목상권,3110665,곰달래도서관,2356,1305,1051,4,236,435,587,666,428,4,101,243,325,344,288,0,135,192,262,322,140
20213,A,골목상권,3110615,신서초등학교,848,519,329,2,79,148,152,220,247,1,36,81,84,146,171,1,43,67,68,74,76
20213,A,골목상권,3110674,강서구청가양동별관,2810,1867,943,13,484,647,757,564,345,8,334,446,510,346,223,5,150,201,247,218,122
20213,A,골목상권,3110677,등촌역 1번,3921,2407,1514,15,590,925,884,897,610,12,265,549,522,592,467,3,325,376,362,305,143
20213,A,골목상권,3110631,방화초등학교,2022,1206,816,5,282,386,462,504,383,5,137,222,260,288,294,0,145,164,202,216,89
20213,A,골목상권,3110636,방화역 2번,2261,1548,713,6,180,387,715,586,387,4,92,216,507,418,311,2,88,171,208,168,76
20213,A,골목상권,3110723,가산디지털단지역 1번 출입구,6364,4269,2095,13,1161,2024,1564,904,698,8,553,1337,1145,699,527,5,608,687,419,205,171
20213,A,골목상권,3110662,까치산역 1번,3644,2133,1511,8,464,871,961,872,468,6,214,496,504,566,347,2,250,375,457,306,121
20213,A,골목상권,3110732,가산초등학교(세일중학교),2697,1734,963,13,406,604,664,616,394,4,232,369,400,410,319,9,174,235,264,206,75
20213,A,골목상권,3110729,가산동우체국,3002,1566,1436,10,310,527,627,607,921,6,171,294,365,336,394,4,139,233,262,271,527
20213,A,골목상권,3110691,개봉중학교,2121,1250,871,6,243,460,510,560,342,1,134,278,283,301,253,5,109,182,227,259,89
20213,A,골목상권,3110705,고산초등학교,2324,1523,801,3,295,489,490,507,540,2,148,292,274,324,483,1,147,197,216,183,57
20213,A,골목상권,3110680,온수역 5번(온수산업단지),1651,1405,246,18,174,252,303,480,424,18,138,209,238,407,395,0,36,43,65,73,29
20213,A,골목상권,3110685,금강수목원아파트,1014,749,265,2,60,190,279,274,209,1,35,123,189,214,187,1,25,67,90,60,22
20213,A,골목상권,3110854,조원동주민센터,3686,2722,964,3,494,609,555,569,1456,1,220,390,345,394,1372,2,274,219,210,175,84
20213,A,골목상권,3110742,KT금천빌딩(금천구시설관리공단),1604,1021,583,0,211,338,390,400,265,0,133,223,244,230,191,0,78,115,146,170,74
20213,A,골목상권,3110748,백산초등학교,1088,584,504,0,104,213,289,304,178,0,44,118,147,162,113,0,60,95,142,142,65
20213,A,골목상권,3110750,시흥4동주민센터(서울신흥초등학교),1125,636,489,9,163,218,324,281,130,8,89,133,186,127,93,1,74,85,138,154,37
20213,A,골목상권,3110749,금산초등학교(금천고등학교),7714,4555,3159,13,568,1109,1786,2003,2235,4,300,718,1027,1087,1419,9,268,391,759,916,816
20213,A,골목상권,3110763,영등포구청역 2번,7998,3926,4072,23,1606,2127,1491,1555,1196,12,684,1112,819,673,626,11,922,1015,672,882,570
20213,A,골목상권,3110786,당산역 8번,7202,5111,2091,19,1007,1783,1914,1612,867,6,490,1180,1444,1314,677,13,517,603,470,298,190
20213,A,골목상권,3110762,선유도역 1번,6490,4189,2301,17,859,1406,1594,1541,1073,11,470,902,970,975,861,6,389,504,624,566,212
20213,A,골목상권,3110803,신길2동우편취급국,2306,1308,998,6,226,496,505,482,591,3,103,233,253,261,455,3,123,263,252,221,136
20213,A,골목상권,3110757,양평역 2번,2594,1895,699,3,271,581,643,581,515,2,144,438,483,429,399,1,127,143,160,152,116
20213,A,골목상권,3110817,대방역 4번,3279,1548,1731,9,625,746,811,579,509,4,208,342,403,284,307,5,417,404,408,295,202
20213,A,골목상권,3110807,신길역 3번,994,401,593,5,113,194,247,269,166,2,40,84,97,101,77,3,73,110,150,168,89
20213,A,골목상권,3110847,예술인마을,2033,1270,763,3,284,468,518,409,351,3,131,269,312,253,302,0,153,199,206,156,49
20213,A,골목상권,3110903,방배아이파크아파트,13318,6720,6598,17,2219,3034,3683,2226,2139,5,678,1278,1774,1240,1745,12,1541,1756,1909,986,394
20213,A,골목상권,3110843,사당5동주민센터,856,499,357,1,74,130,224,245,182,0,30,57,123,154,135,1,44,73,101,91,47
20213,A,골목상권,3110898,청림동주민센터(상도중학교),3140,1745,1395,2,453,1024,1007,483,171,1,197,571,572,281,123,1,256,453,435,202,48
20213,A,골목상권,3110835,상도역 1번,1284,685,599,4,217,336,311,268,148,2,91,204,169,124,95,2,126,132,142,144,53
20213,A,골목상권,3110830,상도초등학교,1099,508,591,0,192,255,269,254,129,0,84,114,104,127,79,0,108,141,165,127,50
20213,A,골목상권,3110863,난우초등학교,1274,596,678,21,162,252,274,330,235,16,65,112,116,144,143,5,97,140,158,186,92
20213,A,골목상권,3110882,신성초등학교,1461,843,618,4,181,268,423,344,241,1,87,139,232,207,177,3,94,129,191,137,64
20213,A,골목상권,3110867,국제신학대학원대학교(남서울중학교),1284,802,482,3,150,289,290,284,268,1,93,193,167,179,169,2,57,96,123,105,99
20213,A,골목상권,3110871,신원동주민센터,1221,662,559,5,110,197,235,300,374,0,62,122,135,146,197,5,48,75,100,154,177
20213,A,골목상권,3110864,신림우방아파트,3078,2254,824,2,485,863,972,582,174,2,229,637,794,472,120,0,256,226,178,110,54
20213,A,골목상권,3110917,서초소방서,10472,8160,2312,29,1128,2908,2901,2625,881,18,710,2263,2404,2117,648,11,418,645,497,508,233
20213,A,골목상권,3110927,잠원역,3312,2219,1093,5,550,1142,865,499,251,3,321,787,627,322,159,2,229,355,238,177,92
20213,A,골목상권,3110915,서래초등학교,89045,79397,9648,58,9613,19204,23591,33698,2881,23,6991,15974,21216,32574,2619,35,2622,3230,2375,1124,262
20213,A,골목상권,3110918,방배역 3번,7950,4877,3073,25,1436,1942,1884,1479,1184,9,623,1168,1279,916,882,16,813,774,605,563,302
20213,A,골목상권,3110926,신중초등학교,18935,13842,5093,26,2537,6187,5342,3491,1352,11,1323,4503,4347,2701,957,15,1214,1684,995,790,395
20213,A,골목상권,3110928,서초우방유쉘아파트,8601,5394,3207,32,1319,2349,2192,1755,954,20,686,1554,1461,1019,654,12,633,795,731,736,300
20213,A,골목상권,3110941,언남고등학교,3148,2001,1147,15,501,854,828,599,351,13,285,552,530,367,254,2,216,302,298,232,97
20213,A,골목상권,3110977,논현로18길,8768,6092,2676,17,1345,2688,2352,1426,940,7,731,1839,1812,1000,703,10,614,849,540,426,237
20213,A,골목상권,3110956,언주역 8번,10460,6708,3752,44,2484,3229,2399,1398,906,30,1284,2052,1709,952,681,14,1200,1177,690,446,225
20213,A,골목상권,3110961,언주역 3번,19048,12835,6213,40,3657,5606,4187,2889,2669,10,1697,3702,3162,2277,1987,30,1960,1904,1025,612,682
20213,A,골목상권,3110970,학동초등학교,8274,4686,3588,35,1750,2524,1972,1193,800,17,746,1341,1253,767,562,18,1004,1183,719,426,238
20213,A,골목상권,3110986,삼성중앙역 7번,7054,4250,2804,39,1478,2059,1499,883,1096,9,622,1271,1051,561,736,30,856,788,448,322,360
20213,A,골목상권,3110958,역삼역 4번,13145,7672,5473,25,2620,4104,3148,1957,1291,13,968,2265,2168,1344,914,12,1652,1839,980,613,377
20213,A,골목상권,3111025,경찰병원역 3번,9858,5487,4371,53,1071,1688,1733,1768,3545,24,506,1023,1074,799,2061,29,565,665,659,969,1484
20213,A,골목상권,3111029,오금역 4번,6170,4510,1660,14,1076,1905,1533,1053,589,8,670,1374,1159,778,521,6,406,531,374,275,68
20213,A,골목상권,3111023,문정역 1번,3188,1943,1245,5,559,689,779,662,494,2,274,426,517,382,342,3,285,263,262,280,152
20213,A,골목상권,3111042,거여역 1번(거여공원),4647,2955,1692,20,677,1102,1208,1011,629,16,473,746,745,568,407,4,204,356,463,443,222
20213,A,골목상권,3111006,석촌고분역 1번,13231,9393,3838,32,1634,2684,3221,2686,2974,27,996,1913,2319,1807,2331,5,638,771,902,879,643
20213,A,골목상권,3111090,강일동주민센터,199,120,79,0,24,45,67,44,19,0,9,25,41,30,15,0,15,20,26,14,4
20213,A,골목상권,3111068,강동성심병원,3440,1771,1669,8,770,842,809,570,441,5,225,389,495,352,305,3,545,453,314,218,136
20213,A,골목상권,3111065,천일초등학교,1242,677,565,2,112,177,234,284,433,2,39,75,105,131,325,0,73,102,129,153,108
20213,A,골목상권,3111060,암사역 2번(서울강동초등학교),3038,1600,1438,3,337,620,746,749,583,2,117,297,376,407,401,1,220,323,370,342,182
20213,A,골목상권,3111054,암사역 4번(삼성광나루아파트),3175,1255,1920,2,329,487,578,782,997,2,142,257,245,207,402,0,187,230,333,575,595
20213,A,골목상권,3111049,천호지구대(천호동자전거거리),1795,986,809,7,217,342,414,400,415,3,102,177,213,206,285,4,115,165,201,194,130
20213,A,골목상권,3110007,사직공원(한국사회과학도서관),2261,1151,1110,4,393,616,566,444,238,2,142,279,306,251,171,2,251,337,260,193,67
20213,A,골목상권,3110531,홍지문,828,402,426,2,118,219,178,187,124,0,39,117,90,81,75,2,79,102,88,106,49
20213,A,골목상권,3110010,평창동서측,8863,4827,4036,16,958,2387,3264,1811,427,1,407,1007,1802,1306,304,15,551,1380,1462,505,123
20213,A,골목상권,3110013,체부동홍종문가옥,1116,630,486,4,122,231,265,248,246,0,42,116,139,143,190,4,80,115,126,105,56
20213,A,골목상권,3110051,한양공고앞 교차로,1270,665,605,0,194,259,304,324,189,0,76,137,166,173,113,0,118,122,138,151,76
20213,A,골목상권,3110587,공덕동주민센터,4777,2727,2050,20,903,1328,1318,886,322,3,450,775,774,531,194,17,453,553,544,355,128
20213,A,골목상권,3110075,숙대입구역 1번,11721,3647,8074,164,6494,2357,1245,865,596,15,739,1093,761,587,452,149,5755,1264,484,278,144
20213,A,골목상권,3110094,오산중학교,293,171,122,0,19,48,84,96,46,0,8,24,50,58,31,0,11,24,34,38,15
20213,A,골목상권,3110093,우사단길,5722,3218,2504,28,1105,1870,1447,876,396,11,353,986,985,650,233,17,752,884,462,226,163
20213,A,골목상권,3110089,서빙고동주민센터,1027,643,384,1,125,313,300,153,135,0,47,186,191,106,113,1,78,127,109,47,22
20213,A,골목상권,3110064,효창공원앞역 2번,3452,2255,1197,8,448,903,911,799,383,7,272,598,596,522,260,1,176,305,315,277,123
20213,A,골목상권,3110109,금호삼성래미안아파트,2637,1124,1513,17,315,812,1046,338,109,1,116,291,459,171,86,16,199,521,587,167,23
20213,A,골목상권,3110126,서울숲역 1번,3085,1944,1141,11,616,755,648,538,517,5,355,479,400,356,349,6,261,276,248,182,168
20213,A,골목상권,3110108,성동구립금호도서관,186,90,96,0,24,35,54,55,18,0,12,20,24,19,15,0,12,15,30,36,3
20213,A,골목상권,3110104,신금호역 4번,732,398,334,0,85,142,175,168,162,0,25,62,94,95,122,0,60,80,81,73,40
20213,A,골목상권,3110115,상왕십리역 3번,4711,2086,2625,18,803,828,947,1248,867,3,269,473,519,510,312,15,534,355,428,738,555
20213,A,골목상권,3110135,성동세무서,6003,3797,2206,7,862,1512,1538,1291,793,5,450,954,1006,780,602,2,412,558,532,511,191
20213,A,골목상권,3110133,서울교통공사,4981,3435,1546,23,1308,1313,957,778,602,20,760,917,708,550,480,3,548,396,249,228,122
20213,A,골목상권,3110130,답십리역 6번,5008,2174,2834,4,714,1041,1495,1390,364,2,492,707,504,247,222,2,222,334,991,1143,142
20213,A,골목상권,3110170,동대부여고,1909,989,920,3,252,420,535,456,243,1,90,195,287,248,168,2,162,225,248,208,75
20213,A,골목상권,3110172,광진초등학교,2650,1482,1168,56,464,506,558,636,430,25,237,266,298,348,308,31,227,240,260,288,122
20213,A,골목상권,3110173,구남초등학교,6227,3640,2587,15,457,1113,1646,2007,989,4,265,728,1023,979,641,11,192,385,623,1028,348
20213,A,골목상권,3110143,뚝섬유원지역 1번,1815,1480,335,4,196,506,523,433,153,1,151,416,440,351,121,3,45,90,83,82,32
20213,A,골목상권,3110165,국립정신건강센터,2364,1365,999,3,223,480,601,647,410,0,85,228,319,404,329,3,138,252,282,243,81
20213,A,골목상권,3110185,용두초등학교,8144,4248,3896,8,666,1891,2614,2141,824,3,322,1123,1308,948,544,5,344,768,1306,1193,280
20213,A,골목상권,3110313,안암역 3번,4007,2603,1404,7,479,974,1134,933,480,3,232,606,749,655,358,4,247,368,385,278,122
20213,A,골목상권,3110205,경희대삼거리,2042,1155,887,3,307,699,408,383,242,2,146,461,194,203,149,1,161,238,214,180,93
20213,A,골목상권,3110263,면목역 1번,2374,1295,1079,3,342,596,740,505,188,0,167,400,365,229,134,3,175,196,375,276,54
20213,A,골목상권,3110265,망우역 1번,2560,1588,972,13,240,367,540,748,652,2,93,155,261,513,564,11,147,212,279,235,88
20213,A,골목상권,3110272,신내1동주민센터,3286,2011,1275,4,411,585,632,841,813,4,214,329,339,496,629,0,197,256,293,345,184
20213,A,골목상권,3110429,공릉동 국수거리,4838,2587,2251,6,483,668,995,1400,1286,2,224,366,498,716,781,4,259,302,497,684,505
20213,A,골목상권,3110307,길음역 7번,2161,758,1403,9,665,611,420,293,163,0,120,232,163,133,110,9,545,379,257,160,53
20213,A,골목상권,3110310,길음역 10번,1961,875,1086,9,604,603,400,252,93,0,140,299,228,141,67,9,464,304,172,111,26
20213,A,골목상권,3110288,동구여중,1859,769,1090,6,181,454,656,400,162,0,55,184,238,173,119,6,126,270,418,227,43
20213,A,골목상권,3110326,장위동성당,1271,741,530,3,141,245,334,297,251,3,57,121,191,187,182,0,84,124,143,110,69
20213,A,골목상권,3110282,국민대학교앞,1906,1357,549,15,321,599,445,311,215,14,185,437,349,245,127,1,136,162,96,66,88
20213,A,골목상권,3110358,인수동 우편취급국,1765,939,826,2,170,270,351,489,483,0,51,121,160,260,347,2,119,149,191,229,136
20213,A,골목상권,3110404,신창초등학교,1553,862,691,11,174,258,430,465,215,8,68,144,234,271,137,3,106,114,196,194,78
20213,A,골목상권,3110380,강북문화정보도서관,592,293,299,0,63,86,106,169,168,0,17,49,52,80,95,0,46,37,54,89,73
20213,A,골목상권,3110370,도봉세무서,1155,642,513,7,84,180,290,317,277,6,25,81,136,177,217,1,59,99,154,140,60
20213,A,골목상권,3110359,수유시장옆,1979,746,1233,2,174,251,355,450,747,0,62,112,146,178,248,2,112,139,209,272,499
20213,A,골목상권,3110366,광산사거리,1102,553,549,2,152,230,302,260,156,0,71,120,146,119,97,2,81,110,156,141,59
20213,A,골목상권,3110391,샘말어린이공원,1105,495,610,0,95,176,215,283,336,0,30,73,100,108,184,0,65,103,115,175,152
20213,A,골목상권,3110386,연산군묘,898,534,364,0,132,210,207,211,138,0,60,118,124,120,112,0,72,92,83,91,26
20213,A,골목상권,3110385,효문고등학교,492,210,282,0,72,109,138,115,58,0,15,34,51,62,48,0,57,75,87,53,10
20213,A,골목상권,3110396,쌍문역1번(쌍리단길),873,388,485,4,110,167,201,233,158,1,36,63,88,108,92,3,74,104,113,125,66
20213,A,골목상권,3110438,경춘선숲길 우측,1262,670,592,2,165,313,395,265,122,1,79,159,202,145,84,1,86,154,193,120,38
20213,A,골목상권,3110472,연신내역 4번,2101,1115,986,9,291,420,561,452,368,4,112,235,265,229,270,5,179,185,296,223,98
20213,A,골목상권,3110458,선일여고,1561,717,844,5,204,370,371,412,199,2,85,168,169,166,127,3,119,202,202,246,72
20213,A,골목상권,3110460,구산역 4번,4098,2463,1635,10,303,617,938,1372,858,6,136,347,489,872,613,4,167,270,449,500,245
20213,A,골목상권,3110450,시립서북병원,3765,1891,1874,8,699,863,827,786,582,2,293,433,413,369,381,6,406,430,414,417,201
20213,A,골목상권,3110456,구산보건지소,2822,1445,1377,11,571,580,644,581,435,3,244,277,308,315,298,8,327,303,336,266,137
20213,A,골목상권,3110486,은평구청,3565,1859,1706,8,390,827,963,954,423,5,183,376,460,548,287,3,207,451,503,406,136
20213,A,골목상권,3110484,역촌역 3번,1849,903,946,7,208,399,493,442,300,5,86,179,219,212,202,2,122,220,274,230,98
20213,A,골목상권,3110461,새절역 2번,927,505,422,2,86,134,215,259,231,1,30,51,97,146,180,1,56,83,118,113,51
20213,A,골목상권,3110445,덕산중학교,1113,537,576,5,235,253,205,221,194,0,73,130,116,94,124,5,162,123,89,127,70
20213,A,골목상권,3110451,증산역 4번,2598,1818,780,3,354,592,647,619,383,2,156,421,488,450,301,1,198,171,159,169,82
20213,A,골목상권,3110446,내를건너서숲으로도서관,760,517,243,0,100,159,174,187,140,0,83,108,97,110,119,0,17,51,77,77,21
20213,A,골목상권,3110504,명지전문대,601,306,295,1,61,72,145,194,128,0,30,29,70,105,72,1,31,43,75,89,56
20213,A,골목상권,3110502,남가좌파출소,820,489,331,0,68,121,216,264,151,0,31,62,124,166,106,0,37,59,92,98,45
20213,A,골목상권,3110543,중암중학교,668,466,202,0,37,70,115,223,223,0,16,35,56,145,214,0,21,35,59,78,9
20213,A,골목상권,3110582,이대역 5번,907,344,563,2,105,192,252,226,130,1,24,52,78,110,79,1,81,140,174,116,51
20213,A,골목상권,3110520,경의중앙 신촌역,1500,752,748,8,322,367,324,282,197,5,111,177,147,168,144,3,211,190,177,114,53
20213,A,골목상권,3110566,경의선책거리,7387,4414,2973,27,1465,1717,1712,1423,1043,16,758,1040,1073,796,731,11,707,677,639,627,312
20213,A,골목상권,3110511,연희초등학교,5789,4486,1303,7,719,1297,1142,1990,634,1,495,983,811,1677,519,6,224,314,331,313,115
20213,A,골목상권,3110526,봉원사,367,217,150,1,22,70,135,80,59,1,9,35,92,46,34,0,13,35,43,34,25
20213,A,골목상권,3110585,마포경찰서,3239,2093,1146,1,420,1126,934,559,199,0,226,683,634,427,123,1,194,443,300,132,76
20213,A,골목상권,3110578,대흥역 2번,4903,3185,1718,78,872,1109,1037,1047,760,28,453,737,756,701,510,50,419,372,281,346,250
20213,A,골목상권,3110574,서강대학교,896,599,297,4,117,204,240,201,130,2,74,135,174,124,90,2,43,69,66,77,40
20213,A,골목상권,3110544,망리단길,6222,3617,2605,17,1248,1421,1318,976,1242,8,640,721,675,587,986,9,608,700,643,389,256
20213,A,골목상권,3110548,마포구청역 4번,5895,3452,2443,18,764,1118,1304,1728,963,10,390,797,862,809,584,8,374,321,442,919,379
20213,A,골목상권,3110557,홍대부속여중고앞,5872,3326,2546,15,903,1543,1632,1119,660,15,389,832,977,651,462,0,514,711,655,468,198
20213,A,골목상권,3110618,강서고등학교,3661,1791,1870,7,785,1002,801,724,342,3,195,468,416,435,274,4,590,534,385,289,68
20213,A,골목상권,3110596,서서울호수공원,2036,1321,715,5,229,365,459,585,393,2,117,220,272,383,327,3,112,145,187,202,66
20213,A,골목상권,3110599,신월1파출소,1680,1078,602,4,158,295,421,566,236,2,93,182,259,368,174,2,65,113,162,198,62
20213,A,골목상권,3110651,화원중학교,2712,1532,1180,8,300,556,660,686,502,6,148,340,365,391,282,2,152,216,295,295,220
20213,A,골목상권,3110623,갈산공원,1473,855,618,6,162,331,380,329,265,4,90,177,200,190,194,2,72,154,180,139,71
20214,A,골목상권,3110702,개봉초등학교,1569,818,751,1,157,329,420,390,272,1,72,153,202,214,176,0,85,176,218,176,96
20214,A,골목상권,3110699,덕의초등학교,2451,1563,888,9,303,578,623,646,292,7,187,384,391,378,216,2,116,194,232,268,76
20214,A,골목상권,3110720,대림역 2번,2280,1556,724,2,188,387,574,709,420,2,83,218,387,538,328,0,105,169,187,171,92
20214,A,골목상권,3110778,구로디지털단지역 4번,13303,7796,5507,56,2966,4427,3201,1627,1026,23,1254,2669,2063,1065,722,33,1712,1758,1138,562,304
20214,A,골목상권,3110745,독산동정훈단지,1306,773,533,1,137,196,260,372,340,0,71,92,115,221,274,1,66,104,145,151,66
20214,A,골목상권,3110856,미성초등학교,5264,3671,1593,18,465,913,970,948,1950,13,238,541,608,563,1708,5,227,372,362,385,242
20214,A,골목상권,3110855,신대방역 2번,4936,3401,1535,6,709,900,888,794,1639,2,282,540,546,528,1503,4,427,360,342,266,136
20214,A,골목상권,3110755,동일여자고등학교,2033,1040,993,21,274,503,487,453,295,16,131,278,253,192,170,5,143,225,234,261,125
20214,A,골목상권,3110771,대림역 11번,2420,1335,1085,5,268,314,456,542,835,2,91,160,234,316,532,3,177,154,222,226,303
20214,A,골목상권,3110768,도림2동유수지내체육시설,1219,778,441,9,118,206,287,302,297,8,48,126,182,211,203,1,70,80,105,91,94
20214,A,골목상권,3110759,문래예술촌(문래창작촌),65954,51168,14786,61,8786,22706,21719,9637,3045,32,5433,17446,18749,7800,1708,29,3353,5260,2970,1837,1337
20214,A,골목상권,3110818,신대방역 3번,1692,950,742,2,287,451,397,278,277,2,124,277,228,138,181,0,163,174,169,140,96
20214,A,골목상권,3110858,신대방역 1번,2669,2004,665,0,421,756,879,491,122,0,195,575,748,404,82,0,226,181,131,87,40
20214,A,골목상권,3110874,원신초등학교(구세군관악영문교회),732,381,351,8,77,186,200,173,88,2,22,81,122,86,68,6,55,105,78,87,20
20214,A,골목상권,3110879,신림현대아파트,1116,536,580,7,212,210,278,222,187,1,100,99,137,109,90,6,112,111,141,113,97
20214,A,골목상권,3110885,영락고등학교,1746,990,756,7,240,328,434,376,361,1,122,173,232,224,238,6,118,155,202,152,123
20214,A,골목상권,3110872,신림초등학교,689,382,307,5,101,168,168,152,95,3,54,93,102,85,45,2,47,75,66,67,50
20214,A,골목상권,3110947,청계산입구역 2번(내곡동주민센터),182,79,103,0,26,23,46,37,50,0,13,11,28,10,17,0,13,12,18,27,33
20214,A,골목상권,3110913,방현초등학교(방배119안전센터),9674,6057,3617,22,1677,2842,2518,1523,1092,5,797,1829,1720,957,749,17,880,1013,798,566,343
20214,A,골목상권,3110934,우면주공아파트,1489,946,543,6,264,423,395,260,141,5,105,290,271,170,105,1,159,133,124,90,36
20214,A,골목상권,3110937,방아다리근린공원(횃불트리니티신학대학원대학교),14952,9277,5675,329,4835,4416,2991,1697,684,151,2497,2972,2135,1021,501,178,2338,1444,856,676,183
20214,A,골목상권,3110955,논현초등학교,20906,14265,6641,76,4625,6342,4724,3259,1880,45,2535,4372,3537,2430,1346,31,2090,1970,1187,829,534
20214,A,골목상권,3110992,도곡초등학교,8628,4357,4271,50,1508,2156,1880,1719,1315,28,647,1065,939,866,812,22,861,1091,941,853,503
20214,A,골목상권,3110963,역삼월드메르디앙아파트,18186,10655,7531,122,4620,5292,4181,2560,1411,33,1769,3113,2948,1716,1076,89,2851,2179,1233,844,335
20214,A,골목상권,3110972,강남세브란스병원미래의학연구센터,22138,12993,9145,207,6590,6499,5019,2834,989,69,2849,4088,3556,1696,735,138,3741,2411,1463,1138,254
20214,A,골목상권,3110991,삼성중앙역 5번,10374,5378,4996,43,2958,2855,2028,1298,1192,9,932,1472,1304,854,807,34,2026,1383,724,444,385
20214,A,골목상권,3110990,청담역 12번,7833,5477,2356,20,1213,2652,2394,1251,303,9,506,1665,1965,1094,238,11,707,987,429,157,65
20214,A,골목상권,3111000,대왕초등학교(세곡동사거리서남측),156,35,121,1,22,55,43,25,10,0,2,7,12,5,9,1,20,48,31,20,1
20214,A,골목상권,3110999,윗방죽마을공원,408,226,182,3,33,70,73,122,107,1,17,45,46,70,47,2,16,25,27,52,60
20214,A,골목상권,3110969,베르사이유1아파트,29014,17556,11458,73,5335,8726,7783,5424,1673,29,2616,5589,5487,2693,1142,44,2719,3137,2296,2731,531
20214,A,골목상권,3110967,역삼역 8번,24226,18490,5736,23,4422,7830,6561,4334,1056,10,2559,5859,5511,3785,766,13,1863,1971,1050,549,290
20214,A,골목상권,3110985,청담근린공원,9800,6589,3211,34,1729,2898,2625,1790,724,17,815,1972,1966,1323,496,17,914,926,659,467,228
20214,A,골목상권,3111008,석촌고분역 3번,3907,2479,1428,12,490,799,912,951,743,10,289,528,566,545,541,2,201,271,346,406,202
20214,A,골목상권,3111016,송파역 2번,15479,10229,5250,62,2083,3454,3732,3349,2799,44,1020,2251,2780,2219,1915,18,1063,1203,952,1130,884
20214,A,골목상권,3111038,보인중학교,2602,1770,832,14,377,689,649,574,299,13,214,471,461,405,206,1,163,218,188,169,93
20214,A,골목상권,3111021,방이역 4번,11137,8092,3045,38,1448,2300,2854,2754,1743,26,767,1502,2125,2188,1484,12,681,798,729,566,259
20214,A,골목상권,3111015,석촌역 3번,10932,6847,4085,26,1640,2424,2423,2333,2086,11,799,1507,1612,1477,1441,15,841,917,811,856,645
20214,A,골목상권,3111003,삼전역 4번,4568,3024,1544,18,600,1083,1254,905,708,1,324,732,817,598,552,17,276,351,437,307,156
20214,A,골목상권,3111062,둔촌동역 3번(성내3동주민센터),3255,2100,1155,7,480,811,880,607,470,6,266,532,569,389,338,1,214,279,311,218,132
20214,A,골목상권,3111011,잠실나루역,9608,7747,1861,42,1275,3018,2795,2046,432,18,924,2492,2309,1674,330,24,351,526,486,372,102
20214,A,골목상권,3111048,천호역 1번(천호문구완구거리),1608,876,732,7,195,360,372,323,351,4,82,170,209,171,240,3,113,190,163,152,111
20214,A,골목상권,3111088,고덕동성당,1134,951,183,0,35,82,216,447,354,0,9,53,173,388,328,0,26,29,43,59,26
20214,A,골목상권,3111079,둔촌고등학교(둔촌중학교),1407,838,569,2,141,259,315,339,351,2,81,153,184,167,251,0,60,106,131,172,100
20214,A,골목상권,3111052,암사역 3번(천호동자전거거리),1652,885,767,3,192,365,475,387,230,2,74,188,246,218,157,1,118,177,229,169,73
20214,A,골목상권,3111071,천동초등학교,2013,1097,916,2,200,393,515,454,449,1,72,204,289,251,280,1,128,189,226,203,169
20214,A,골목상권,3111069,천호1동주민센터,2143,1118,1025,5,185,409,525,555,464,3,66,183,269,288,309,2,119,226,256,267,155
20214,A,골목상권,3111050,강동구청(강동구청역 2번),6451,4040,2411,30,768,1601,1613,1617,822,12,384,869,987,1154,634,18,384,732,626,463,188
20214,A,골목상권,3111066,암사동성당(효정하나플러스아파트),1710,995,715,5,169,380,394,455,307,1,71,188,219,302,214,4,98,192,175,153,93
20214,A,골목상권,3110003,세검정초등학교,3208,1681,1527,12,383,849,849,655,460,7,132,383,486,370,303,5,251,466,363,285,157
20214,A,골목상권,3110032,수족관거리,1721,729,992,8,316,378,484,355,180,7,101,148,164,183,126,1,215,230,320,172,54
20214,A,골목상권,3110049,장충단 고개,7948,4363,3585,17,1488,2210,1865,1591,777,6,534,1186,1138,986,513,11,954,1024,727,605,264
20214,A,골목상권,3110054,청구역 3번,5615,2963,2652,16,1124,1473,1173,1085,744,5,384,793,702,621,458,11,740,680,471,464,286
20214,A,골목상권,3110041,남산케이블카,5723,3089,2634,10,793,1518,1444,1163,795,7,334,836,819,626,467,3,459,682,625,537,328
20214,A,골목상권,3110533,충정로역 7번,2911,1774,1137,1,433,782,782,547,366,0,223,473,484,349,245,1,210,309,298,198,121
20214,A,골목상권,3110065,남정초등학교,2218,1561,657,13,351,641,535,358,320,11,227,499,376,234,214,2,124,142,159,124,106
20214,A,골목상권,3110080,해방촌예술마을,2226,1456,770,3,252,385,746,672,168,3,84,214,546,496,113,0,168,171,200,176,55
20214,A,골목상권,3110579,마포역 4번,5616,3529,2087,8,1017,1486,1468,1076,561,6,371,893,1024,805,430,2,646,593,444,271,131
20214,A,골목상권,3110123,마장역 3번,1433,884,549,1,176,272,329,389,266,1,78,159,191,253,202,0,98,113,138,136,64
20214,A,골목상권,3110114,왕십리파출소,2346,644,1702,8,434,328,413,711,452,1,142,144,153,139,65,7,292,184,260,572,387
20214,A,골목상권,3110121,한양대역 4번,102,61,41,0,13,22,20,20,27,0,6,11,11,12,21,0,7,11,9,8,6
20214,A,골목상권,3110127,성수1가1동주민센터,3267,2102,1165,10,572,1007,809,584,285,5,303,663,543,374,214,5,269,344,266,210,71
20214,A,골목상권,3110140,건대입구역 6번,3220,2119,1101,14,390,614,754,831,617,10,183,373,498,562,493,4,207,241,256,269,124
20214,A,골목상권,3110141,건대입구역 1번,1987,1285,702,10,275,407,532,461,302,6,137,258,349,297,238,4,138,149,183,164,64
20214,A,골목상권,3110209,답십리 장령당공원,4227,1926,2301,4,629,938,1189,1163,304,1,465,673,394,189,204,3,164,265,795,974,100
20214,A,골목상권,3110174,아차산역 1번,2909,1780,1129,7,346,545,901,765,345,3,151,328,577,479,242,4,195,217,324,286,103
20214,A,골목상권,3110144,어린이대공원역 4번,1502,932,570,0,160,238,383,492,229,0,60,133,242,323,174,0,100,105,141,169,55
20214,A,골목상권,3110152,중곡어린이공원,1671,1070,601,49,338,283,323,400,278,6,137,200,206,286,235,43,201,83,117,114,43
20214,A,골목상권,3110161,중곡역 3번,1960,1296,664,4,150,317,503,672,314,0,67,189,303,504,233,4,83,128,200,168,81
20214,A,골목상권,3110202,전농1동주민센터(전농시장),478,273,205,0,58,96,127,105,92,0,44,55,85,53,36,0,14,41,42,52,56
20214,A,골목상권,3110186,종암초등학교,1751,1308,443,2,179,330,416,475,349,0,82,256,306,362,302,2,97,74,110,113,47
20214,A,골목상권,3110221,의릉,731,443,288,0,69,158,210,196,98,0,28,92,111,132,80,0,41,66,99,64,18
20214,A,골목상권,3110206,텃골근린공원,1126,651,475,2,118,187,312,318,189,1,71,108,193,192,86,1,47,79,119,126,103
20214,A,골목상권,3110219,삼육보건대학교,4329,2321,2008,4,574,869,1055,1098,729,2,178,407,603,643,488,2,396,462,452,455,241
20214,A,골목상권,3110199,홍릉시장,962,521,441,0,76,146,204,306,230,0,34,77,102,142,166,0,42,69,102,164,64
20214,A,골목상권,3110268,망우3동주민센터,981,580,401,0,94,152,205,296,234,0,55,83,101,168,173,0,39,69,104,128,61
20214,A,골목상권,3110264,면목역 2번,1816,1064,752,3,185,354,425,524,325,0,72,184,239,342,227,3,113,170,186,182,98
20214,A,골목상권,3110279,신내역 2번,153,118,35,0,17,28,41,48,19,0,13,24,30,34,17,0,4,4,11,14,2
20214,A,골목상권,3110258,면동초등학교,1659,911,748,2,207,394,460,372,224,1,84,220,233,212,161,1,123,174,227,160,63
20214,A,골목상권,3110237,메가박스 상봉,2944,2064,880,11,293,688,935,821,196,10,142,441,668,655,148,1,151,247,267,166,48
20214,A,골목상권,3110254,오거리공원,1604,894,710,3,171,342,447,427,214,2,70,170,244,256,152,1,101,172,203,171,62
20214,A,골목상권,3110248,먹골파출소,993,487,506,3,102,224,281,230,153,0,31,111,138,105,102,3,71,113,143,125,51
20214,A,골목상권,3110245,KB국민은행 중화동지점,1375,794,581,3,141,276,386,300,269,1,58,154,230,167,184,2,83,122,156,133,85
20214,A,골목상권,3110308,길음역 8번,5558,2775,2783,420,2091,1398,817,515,317,177,921,761,443,234,239,243,1170,637,374,281,78
20214,A,골목상권,3110301,성신여대입구역 7번,2035,1073,962,20,279,387,462,501,386,15,95,170,238,285,270,5,184,217,224,216,116
20214,A,골목상권,3110300,삼선동주민센터,6172,2933,3239,11,709,1579,1872,1508,493,2,213,608,842,960,308,9,496,971,1030,548,185
20214,A,골목상권,3110328,상월곡역 3번,745,414,331,3,111,200,209,158,64,1,47,116,119,84,47,2,64,84,90,74,17
20214,A,골목상권,3110323,상월곡역 1번,2096,1206,890,4,330,425,556,516,265,0,143,247,333,295,188,4,187,178,223,221,77
20214,A,골목상권,3110325,장곡초등학교,1196,710,486,3,130,246,318,285,214,3,60,131,186,172,158,0,70,115,132,113,56
20214,A,골목상권,3110329,우리은행체육관,1168,696,472,8,126,245,281,288,220,4,44,127,158,191,172,4,82,118,123,97,48
20214,A,골목상권,3110418,광운대학교 남단,2395,1300,1095,17,439,649,567,454,269,5,188,388,277,239,203,12,251,261,290,215,66
20214,A,골목상권,3110292,정릉역 2번,1165,443,722,1,229,306,319,217,93,0,57,124,99,95,68,1,172,182,220,122,25
20214,A,골목상권,3110289,북한산보국문역 2번,1565,804,761,0,234,320,398,370,243,0,63,140,184,230,187,0,171,180,214,140,56
20214,A,골목상권,3110320,KB국민은행 종암동지점,1030,585,445,1,84,202,331,295,117,1,23,84,177,219,81,0,61,118,154,76,36
20214,A,골목상권,3110369,성신여대운정그린캠퍼스,1935,860,1075,5,242,321,436,458,473,1,65,112,181,208,293,4,177,209,255,250,180
20214,A,골목상권,3110376,수송초등학교,2101,1069,1032,3,230,420,522,498,428,2,80,208,286,240,253,1,150,212,236,258,175
20214,A,골목상권,3110351,수유북부시장옆,1198,652,546,0,84,147,263,467,237,0,30,65,139,235,183,0,54,82,124,232,54
20214,A,골목상권,3110362,우이천 계성교,961,497,464,1,126,190,258,236,150,0,48,103,126,120,100,1,78,87,132,116,50
20214,A,골목상권,3110356,덕수교,687,389,298,0,56,108,200,172,151,0,20,63,108,94,104,0,36,45,92,78,47
20214,A,골목상권,3110343,무너미어린이공원,1770,1049,721,0,112,212,300,288,858,0,32,122,161,148,586,0,80,90,139,140,272
20214,A,골목상권,3110382,솔밭공원역 1번,391,147,244,1,43,67,98,118,64,0,9,21,28,46,43,1,34,46,70,72,21
20214,A,골목상권,3110413,누원고등학교,568,365,203,0,36,70,115,162,185,0,15,44,66,102,138,0,21,26,49,60,47
20214,A,골목상권,3110422,노원역 9번,1516,697,819,1,187,294,388,390,256,1,71,171,178,157,119,0,116,123,210,233,137
20214,A,골목상권,3110430,중계초등학교,1110,567,543,3,90,168,259,328,262,0,28,66,114,160,199,3,62,102,145,168,63
20214,A,골목상권,3110417,월계역 3번,348,134,214,2,49,63,67,100,67,2,18,35,21,34,24,0,31,28,46,66,43
20214,A,골목상권,3110441,영신여고,1036,451,585,3,105,241,280,305,102,3,45,111,106,125,61,0,60,130,174,180,41
20214,A,골목상권,3110427,노원 을지대학교병원,1752,1176,576,1,156,280,416,577,322,0,59,139,273,460,245,1,97,141,143,117,77
20214,A,골목상권,3110477,은평세무서,2219,1137,1082,6,199,354,531,627,502,2,93,192,270,298,282,4,106,162,261,329,220
20214,A,골목상권,3110476,역촌역 2번,1304,706,598,1,170,308,350,300,175,1,61,154,198,161,131,0,109,154,152,139,44
20214,A,골목상권,3110503,명지대학교교회,3329,2219,1110,30,564,1004,816,642,273,26,345,725,552,388,183,4,219,279,264,254,90
20214,A,골목상권,3110499,연가초등학교,1715,905,810,0,165,359,447,470,274,0,64,203,231,222,185,0,101,156,216,248,89
20214,A,골목상권,3110558,경성고등학교,4895,3051,1844,21,679,1152,1227,1106,710,18,346,676,765,727,519,3,333,476,462,379,191
20214,A,골목상권,3110537,충정로현대아파트,4722,3057,1665,15,800,1434,1132,868,473,9,385,840,810,674,339,6,415,594,322,194,134
20214,A,골목상권,3110541,동교초등학교,1947,1046,901,2,295,400,519,419,312,1,112,214,273,234,212,1,183,186,246,185,100
20214,A,골목상권,3110522,홍제역 3번,1269,694,575,3,128,184,351,436,167,1,37,93,189,254,120,2,91,91,162,182,47
20214,A,골목상권,3110571,신수동주민센터,5389,2967,2422,10,665,1386,1427,1276,625,9,253,623,760,871,451,1,412,763,667,405,174
20214,A,골목상권,3110555,홍익지구대,3611,1855,1756,10,638,968,938,631,426,5,213,449,543,370,275,5,425,519,395,261,151
20214,A,골목상권,3110627,신정롯데캐슬아파트,12409,6926,5483,66,2312,4020,3158,2183,670,31,900,2143,1942,1409,501,35,1412,1877,1216,774,169
20214,A,골목상권,3110628,신목동역,2125,1374,751,4,260,583,583,460,235,2,128,352,393,345,154,2,132,231,190,115,81
20214,A,골목상권,3110679,염창역 2번,2730,2023,707,4,276,584,863,682,321,3,134,413,667,544,262,1,142,171,196,138,59
20214,A,골목상권,3110612,신정역 5번,4440,2606,1834,12,892,682,723,821,1310,5,273,329,389,473,1137,7,619,353,334,348,173
20214,A,골목상권,3110629,송정역 4번,923,553,370,1,104,171,216,231,200,1,47,114,124,142,125,0,57,57,92,89,75
20214,A,골목상권,3110669,화곡보람2차아파트,4693,2768,1925,4,1133,1316,897,642,701,3,357,873,675,396,464,1,776,443,222,246,237
20214,A,골목상권,3110649,우장산역 1번,1340,739,601,2,254,249,320,285,230,0,111,132,152,166,178,2,143,117,168,119,52
20214,A,골목상권,3110670,신곡초등학교,1600,1036,564,8,185,409,399,404,195,5,114,286,251,246,134,3,71,123,148,158,61
20214,A,골목상권,3110666,KC대학교,2132,1568,564,4,303,715,531,460,119,2,205,564,385,312,100,2,98,151,146,148,19
20214,A,골목상권,3110725,가산동주민센터,1841,864,977,4,142,241,320,390,744,2,70,130,189,193,280,2,72,111,131,197,464
20214,A,골목상권,3110700,고척초등학교,5750,4109,1641,10,516,1259,1605,1791,569,7,268,901,1181,1363,389,3,248,358,424,428,180
20214,A,골목상권,3110689,오류동역 3번,4517,2899,1618,15,569,864,1106,1262,701,8,405,556,678,764,488,7,164,308,428,498,213
20214,A,골목상권,3110690,오류2동버들시장,2262,1291,971,1,225,460,530,550,496,0,85,257,277,318,354,1,140,203,253,232,142
20214,A,골목상권,3110766,대림역 5번,5601,3708,1893,16,432,998,1379,1285,1491,5,258,730,1005,825,885,11,174,268,374,460,606
20214,A,골목상권,3110735,말미고개,2955,1738,1217,9,360,595,662,815,514,5,187,340,372,445,389,4,173,255,290,370,125
20214,A,골목상권,3110736,독산119안전센터,2709,1626,1083,4,307,444,561,745,648,2,174,271,330,427,422,2,133,173,231,318,226
20214,A,골목상권,3110746,금천금빛공원(은행나무사거리서측),971,444,527,1,93,156,237,270,214,1,36,71,105,122,109,0,57,85,132,148,105
20214,A,골목상권,3110783,영등포시장역 1번,2418,1654,764,5,411,700,493,528,281,3,259,492,345,391,164,2,152,208,148,137,117
20214,A,골목상권,3110793,대림썬프라자,1502,904,598,6,139,384,505,343,125,5,85,243,259,219,93,1,54,141,246,124,32
20214,A,골목상권,3110799,영등포본동주민센터,524,336,188,5,69,90,131,119,110,3,34,56,85,77,81,2,35,34,46,42,29
20214,A,골목상권,3110777,구로세무서,5825,3399,2426,22,1229,1703,1556,963,352,10,493,985,1009,609,293,12,736,718,547,354,59
20214,A,골목상권,3110821,보라매역 2번,19310,12435,6875,51,3710,3777,3102,4534,4136,27,2841,3091,2036,2222,2218,24,869,686,1066,2312,1918
20214,A,골목상권,3110788,영등포시장역 3번,924,604,320,3,106,166,286,224,139,1,58,113,202,145,85,2,48,53,84,79,54
20214,A,골목상권,3110840,중앙대학교,417,214,203,1,67,68,111,97,73,0,25,31,63,47,48,1,42,37,48,50,25
20214,A,골목상권,3110836,상도역 5번,4431,2490,1941,12,805,1182,1020,914,498,2,328,680,619,553,308,10,477,502,401,361,190
20214,A,골목상권,3110893,관악소방서(문영여고),1814,1409,405,2,342,557,398,425,90,1,237,436,304,357,74,1,105,121,94,68,16
20214,A,골목상권,3110878,미림여고,694,367,327,6,72,190,185,152,89,1,25,91,112,75,63,5,47,99,73,77,26
20214,A,골목상권,3110861,관악구신사동주민센터,4975,3397,1578,4,758,1388,1398,981,446,2,354,958,1075,707,301,2,404,430,323,274,145
20214,A,골목상권,3110890,봉천역 1번(관악초등학교),2071,803,1268,4,374,519,473,347,354,0,67,152,208,174,202,4,307,367,265,173,152
20214,A,골목상권,3110960,은광여고,20267,15455,4812,50,2314,4244,5292,6237,2130,36,1372,3182,4359,5022,1484,14,942,1062,933,1215,646
20214,A,골목상권,3110954,국기원,7043,3734,3309,24,2010,2434,1352,626,597,8,648,1239,953,450,436,16,1362,1195,399,176,161
20214,A,골목상권,3110936,더케이호텔(양재리본타워2단지아파트),1540,1105,435,14,246,433,389,311,147,10,159,288,286,247,115,4,87,145,103,64,32
20214,A,골목상권,3110940,양재근린공원(양재2동주민센터),6573,4578,1995,36,1029,1761,1701,1243,803,22,601,1228,1211,872,644,14,428,533,490,371,159
20214,A,골목상권,3110950,논현역 7번,14453,8508,5945,36,3283,4779,3414,1982,959,15,1326,2815,2305,1346,701,21,1957,1964,1109,636,258
20214,A,골목상권,3110949,한남IC,8417,5196,3221,28,1675,2570,2221,1300,623,15,760,1654,1435,852,480,13,915,916,786,448,143
20214,A,골목상권,3110993,개포지하차도 북측,142,86,56,0,14,21,31,45,31,0,4,14,19,28,21,0,10,7,12,17,10
20214,A,골목상권,3110983,국립국악고등학교,3034,1919,1115,12,544,819,737,554,368,2,245,512,476,373,311,10,299,307,261,181,57
20214,A,골목상권,3110964,싸리고개근린공원,8566,5556,3010,26,1611,2345,2176,1418,990,12,704,1538,1503,1014,785,14,907,807,673,404,205
20214,A,골목상권,3110995,봉은사역 4번,25206,19697,5509,27,4263,7944,7350,4403,1219,8,2756,6028,6191,3798,916,19,1507,1916,1159,605,303
20214,A,골목상권,3111001,아래방죽마을공원(율현초등학교),219,110,109,0,13,33,35,73,65,0,7,22,21,34,26,0,6,11,14,39,39
20214,A,골목상권,3110998,은곡마을(은곡마을공원),32,21,11,1,2,11,8,6,4,0,0,5,7,6,3,1,2,6,1,0,1
20214,A,골목상권,3110959,신구중학교,10232,5500,4732,112,2286,2945,2031,1596,1262,41,1015,1708,1395,759,582,71,1271,1237,636,837,680
20214,A,골목상권,3110962,도산공원북측,5103,2987,2116,21,1320,1864,1050,603,245,7,552,1132,729,415,152,14,768,732,321,188,93
20214,A,골목상권,3110997,대청초등학교,11645,4219,7426,31,3352,3686,2392,1435,749,3,709,1330,968,683,526,28,2643,2356,1424,752,223
20214,A,골목상권,3110979,청담초등학교,13513,6688,6825,34,3681,4952,2707,1503,636,14,1248,2542,1596,814,474,20,2433,2410,1111,689,162
20214,A,골목상권,3111027,문정초등학교,37078,28582,8496,20,3311,6648,10483,13841,2775,8,1965,4804,8129,11835,1841,12,1346,1844,2354,2006,934
20214,A,골목상권,3111020,방이동고분군(방산고등학교),4863,2790,2073,7,576,1242,1105,1165,768,4,274,719,681,609,503,3,302,523,424,556,265
20214,A,골목상권,3111032,방이역 1번,21842,16091,5751,28,2688,5066,5500,5171,3389,14,1606,3510,4215,4282,2464,14,1082,1556,1285,889,925
20214,A,골목상권,3111005,삼전역 3번,5492,3680,1812,15,836,1398,1269,1121,853,5,485,996,882,696,616,10,351,402,387,425,237
20214,A,골목상권,3111037,Sh수협은행 오금동금융센터(아랫말어린이공원),1645,894,751,0,186,380,425,449,205,0,97,235,228,207,127,0,89,145,197,242,78
20214,A,골목상권,3111089,상일여고(상일초등학교),858,553,305,0,66,157,203,261,171,0,37,92,135,164,125,0,29,65,68,97,46
20214,A,골목상권,3111067,강동구립성내도서관,5641,2901,2740,16,1009,1238,1344,1086,948,11,337,615,758,580,600,5,672,623,586,506,348
20214,A,골목상권,3111081,둔촌푸르지오아파트,986,603,383,2,117,183,200,251,233,1,58,108,117,139,180,1,59,75,83,112,53
20214,A,골목상권,3111059,강동역 4번(강풀만화거리),6849,3822,3027,10,1115,1236,1379,1299,1810,5,483,642,758,760,1174,5,632,594,621,539,636
20214,A,골목상권,3110005,세검정,2126,1089,1037,8,301,565,557,474,221,3,123,271,287,262,143,5,178,294,270,212,78
20214,A,골목상권,3110008,배화여자대학교(박노수미술관),3476,1938,1538,39,627,808,767,729,506,0,227,405,439,476,391,39,400,403,328,253,115
20214,A,골목상권,3110015,청와대사랑채,2312,1284,1028,37,513,765,497,301,199,0,191,422,324,192,155,37,322,343,173,109,44
20214,A,골목상권,3110035,동묘앞역 2번,3390,1775,1615,3,258,367,549,741,1472,0,87,183,285,341,879,3,171,184,264,400,593
20214,A,골목상권,3110055,황학동벼룩시장,2333,1280,1053,28,821,479,422,378,205,15,352,239,270,253,151,13,469,240,152,125,54
20214,A,골목상권,3110027,혜화역 1번,3124,1658,1466,9,394,650,865,728,478,5,112,253,479,462,347,4,282,397,386,266,131
20214,A,골목상권,3110030,동대문역 3번,1126,461,665,0,92,206,371,274,183,0,28,77,108,117,131,0,64,129,263,157,52
20214,A,골목상권,3110011,청운초등학교,1873,802,1071,13,318,482,437,339,284,2,65,197,195,159,184,11,253,285,242,180,100
20214,A,골목상권,3110024,혜회동주민센터,4244,1855,2389,27,697,1078,959,887,596,17,228,488,437,385,300,10,469,590,522,502,296
20214,A,골목상권,3110043,충무초등학교,6397,3882,2515,33,1241,1562,1628,1186,747,16,534,903,1084,808,537,17,707,659,544,378,210
20214,A,골목상권,3110082,용산구청,2532,1305,1227,13,448,730,571,554,216,10,162,304,295,368,166,3,286,426,276,186,50
20214,A,골목상권,3110045,동대문역사문화공원역 5번,40455,19049,21406,468,12792,10627,8138,6043,2387,192,5994,6220,4414,1662,567,276,6798,4407,3724,4381,1820
20214,A,골목상권,3110057,황학코아루아파트,1699,938,761,4,273,439,448,319,216,3,142,252,209,171,161,1,131,187,239,148,55
20214,A,골목상권,3110078,이촌동점보아파트,4727,2990,1737,17,766,1262,1193,1032,457,3,410,782,806,673,316,14,356,480,387,359,141
20214,A,골목상권,3110588,한겨레신문사,1133,567,566,1,166,237,297,284,148,1,73,129,147,128,89,0,93,108,150,156,59
20214,A,골목상권,3110073,삼각지역 3번,21368,6873,14495,123,6007,7127,5572,1957,582,50,2112,2306,1403,668,334,73,3895,4821,4169,1289,248
20214,A,골목상권,3110076,삼각지역 14번,2654,1645,1009,1,399,738,689,600,227,1,224,455,468,356,141,0,175,283,221,244,86
20214,A,골목상권,3110099,유엔빌리지길,21963,17803,4160,47,2625,5547,6288,6683,773,36,1322,4089,5454,6255,647,11,1303,1458,834,428,126
20214,A,골목상권,3110107,금호사거리,2695,1164,1531,16,307,810,1020,361,181,1,105,274,437,205,142,15,202,536,583,156,39
20214,A,골목상권,3110117,성동구보건소,3042,1046,1996,9,527,459,593,877,577,2,180,225,258,242,139,7,347,234,335,635,438
20214,A,골목상권,3110112,행당역 2번,1354,720,634,1,163,289,360,364,177,0,63,131,193,205,128,1,100,158,167,159,49
20214,A,골목상권,3110229,장평중학교,4729,3089,1640,10,521,877,975,1057,1289,6,275,555,639,696,918,4,246,322,336,361,371
20214,A,골목상권,3110113,응봉산,260,138,122,1,39,45,77,52,46,0,10,23,38,26,41,1,29,22,39,26,5
20214,A,골목상권,3110169,성동초등학교,4265,2889,1376,14,444,930,1078,1032,767,2,248,611,726,722,580,12,196,319,352,310,187
20214,A,골목상권,3110156,군자역 5번,3040,1883,1157,7,484,700,775,587,487,3,263,406,480,355,376,4,221,294,295,232,111
20214,A,골목상권,3110157,자양동우체국,1846,1325,521,14,427,408,437,359,201,10,335,309,286,227,158,4,92,99,151,132,43
20214,A,골목상권,3110163,성자초등학교,1358,679,679,1,136,233,372,407,209,1,60,112,160,197,149,0,76,121,212,210,60
20214,A,골목상권,3110168,대원고등학교,1985,1153,832,0,192,440,482,552,319,0,76,207,253,351,266,0,116,233,229,201,53
20214,A,골목상권,3110212,답십리초등학교,3380,2234,1146,24,681,841,827,639,368,21,491,622,488,363,249,3,190,219,339,276,119
20214,A,골목상권,3110187,제기동역 6번,5909,3849,2060,18,1010,1530,1329,1085,937,8,568,966,887,742,678,10,442,564,442,343,259
20214,A,골목상권,3110309,대광초등학교,2784,1954,830,10,336,612,722,679,425,4,187,423,511,486,343,6,149,189,211,193,82
20214,A,골목상권,3110231,장안교,728,483,245,0,55,125,159,208,181,0,22,52,89,162,158,0,33,73,70,46,23
20214,A,골목상권,3110203,떡전교사거리,1653,740,913,2,227,282,322,365,455,2,66,119,144,167,242,0,161,163,178,198,213
20214,A,골목상권,3110194,홍파초등학교,1028,599,429,1,94,200,292,318,123,0,58,123,168,168,82,1,36,77,124,150,41
20214,A,골목상권,3110278,망우본동주민센터,1851,1277,574,3,136,243,393,562,514,1,62,113,218,409,474,2,74,130,175,153,40
20214,A,골목상권,3110242,면목5동주민센터,867,570,297,0,78,153,226,199,211,0,36,99,119,132,184,0,42,54,107,67,27
20214,A,골목상권,3110246,월드순복음교회,1402,769,633,4,139,280,360,346,273,1,42,139,213,197,177,3,97,141,147,149,96
20214,A,골목상권,3110261,사가정역 4번,1640,972,668,5,175,265,434,463,298,4,62,125,253,303,225,1,113,140,181,160,73
20214,A,골목상권,3110241,먹골역 5번,2166,1475,691,1,315,530,524,571,225,1,183,366,341,415,169,0,132,164,183,156,56
20214,A,골목상권,3110233,중랑역 1번,893,461,432,6,154,146,204,200,183,4,65,61,89,121,121,2,89,85,115,79,62
20214,A,골목상권,3110318,KT월곡지사,3595,2540,1055,4,306,612,723,786,1164,2,171,405,460,571,931,2,135,207,263,215,233
20214,A,골목상권,3110377,미아사거리역 3번,694,331,363,7,98,129,184,169,107,6,42,61,75,80,67,1,56,68,109,89,40
20214,A,골목상권,3110281,길상사,16413,13694,2719,22,1927,3775,4747,5449,493,3,1165,2821,4173,5180,352,19,762,954,574,269,141
20214,A,골목상권,3110373,수유역 2번,2772,1558,1214,6,358,532,544,703,629,4,150,310,293,432,369,2,208,222,251,271,260
20214,A,골목상권,3110379,KT&G 북부지사,623,302,321,2,67,85,155,224,90,0,26,30,63,131,52,2,41,55,92,93,38
20214,A,골목상권,3110348,강북문화예술회관,2983,2155,828,0,93,237,630,911,1112,0,20,143,489,717,786,0,73,94,141,194,326
20214,A,골목상권,3110383,덕성여대시반거리,437,131,306,0,77,73,112,105,70,0,9,16,36,28,42,0,68,57,76,77,28
20214,A,골목상권,3110345,솔밭공원역 2번,708,263,445,1,82,141,166,188,130,0,15,41,54,71,82,1,67,100,112,117,48
20214,A,골목상권,3110342,국립재활원,1911,1168,743,0,163,409,566,562,211,0,54,205,383,372,154,0,109,204,183,190,57
20214,A,골목상권,3110338,인수초등학교,1029,648,381,3,137,254,247,265,123,3,70,171,149,154,101,0,67,83,98,111,22
20214,A,골목상권,3110402,도봉구 정병원,1673,968,705,5,226,351,392,442,257,4,101,216,235,250,162,1,125,135,157,192,95
20214,A,골목상권,3110392,발바닥공원,590,396,194,3,85,182,168,101,51,2,37,113,135,71,38,1,48,69,33,30,13
20214,A,골목상권,3110416,노원초등학교,1205,552,653,8,124,241,275,314,243,6,45,126,116,149,110,2,79,115,159,165,133
20214,A,골목상권,3110428,상계5동주민센터,1874,914,960,5,133,226,324,460,726,1,48,116,138,200,411,4,85,110,186,260,315
20214,A,골목상권,3110464,연신내역 5번,1985,1122,863,7,199,380,509,459,431,5,83,205,246,266,317,2,116,175,263,193,114
20214,A,골목상권,3110457,예일여고,3334,1823,1511,11,339,504,700,1175,605,2,131,234,342,705,409,9,208,270,358,470,196
20214,A,골목상권,3110488,우리은행응암동지점,3399,1825,1574,8,407,862,868,872,382,5,208,429,423,511,249,3,199,433,445,361,133
20213,A,골목상권,3110632,방화역 3번,3801,2575,1226,6,332,705,1119,1071,568,4,193,413,783,737,445,2,139,292,336,334,123
20213,A,골목상권,3110659,화곡역 4번,3626,1901,1725,18,457,804,957,853,537,15,183,460,522,422,299,3,274,344,435,431,238
20213,A,골목상권,3110722,G타워,19389,12310,7079,60,3607,6404,5129,2626,1563,29,1836,4264,3348,1661,1172,31,1771,2140,1781,965,391
20213,A,골목상권,3110688,오류지구대,1309,724,585,5,130,240,332,393,209,4,56,137,187,212,128,1,74,103,145,181,81
20213,A,골목상권,3110696,오류동역 1번,3475,2139,1336,33,914,1147,671,456,254,17,516,814,390,225,177,16,398,333,281,231,77
20213,A,골목상권,3110698,개웅초등학교(개웅중학교),2757,1234,1523,7,405,493,704,774,374,5,210,265,264,263,227,2,195,228,440,511,147
20213,A,골목상권,3110697,개봉3동주민센터,1101,686,415,1,168,226,252,244,210,1,77,141,156,157,154,0,91,85,96,87,56
20213,A,골목상권,3110682,온수역 8번,361,283,78,0,13,52,95,107,94,0,11,34,65,83,90,0,2,18,30,24,4
20213,A,골목상권,3110684,서울공연예술고등학교,980,521,459,4,124,208,238,273,133,2,54,118,122,154,71,2,70,90,116,119,62
20213,A,골목상권,3110728,두산초등학교,7779,4797,2982,17,403,805,1036,1484,4034,15,223,510,611,873,2565,2,180,295,425,611,1469
20213,A,골목상권,3110731,금천구청역 1번 출입구,4469,2258,2211,11,672,1215,1026,1039,506,6,276,550,486,608,332,5,396,665,540,431,174
20213,A,골목상권,3110730,서울축산농협 독산역지점(독산파출소),7158,4528,2630,15,350,639,810,1307,4037,13,197,420,491,801,2606,2,153,219,319,506,1431
20213,A,골목상권,3110752,한울중학교,2059,1251,808,13,294,388,526,539,299,10,181,248,303,289,220,3,113,140,223,250,79
20213,A,골목상권,3110753,시흥동 은행나무사거리,1767,985,782,8,199,364,416,443,337,7,105,218,220,235,200,1,94,146,196,208,137
20213,A,골목상권,3110743,시흥초등학교(시흥1동우체국),1901,835,1066,7,317,358,467,487,265,6,126,168,210,183,142,1,191,190,257,304,123
20213,A,골목상권,3110764,문래역 3번,3153,1905,1248,2,407,744,863,599,538,2,173,425,526,380,399,0,234,319,337,219,139
20213,A,골목상권,3110782,영등포시장역 4번,1839,1063,776,5,208,345,454,439,388,3,97,205,292,249,217,2,111,140,162,190,171
20213,A,골목상권,3110779,대림갑을명가아파트,800,491,309,1,87,130,177,235,170,0,44,84,105,135,123,1,43,46,72,100,47
20213,A,골목상권,3110765,문래동사거리,2020,1394,626,4,169,352,494,465,536,2,82,219,333,315,443,2,87,133,161,150,93
20213,A,골목상권,3110810,영신초등학교,2994,1643,1351,2,368,625,659,659,681,0,176,353,376,324,414,2,192,272,283,335,267
20213,A,골목상권,3110809,장훈고등학교,1484,885,599,1,203,345,302,292,341,0,102,180,180,183,240,1,101,165,122,109,101
20213,A,골목상권,3110824,대방역 3번,2129,1361,768,5,292,552,582,381,317,4,165,378,384,224,206,1,127,174,198,157,111
20213,A,골목상권,3110813,보라매역 6번,5419,3837,1582,9,1033,1296,1111,1526,444,6,590,941,791,1194,315,3,443,355,320,332,129
20213,A,골목상권,3110834,동작구자원봉사센터,2564,1472,1092,14,261,540,690,627,432,11,135,308,409,356,253,3,126,232,281,271,179
20213,A,골목상권,3110828,노량진역 6번,7261,4126,3135,15,905,2214,1977,1542,608,3,417,1160,1187,977,382,12,488,1054,790,565,226
20213,A,골목상권,3110827,NH농협은행 상도동지점,1082,439,643,2,105,183,271,274,247,1,38,79,104,103,114,1,67,104,167,171,133
20213,A,골목상권,3110852,이수역 9번,2529,1175,1354,5,473,620,696,447,288,1,132,264,309,240,229,4,341,356,387,207,59
20213,A,골목상권,3110905,방배노인종합복지관(이수중학교),5242,2054,3188,12,1165,1458,1271,885,451,1,334,540,486,427,266,11,831,918,785,458,185
20213,A,골목상권,3110851,경문고등학교(동작동성당),3368,1773,1595,14,635,1032,934,524,229,8,236,520,595,291,123,6,399,512,339,233,106
20213,A,골목상권,3110899,낙성대역 5번(관악중학교),4614,3107,1507,19,916,1345,1018,737,579,11,468,959,710,495,464,8,448,386,308,242,115
20213,A,골목상권,3110831,상도4동주민센터,1928,1233,695,2,251,423,419,532,301,2,136,263,284,407,141,0,115,160,135,125,160
20213,A,골목상권,3110873,당곡중학교,2525,1427,1098,7,341,547,627,540,463,4,156,299,352,290,326,3,185,248,275,250,137
20213,A,골목상권,3110841,중대부중,360,156,204,0,43,52,85,105,75,0,14,21,31,46,44,0,29,31,54,59,31
20213,A,골목상권,3110900,낙성대역 1번(관악구민 종합체육센터),4337,2627,1710,15,852,1276,966,653,575,7,368,802,610,388,452,8,484,474,356,265,123
20213,A,골목상권,3110892,관악구 중앙길,4005,1888,2117,12,627,825,985,859,697,7,212,389,474,444,362,5,415,436,511,415,335
20213,A,골목상권,3110866,난우중학교,1102,622,480,0,111,196,289,322,184,0,50,105,148,183,136,0,61,91,141,139,48
20213,A,골목상권,3110857,미성동주민센터,1238,578,660,17,154,236,276,322,233,13,73,114,121,124,133,4,81,122,155,198,100
20213,A,골목상권,3110875,보라매동주민센터(당곡고등학교),940,526,414,2,104,162,206,235,231,0,48,85,103,128,162,2,56,77,103,107,69
20213,A,골목상권,3110891,구암초등학교,1342,607,735,0,232,374,420,224,92,0,68,168,205,117,49,0,164,206,215,107,43
20213,A,골목상권,3110944,서울나래학교(염곡어린이공원),1156,798,358,10,148,272,221,240,265,8,109,212,164,151,154,2,39,60,57,89,111
20213,A,골목상권,3110942,염곡동 구룡사(포이동성당),13415,8394,5021,55,2287,3724,3222,2573,1554,26,1169,2292,2042,1698,1167,29,1118,1432,1180,875,387
20213,A,골목상권,3110920,방배역 2번(백석예술대학교),5016,3055,1961,91,1042,1259,931,793,900,26,459,731,622,507,710,65,583,528,309,286,190
20213,A,골목상권,3110910,내방역 5번,6436,3785,2651,20,1118,1455,1481,1224,1138,10,430,857,865,759,864,10,688,598,616,465,274
20213,A,골목상권,3110906,서문여고,11702,5247,6455,16,2248,2996,3566,2017,859,4,688,1244,1668,1074,569,12,1560,1752,1898,943,290
20213,A,골목상권,3110932,서울시인재개발원,4209,2306,1903,8,1038,1226,942,667,328,6,350,687,621,424,218,2,688,539,321,243,110
20213,A,골목상권,3110930,서초동성당,32660,17166,15494,63,6180,7719,7177,9753,1768,35,2030,3676,3572,6555,1298,28,4150,4043,3605,3198,470
20213,A,골목상권,3110931,삼성전자서울R&D(서울우면초등학교),211,106,105,0,53,63,49,28,18,0,20,37,22,17,10,0,33,26,27,11,8
20213,A,골목상권,3110938,바우뫼공원,4722,3197,1525,17,814,1339,1276,836,440,8,422,921,904,581,361,9,392,418,372,255,79
20213,A,골목상권,3110943,법제교육센터(버들어린이공원),5935,3672,2263,18,851,1433,1538,1193,902,10,470,907,945,696,644,8,381,526,593,497,258
20213,A,골목상권,3110994,개포고등학교,4345,2839,1506,57,867,1222,970,768,461,24,505,806,631,503,370,33,362,416,339,265,91
20213,A,골목상권,3110988,청담역 3번,14773,6151,8622,65,3286,4402,3877,2145,998,27,1018,1851,1536,1027,692,38,2268,2551,2341,1118,306
20213,A,골목상권,3111012,석촌역 6번,3563,1857,1706,6,341,717,926,795,778,4,123,380,473,406,471,2,218,337,453,389,307
20213,A,골목상권,3111043,마천공원,1725,1113,612,1,183,389,411,423,318,0,112,251,235,271,244,1,71,138,176,152,74
20213,A,골목상권,3111045,개미어린이공원,1629,952,677,8,240,270,383,466,262,2,144,178,243,239,146,6,96,92,140,227,116
20213,A,골목상권,3111047,마천1치안센터,1130,680,450,1,120,251,299,266,193,1,60,143,171,153,152,0,60,108,128,113,41
20213,A,골목상권,3111028,문현중학교(장지역 1번),2770,1677,1093,9,489,714,682,541,335,5,271,467,421,262,251,4,218,247,261,279,84
20213,A,골목상권,3111035,오금공원(오주중학교),2277,1464,813,2,256,487,582,635,315,1,148,328,395,374,218,1,108,159,187,261,97
20213,A,골목상권,3111053,성내천어린이공원(하니사랑길),13219,9342,3877,40,1620,2605,2692,3224,3038,16,990,1785,1878,2342,2331,24,630,820,814,882,707
20213,A,골목상권,3111087,고덕중학교(고덕2동주민센터),472,171,301,0,46,83,108,137,98,0,8,31,45,43,44,0,38,52,63,94,54
20213,A,골목상권,3111083,GS강동자이아파트,2192,1281,911,3,253,379,423,595,539,3,145,235,242,299,357,0,108,144,181,296,182
20213,A,골목상권,3111074,명일역 1번,1560,927,633,3,195,368,374,356,264,2,96,213,197,225,194,1,99,155,177,131,70
20213,A,골목상권,3111056,천호태영아파트,2371,1291,1080,1,166,256,372,396,1180,0,61,99,164,203,764,1,105,157,208,193,416
20213,A,골목상권,3111061,암사역 1번,3505,1543,1962,2,374,555,668,876,1030,1,150,309,306,294,483,1,224,246,362,582,547
20213,A,골목상권,3110036,동묘앞역 3번,1190,660,530,2,181,238,291,276,202,0,47,113,169,190,141,2,134,125,122,86,61
20213,A,골목상권,3110034,창신1동주민센터,1885,871,1014,8,319,394,521,412,231,7,104,157,206,228,169,1,215,237,315,184,62
20213,A,골목상권,3110028,이화달팽이길,3695,2004,1691,7,657,966,880,710,475,3,229,479,515,444,334,4,428,487,365,266,141
20213,A,골목상권,3110014,경복고등학교,1637,871,766,2,154,436,502,373,170,2,50,215,274,204,126,0,104,221,228,169,44
20213,A,골목상권,3110001,이북5도청사,3311,2335,976,10,598,774,665,978,286,6,331,504,493,810,191,4,267,270,172,168,95
20213,A,골목상권,3110286,한성대입구역 5번,4861,2170,2691,20,736,1306,1268,999,532,9,240,613,591,455,262,11,496,693,677,544,270
20213,A,골목상권,3110283,성북초등학교앞,2067,1295,772,12,288,580,641,380,166,8,150,391,427,218,101,4,138,189,214,162,65
20213,A,골목상권,3110039,회현역 1번,23622,11623,11999,133,4395,7509,7184,3821,580,38,1547,3599,3487,2668,284,95,2848,3910,3697,1153,296
20213,A,골목상권,3110285,홍대부중,2796,1807,989,11,479,748,779,536,243,6,237,471,486,420,187,5,242,277,293,116,56
20213,A,골목상권,3110053,청구역 1번,1887,973,914,1,292,413,473,444,264,0,94,203,258,251,167,1,198,210,215,193,97
20213,A,골목상권,3110040,중구회현체육센터(정화예술대남산캠퍼스),15872,7161,8711,64,2309,4970,5377,2758,394,8,703,2069,2118,2073,190,56,1606,2901,3259,685,204
20213,A,골목상권,3110069,숙대입구,5692,2925,2767,14,842,1738,1501,985,612,6,238,745,833,646,457,8,604,993,668,339,155
20213,A,골목상권,3110077,삼광초등학교,1617,1102,515,8,162,358,490,381,218,7,93,234,360,254,154,1,69,124,130,127,64
20213,A,골목상권,3110072,열정도,1822,1125,697,9,264,375,438,367,369,3,123,236,278,230,255,6,141,139,160,137,114
20213,A,골목상권,3110059,새남터성지,2836,1935,901,8,404,789,837,608,190,3,181,500,636,477,138,5,223,289,201,131,52
20213,A,골목상권,3110095,한강진역 3번,5622,3227,2395,35,1349,2001,1256,664,317,20,544,1116,858,496,193,15,805,885,398,168,124
20213,A,골목상권,3110097,한남초등학교,5721,3746,1975,12,1028,2374,1313,590,404,7,478,1484,985,454,338,5,550,890,328,136,66
20213,A,골목상권,3110106,금북초등학교,123,49,74,0,15,25,38,29,16,0,2,11,13,12,11,0,13,14,25,17,5
20213,A,골목상권,3110103,옥수터널,545,284,261,1,45,141,155,157,46,0,17,64,87,85,31,1,28,77,68,72,15
20213,A,골목상권,3110137,성수초등학교,14338,9448,4890,60,2205,3717,3817,2875,1664,46,1146,2457,2601,1900,1298,14,1059,1260,1216,975,366
20213,A,골목상권,3110138,송정체육공원,2546,1233,1313,1,395,634,646,528,342,0,147,319,328,219,220,1,248,315,318,309,122
20213,A,골목상권,3110150,중곡1동 마을마당,5687,2821,2866,84,1470,1113,1132,1310,578,30,642,611,577,542,419,54,828,502,555,768,159
20213,A,골목상권,3110175,푸른동산공원,7435,3844,3591,8,711,1236,1667,2238,1575,4,374,802,970,930,764,4,337,434,697,1308,811
20213,A,골목상권,3110177,동의초등학교,1191,614,577,1,140,224,315,322,189,0,46,118,168,160,122,1,94,106,147,162,67
20213,A,골목상권,3110146,신자초등학교,2819,2113,706,7,317,659,835,751,250,3,224,506,625,563,192,4,93,153,210,188,58
20213,A,골목상권,3110195,동대문구청,3806,1797,2009,5,412,804,896,1082,607,3,155,327,374,598,340,2,257,477,522,484,267
20213,A,골목상권,3110201,전농119안전센터,669,454,215,0,93,145,215,139,77,0,61,94,144,99,56,0,32,51,71,40,21
20213,A,골목상권,3110189,제기동역 1번,4287,2552,1735,8,675,1174,895,684,851,2,252,688,568,412,630,6,423,486,327,272,221
20213,A,골목상권,3110215,회기역 1번,2285,799,1486,3,612,739,515,282,134,1,114,254,199,124,107,2,498,485,316,158,27
20213,A,골목상권,3110224,외대앞역 2번,1271,746,525,3,119,240,371,332,206,1,48,142,229,232,94,2,71,98,142,100,112
20213,A,골목상권,3110214,경희대후문,3212,1375,1837,1,688,904,837,553,229,1,133,324,406,334,177,0,555,580,431,219,52
20213,A,골목상권,3110334,석관중앙교회,1188,720,468,0,136,249,282,330,191,0,69,127,145,232,147,0,67,122,137,98,44
20213,A,골목상권,3110232,동대부고,2450,1295,1155,3,270,438,601,702,436,1,110,219,302,355,308,2,160,219,299,347,128
20213,A,골목상권,3110190,고대앞사거리,2811,1514,1297,5,408,813,812,528,245,2,171,410,436,326,169,3,237,403,376,202,76
20213,A,골목상권,3110196,홍릉근린공원,813,501,312,1,63,163,273,228,85,1,32,79,174,139,76,0,31,84,99,89,9
20213,A,골목상권,3110312,안암역 2번,1646,844,802,1,199,449,557,333,107,0,70,193,307,200,74,1,129,256,250,133,33
20213,A,골목상권,3110222,회기역 2번,2106,1033,1073,1,371,448,535,549,202,0,86,231,303,298,115,1,285,217,232,251,87
20213,A,골목상권,3110273,장스여성병원,1451,933,518,9,121,171,256,458,436,1,29,69,134,320,380,8,92,102,122,138,56
20213,A,골목상권,3110260,면목역 3번,2350,1372,978,3,344,558,668,508,269,0,147,374,336,286,229,3,197,184,332,222,40
20213,A,골목상권,3110238,배꽃어린이공원,1298,1025,273,1,203,312,289,312,181,1,146,248,219,268,143,0,57,64,70,44,38
20213,A,골목상권,3110257,상봉역 7번,1447,1068,379,2,86,174,301,412,472,1,40,93,179,332,423,1,46,81,122,80,49
20213,A,골목상권,3110239,중랑역 2번,478,213,265,1,58,81,106,116,116,0,23,34,39,50,67,1,35,47,67,66,49
20213,A,골목상권,3110294,서경대학교,1909,1071,838,1,218,284,476,532,398,0,68,128,255,335,285,1,150,156,221,197,113
20213,A,골목상권,3110316,숭곡초등학교,3255,1971,1284,7,264,440,671,666,1207,6,113,208,325,382,937,1,151,232,346,284,270
20213,A,골목상권,3110303,성신여대입구역 1번,1418,675,743,8,188,301,315,361,245,3,62,134,147,190,139,5,126,167,168,171,106
20213,A,골목상권,3110293,삼선중학교,15384,8771,6613,60,2292,3733,4993,2745,1561,27,1049,2116,3024,1840,715,33,1243,1617,1969,905,846
20213,A,골목상권,3110305,보문역 5번,6037,4718,1319,11,742,2042,1228,1245,769,5,463,1703,1006,1012,529,6,279,339,222,233,240
20213,A,골목상권,3110331,돌곶이역 8번,1135,748,387,4,137,251,271,224,248,0,50,166,174,147,211,4,87,85,97,77,37
20213,A,골목상권,3110423,석계역 2번,1311,574,737,4,152,235,386,321,213,2,65,110,173,127,97,2,87,125,213,194,116
20213,A,골목상권,3110319,종암동주민센터,1893,933,960,3,270,388,460,529,243,1,103,217,229,277,106,2,167,171,231,252,137
20213,A,골목상권,3110322,장위1동주민센터,871,527,344,2,161,181,190,183,154,1,77,118,116,111,104,1,84,63,74,72,50
20213,A,골목상권,3110361,삼양사거리역 1번,993,499,494,2,47,112,177,256,399,1,14,50,90,149,195,1,33,62,87,107,204
20213,A,골목상권,3110364,미아역 8번,1531,881,650,2,169,302,433,416,209,1,79,160,252,251,138,1,90,142,181,165,71
20213,A,골목상권,3110360,수유초등학교,2034,877,1157,5,275,331,439,521,463,1,65,139,157,219,296,4,210,192,282,302,167
20213,A,골목상권,3110381,번동주공2단지,791,418,373,5,81,172,201,218,114,4,26,69,100,134,85,1,55,103,101,84,29
20213,A,골목상권,3110363,송천동주민센터,409,210,199,2,30,68,123,98,88,1,8,30,50,50,71,1,22,38,73,48,17
20213,A,골목상권,3110371,삼양입구사거리,930,529,401,1,86,197,218,253,175,1,33,94,108,159,134,0,53,103,110,94,41
20213,A,골목상권,3110374,송중초등학교,1719,817,902,7,155,286,471,442,358,6,44,101,191,221,254,1,111,185,280,221,104
20213,A,골목상권,3110357,가오리역 1번,2168,1460,708,1,94,117,339,588,1029,0,22,54,236,446,702,1,72,63,103,142,327
20213,A,골목상권,3110340,인수중학교,1210,779,431,6,158,254,272,328,192,6,80,172,168,192,161,0,78,82,104,136,31
20213,A,골목상권,3110341,북한산우이역 2번,566,439,127,0,22,43,96,273,132,0,5,15,59,245,115,0,17,28,37,28,17
20213,A,골목상권,3110390,방학초등학교,1597,753,844,3,167,399,387,400,241,2,55,196,185,170,145,1,112,203,202,230,96
20213,A,골목상권,3110408,가인초등학교,5003,3437,1566,5,529,1188,1209,961,1111,3,315,894,903,569,753,2,214,294,306,392,358
20213,A,골목상권,3110433,공릉역 2번,3355,1631,1724,8,286,413,725,1012,911,3,111,214,339,463,501,5,175,199,386,549,410
20213,A,골목상권,3110462,갈현건영아파트,1644,949,695,7,239,380,374,357,287,5,127,224,218,183,192,2,112,156,156,174,95
20213,A,골목상권,3110468,응암역 3번,3641,1667,1974,6,385,681,1020,975,574,1,133,299,452,447,335,5,252,382,568,528,239
20213,A,골목상권,3110478,응암1동주민센터,2441,1361,1080,5,214,382,537,597,706,3,104,189,272,292,501,2,110,193,265,305,205
20213,A,골목상권,3110481,불광역 7번,1180,586,594,2,144,250,312,287,185,2,57,126,153,135,113,0,87,124,159,152,72
20213,A,골목상권,3110443,수색역 1번,216,134,82,0,17,25,57,64,53,0,8,14,33,40,39,0,9,11,24,24,14
20213,A,골목상권,3110463,응암3동주민센터,974,399,575,1,102,172,257,281,161,0,35,51,90,125,98,1,67,121,167,156,63
20213,A,골목상권,3110459,응암역 2번,3086,1443,1643,3,303,575,877,817,511,0,113,267,388,352,323,3,190,308,489,465,188
20213,A,골목상권,3110495,북가좌2동주민센터,3425,1703,1722,7,515,851,808,729,515,3,154,458,454,363,271,4,361,393,354,366,244
20213,A,골목상권,3110507,명지대학교,3062,2160,902,30,511,879,694,667,281,27,328,632,494,452,227,3,183,247,200,215,54
20213,A,골목상권,3110584,아현역 4번,1154,595,559,2,327,402,209,121,93,1,129,232,107,64,62,1,198,170,102,57,31
20213,A,골목상권,3110528,서울여자간호대학교,7567,1522,6045,6,217,511,2006,3643,1184,1,75,158,342,456,490,5,142,353,1664,3187,694
20213,A,골목상권,3110556,절두산순교성지,1036,634,402,3,129,274,296,242,92,3,52,152,183,174,70,0,77,122,113,68,22
20213,A,골목상권,3110580,양원초등학교,498,212,286,1,65,95,130,125,82,0,16,34,56,63,43,1,49,61,74,62,39
20213,A,골목상권,3110545,마포구청역 1번,2002,1003,999,13,262,386,532,510,299,6,101,203,265,254,174,7,161,183,267,256,125
20213,A,골목상권,3110568,광흥창역 1번,1865,940,925,2,319,532,473,379,160,0,93,278,268,220,81,2,226,254,205,159,79
20213,A,골목상권,3110622,달마을공원,3703,2251,1452,3,469,828,1090,957,356,2,224,483,702,584,256,1,245,345,388,373,100
20213,A,골목상권,3110675,화곡4동주민센터,2797,1278,1519,5,643,758,578,544,269,4,133,328,273,318,222,1,510,430,305,226,47
20213,A,골목상권,3110672,백석중학교,3412,1929,1483,2,392,661,820,891,646,1,172,329,509,533,385,1,220,332,311,358,261
20213,A,골목상권,3110601,신월1동우편취급국,2705,1819,886,9,277,464,638,855,462,4,152,304,424,572,363,5,125,160,214,283,99
20213,A,골목상권,3110609,신정네거리역 2번,3128,2387,741,7,203,302,527,602,1487,2,96,167,286,425,1411,5,107,135,241,177,76
20213,A,골목상권,3110598,신월문화체육센터,3588,2130,1458,4,271,421,690,983,1219,3,154,260,389,589,735,1,117,161,301,394,484
20213,A,골목상권,3110655,발산역 5번,4161,1917,2244,5,419,692,805,852,1388,3,173,359,411,358,613,2,246,333,394,494,775
20213,A,골목상권,3110652,양천향교역 2번,5355,3360,1995,14,588,1103,1158,1394,1098,8,298,697,700,851,806,6,290,406,458,543,292
20213,A,골목상권,3110630,공항시장역 1번,3398,1986,1412,9,371,571,654,788,1005,3,149,321,407,512,594,6,222,250,247,276,411
20213,A,골목상권,3110660,등촌3동주민센터,10361,5421,4940,46,1465,2249,2361,2354,1886,16,655,1444,1390,1025,891,30,810,805,971,1329,995
20213,A,골목상권,3110645,우장산역 4번,6211,3689,2522,11,755,1459,1633,1576,777,7,408,941,907,852,574,4,347,518,726,724,203
20213,A,골목상권,3110640,방화역 1번,4330,2746,1584,7,432,979,1112,1131,669,5,222,521,675,783,540,2,210,458,437,348,129
20213,A,골목상권,3110695,개봉1동주민센터,2132,1220,912,8,180,491,579,523,351,7,99,290,309,285,230,1,81,201,270,238,121
20213,A,골목상권,3110692,큰굴다리,3257,2221,1036,5,464,656,827,912,393,4,364,453,539,571,290,1,100,203,288,341,103
20213,A,골목상권,3110714,구로4동주민센터,3993,2731,1262,7,467,935,917,1103,564,4,223,587,636,850,431,3,244,348,281,253,133
20213,A,골목상권,3110715,구로구민회관,4993,2481,2512,4,601,1291,1353,1189,555,2,225,636,658,644,316,2,376,655,695,545,239
20213,A,골목상권,3110708,화원어린이공원,1274,488,786,6,311,266,296,208,187,1,66,71,108,97,145,5,245,195,188,111,42
20213,A,골목상권,3110713,구로보건소,7675,4823,2852,13,1134,1919,2115,1590,904,6,626,1277,1358,961,595,7,508,642,757,629,309
20213,A,골목상권,3110718,한국SGI본부,6477,4079,2398,33,1087,1712,1798,1241,606,26,598,1087,1157,798,413,7,489,625,641,443,193
20213,A,골목상권,3110707,구로창업지원센터,5470,4040,1430,11,555,1651,1506,1116,631,9,302,1244,1178,827,480,2,253,407,328,289,151
20213,A,골목상권,3110727,독산역 1번 출입구,3120,2126,994,18,378,675,804,825,420,18,221,481,534,577,295,0,157,194,270,248,125
20213,A,골목상권,3110726,금천철쭉어린이공원(금하마을),1222,795,427,13,185,229,245,307,243,11,116,157,160,167,184,2,69,72,85,140,59
20213,A,골목상권,3110738,문성초등학교,2470,1462,1008,12,359,479,571,602,447,3,208,314,345,327,265,9,151,165,226,275,182
20213,A,골목상권,3110744,독산동성당,2100,1247,853,1,190,325,415,592,577,0,116,185,232,327,387,1,74,140,183,265,190
20213,A,골목상권,3110754,삼성산자연공원(서울금천초등학교),1854,1031,823,19,228,370,484,441,312,12,101,240,284,208,186,7,127,130,200,233,126
20213,A,골목상권,3110734,금천파출소,1807,760,1047,8,475,533,360,289,142,3,200,263,141,92,61,5,275,270,219,197,81
20213,A,골목상권,3110747,석수역 1번 출입구,1082,802,280,4,73,141,239,286,339,4,48,101,156,202,291,0,25,40,83,84,48
20213,A,골목상권,3110819,신대방역 4번,5159,3199,1960,20,841,1350,1310,962,676,14,426,897,852,558,452,6,415,453,458,404,224
20213,A,골목상권,3110781,대림한신아파트,2145,1183,962,3,313,387,472,543,427,0,106,213,256,304,304,3,207,174,216,239,123
20213,A,골목상권,3110776,도신초등학교,4342,3047,1295,14,543,1061,1275,922,527,5,283,767,959,627,406,9,260,294,316,295,121
20213,A,골목상권,3110798,신풍역 2번,1786,1078,708,7,160,456,560,380,223,6,95,279,287,241,170,1,65,177,273,139,53
20213,A,골목상권,3110792,영등포역 2번,4524,2496,2028,35,680,1023,1028,1131,627,16,283,485,583,698,431,19,397,538,445,433,196
20213,A,골목상권,3110756,문래중학교,1572,1015,557,2,185,356,383,362,284,0,97,271,248,213,186,2,88,85,135,149,98
20213,A,골목상권,3110801,신풍역 6번(신길6동공영주차장),245,84,161,1,32,37,52,64,59,0,1,12,15,24,32,1,31,25,37,40,27
20213,A,골목상권,3110812,신길6동주민센터,2401,1555,846,4,382,558,565,498,394,3,189,346,367,345,305,1,193,212,198,153,89
20213,A,골목상권,3110811,보라매역 4번,1485,937,548,4,212,413,375,284,197,3,100,268,233,183,150,1,112,145,142,101,47
20213,A,골목상권,3110820,성남고등학교,4803,3512,1291,4,807,999,907,1587,499,3,498,725,655,1252,379,1,309,274,252,335,120
20213,A,골목상권,3110800,영등포동성당,4742,2638,2104,14,1219,1149,1000,824,536,6,385,590,637,579,441,8,834,559,363,245,95
20213,A,골목상권,3110806,서울시립영등포장애인복지관,2220,1555,665,16,339,498,524,501,342,8,181,328,388,376,274,8,158,170,136,125,68
20213,A,골목상권,3110839,숭실대입구역 4번,3303,2046,1257,2,371,954,1107,622,247,1,177,536,682,434,216,1,194,418,425,188,31
20213,A,골목상권,3110833,상도역 2번,1336,685,651,6,207,356,332,277,158,2,88,215,184,115,81,4,119,141,148,162,77
20213,A,골목상권,3110876,서원동주민센터(신관중학교),1010,458,552,0,95,206,235,294,180,0,31,95,124,113,95,0,64,111,111,181,85
20213,A,골목상권,3110889,봉천역 6번,1263,796,467,1,114,181,251,361,355,0,57,94,152,270,223,1,57,87,99,91,132
20213,A,골목상권,3110901,인헌고등학교(인헌중학교),1830,934,896,7,276,482,543,370,152,4,127,251,267,170,115,3,149,231,276,200,37
20213,A,골목상권,3110919,내방역 8번,17656,12077,5579,47,2980,5187,5004,3205,1233,19,1390,3288,3826,2627,927,28,1590,1899,1178,578,306
20213,A,골목상권,3110908,구반포역,8972,4814,4158,21,1548,2263,2440,2159,541,21,607,1187,1452,1153,394,0,941,1076,988,1006,147
20213,A,골목상권,3110916,내방역 4번,9127,6122,3005,73,1885,2725,2144,1385,915,60,1124,1946,1492,851,649,13,761,779,652,534,266
20213,A,골목상권,3110914,내방역 6번,6099,3888,2211,13,1069,1570,1366,1162,919,9,527,958,903,780,711,4,542,612,463,382,208
20213,A,골목상권,3110981,국악고교사거리,4814,3009,1805,11,674,1061,1231,1002,835,3,342,675,767,584,638,8,332,386,464,418,197
20213,A,골목상권,3110952,논현목련공원,6619,4360,2259,19,1063,1760,1774,1271,732,13,616,1186,1215,839,491,6,447,574,559,432,241
20213,A,골목상권,3110953,학동근린공원,21063,12969,8094,82,5828,6708,4428,2577,1440,26,2619,4180,3209,1850,1085,56,3209,2528,1219,727,355
20213,A,골목상권,3110968,강남구청역 2번,13705,8449,5256,49,2620,3694,3410,2525,1407,16,1163,2112,2388,1751,1019,33,1457,1582,1022,774,388
20213,A,골목상권,3110966,논현2동주민센터,18787,11747,7040,55,3807,5812,4775,2774,1564,16,1620,3352,3408,2154,1197,39,2187,2460,1367,620,367
20213,A,골목상권,3110973,강남구청역 4번,10030,5790,4240,39,1911,2711,2341,1849,1179,16,845,1639,1467,1073,750,23,1066,1072,874,776,429
20213,A,골목상권,3110996,대치2동주민센터,35867,16914,18953,262,6657,8765,8045,7435,4703,105,3082,5222,4330,2505,1670,157,3575,3543,3715,4930,3033
20213,A,골목상권,3110982,강남구보훈회관,4003,2221,1782,8,984,1036,920,571,484,5,350,614,590,298,364,3,634,422,330,273,120
20213,A,골목상권,3111002,한국교통안전공단 강남자동차검사소,409,194,215,0,27,74,87,129,92,0,8,39,41,58,48,0,19,35,46,71,44
20213,A,골목상권,3110987,영동대교남단,6140,4147,1993,37,1147,1773,1594,1067,522,17,553,1233,1221,750,373,20,594,540,373,317,149
20213,A,골목상권,3111022,석촌중학교(방이육교),7523,4484,3039,23,1128,1955,1970,1642,805,9,549,1248,1293,845,540,14,579,707,677,797,265
20213,A,골목상권,3111041,거여역 8번,2127,1468,659,8,544,521,474,308,272,6,288,381,370,220,203,2,256,140,104,88,69
20213,A,골목상권,3111031,장지동주민센터(한림연예예술고교),34991,27580,7411,16,3048,6307,10062,13354,2204,7,1885,4657,7895,11621,1515,9,1163,1650,2167,1733,689
20213,A,골목상권,3111014,송파나루역 2번,9836,5551,4285,11,1370,2414,2283,2319,1439,5,597,1499,1467,1202,781,6,773,915,816,1117,658
20213,A,골목상권,3111073,둔촌동역 1번(한산중학교),3288,1796,1492,11,429,739,851,706,552,8,165,384,502,371,366,3,264,355,349,335,186
20213,A,골목상권,3110004,대신고등학교,402,232,170,6,56,96,96,104,44,5,32,54,54,53,34,1,24,42,42,51,10
20213,A,골목상권,3111072,굽은다리역 1번(십자성마을),2946,1789,1157,8,298,573,759,699,609,3,146,346,440,433,421,5,152,227,319,266,188
20213,A,골목상권,3111084,길동신동아아파트,1097,568,529,2,102,184,201,327,281,2,56,104,100,149,157,0,46,80,101,178,124
20213,A,골목상권,3110017,정독도서관,4793,3571,1222,1,747,1261,1255,1054,475,1,404,870,1019,890,387,0,343,391,236,164,88
20213,A,골목상권,3110002,독립문역 1번,616,177,439,7,166,170,151,84,38,6,34,34,51,28,24,1,132,136,100,56,14
20213,A,골목상권,3110031,창신역 1번,499,243,256,2,65,123,115,127,67,0,17,56,56,68,46,2,48,67,59,59,21
20213,A,골목상권,3110181,신설동역 9번,11325,6319,5006,32,1034,2438,3253,2841,1727,17,532,1500,1747,1415,1108,15,502,938,1506,1426,619
20213,A,골목상권,3110025,충신시장옆,2953,1750,1203,6,522,768,705,591,361,1,198,408,447,419,277,5,324,360,258,172,84
20213,A,골목상권,3110291,한성대입구역 3번,2792,1638,1154,3,210,450,857,801,471,1,83,257,522,485,290,2,127,193,335,316,181
20213,A,골목상권,3110026,종로5가역 4번,1316,680,636,4,165,282,370,283,212,1,63,132,176,155,153,3,102,150,194,128,59
20213,A,골목상권,3110016,평창동동측,12725,5785,6940,17,1035,3438,5042,2657,536,8,355,1373,2545,1209,295,9,680,2065,2497,1448,241
20213,A,골목상권,3110020,서울국제고등학교,2158,1200,958,4,389,630,516,385,234,3,162,347,310,219,159,1,227,283,206,166,75
20213,A,골목상권,3110048,장충동주민센터,10743,5949,4794,32,1907,2975,2905,2265,659,5,684,1762,1731,1314,453,27,1223,1213,1174,951,206
20213,A,골목상권,3110046,버티고개,2463,1750,713,3,241,901,673,506,139,0,143,678,502,330,97,3,98,223,171,176,42
20213,A,골목상권,3110047,다산성곽길,5084,2935,2149,11,1086,1445,1154,887,501,3,410,865,765,531,361,8,676,580,389,356,140
20213,A,골목상권,3110539,미근동,12732,7479,5253,42,2010,4180,3436,2242,822,19,832,2371,2093,1519,645,23,1178,1809,1343,723,177
20213,A,골목상권,3110110,상왕십리역 6번,2405,1457,948,12,383,537,534,531,408,3,127,319,375,375,258,9,256,218,159,156,150
20213,A,골목상권,3110066,서울역 15번,4167,2123,2044,9,838,1274,877,641,528,4,288,582,482,374,393,5,550,692,395,267,135
20213,A,골목상권,3110591,충정로역 6번,3780,2155,1625,0,729,1051,1004,652,344,0,358,619,586,387,205,0,371,432,418,265,139
20213,A,골목상권,3110086,이태원역 북측,13166,6107,7059,36,4072,5077,2603,1007,371,14,1114,2293,1610,799,277,22,2958,2784,993,208,94
20213,A,골목상권,3110085,경리단길남측,12274,5390,6884,26,3823,4925,2402,861,237,12,993,2133,1397,675,180,14,2830,2792,1005,186,57
20213,A,골목상권,3110105,금동어린이공원,2664,1110,1554,16,327,830,1025,337,129,1,110,292,450,175,82,15,217,538,575,162,47
20214,A,골목상권,3110485,연신내우체국,2037,1061,976,2,103,180,239,350,1163,1,45,107,106,143,659,1,58,73,133,207,504
20214,A,골목상권,3110449,증산역 3번,2851,1858,993,1,398,704,743,668,337,0,156,480,515,477,230,1,242,224,228,191,107
20214,A,골목상권,3110523,홍제성원아파트,259,109,150,1,36,55,62,74,31,0,14,19,28,27,21,1,22,36,34,47,10
20214,A,골목상권,3110586,서울서부지방법원,11593,7273,4320,37,2044,3389,3339,2245,539,5,959,1962,2248,1752,347,32,1085,1427,1091,493,192
20214,A,골목상권,3110540,망원나들목체육관,1899,1092,807,8,639,591,325,211,125,1,387,316,158,136,94,7,252,275,167,75,31
20214,A,골목상권,3110567,광흥창역 6번,510,261,249,0,80,126,127,118,59,0,35,61,66,62,37,0,45,65,61,56,22
20214,A,골목상권,3110565,홍익대,4319,2959,1360,13,708,1013,1064,875,646,7,389,669,759,621,514,6,319,344,305,254,132
20214,A,골목상권,3110560,마포FM,4675,2819,1856,11,653,1106,1054,998,853,9,292,695,738,584,501,2,361,411,316,414,352
20214,A,골목상권,3110549,새터산,2447,1476,971,6,323,490,622,631,375,4,169,276,370,408,249,2,154,214,252,223,126
20214,A,골목상권,3110581,염리초등학교,8998,5077,3921,16,1305,2124,2079,1885,1589,7,628,1198,1340,989,915,9,677,926,739,896,674
20214,A,골목상권,3110617,등촌역 4번,2496,1419,1077,2,330,561,641,599,363,0,156,350,350,329,234,2,174,211,291,270,129
20214,A,골목상권,3110676,등촌역 7번,2587,1617,970,12,360,533,656,601,425,6,154,333,395,389,340,6,206,200,261,212,85
20214,A,골목상권,3110656,까치산역 3번,3071,1778,1293,17,286,570,813,925,460,15,146,353,484,505,275,2,140,217,329,420,185
20214,A,골목상권,3110654,까치산역 4번,3556,2235,1321,15,324,625,928,1128,536,13,164,373,533,736,416,2,160,252,395,392,120
20214,A,골목상권,3110597,신월1동주민센터,2472,1402,1070,4,249,481,521,657,560,1,110,252,269,403,367,3,139,229,252,254,193
20214,A,골목상권,3110665,곰달래도서관,2356,1305,1051,4,236,435,587,666,428,4,101,243,325,344,288,0,135,192,262,322,140
20214,A,골목상권,3110615,신서초등학교,848,519,329,2,79,148,152,220,247,1,36,81,84,146,171,1,43,67,68,74,76
20214,A,골목상권,3110674,강서구청가양동별관,2810,1867,943,13,484,647,757,564,345,8,334,446,510,346,223,5,150,201,247,218,122
20214,A,골목상권,3110677,등촌역 1번,3921,2407,1514,15,590,925,884,897,610,12,265,549,522,592,467,3,325,376,362,305,143
20214,A,골목상권,3110631,방화초등학교,2022,1206,816,5,282,386,462,504,383,5,137,222,260,288,294,0,145,164,202,216,89
20214,A,골목상권,3110636,방화역 2번,2261,1548,713,6,180,387,715,586,387,4,92,216,507,418,311,2,88,171,208,168,76
20214,A,골목상권,3110691,개봉중학교,2121,1250,871,6,243,460,510,560,342,1,134,278,283,301,253,5,109,182,227,259,89
20214,A,골목상권,3110662,까치산역 1번,3644,2133,1511,8,464,871,961,872,468,6,214,496,504,566,347,2,250,375,457,306,121
20214,A,골목상권,3110732,가산초등학교(세일중학교),2697,1734,963,13,406,604,664,616,394,4,232,369,400,410,319,9,174,235,264,206,75
20214,A,골목상권,3110729,가산동우체국,3002,1566,1436,10,310,527,627,607,921,6,171,294,365,336,394,4,139,233,262,271,527
20214,A,골목상권,3110723,가산디지털단지역 1번 출입구,6364,4269,2095,13,1161,2024,1564,904,698,8,553,1337,1145,699,527,5,608,687,419,205,171
20214,A,골목상권,3110705,고산초등학교,2324,1523,801,3,295,489,490,507,540,2,148,292,274,324,483,1,147,197,216,183,57
20214,A,골목상권,3110680,온수역 5번(온수산업단지),1651,1405,246,18,174,252,303,480,424,18,138,209,238,407,395,0,36,43,65,73,29
20214,A,골목상권,3110685,금강수목원아파트,1014,749,265,2,60,190,279,274,209,1,35,123,189,214,187,1,25,67,90,60,22
20214,A,골목상권,3110854,조원동주민센터,3686,2722,964,3,494,609,555,569,1456,1,220,390,345,394,1372,2,274,219,210,175,84
20214,A,골목상권,3110742,KT금천빌딩(금천구시설관리공단),1604,1021,583,0,211,338,390,400,265,0,133,223,244,230,191,0,78,115,146,170,74
20214,A,골목상권,3110748,백산초등학교,1088,584,504,0,104,213,289,304,178,0,44,118,147,162,113,0,60,95,142,142,65
20214,A,골목상권,3110750,시흥4동주민센터(서울신흥초등학교),1125,636,489,9,163,218,324,281,130,8,89,133,186,127,93,1,74,85,138,154,37
20214,A,골목상권,3110749,금산초등학교(금천고등학교),7714,4555,3159,13,568,1109,1786,2003,2235,4,300,718,1027,1087,1419,9,268,391,759,916,816
20214,A,골목상권,3110763,영등포구청역 2번,7998,3926,4072,23,1606,2127,1491,1555,1196,12,684,1112,819,673,626,11,922,1015,672,882,570
20214,A,골목상권,3110786,당산역 8번,7202,5111,2091,19,1007,1783,1914,1612,867,6,490,1180,1444,1314,677,13,517,603,470,298,190
20214,A,골목상권,3110762,선유도역 1번,6490,4189,2301,17,859,1406,1594,1541,1073,11,470,902,970,975,861,6,389,504,624,566,212
20214,A,골목상권,3110803,신길2동우편취급국,2306,1308,998,6,226,496,505,482,591,3,103,233,253,261,455,3,123,263,252,221,136
20214,A,골목상권,3110757,양평역 2번,2594,1895,699,3,271,581,643,581,515,2,144,438,483,429,399,1,127,143,160,152,116
20214,A,골목상권,3110817,대방역 4번,3279,1548,1731,9,625,746,811,579,509,4,208,342,403,284,307,5,417,404,408,295,202
20214,A,골목상권,3110807,신길역 3번,994,401,593,5,113,194,247,269,166,2,40,84,97,101,77,3,73,110,150,168,89
20214,A,골목상권,3110847,예술인마을,2033,1270,763,3,284,468,518,409,351,3,131,269,312,253,302,0,153,199,206,156,49
20214,A,골목상권,3110903,방배아이파크아파트,13318,6720,6598,17,2219,3034,3683,2226,2139,5,678,1278,1774,1240,1745,12,1541,1756,1909,986,394
20214,A,골목상권,3110843,사당5동주민센터,856,499,357,1,74,130,224,245,182,0,30,57,123,154,135,1,44,73,101,91,47
20214,A,골목상권,3110898,청림동주민센터(상도중학교),3140,1745,1395,2,453,1024,1007,483,171,1,197,571,572,281,123,1,256,453,435,202,48
20214,A,골목상권,3110835,상도역 1번,1284,685,599,4,217,336,311,268,148,2,91,204,169,124,95,2,126,132,142,144,53
20214,A,골목상권,3110830,상도초등학교,1099,508,591,0,192,255,269,254,129,0,84,114,104,127,79,0,108,141,165,127,50
20214,A,골목상권,3110863,난우초등학교,1274,596,678,21,162,252,274,330,235,16,65,112,116,144,143,5,97,140,158,186,92
20214,A,골목상권,3110882,신성초등학교,1461,843,618,4,181,268,423,344,241,1,87,139,232,207,177,3,94,129,191,137,64
20214,A,골목상권,3110867,국제신학대학원대학교(남서울중학교),1284,802,482,3,150,289,290,284,268,1,93,193,167,179,169,2,57,96,123,105,99
20214,A,골목상권,3110871,신원동주민센터,1221,662,559,5,110,197,235,300,374,0,62,122,135,146,197,5,48,75,100,154,177
20214,A,골목상권,3110864,신림우방아파트,3078,2254,824,2,485,863,972,582,174,2,229,637,794,472,120,0,256,226,178,110,54
20214,A,골목상권,3110917,서초소방서,10472,8160,2312,29,1128,2908,2901,2625,881,18,710,2263,2404,2117,648,11,418,645,497,508,233
20214,A,골목상권,3110927,잠원역,3312,2219,1093,5,550,1142,865,499,251,3,321,787,627,322,159,2,229,355,238,177,92
20214,A,골목상권,3110915,서래초등학교,89045,79397,9648,58,9613,19204,23591,33698,2881,23,6991,15974,21216,32574,2619,35,2622,3230,2375,1124,262
20214,A,골목상권,3110918,방배역 3번,7950,4877,3073,25,1436,1942,1884,1479,1184,9,623,1168,1279,916,882,16,813,774,605,563,302
20214,A,골목상권,3110926,신중초등학교,18935,13842,5093,26,2537,6187,5342,3491,1352,11,1323,4503,4347,2701,957,15,1214,1684,995,790,395
20214,A,골목상권,3110928,서초우방유쉘아파트,8601,5394,3207,32,1319,2349,2192,1755,954,20,686,1554,1461,1019,654,12,633,795,731,736,300
20214,A,골목상권,3110941,언남고등학교,3148,2001,1147,15,501,854,828,599,351,13,285,552,530,367,254,2,216,302,298,232,97
20214,A,골목상권,3110977,논현로18길,8768,6092,2676,17,1345,2688,2352,1426,940,7,731,1839,1812,1000,703,10,614,849,540,426,237
20214,A,골목상권,3110956,언주역 8번,10460,6708,3752,44,2484,3229,2399,1398,906,30,1284,2052,1709,952,681,14,1200,1177,690,446,225
20214,A,골목상권,3110961,언주역 3번,19048,12835,6213,40,3657,5606,4187,2889,2669,10,1697,3702,3162,2277,1987,30,1960,1904,1025,612,682
20214,A,골목상권,3110970,학동초등학교,8274,4686,3588,35,1750,2524,1972,1193,800,17,746,1341,1253,767,562,18,1004,1183,719,426,238
20214,A,골목상권,3110986,삼성중앙역 7번,7054,4250,2804,39,1478,2059,1499,883,1096,9,622,1271,1051,561,736,30,856,788,448,322,360
20214,A,골목상권,3110958,역삼역 4번,13145,7672,5473,25,2620,4104,3148,1957,1291,13,968,2265,2168,1344,914,12,1652,1839,980,613,377
20214,A,골목상권,3111025,경찰병원역 3번,9858,5487,4371,53,1071,1688,1733,1768,3545,24,506,1023,1074,799,2061,29,565,665,659,969,1484
20214,A,골목상권,3111029,오금역 4번,6170,4510,1660,14,1076,1905,1533,1053,589,8,670,1374,1159,778,521,6,406,531,374,275,68
20214,A,골목상권,3111023,문정역 1번,3188,1943,1245,5,559,689,779,662,494,2,274,426,517,382,342,3,285,263,262,280,152
20214,A,골목상권,3111042,거여역 1번(거여공원),4647,2955,1692,20,677,1102,1208,1011,629,16,473,746,745,568,407,4,204,356,463,443,222
20214,A,골목상권,3111006,석촌고분역 1번,13231,9393,3838,32,1634,2684,3221,2686,2974,27,996,1913,2319,1807,2331,5,638,771,902,879,643
20214,A,골목상권,3111090,강일동주민센터,199,120,79,0,24,45,67,44,19,0,9,25,41,30,15,0,15,20,26,14,4
20214,A,골목상권,3111068,강동성심병원,3440,1771,1669,8,770,842,809,570,441,5,225,389,495,352,305,3,545,453,314,218,136
20214,A,골목상권,3111065,천일초등학교,1242,677,565,2,112,177,234,284,433,2,39,75,105,131,325,0,73,102,129,153,108
20214,A,골목상권,3111060,암사역 2번(서울강동초등학교),3038,1600,1438,3,337,620,746,749,583,2,117,297,376,407,401,1,220,323,370,342,182
20214,A,골목상권,3111054,암사역 4번(삼성광나루아파트),3175,1255,1920,2,329,487,578,782,997,2,142,257,245,207,402,0,187,230,333,575,595
20214,A,골목상권,3111049,천호지구대(천호동자전거거리),1795,986,809,7,217,342,414,400,415,3,102,177,213,206,285,4,115,165,201,194,130
20214,A,골목상권,3110007,사직공원(한국사회과학도서관),2261,1151,1110,4,393,616,566,444,238,2,142,279,306,251,171,2,251,337,260,193,67
20214,A,골목상권,3110531,홍지문,828,402,426,2,118,219,178,187,124,0,39,117,90,81,75,2,79,102,88,106,49
20214,A,골목상권,3110010,평창동서측,8863,4827,4036,16,958,2387,3264,1811,427,1,407,1007,1802,1306,304,15,551,1380,1462,505,123
20214,A,골목상권,3110013,체부동홍종문가옥,1116,630,486,4,122,231,265,248,246,0,42,116,139,143,190,4,80,115,126,105,56
20214,A,골목상권,3110051,한양공고앞 교차로,1270,665,605,0,194,259,304,324,189,0,76,137,166,173,113,0,118,122,138,151,76
20214,A,골목상권,3110587,공덕동주민센터,4777,2727,2050,20,903,1328,1318,886,322,3,450,775,774,531,194,17,453,553,544,355,128
20214,A,골목상권,3110075,숙대입구역 1번,11721,3647,8074,164,6494,2357,1245,865,596,15,739,1093,761,587,452,149,5755,1264,484,278,144
20214,A,골목상권,3110094,오산중학교,293,171,122,0,19,48,84,96,46,0,8,24,50,58,31,0,11,24,34,38,15
20214,A,골목상권,3110093,우사단길,5722,3218,2504,28,1105,1870,1447,876,396,11,353,986,985,650,233,17,752,884,462,226,163
20214,A,골목상권,3110089,서빙고동주민센터,1027,643,384,1,125,313,300,153,135,0,47,186,191,106,113,1,78,127,109,47,22
20214,A,골목상권,3110064,효창공원앞역 2번,3452,2255,1197,8,448,903,911,799,383,7,272,598,596,522,260,1,176,305,315,277,123
20214,A,골목상권,3110109,금호삼성래미안아파트,2637,1124,1513,17,315,812,1046,338,109,1,116,291,459,171,86,16,199,521,587,167,23
20214,A,골목상권,3110126,서울숲역 1번,3085,1944,1141,11,616,755,648,538,517,5,355,479,400,356,349,6,261,276,248,182,168
20214,A,골목상권,3110108,성동구립금호도서관,186,90,96,0,24,35,54,55,18,0,12,20,24,19,15,0,12,15,30,36,3
20214,A,골목상권,3110104,신금호역 4번,732,398,334,0,85,142,175,168,162,0,25,62,94,95,122,0,60,80,81,73,40
20214,A,골목상권,3110115,상왕십리역 3번,4711,2086,2625,18,803,828,947,1248,867,3,269,473,519,510,312,15,534,355,428,738,555
20214,A,골목상권,3110135,성동세무서,6003,3797,2206,7,862,1512,1538,1291,793,5,450,954,1006,780,602,2,412,558,532,511,191
20214,A,골목상권,3110133,서울교통공사,4981,3435,1546,23,1308,1313,957,778,602,20,760,917,708,550,480,3,548,396,249,228,122
20214,A,골목상권,3110130,답십리역 6번,5008,2174,2834,4,714,1041,1495,1390,364,2,492,707,504,247,222,2,222,334,991,1143,142
20214,A,골목상권,3110170,동대부여고,1909,989,920,3,252,420,535,456,243,1,90,195,287,248,168,2,162,225,248,208,75
20214,A,골목상권,3110172,광진초등학교,2650,1482,1168,56,464,506,558,636,430,25,237,266,298,348,308,31,227,240,260,288,122
20214,A,골목상권,3110173,구남초등학교,6227,3640,2587,15,457,1113,1646,2007,989,4,265,728,1023,979,641,11,192,385,623,1028,348
20214,A,골목상권,3110143,뚝섬유원지역 1번,1815,1480,335,4,196,506,523,433,153,1,151,416,440,351,121,3,45,90,83,82,32
20214,A,골목상권,3110165,국립정신건강센터,2364,1365,999,3,223,480,601,647,410,0,85,228,319,404,329,3,138,252,282,243,81
20214,A,골목상권,3110185,용두초등학교,8144,4248,3896,8,666,1891,2614,2141,824,3,322,1123,1308,948,544,5,344,768,1306,1193,280
20214,A,골목상권,3110313,안암역 3번,4007,2603,1404,7,479,974,1134,933,480,3,232,606,749,655,358,4,247,368,385,278,122
20214,A,골목상권,3110205,경희대삼거리,2042,1155,887,3,307,699,408,383,242,2,146,461,194,203,149,1,161,238,214,180,93
20214,A,골목상권,3110263,면목역 1번,2374,1295,1079,3,342,596,740,505,188,0,167,400,365,229,134,3,175,196,375,276,54
20214,A,골목상권,3110265,망우역 1번,2560,1588,972,13,240,367,540,748,652,2,93,155,261,513,564,11,147,212,279,235,88
20214,A,골목상권,3110272,신내1동주민센터,3286,2011,1275,4,411,585,632,841,813,4,214,329,339,496,629,0,197,256,293,345,184
20214,A,골목상권,3110429,공릉동 국수거리,4838,2587,2251,6,483,668,995,1400,1286,2,224,366,498,716,781,4,259,302,497,684,505
20214,A,골목상권,3110307,길음역 7번,2161,758,1403,9,665,611,420,293,163,0,120,232,163,133,110,9,545,379,257,160,53
20214,A,골목상권,3110310,길음역 10번,1961,875,1086,9,604,603,400,252,93,0,140,299,228,141,67,9,464,304,172,111,26
20214,A,골목상권,3110288,동구여중,1859,769,1090,6,181,454,656,400,162,0,55,184,238,173,119,6,126,270,418,227,43
20214,A,골목상권,3110326,장위동성당,1271,741,530,3,141,245,334,297,251,3,57,121,191,187,182,0,84,124,143,110,69
20214,A,골목상권,3110282,국민대학교앞,1906,1357,549,15,321,599,445,311,215,14,185,437,349,245,127,1,136,162,96,66,88
20214,A,골목상권,3110358,인수동 우편취급국,1765,939,826,2,170,270,351,489,483,0,51,121,160,260,347,2,119,149,191,229,136
20214,A,골목상권,3110404,신창초등학교,1553,862,691,11,174,258,430,465,215,8,68,144,234,271,137,3,106,114,196,194,78
20214,A,골목상권,3110380,강북문화정보도서관,592,293,299,0,63,86,106,169,168,0,17,49,52,80,95,0,46,37,54,89,73
20214,A,골목상권,3110370,도봉세무서,1155,642,513,7,84,180,290,317,277,6,25,81,136,177,217,1,59,99,154,140,60
20214,A,골목상권,3110359,수유시장옆,1979,746,1233,2,174,251,355,450,747,0,62,112,146,178,248,2,112,139,209,272,499
20214,A,골목상권,3110366,광산사거리,1102,553,549,2,152,230,302,260,156,0,71,120,146,119,97,2,81,110,156,141,59
20214,A,골목상권,3110391,샘말어린이공원,1105,495,610,0,95,176,215,283,336,0,30,73,100,108,184,0,65,103,115,175,152
20214,A,골목상권,3110386,연산군묘,898,534,364,0,132,210,207,211,138,0,60,118,124,120,112,0,72,92,83,91,26
20214,A,골목상권,3110385,효문고등학교,492,210,282,0,72,109,138,115,58,0,15,34,51,62,48,0,57,75,87,53,10
20214,A,골목상권,3110396,쌍문역1번(쌍리단길),873,388,485,4,110,167,201,233,158,1,36,63,88,108,92,3,74,104,113,125,66
20214,A,골목상권,3110438,경춘선숲길 우측,1262,670,592,2,165,313,395,265,122,1,79,159,202,145,84,1,86,154,193,120,38
20214,A,골목상권,3110472,연신내역 4번,2101,1115,986,9,291,420,561,452,368,4,112,235,265,229,270,5,179,185,296,223,98
20214,A,골목상권,3110458,선일여고,1561,717,844,5,204,370,371,412,199,2,85,168,169,166,127,3,119,202,202,246,72
20214,A,골목상권,3110460,구산역 4번,4098,2463,1635,10,303,617,938,1372,858,6,136,347,489,872,613,4,167,270,449,500,245
20214,A,골목상권,3110450,시립서북병원,3765,1891,1874,8,699,863,827,786,582,2,293,433,413,369,381,6,406,430,414,417,201
20214,A,골목상권,3110456,구산보건지소,2822,1445,1377,11,571,580,644,581,435,3,244,277,308,315,298,8,327,303,336,266,137
20214,A,골목상권,3110486,은평구청,3565,1859,1706,8,390,827,963,954,423,5,183,376,460,548,287,3,207,451,503,406,136
20214,A,골목상권,3110484,역촌역 3번,1849,903,946,7,208,399,493,442,300,5,86,179,219,212,202,2,122,220,274,230,98
20214,A,골목상권,3110461,새절역 2번,927,505,422,2,86,134,215,259,231,1,30,51,97,146,180,1,56,83,118,113,51
20214,A,골목상권,3110445,덕산중학교,1113,537,576,5,235,253,205,221,194,0,73,130,116,94,124,5,162,123,89,127,70
20214,A,골목상권,3110451,증산역 4번,2598,1818,780,3,354,592,647,619,383,2,156,421,488,450,301,1,198,171,159,169,82
20214,A,골목상권,3110446,내를건너서숲으로도서관,760,517,243,0,100,159,174,187,140,0,83,108,97,110,119,0,17,51,77,77,21
20214,A,골목상권,3110504,명지전문대,601,306,295,1,61,72,145,194,128,0,30,29,70,105,72,1,31,43,75,89,56
20214,A,골목상권,3110502,남가좌파출소,820,489,331,0,68,121,216,264,151,0,31,62,124,166,106,0,37,59,92,98,45
20214,A,골목상권,3110543,중암중학교,668,466,202,0,37,70,115,223,223,0,16,35,56,145,214,0,21,35,59,78,9
20214,A,골목상권,3110582,이대역 5번,907,344,563,2,105,192,252,226,130,1,24,52,78,110,79,1,81,140,174,116,51
20214,A,골목상권,3110520,경의중앙 신촌역,1500,752,748,8,322,367,324,282,197,5,111,177,147,168,144,3,211,190,177,114,53
20214,A,골목상권,3110566,경의선책거리,7387,4414,2973,27,1465,1717,1712,1423,1043,16,758,1040,1073,796,731,11,707,677,639,627,312
20214,A,골목상권,3110511,연희초등학교,5789,4486,1303,7,719,1297,1142,1990,634,1,495,983,811,1677,519,6,224,314,331,313,115
20214,A,골목상권,3110526,봉원사,367,217,150,1,22,70,135,80,59,1,9,35,92,46,34,0,13,35,43,34,25
20214,A,골목상권,3110585,마포경찰서,3239,2093,1146,1,420,1126,934,559,199,0,226,683,634,427,123,1,194,443,300,132,76
20214,A,골목상권,3110578,대흥역 2번,4903,3185,1718,78,872,1109,1037,1047,760,28,453,737,756,701,510,50,419,372,281,346,250
20214,A,골목상권,3110574,서강대학교,896,599,297,4,117,204,240,201,130,2,74,135,174,124,90,2,43,69,66,77,40
20214,A,골목상권,3110544,망리단길,6222,3617,2605,17,1248,1421,1318,976,1242,8,640,721,675,587,986,9,608,700,643,389,256
20214,A,골목상권,3110548,마포구청역 4번,5895,3452,2443,18,764,1118,1304,1728,963,10,390,797,862,809,584,8,374,321,442,919,379
20214,A,골목상권,3110557,홍대부속여중고앞,5872,3326,2546,15,903,1543,1632,1119,660,15,389,832,977,651,462,0,514,711,655,468,198
20214,A,골목상권,3110618,강서고등학교,3661,1791,1870,7,785,1002,801,724,342,3,195,468,416,435,274,4,590,534,385,289,68
20214,A,골목상권,3110596,서서울호수공원,2036,1321,715,5,229,365,459,585,393,2,117,220,272,383,327,3,112,145,187,202,66
20214,A,골목상권,3110599,신월1파출소,1680,1078,602,4,158,295,421,566,236,2,93,182,259,368,174,2,65,113,162,198,62
20214,A,골목상권,3110651,화원중학교,2712,1532,1180,8,300,556,660,686,502,6,148,340,365,391,282,2,152,216,295,295,220
20214,A,골목상권,3110623,갈산공원,1473,855,618,6,162,331,380,329,265,4,90,177,200,190,194,2,72,154,180,139,71
20214,A,골목상권,3110632,방화역 3번,3801,2575,1226,6,332,705,1119,1071,568,4,193,413,783,737,445,2,139,292,336,334,123
20214,A,골목상권,3110659,화곡역 4번,3626,1901,1725,18,457,804,957,853,537,15,183,460,522,422,299,3,274,344,435,431,238
20214,A,골목상권,3110722,G타워,19389,12310,7079,60,3607,6404,5129,2626,1563,29,1836,4264,3348,1661,1172,31,1771,2140,1781,965,391
20214,A,골목상권,3110682,온수역 8번,361,283,78,0,13,52,95,107,94,0,11,34,65,83,90,0,2,18,30,24,4
20214,A,골목상권,3110696,오류동역 1번,3475,2139,1336,33,914,1147,671,456,254,17,516,814,390,225,177,16,398,333,281,231,77
20214,A,골목상권,3110698,개웅초등학교(개웅중학교),2757,1234,1523,7,405,493,704,774,374,5,210,265,264,263,227,2,195,228,440,511,147
20214,A,골목상권,3110697,개봉3동주민센터,1101,686,415,1,168,226,252,244,210,1,77,141,156,157,154,0,91,85,96,87,56
20214,A,골목상권,3110688,오류지구대,1309,724,585,5,130,240,332,393,209,4,56,137,187,212,128,1,74,103,145,181,81
20214,A,골목상권,3110684,서울공연예술고등학교,980,521,459,4,124,208,238,273,133,2,54,118,122,154,71,2,70,90,116,119,62
20214,A,골목상권,3110728,두산초등학교,7779,4797,2982,17,403,805,1036,1484,4034,15,223,510,611,873,2565,2,180,295,425,611,1469
20214,A,골목상권,3110731,금천구청역 1번 출입구,4469,2258,2211,11,672,1215,1026,1039,506,6,276,550,486,608,332,5,396,665,540,431,174
20214,A,골목상권,3110730,서울축산농협 독산역지점(독산파출소),7158,4528,2630,15,350,639,810,1307,4037,13,197,420,491,801,2606,2,153,219,319,506,1431
20214,A,골목상권,3110752,한울중학교,2059,1251,808,13,294,388,526,539,299,10,181,248,303,289,220,3,113,140,223,250,79
20214,A,골목상권,3110753,시흥동 은행나무사거리,1767,985,782,8,199,364,416,443,337,7,105,218,220,235,200,1,94,146,196,208,137
20214,A,골목상권,3110743,시흥초등학교(시흥1동우체국),1901,835,1066,7,317,358,467,487,265,6,126,168,210,183,142,1,191,190,257,304,123
20214,A,골목상권,3110764,문래역 3번,3153,1905,1248,2,407,744,863,599,538,2,173,425,526,380,399,0,234,319,337,219,139
20214,A,골목상권,3110782,영등포시장역 4번,1839,1063,776,5,208,345,454,439,388,3,97,205,292,249,217,2,111,140,162,190,171
20214,A,골목상권,3110779,대림갑을명가아파트,800,491,309,1,87,130,177,235,170,0,44,84,105,135,123,1,43,46,72,100,47
20214,A,골목상권,3110765,문래동사거리,2020,1394,626,4,169,352,494,465,536,2,82,219,333,315,443,2,87,133,161,150,93
20214,A,골목상권,3110810,영신초등학교,2994,1643,1351,2,368,625,659,659,681,0,176,353,376,324,414,2,192,272,283,335,267
20214,A,골목상권,3110809,장훈고등학교,1484,885,599,1,203,345,302,292,341,0,102,180,180,183,240,1,101,165,122,109,101
20214,A,골목상권,3110824,대방역 3번,2129,1361,768,5,292,552,582,381,317,4,165,378,384,224,206,1,127,174,198,157,111
20214,A,골목상권,3110813,보라매역 6번,5419,3837,1582,9,1033,1296,1111,1526,444,6,590,941,791,1194,315,3,443,355,320,332,129
20214,A,골목상권,3110834,동작구자원봉사센터,2564,1472,1092,14,261,540,690,627,432,11,135,308,409,356,253,3,126,232,281,271,179
20214,A,골목상권,3110828,노량진역 6번,7261,4126,3135,15,905,2214,1977,1542,608,3,417,1160,1187,977,382,12,488,1054,790,565,226
20214,A,골목상권,3110827,NH농협은행 상도동지점,1082,439,643,2,105,183,271,274,247,1,38,79,104,103,114,1,67,104,167,171,133
20214,A,골목상권,3110852,이수역 9번,2529,1175,1354,5,473,620,696,447,288,1,132,264,309,240,229,4,341,356,387,207,59
20214,A,골목상권,3110905,방배노인종합복지관(이수중학교),5242,2054,3188,12,1165,1458,1271,885,451,1,334,540,486,427,266,11,831,918,785,458,185
20214,A,골목상권,3110851,경문고등학교(동작동성당),3368,1773,1595,14,635,1032,934,524,229,8,236,520,595,291,123,6,399,512,339,233,106
20214,A,골목상권,3110899,낙성대역 5번(관악중학교),4614,3107,1507,19,916,1345,1018,737,579,11,468,959,710,495,464,8,448,386,308,242,115
20214,A,골목상권,3110831,상도4동주민센터,1928,1233,695,2,251,423,419,532,301,2,136,263,284,407,141,0,115,160,135,125,160
20214,A,골목상권,3110873,당곡중학교,2525,1427,1098,7,341,547,627,540,463,4,156,299,352,290,326,3,185,248,275,250,137
20214,A,골목상권,3110841,중대부중,360,156,204,0,43,52,85,105,75,0,14,21,31,46,44,0,29,31,54,59,31
20214,A,골목상권,3110900,낙성대역 1번(관악구민 종합체육센터),4337,2627,1710,15,852,1276,966,653,575,7,368,802,610,388,452,8,484,474,356,265,123
20214,A,골목상권,3110892,관악구 중앙길,4005,1888,2117,12,627,825,985,859,697,7,212,389,474,444,362,5,415,436,511,415,335
20214,A,골목상권,3110866,난우중학교,1102,622,480,0,111,196,289,322,184,0,50,105,148,183,136,0,61,91,141,139,48
20214,A,골목상권,3110857,미성동주민센터,1238,578,660,17,154,236,276,322,233,13,73,114,121,124,133,4,81,122,155,198,100
20214,A,골목상권,3110875,보라매동주민센터(당곡고등학교),940,526,414,2,104,162,206,235,231,0,48,85,103,128,162,2,56,77,103,107,69
20214,A,골목상권,3110891,구암초등학교,1342,607,735,0,232,374,420,224,92,0,68,168,205,117,49,0,164,206,215,107,43
20214,A,골목상권,3110944,서울나래학교(염곡어린이공원),1156,798,358,10,148,272,221,240,265,8,109,212,164,151,154,2,39,60,57,89,111
20214,A,골목상권,3110942,염곡동 구룡사(포이동성당),13415,8394,5021,55,2287,3724,3222,2573,1554,26,1169,2292,2042,1698,1167,29,1118,1432,1180,875,387
20214,A,골목상권,3110920,방배역 2번(백석예술대학교),5016,3055,1961,91,1042,1259,931,793,900,26,459,731,622,507,710,65,583,528,309,286,190
20214,A,골목상권,3110910,내방역 5번,6436,3785,2651,20,1118,1455,1481,1224,1138,10,430,857,865,759,864,10,688,598,616,465,274
20214,A,골목상권,3110906,서문여고,11702,5247,6455,16,2248,2996,3566,2017,859,4,688,1244,1668,1074,569,12,1560,1752,1898,943,290
20214,A,골목상권,3110932,서울시인재개발원,4209,2306,1903,8,1038,1226,942,667,328,6,350,687,621,424,218,2,688,539,321,243,110
20214,A,골목상권,3110930,서초동성당,32660,17166,15494,63,6180,7719,7177,9753,1768,35,2030,3676,3572,6555,1298,28,4150,4043,3605,3198,470
20214,A,골목상권,3110931,삼성전자서울R&D(서울우면초등학교),211,106,105,0,53,63,49,28,18,0,20,37,22,17,10,0,33,26,27,11,8
20214,A,골목상권,3110938,바우뫼공원,4722,3197,1525,17,814,1339,1276,836,440,8,422,921,904,581,361,9,392,418,372,255,79
20214,A,골목상권,3110943,법제교육센터(버들어린이공원),5935,3672,2263,18,851,1433,1538,1193,902,10,470,907,945,696,644,8,381,526,593,497,258
20214,A,골목상권,3110994,개포고등학교,4345,2839,1506,57,867,1222,970,768,461,24,505,806,631,503,370,33,362,416,339,265,91
20214,A,골목상권,3110988,청담역 3번,14773,6151,8622,65,3286,4402,3877,2145,998,27,1018,1851,1536,1027,692,38,2268,2551,2341,1118,306
20214,A,골목상권,3111012,석촌역 6번,3563,1857,1706,6,341,717,926,795,778,4,123,380,473,406,471,2,218,337,453,389,307
20214,A,골목상권,3111043,마천공원,1725,1113,612,1,183,389,411,423,318,0,112,251,235,271,244,1,71,138,176,152,74
20214,A,골목상권,3111045,개미어린이공원,1629,952,677,8,240,270,383,466,262,2,144,178,243,239,146,6,96,92,140,227,116
20214,A,골목상권,3111047,마천1치안센터,1130,680,450,1,120,251,299,266,193,1,60,143,171,153,152,0,60,108,128,113,41
20214,A,골목상권,3111028,문현중학교(장지역 1번),2770,1677,1093,9,489,714,682,541,335,5,271,467,421,262,251,4,218,247,261,279,84
20214,A,골목상권,3111035,오금공원(오주중학교),2277,1464,813,2,256,487,582,635,315,1,148,328,395,374,218,1,108,159,187,261,97
20214,A,골목상권,3111053,성내천어린이공원(하니사랑길),13219,9342,3877,40,1620,2605,2692,3224,3038,16,990,1785,1878,2342,2331,24,630,820,814,882,707
20214,A,골목상권,3111087,고덕중학교(고덕2동주민센터),472,171,301,0,46,83,108,137,98,0,8,31,45,43,44,0,38,52,63,94,54
20214,A,골목상권,3111083,GS강동자이아파트,2192,1281,911,3,253,379,423,595,539,3,145,235,242,299,357,0,108,144,181,296,182
20214,A,골목상권,3111074,명일역 1번,1560,927,633,3,195,368,374,356,264,2,96,213,197,225,194,1,99,155,177,131,70
20214,A,골목상권,3111056,천호태영아파트,2371,1291,1080,1,166,256,372,396,1180,0,61,99,164,203,764,1,105,157,208,193,416
20214,A,골목상권,3111061,암사역 1번,3505,1543,1962,2,374,555,668,876,1030,1,150,309,306,294,483,1,224,246,362,582,547
20214,A,골목상권,3110036,동묘앞역 3번,1190,660,530,2,181,238,291,276,202,0,47,113,169,190,141,2,134,125,122,86,61
20214,A,골목상권,3110034,창신1동주민센터,1885,871,1014,8,319,394,521,412,231,7,104,157,206,228,169,1,215,237,315,184,62
20214,A,골목상권,3110028,이화달팽이길,3695,2004,1691,7,657,966,880,710,475,3,229,479,515,444,334,4,428,487,365,266,141
20214,A,골목상권,3110014,경복고등학교,1637,871,766,2,154,436,502,373,170,2,50,215,274,204,126,0,104,221,228,169,44
20214,A,골목상권,3110001,이북5도청사,3311,2335,976,10,598,774,665,978,286,6,331,504,493,810,191,4,267,270,172,168,95
20214,A,골목상권,3110286,한성대입구역 5번,4861,2170,2691,20,736,1306,1268,999,532,9,240,613,591,455,262,11,496,693,677,544,270
20214,A,골목상권,3110283,성북초등학교앞,2067,1295,772,12,288,580,641,380,166,8,150,391,427,218,101,4,138,189,214,162,65
20213,A,골목상권,3110116,청계천박물관,6537,4739,1798,43,541,1177,1527,2151,1098,31,326,844,1178,1561,799,12,215,333,349,590,299
20213,A,골목상권,3110128,성원중학교,3542,2310,1232,18,454,892,940,801,437,8,266,660,634,494,248,10,188,232,306,307,189
20213,A,골목상권,3110120,서울숲카페거리,835,506,329,0,85,162,225,202,161,0,41,83,109,130,143,0,44,79,116,72,18
20213,A,골목상권,3110124,뚝섬역교차로,2595,1874,721,12,366,472,586,575,584,10,183,303,387,461,530,2,183,169,199,114,54
20213,A,골목상권,3110129,성원어린이공원,3599,2300,1299,18,579,846,820,729,607,14,311,541,561,470,403,4,268,305,259,259,204
20213,A,골목상권,3110132,성수2가3동주민센터,3491,2130,1361,9,415,835,861,811,560,8,209,510,554,495,354,1,206,325,307,316,206
20213,A,골목상권,3110223,군자초등학교,3357,2271,1086,35,621,967,788,549,397,8,327,680,552,382,322,27,294,287,236,167,75
20213,A,골목상권,3110111,대현산장미원,74,52,22,0,7,13,12,21,21,0,6,5,6,16,19,0,1,8,6,5,2
20213,A,골목상권,3110166,구의1동주민센터,13530,10491,3039,13,880,2121,3757,5357,1402,11,448,1352,2902,4600,1178,2,432,769,855,757,224
20213,A,골목상권,3110160,광진경찰서,1622,1121,501,1,270,514,389,345,103,1,174,364,263,239,80,0,96,150,126,106,23
20213,A,골목상권,3110164,아차산역 5번,2452,1482,970,7,311,484,595,582,473,2,153,274,370,328,355,5,158,210,225,254,118
20213,A,골목상권,3110145,장안초등학교,626,318,308,0,48,90,132,215,141,0,20,45,59,100,94,0,28,45,73,115,47
20213,A,골목상권,3110158,중곡3동주민센터,1689,1085,604,3,201,401,431,405,248,0,113,280,259,259,174,3,88,121,172,146,74
20213,A,골목상권,3110253,중곡초등학교,1551,1093,458,2,104,216,386,589,254,1,47,124,250,474,197,1,57,92,136,115,57
20213,A,골목상권,3110227,답십리공원,3666,2141,1525,43,1527,620,564,543,369,25,873,404,327,274,238,18,654,216,237,269,131
20213,A,골목상권,3110192,동의보감타워,1689,798,891,2,156,273,358,433,467,0,54,114,189,200,241,2,102,159,169,233,226
20213,A,골목상권,3110182,용두희망어린이공원,6164,2634,3530,4,747,1233,1297,1729,1154,0,240,665,668,567,494,4,507,568,629,1162,660
20213,A,골목상권,3110208,시조사삼거리,1810,1056,754,3,255,573,311,351,317,2,120,403,184,193,154,1,135,170,127,158,163
20213,A,골목상권,3110191,고려대역 6번,817,524,293,1,45,155,267,206,143,1,24,76,163,146,114,0,21,79,104,60,29
20213,A,골목상권,3110193,고려대역 4번,827,531,296,1,49,167,287,216,107,1,25,93,176,149,87,0,24,74,111,67,20
20213,A,골목상권,3110274,서일대학교,1874,1209,665,2,153,270,455,529,465,1,54,150,285,380,339,1,99,120,170,149,126
20213,A,골목상권,3110270,혜원여고,1057,631,426,0,86,153,246,300,272,0,32,87,130,187,195,0,54,66,116,113,77
20213,A,골목상권,3110277,러스크서울병원,1417,798,619,5,161,220,285,429,317,1,56,69,143,266,263,4,105,151,142,163,54
20213,A,골목상권,3110249,중화역 1번,2900,1839,1061,1,380,672,715,696,436,1,208,379,410,482,359,0,172,293,305,214,77
20213,A,골목상권,3110250,화랑대역 7번,1016,501,515,5,84,215,300,277,135,1,28,102,135,142,93,4,56,113,165,135,42
20213,A,골목상권,3110235,세화어린이공원,352,192,160,6,86,56,94,66,44,5,50,30,41,35,31,1,36,26,53,31,13
20213,A,골목상권,3110306,미아초등학교,5040,2548,2492,418,2027,1281,681,387,246,176,903,701,375,192,201,242,1124,580,306,195,45
20213,A,골목상권,3110304,보문역 4번,3586,1900,1686,4,465,1014,939,889,275,3,200,485,478,545,189,1,265,529,461,344,86
20213,A,골목상권,3110336,석관고등학교,933,606,327,1,108,181,209,262,172,0,57,97,124,192,136,1,51,84,85,70,36
20213,A,골목상권,3110327,상월곡역 2번,1727,1049,678,4,291,422,476,347,187,1,146,269,289,200,144,3,145,153,187,147,43
20213,A,골목상권,3110330,돌곶이역 1번,785,481,304,1,83,124,161,170,246,0,26,63,88,101,203,1,57,61,73,69,43
20213,A,골목상권,3110335,석계역 7번,2390,1663,727,2,154,218,357,467,1192,0,68,110,204,330,951,2,86,108,153,137,241
20213,A,골목상권,3110332,돌곶이역 3번,2136,1489,647,1,156,186,243,364,1186,0,59,94,136,223,977,1,97,92,107,141,209
20213,A,골목상권,3110389,한일병원,2913,1480,1433,1,556,681,702,645,328,1,161,333,390,368,227,0,395,348,312,277,101
20213,A,골목상권,3110347,구세군강북종합사회복지관,229,109,120,0,29,43,60,41,56,0,5,15,30,21,38,0,24,28,30,20,18
20213,A,골목상권,3110344,화계중학교,765,403,362,0,70,135,208,278,74,0,39,56,106,139,63,0,31,79,102,139,11
20213,A,골목상권,3110353,수유동우체국,2195,1467,728,0,76,117,357,593,1052,0,17,56,240,437,717,0,59,61,117,156,335
20213,A,골목상권,3110387,쌍문초등학교,1023,569,454,0,115,155,279,298,176,0,47,78,125,166,153,0,68,77,154,132,23
20213,A,골목상권,3110337,아카데미하우스,1220,817,403,6,149,254,287,330,194,6,70,184,184,207,166,0,79,70,103,123,28
20213,A,골목상권,3110397,도봉산입구,1081,690,391,0,65,132,223,329,332,0,17,63,112,226,272,0,48,69,111,103,60
20213,A,골목상권,3110406,도봉산역 1번,1282,894,388,0,35,92,248,427,480,0,12,56,183,328,315,0,23,36,65,99,165
20213,A,골목상권,3110415,수락산역 4번,3127,1795,1332,19,436,611,756,776,529,16,238,366,437,450,288,3,198,245,319,326,241
20213,A,골목상권,3110435,서울과학기술대,486,320,166,0,28,85,109,148,116,0,14,37,61,104,104,0,14,48,48,44,12
20213,A,골목상권,3110436,상계제일중학교,1604,823,781,12,185,351,391,391,274,7,70,171,207,186,182,5,115,180,184,205,92
20213,A,골목상권,3110432,대진고등학교,2273,1419,854,3,199,364,570,753,384,2,72,175,325,556,289,1,127,189,245,197,95
20213,A,골목상권,3110483,연천초등학교,1888,990,898,2,87,158,205,289,1147,1,35,83,95,136,640,1,52,75,110,153,507
20213,A,골목상권,3110491,불광중학교,467,194,273,1,38,82,132,139,75,1,13,39,53,48,40,0,25,43,79,91,35
20213,A,골목상권,3110497,가좌역 3번,3639,2210,1429,4,227,430,591,916,1471,2,157,288,394,494,875,2,70,142,197,422,596
20213,A,골목상권,3110452,새절역 3번,1150,767,383,3,83,169,269,341,285,3,52,85,159,216,252,0,31,84,110,125,33
20213,A,골목상권,3110469,응암정보도서관,2593,1307,1286,1,277,517,711,671,416,0,105,249,330,338,285,1,172,268,381,333,131
20213,A,골목상권,3110471,응암동우체국,1068,455,613,2,131,198,295,296,146,1,38,64,109,149,94,1,93,134,186,147,52
20213,A,골목상권,3110494,증산3교남측,1503,1100,403,0,61,162,176,249,855,0,27,76,66,146,785,0,34,86,110,103,70
20213,A,골목상권,3110501,연희어린이공원,1435,806,629,9,204,340,341,335,206,8,95,227,185,158,133,1,109,113,156,177,73
20213,A,골목상권,3110500,남가좌동현대아파트,219,118,101,0,28,30,52,77,32,0,13,18,25,47,15,0,15,12,27,30,17
20213,A,골목상권,3110530,아현역 1번,1285,656,629,2,341,431,249,154,108,1,130,243,133,83,66,1,211,188,116,71,42
20213,A,골목상권,3110509,연희대우아파트앞,3108,1452,1656,10,588,768,762,647,333,7,195,340,413,291,206,3,393,428,349,356,127
20213,A,골목상권,3110564,홍대입구역 3번,3719,2005,1714,13,669,919,827,753,538,9,248,448,456,453,391,4,421,471,371,300,147
20213,A,골목상권,3110524,연희세브란스병원,103,61,42,0,12,14,21,21,35,0,6,7,10,13,25,0,6,7,11,8,10
20213,A,골목상권,3110519,서대문구보건소별관,1507,688,819,1,235,290,399,374,208,1,79,135,203,162,108,0,156,155,196,212,100
20213,A,골목상권,3110576,대흥역 3번,5382,3414,1968,79,939,1223,1169,1147,825,29,466,793,820,754,552,50,473,430,349,393,273
20213,A,골목상권,3110573,신촌역 6번,3658,1638,2020,59,1952,841,356,296,154,19,740,412,168,189,110,40,1212,429,188,107,44
20213,A,골목상권,3110563,상수역 3번,1775,1091,684,20,394,537,380,269,175,14,185,322,259,186,125,6,209,215,121,83,50
20213,A,골목상권,3110621,목동역 5번,6561,3403,3158,13,1373,1658,1558,1218,741,7,459,886,925,658,468,6,914,772,633,560,273
20213,A,골목상권,3110604,신월4동주민센터,2562,1829,733,1,147,307,531,813,763,1,63,163,324,591,687,0,84,144,207,222,76
20213,A,골목상권,3110592,서울금융고등학교,1418,826,592,0,159,268,306,388,297,0,60,114,154,262,236,0,99,154,152,126,61
20213,A,골목상권,3110595,메디힐병원,2673,1506,1167,2,265,534,570,717,585,1,120,277,304,429,375,1,145,257,266,288,210
20213,A,골목상권,3110603,지향초등학교,1491,835,656,3,116,242,379,451,300,0,47,129,201,246,212,3,69,113,178,205,88
20213,A,골목상권,3110625,신정2동주민센터,16198,9820,6378,112,2886,5330,4076,2804,990,78,1380,3276,2623,1819,644,34,1506,2054,1453,985,346
20213,A,골목상권,3110694,세곡초등학교,1785,1047,738,2,177,395,445,464,302,0,103,223,225,258,238,2,74,172,220,206,64
20213,A,골목상권,3110614,목동로데오거리,2417,1098,1319,3,334,528,600,608,344,2,114,230,276,284,192,1,220,298,324,324,152
20213,A,골목상권,3110667,가양역 10번,1800,935,865,11,274,339,420,410,346,3,109,178,245,204,196,8,165,161,175,206,150
20213,A,골목상권,3110643,강서구다솔마을,965,598,367,1,130,245,288,220,81,0,61,147,186,143,61,1,69,98,102,77,20
20213,A,골목상권,3110639,신방화역 8번,2731,1181,1550,7,220,288,413,883,920,4,100,169,211,292,405,3,120,119,202,591,515
20213,A,골목상권,3110663,우장산롯데캐슬아파트앞,5359,3199,2160,30,999,1445,1422,975,488,6,423,940,917,567,346,24,576,505,505,408,142
20213,A,골목상권,3110641,공항고등학교,1128,713,415,5,140,196,275,310,202,4,68,126,151,195,169,1,72,70,124,115,33
20213,A,골목상권,3110633,개화산역 1번,1889,1400,489,5,147,329,613,532,263,3,96,226,475,385,215,2,51,103,138,147,48
20213,A,골목상권,3110642,정곡초등학교,685,546,139,4,37,93,162,180,209,3,26,69,120,144,184,1,11,24,42,36,25
20213,A,골목상권,3110678,염창무학아파트,1394,954,440,1,153,288,345,353,254,1,67,196,230,253,207,0,86,92,115,100,47
20213,A,골목상권,3110653,화곡역 2번,3217,1604,1613,4,830,737,647,610,389,2,234,386,349,374,259,2,596,351,298,236,130
20213,A,골목상권,3110664,강서구청옆,5115,3052,2063,3,737,1589,1285,1162,339,2,325,916,765,801,243,1,412,673,520,361,96
20213,A,골목상권,3110661,강서새말어린이공원,5000,2990,2010,3,614,1412,1299,1279,393,1,264,757,773,902,293,2,350,655,526,377,100
20213,A,골목상권,3110710,남구로역 3번,11294,7278,4016,42,2025,3289,2861,1783,1294,27,997,2122,1963,1237,932,15,1028,1167,898,546,362
20213,A,골목상권,3110683,오류고등학교,947,549,398,2,104,203,251,259,128,0,46,117,149,161,76,2,58,86,102,98,52
20213,A,골목상권,3110687,"천왕역 3번(오류2동주민센터, 서울오류남초등학교)",611,327,284,2,64,145,181,164,55,0,25,67,94,101,40,2,39,78,87,63,15
20213,A,골목상권,3110740,금천해태공원,2272,1221,1051,12,314,449,585,607,305,12,140,242,307,289,231,0,174,207,278,318,74
20213,A,골목상권,3110733,금천어울림복지센터,1394,848,546,6,220,294,309,352,213,6,95,175,196,198,178,0,125,119,113,154,35
20213,A,골목상권,3110739,시흥3동 우편취급국,6057,3396,2661,12,415,798,1378,1593,1861,3,218,521,767,793,1094,9,197,277,611,800,767
20213,A,골목상권,3110794,영동초등학교,6731,4384,2347,7,908,1678,1868,1488,782,4,484,1187,1296,880,533,3,424,491,572,608,249
20213,A,골목상권,3110796,한림대학교한강성심병원,4703,2546,2157,8,1205,1185,1032,730,543,0,356,602,664,496,428,8,849,583,368,234,115
20213,A,골목상권,3110773,당산역 13번,2296,1625,671,5,321,455,469,433,613,2,200,319,306,314,484,3,121,136,163,119,129
20213,A,골목상권,3110775,대동초등학교,2205,1172,1033,3,265,305,440,491,701,2,87,154,225,267,437,1,178,151,215,224,264
20213,A,골목상권,3110802,신길동홍어거리,1688,958,730,2,163,356,336,340,491,0,66,161,165,198,368,2,97,195,171,142,123
20213,A,골목상권,3110814,서울지방병무청,7231,4542,2689,9,1277,1559,1449,2091,846,3,648,1005,888,1436,562,6,629,554,561,655,284
20213,A,골목상권,3110791,신풍역 3번,962,409,553,2,107,204,340,219,90,1,55,84,106,98,65,1,52,120,234,121,25
20213,A,골목상권,3110826,장승배기역 4번,1539,717,822,2,208,317,383,327,302,1,88,174,163,145,146,1,120,143,220,182,156
20213,A,골목상권,3110846,남성역 1번,3023,1643,1380,6,279,488,722,688,840,4,110,241,329,370,589,2,169,247,393,318,251
20213,A,골목상권,3110849,이수역 10번,2020,917,1103,9,243,385,555,503,325,3,74,176,237,222,205,6,169,209,318,281,120
20213,A,골목상권,3110904,이수역 5번,7580,3075,4505,27,1481,1942,1814,1328,988,11,481,754,719,541,569,16,1000,1188,1095,787,419
20213,A,골목상권,3110845,사당종합체육관,2216,1328,888,1,343,604,608,487,173,0,142,347,418,296,125,1,201,257,190,191,48
20213,A,골목상권,3110838,상도1동주민센터앞,470,279,191,0,38,134,125,108,65,0,24,64,76,59,56,0,14,70,49,49,9
20213,A,골목상권,3110842,흑리단길,333,124,209,1,42,51,91,88,60,0,9,16,31,31,37,1,33,35,60,57,23
20213,A,골목상권,3110895,샤로수길,9100,5774,3326,22,1457,2643,2011,1949,1018,12,741,1663,1249,1320,789,10,716,980,762,629,229
20213,A,골목상권,3110862,난곡초등학교(난곡동벽화마을),751,369,382,4,90,142,198,179,138,2,33,61,89,89,95,2,57,81,109,90,43
20213,A,골목상권,3110881,구립대학경로당(관악산샘말공원),3491,2506,985,7,487,876,989,802,330,2,285,574,762,628,255,5,202,302,227,174,75
20213,A,골목상권,3110868,남부초등학교,1203,669,534,1,119,222,307,292,262,1,58,121,153,170,166,0,61,101,154,122,96
20213,A,골목상권,3110884,봉천역 4번(봉천110안전센터),2449,1248,1201,5,344,475,517,594,514,2,117,236,287,288,318,3,227,239,230,306,196
20213,A,골목상권,3110945,본마을노인복지센터(서초구립내곡도서관),282,173,109,3,60,68,60,61,30,3,24,39,39,44,24,0,36,29,21,17,6
20213,A,골목상권,3110923,방배역 1번,7685,4925,2760,99,1271,2216,1992,1225,882,30,656,1274,1396,874,695,69,615,942,596,351,187
20213,A,골목상권,3110911,방배배수지체육공원,5174,3320,1854,19,999,1738,1199,574,645,7,472,1151,868,368,454,12,527,587,331,206,191
20213,A,골목상권,3110925,서초중학교,7154,4224,2930,46,1556,2069,1769,1060,654,22,621,1233,1169,687,492,24,935,836,600,373,162
20213,A,골목상권,3110939,양재역 8번(양재동우체국),41563,20436,21127,491,8989,10005,11680,7308,3090,234,4386,5999,4772,2772,2273,257,4603,4006,6908,4536,817
20213,A,골목상권,3110957,언북중학교,19599,10831,8768,50,4379,6251,4791,2651,1477,12,1584,3303,3059,1807,1066,38,2795,2948,1732,844,411
20213,A,골목상권,3110965,언주역 6번,9740,5517,4223,23,2101,3089,2326,1335,866,8,808,1801,1548,764,588,15,1293,1288,778,571,278
20213,A,골목상권,3110989,대치동아우편취급국,11455,6945,4510,30,1728,2699,2466,2216,2316,10,807,1670,1718,1423,1317,20,921,1029,748,793,999
20213,A,골목상권,3110976,언북초등학교,7421,3945,3476,22,1768,2422,1579,974,656,5,662,1328,981,573,396,17,1106,1094,598,401,260
20213,A,골목상권,3111013,송파나루역 1번(송리단길),13204,8353,4851,24,2104,4019,3310,2243,1504,8,1026,2562,2230,1466,1061,16,1078,1457,1080,777,443
20213,A,골목상권,3111009,송파책박물관,1894,1412,482,3,218,363,367,454,489,1,177,296,267,293,378,2,41,67,100,161,111
20213,A,골목상권,3111036,투구봉어린이공원,2144,1386,758,11,342,562,503,501,225,9,231,389,324,276,157,2,111,173,179,225,68
20213,A,골목상권,3111039,벌말어린이공원,2919,1879,1040,10,337,724,752,674,422,9,200,492,489,409,280,1,137,232,263,265,142
20213,A,골목상권,3111063,강동구립 천호도서관,2780,1638,1142,5,183,340,451,548,1253,5,84,173,243,277,856,0,99,167,208,271,397
20213,A,골목상권,3111075,굽은다리역 2번,2417,1284,1133,3,301,474,580,612,447,1,128,269,277,326,283,2,173,205,303,286,164
20213,A,골목상권,3111058,성내중학교,2021,1203,818,3,223,404,536,552,303,1,135,242,295,323,207,2,88,162,241,229,96
20213,A,골목상권,3111055,선사초등학교,1504,437,1067,1,125,210,322,498,348,0,66,114,117,64,76,1,59,96,205,434,272
20213,A,골목상권,3110535,영천시장입구,1407,635,772,2,148,229,338,457,233,2,47,91,151,210,134,0,101,138,187,247,99
20213,A,골목상권,3110009,자하문터널,2236,1348,888,1,463,684,579,375,134,1,207,424,359,259,98,0,256,260,220,116,36
20213,A,골목상권,3110033,창신역 4번,852,441,411,1,111,175,201,230,134,0,33,87,107,143,71,1,78,88,94,87,63
20213,A,골목상권,3110023,서울대병원,2374,1256,1118,7,511,735,518,390,213,2,179,349,299,269,158,5,332,386,219,121,55
20213,A,골목상권,3110022,경신고등학교,5909,2689,3220,26,974,1661,1479,1083,686,19,336,787,696,497,354,7,638,874,783,586,332
20213,A,골목상권,3110280,북정마을,1209,815,394,9,195,326,356,231,92,2,107,241,255,149,61,7,88,85,101,82,31
20213,A,골목상권,3110044,관성묘,34192,15760,18432,442,11564,8837,6437,4830,2082,190,5585,5080,3417,1066,422,252,5979,3757,3020,3764,1660
20213,A,골목상권,3110590,만리재,1137,499,638,0,203,311,256,242,125,0,72,138,121,98,70,0,131,173,135,144,55
20213,A,골목상권,3110538,충정로역 3번,6660,3985,2675,3,1234,1988,1797,1041,597,2,614,1164,1117,687,401,1,620,824,680,354,196
20213,A,골목상권,3110074,서울역 12번,26467,15378,11089,166,9386,8469,5337,2396,713,16,2581,5612,4442,2143,584,150,6805,2857,895,253,129
20213,A,골목상권,3110079,후암동주민센터,23635,17320,6315,25,4338,8442,6036,3464,1330,14,2507,5969,5038,2823,969,11,1831,2473,998,641,361
20213,A,골목상권,3110084,경리단길북측,1137,629,508,2,162,321,292,215,145,0,72,172,152,124,109,2,90,149,140,91,36
20213,A,골목상권,3110081,해방촌 남동측,1004,549,455,0,167,274,244,214,105,0,70,167,133,107,72,0,97,107,111,107,33
20213,A,골목상권,3110071,한강미주맨션아파트,7694,4336,3358,39,937,1689,2729,1822,478,30,410,993,1467,1121,315,9,527,696,1262,701,163
20213,A,골목상권,3110070,용산세무서,4544,2531,2013,7,511,842,1763,1106,315,0,317,511,830,654,219,7,194,331,933,452,96
20213,A,골목상권,3110062,한강로동땡땡거리(은행나무길),6939,4293,2646,11,881,2017,1923,1394,713,7,381,1078,1310,1036,481,4,500,939,613,358,232
20213,A,골목상권,3110101,옥정중학교,7875,6553,1322,8,667,2533,2557,1899,211,4,336,1961,2280,1793,179,4,331,572,277,106,32
20213,A,골목상권,3110102,옥수역 6번,3841,1318,2523,3,1030,1177,844,551,236,0,231,368,353,245,121,3,799,809,491,306,115
20213,A,골목상권,3110142,화양사거리,2804,1663,1141,4,514,723,673,527,363,1,251,457,441,258,255,3,263,266,232,269,108
20213,A,골목상권,3110179,광나루역 1번,5756,3390,2366,160,2246,981,941,998,430,51,1063,679,646,684,267,109,1183,302,295,314,163
20213,A,골목상권,3110180,광진정보도서관,8061,5134,2927,18,2150,2859,1722,920,392,5,1092,1920,1198,611,308,13,1058,939,524,309,84
20213,A,골목상권,3110159,구의역 4번,5367,2836,2531,7,750,1225,1369,1270,746,7,284,550,682,767,546,0,466,675,687,503,200
20213,A,골목상권,3110148,어린이대공원역 3번,1054,772,282,0,83,139,292,374,166,0,39,93,207,287,146,0,44,46,85,87,20
20213,A,골목상권,3110153,중곡1동주민센터,4344,1904,2440,82,1289,748,851,997,377,28,556,394,376,309,241,54,733,354,475,688,136
20213,A,골목상권,3110228,장안근린공원,5579,2983,2596,50,1846,996,988,1029,670,31,967,565,447,513,460,19,879,431,541,516,210
20213,A,골목상권,3110183,한국의류시험연구원,5635,1896,3739,5,941,1338,1052,1352,947,1,284,602,411,281,317,4,657,736,641,1071,630
20213,A,골목상권,3110210,서울시립대,1290,734,556,4,172,214,230,290,380,1,63,119,130,137,284,3,109,95,100,153,96
20213,A,골목상권,3110197,세종대왕기념관교차로,681,441,240,1,42,138,243,179,78,1,22,79,156,117,66,0,20,59,87,62,12
20213,A,골목상권,3110317,종암중학교,856,427,429,0,69,203,291,204,89,0,23,84,143,127,50,0,46,119,148,77,39
20213,A,골목상권,3110269,용마문화복지센터,1193,806,387,1,105,206,253,351,277,0,39,123,168,269,207,1,66,83,85,82,70
20213,A,골목상권,3110262,상봉역 3번,2597,1501,1096,5,405,724,834,459,170,3,233,499,436,209,121,2,172,225,398,250,49
20213,A,골목상권,3110243,중랑노인종합복지관,1280,706,574,2,112,204,300,372,290,1,37,90,161,202,215,1,75,114,139,170,75
20213,A,골목상권,3110252,장안제일시장,1463,895,568,1,172,277,384,342,287,1,77,179,182,215,241,0,95,98,202,127,46
20213,A,골목상권,3110255,상봉역 4번,4054,2483,1571,6,455,886,1164,879,664,1,218,560,648,531,525,5,237,326,516,348,139
20213,A,골목상권,3110259,사가정역 1번,2849,1765,1084,6,311,616,796,665,455,3,137,348,463,463,351,3,174,268,333,202,104
20213,A,골목상권,3110247,먹골역 1번,1727,841,886,0,201,366,470,450,240,0,59,164,206,235,177,0,142,202,264,215,63
20213,A,골목상권,3110244,중화역 4번,2138,1412,726,2,328,556,501,482,269,2,197,350,310,346,207,0,131,206,191,136,62
20213,A,골목상권,3110251,장안중학교,1630,858,772,0,198,364,401,366,301,0,75,156,203,193,231,0,123,208,198,173,70
20213,A,골목상권,3110271,신내역 1번,2482,929,1553,4,592,712,487,573,114,1,121,285,240,223,59,3,471,427,247,350,55
20213,A,골목상권,3110296,성신여대입구역 4번,12695,7697,4998,59,1926,3038,3949,2285,1438,26,872,1766,2632,1690,711,33,1054,1272,1317,595,727
20213,A,골목상권,3110297,경동고등학교,7690,3952,3738,8,907,1939,2285,1889,662,4,314,848,1159,1261,366,4,593,1091,1126,628,296
20213,A,골목상권,3110378,송중동주민센터,1126,533,593,8,114,164,325,277,238,6,49,71,143,123,141,2,65,93,182,154,97
20213,A,골목상권,3110414,장석교회,402,255,147,4,50,79,115,101,53,2,29,47,75,62,40,2,21,32,40,39,13
20213,A,골목상권,3110287,정릉3동주민센터,875,585,290,0,79,170,271,258,97,0,28,91,181,204,81,0,51,79,90,54,16
20213,A,골목상권,3110375,서울북부고용노동지청,845,360,485,1,109,138,239,204,154,0,39,61,79,89,92,1,70,77,160,115,62
20213,A,골목상권,3110399,창2동주민센터,1602,880,722,10,196,366,466,372,192,9,106,227,240,168,130,1,90,139,226,204,62
20213,A,골목상권,3110354,삼각산119안전센터,344,130,214,1,37,80,102,76,48,0,8,21,42,29,30,1,29,59,60,47,18
20213,A,골목상권,3110350,가오리역 2번,1785,1189,596,0,95,235,490,631,334,0,24,137,343,423,262,0,71,98,147,208,72
20213,A,골목상권,3110410,방학역 2번,5184,3020,2164,10,533,1200,1296,1319,826,9,263,670,687,796,595,1,270,530,609,523,231
20213,A,골목상권,3110411,도봉역 3번,1429,925,504,2,98,247,291,426,365,1,28,129,162,293,312,1,70,118,129,133,53
20213,A,골목상권,3110400,도봉구보건소,1846,892,954,4,271,357,453,479,282,3,89,169,210,236,185,1,182,188,243,243,97
20213,A,골목상권,3110409,창동역 2번,5869,3927,1942,2,646,1342,1458,1180,1241,0,365,971,1044,680,867,2,281,371,414,500,374
20213,A,골목상권,3110434,태릉입구역 4번,2447,893,1554,4,239,367,566,692,579,2,84,195,227,195,190,2,155,172,339,497,389
20213,A,골목상권,3110426,상계2동주민센터,2416,1320,1096,14,360,487,625,559,371,11,137,269,322,324,257,3,223,218,303,235,114
20213,A,골목상권,3110465,연신내역 7번,2257,927,1330,9,386,528,559,476,299,5,118,240,230,184,150,4,268,288,329,292,149
20213,A,골목상권,3110490,녹번동근린공원,3783,1923,1860,7,438,883,1034,1016,405,4,202,399,477,577,264,3,236,484,557,439,141
20213,A,골목상권,3110489,불광역 3번,716,357,359,0,96,185,192,137,106,0,35,89,98,60,75,0,61,96,94,77,31
20213,A,골목상권,3110479,연신내역 2번,2576,1321,1255,3,157,300,327,507,1282,1,56,170,162,218,714,2,101,130,165,289,568
20213,A,골목상권,3110493,북가좌초등학교,1809,1358,451,0,58,129,215,372,1035,0,18,54,90,234,962,0,40,75,125,138,73
20213,A,골목상권,3110492,하나고등학교,540,262,278,1,21,104,141,149,124,0,6,75,108,50,23,1,15,29,33,99,101
20213,A,골목상권,3110513,연희파출소,3363,2204,1159,22,567,790,725,790,469,9,272,540,501,544,338,13,295,250,224,246,131
20213,A,골목상권,3110514,서대문우체국,5884,4292,1592,5,831,1136,1085,2109,718,2,601,819,690,1648,532,3,230,317,395,461,186
20213,A,골목상권,3110562,연트럴파크(연남동주민센터),2875,1653,1222,6,493,708,654,605,409,5,216,416,353,352,311,1,277,292,301,253,98
20213,A,골목상권,3110508,서연중학교,4731,2947,1784,65,1080,1249,854,927,556,33,608,915,530,502,359,32,472,334,324,425,197
20213,A,골목상권,3110518,서대문구청,3722,1975,1747,12,546,1034,1058,869,203,9,200,479,568,581,138,3,346,555,490,288,65
20213,A,골목상권,3110525,홍은종합사회복지관,7221,1312,5909,3,183,467,1911,3557,1100,1,69,144,285,391,422,2,114,323,1626,3166,678
20213,A,골목상권,3110515,홍은중학교,1043,706,337,1,143,296,295,199,109,1,75,191,205,147,87,0,68,105,90,52,22
20213,A,골목상권,3110583,공덕래미안3차아파트,6179,4019,2160,25,972,2169,1807,999,207,2,442,1254,1331,841,149,23,530,915,476,158,58
20213,A,골목상권,3110577,용강동주민센터,9059,5496,3563,86,1376,2019,2088,1811,1679,35,752,1266,1421,1058,964,51,624,753,667,753,715
20213,A,골목상권,3110559,성산중학교,3953,2244,1709,15,791,1163,989,658,337,10,291,617,630,448,248,5,500,546,359,210,89
20213,A,골목상권,3110673,뜸부기어린이공원,3925,1626,2299,2,811,1050,872,768,422,1,199,434,404,342,246,1,612,616,468,426,176
20213,A,골목상권,3110593,신월3동주민센터,1762,1006,756,1,186,325,388,471,391,0,75,151,191,286,303,1,111,174,197,185,88
20213,A,골목상권,3110605,목동센트럴아이파크앞,1499,829,670,1,100,208,369,491,330,0,43,115,174,261,236,1,57,93,195,230,94
20213,A,골목상권,3110644,신광명마을,984,638,346,8,82,134,249,286,225,5,35,58,135,196,209,3,47,76,114,90,16
20213,A,골목상권,3110634,송정역 3번,2258,1399,859,4,275,506,610,511,352,1,117,307,373,338,263,3,158,199,237,173,89
20213,A,골목상권,3110637,송정역 2번,2971,1382,1589,8,213,374,533,870,973,1,106,229,321,293,432,7,107,145,212,577,541
20213,A,골목상권,3110717,남구로역 2번,14015,9786,4229,70,2885,4254,3438,2015,1353,55,1641,3012,2557,1417,1104,15,1244,1242,881,598,249
20213,A,골목상권,3110704,고척중학교,2226,1605,621,3,212,447,479,523,562,2,146,303,298,357,499,1,66,144,181,166,63
20213,A,골목상권,3110711,구로초등학교,6053,3126,2927,18,987,1548,1351,1432,717,6,398,756,689,847,430,12,589,792,662,585,287
20213,A,골목상권,3110853,KT구로지사,2641,1608,1033,1,319,772,649,545,355,0,145,461,405,335,262,1,174,311,244,210,93
20213,A,골목상권,3110719,영서중학교,8289,5933,2356,59,1796,2525,2024,1273,612,45,1066,1810,1558,970,484,14,730,715,466,303,128
20213,A,골목상권,3110681,온수역 1번,770,608,162,1,32,106,134,230,267,1,15,68,84,193,247,0,17,38,50,37,20
20213,A,골목상권,3110686,수궁동주민센터,1712,942,770,4,166,281,410,516,335,2,67,147,225,281,220,2,99,134,185,235,115
20213,A,골목상권,3110724,금천구립가산도서관,11383,7546,3837,40,1693,3181,2821,2099,1549,26,938,2131,2094,1485,872,14,755,1050,727,614,677
20213,A,골목상권,3110737,금천세무서,1798,1125,673,11,253,347,446,436,305,2,132,205,256,291,239,9,121,142,190,145,66
20213,A,골목상권,3110751,난곡중학교,4170,2971,1199,5,268,560,768,723,1846,4,152,299,440,412,1664,1,116,261,328,311,182
20213,A,골목상권,3110770,영등포구청역 6번,3743,2293,1450,10,456,798,1009,775,695,8,198,431,610,510,536,2,258,367,399,265,159
20213,A,골목상권,3110774,당산반도유보라팰리스아파트,6057,3990,2067,23,1174,1514,1210,1260,876,16,690,964,811,881,628,7,484,550,399,379,248
20213,A,골목상권,3110784,신대림초등학교,635,358,277,0,52,113,172,193,105,0,17,54,98,114,75,0,35,59,74,79,30
20213,A,골목상권,3110790,대림1동주민센터,1866,1133,733,8,165,442,606,439,206,6,106,276,315,276,154,2,59,166,291,163,52
20213,A,골목상권,3110797,KT대방빌딩,2388,1195,1193,9,744,610,471,373,181,6,202,321,282,247,137,3,542,289,189,126,44
20213,A,골목상권,3110767,도림동주민센터,1986,1301,685,12,195,337,469,452,521,9,94,206,296,293,403,3,101,131,173,159,118
20213,A,골목상권,3110795,도림초등학교,1472,844,628,3,149,235,336,361,388,3,60,124,194,196,267,0,89,111,142,165,121
20213,A,골목상권,3110816,대방역 6번,1738,1058,680,6,221,364,462,314,371,4,113,216,301,190,234,2,108,148,161,124,137
20213,A,골목상권,3110805,신길새마을금고신길4동지점,1023,537,486,1,157,206,259,272,128,0,62,106,133,146,90,1,95,100,126,126,38
20213,A,골목상권,3110760,선유도역 6번,5228,3263,1965,14,772,1203,1346,1246,647,10,420,748,783,769,533,4,352,455,563,477,114
20213,A,골목상권,3110829,장승배기역 5번,1910,1113,797,2,354,419,433,426,276,1,244,230,215,246,177,1,110,189,218,180,99
20213,A,골목상권,3110823,신대방삼거리역 3번,18527,11847,6680,53,3630,3578,3043,4396,3827,29,2845,2902,1956,2093,2022,24,785,676,1087,2303,1805
20213,A,골목상권,3110825,신대방삼거리역 1번,1887,1186,701,4,200,384,537,438,324,2,118,234,332,261,239,2,82,150,205,177,85
20213,A,골목상권,3110902,사당역 4번,4587,2962,1625,5,748,1134,1234,856,610,3,391,730,829,555,454,2,357,404,405,301,156
20213,A,골목상권,3110848,양지어린이공원,2097,1112,985,2,190,322,522,478,583,1,51,160,244,247,409,1,139,162,278,231,174
20213,A,골목상권,3110837,숭실대입구역 1번,7582,3000,4582,54,1016,1317,1684,2308,1203,29,513,708,790,619,341,25,503,609,894,1689,862
20213,A,골목상권,3110869,"신림역 5번(신림동주민센터, 신림동별빛거리)",3655,2148,1507,5,394,824,948,715,769,3,166,460,534,430,555,2,228,364,414,285,214
20213,A,골목상권,3110844,흑석2치안센터,160,91,69,1,22,48,41,25,23,1,12,21,23,16,18,0,10,27,18,9,5
20213,A,골목상권,3110897,서울대입구역 8번,3249,1771,1478,17,519,696,762,756,499,10,216,361,414,426,344,7,303,335,348,330,155
20213,A,골목상권,3110865,남강고등학교(남강중학교),1253,655,598,10,151,251,310,354,177,7,69,139,159,167,114,3,82,112,151,187,63
20213,A,골목상권,3110909,남태령역(서울전자고등학교),640,329,311,2,35,69,132,263,139,2,9,34,62,132,90,0,26,35,70,131,49
20213,A,골목상권,3110887,서울산업정보학교(서울삼성초등학교),1438,924,514,2,150,309,356,436,185,0,51,150,237,337,149,2,99,159,119,99,36
20213,A,골목상권,3110860,호림박물관(성보고등학교),1990,1169,821,6,297,530,482,443,232,2,133,294,297,266,177,4,164,236,185,177,55
20213,A,골목상권,3110883,은천초등학교(은천교앞),3082,1294,1788,17,445,582,703,892,443,2,110,250,330,308,294,15,335,332,373,584,149
20213,A,골목상권,3110877,신림역 8번,2858,1276,1582,5,569,617,591,596,480,1,169,257,289,245,315,4,400,360,302,351,165
20213,A,골목상권,3110894,관악동부센트레빌아파트(은천로35라길),7043,2668,4375,54,994,1207,1567,2169,1052,30,470,649,731,579,209,24,524,558,836,1590,843
20213,A,골목상권,3110946,청계산원터골,162,69,93,0,24,18,42,31,47,0,12,10,25,7,15,0,12,8,17,24,32
20213,A,골목상권,3110924,반포4동주민센터(몽마르뜨공원),77734,71457,6277,26,7647,15682,20670,31194,2515,11,6234,13666,18911,30353,2282,15,1413,2016,1759,841,233
20213,A,골목상권,3110922,내방역 1번,15637,10488,5149,75,3040,4842,3871,2935,874,57,1457,2908,2911,2496,659,18,1583,1934,960,439,215
20213,A,골목상권,3110929,남부터미널역 1번,36239,19956,16283,80,7810,8818,7565,9758,2208,25,2589,4537,4266,6904,1635,55,5221,4281,3299,2854,573
20213,A,골목상권,3110980,개포지구대옆,18101,5325,12776,71,2848,3483,6555,4107,1037,34,1294,1688,1158,625,526,37,1554,1795,5397,3482,511
20213,A,골목상권,3110951,신사은행나무공원,9132,5156,3976,46,2729,2597,1929,1129,702,14,1093,1493,1282,764,510,32,1636,1104,647,365,192
20213,A,골목상권,3111024,경찰병원역 4번(건너말공원),10720,6112,4608,57,1433,2394,2566,2144,2126,27,681,1469,1754,1167,1014,30,752,925,812,977,1112
20213,A,골목상권,3111046,마천역(마천초등학교),2560,1555,1005,5,274,560,700,645,376,1,145,333,390,383,303,4,129,227,310,262,73
20213,A,골목상권,3111044,남천초등학교,1831,923,908,1,191,385,506,486,262,0,87,192,216,220,208,1,104,193,290,266,54
20213,A,골목상권,3111033,문정동성당,32663,26076,6587,11,2622,5719,9448,12913,1950,4,1647,4277,7502,11343,1303,7,975,1442,1946,1570,647
20213,A,골목상권,3111019,한성백제역 3번,15362,8061,7301,39,2405,3433,3255,3668,2562,30,1305,2236,1757,1393,1340,9,1100,1197,1498,2275,1222
20213,A,골목상권,3111007,석촌고분역 4번,4469,2987,1482,9,625,1051,1004,989,791,8,392,705,646,633,603,1,233,346,358,356,188
20213,A,골목상권,3111004,삼전역 1번,11074,7193,3881,42,1623,2462,2544,2663,1740,4,728,1489,1666,1950,1356,38,895,973,878,713,384
20213,A,골목상권,3111051,천호역 6번,3537,1976,1561,10,608,745,821,822,531,4,339,401,414,434,384,6,269,344,407,388,147
20213,A,골목상권,3111018,풍납초등학교(풍납백제문화공원),958,634,324,0,133,194,216,258,157,0,84,122,134,175,119,0,49,72,82,83,38
20213,A,골목상권,3111064,둔촌동역 4번,2203,1364,839,6,236,423,519,533,486,5,121,252,314,340,332,1,115,171,205,193,154
20213,A,골목상권,3111078,굽은다리역 4번,3935,2367,1568,9,362,678,891,1032,963,5,192,427,513,612,618,4,170,251,378,420,345
20213,A,골목상권,3111082,중앙보훈병원,476,316,160,0,30,57,76,119,194,0,18,40,52,73,133,0,12,17,24,46,61
20213,A,골목상권,3111086,한영중고,702,392,310,1,68,159,171,215,88,1,31,67,87,136,70,0,37,92,84,79,18
20213,A,골목상권,3111070,천호초등학교,1434,798,636,6,118,348,397,393,172,1,45,166,221,243,122,5,73,182,176,150,50
20213,A,골목상권,3111057,천호공원(해공체육문화센터),1546,745,801,2,167,228,317,374,458,2,47,73,121,162,340,0,120,155,196,212,118
20214,A,골목상권,3110039,회현역 1번,23622,11623,11999,133,4395,7509,7184,3821,580,38,1547,3599,3487,2668,284,95,2848,3910,3697,1153,296
20214,A,골목상권,3110285,홍대부중,2796,1807,989,11,479,748,779,536,243,6,237,471,486,420,187,5,242,277,293,116,56
20214,A,골목상권,3110053,청구역 1번,1887,973,914,1,292,413,473,444,264,0,94,203,258,251,167,1,198,210,215,193,97
20214,A,골목상권,3110040,중구회현체육센터(정화예술대남산캠퍼스),15872,7161,8711,64,2309,4970,5377,2758,394,8,703,2069,2118,2073,190,56,1606,2901,3259,685,204
20214,A,골목상권,3110069,숙대입구,5692,2925,2767,14,842,1738,1501,985,612,6,238,745,833,646,457,8,604,993,668,339,155
20214,A,골목상권,3110077,삼광초등학교,1617,1102,515,8,162,358,490,381,218,7,93,234,360,254,154,1,69,124,130,127,64
20214,A,골목상권,3110072,열정도,1822,1125,697,9,264,375,438,367,369,3,123,236,278,230,255,6,141,139,160,137,114
20214,A,골목상권,3110059,새남터성지,2836,1935,901,8,404,789,837,608,190,3,181,500,636,477,138,5,223,289,201,131,52
20214,A,골목상권,3110095,한강진역 3번,5622,3227,2395,35,1349,2001,1256,664,317,20,544,1116,858,496,193,15,805,885,398,168,124
20214,A,골목상권,3110097,한남초등학교,5721,3746,1975,12,1028,2374,1313,590,404,7,478,1484,985,454,338,5,550,890,328,136,66
20214,A,골목상권,3110106,금북초등학교,123,49,74,0,15,25,38,29,16,0,2,11,13,12,11,0,13,14,25,17,5
20214,A,골목상권,3110103,옥수터널,545,284,261,1,45,141,155,157,46,0,17,64,87,85,31,1,28,77,68,72,15
20214,A,골목상권,3110137,성수초등학교,14338,9448,4890,60,2205,3717,3817,2875,1664,46,1146,2457,2601,1900,1298,14,1059,1260,1216,975,366
20214,A,골목상권,3110138,송정체육공원,2546,1233,1313,1,395,634,646,528,342,0,147,319,328,219,220,1,248,315,318,309,122
20214,A,골목상권,3110150,중곡1동 마을마당,5687,2821,2866,84,1470,1113,1132,1310,578,30,642,611,577,542,419,54,828,502,555,768,159
20214,A,골목상권,3110175,푸른동산공원,7435,3844,3591,8,711,1236,1667,2238,1575,4,374,802,970,930,764,4,337,434,697,1308,811
20214,A,골목상권,3110177,동의초등학교,1191,614,577,1,140,224,315,322,189,0,46,118,168,160,122,1,94,106,147,162,67
20214,A,골목상권,3110146,신자초등학교,2819,2113,706,7,317,659,835,751,250,3,224,506,625,563,192,4,93,153,210,188,58
20214,A,골목상권,3110195,동대문구청,3806,1797,2009,5,412,804,896,1082,607,3,155,327,374,598,340,2,257,477,522,484,267
20214,A,골목상권,3110201,전농119안전센터,669,454,215,0,93,145,215,139,77,0,61,94,144,99,56,0,32,51,71,40,21
20214,A,골목상권,3110189,제기동역 1번,4287,2552,1735,8,675,1174,895,684,851,2,252,688,568,412,630,6,423,486,327,272,221
20214,A,골목상권,3110215,회기역 1번,2285,799,1486,3,612,739,515,282,134,1,114,254,199,124,107,2,498,485,316,158,27
20214,A,골목상권,3110224,외대앞역 2번,1271,746,525,3,119,240,371,332,206,1,48,142,229,232,94,2,71,98,142,100,112
20214,A,골목상권,3110214,경희대후문,3212,1375,1837,1,688,904,837,553,229,1,133,324,406,334,177,0,555,580,431,219,52
20214,A,골목상권,3110334,석관중앙교회,1188,720,468,0,136,249,282,330,191,0,69,127,145,232,147,0,67,122,137,98,44
20214,A,골목상권,3110232,동대부고,2450,1295,1155,3,270,438,601,702,436,1,110,219,302,355,308,2,160,219,299,347,128
20214,A,골목상권,3110190,고대앞사거리,2811,1514,1297,5,408,813,812,528,245,2,171,410,436,326,169,3,237,403,376,202,76
20214,A,골목상권,3110196,홍릉근린공원,813,501,312,1,63,163,273,228,85,1,32,79,174,139,76,0,31,84,99,89,9
20214,A,골목상권,3110312,안암역 2번,1646,844,802,1,199,449,557,333,107,0,70,193,307,200,74,1,129,256,250,133,33
20214,A,골목상권,3110222,회기역 2번,2106,1033,1073,1,371,448,535,549,202,0,86,231,303,298,115,1,285,217,232,251,87
20214,A,골목상권,3110273,장스여성병원,1451,933,518,9,121,171,256,458,436,1,29,69,134,320,380,8,92,102,122,138,56
20214,A,골목상권,3110260,면목역 3번,2350,1372,978,3,344,558,668,508,269,0,147,374,336,286,229,3,197,184,332,222,40
20214,A,골목상권,3110238,배꽃어린이공원,1298,1025,273,1,203,312,289,312,181,1,146,248,219,268,143,0,57,64,70,44,38
20214,A,골목상권,3110257,상봉역 7번,1447,1068,379,2,86,174,301,412,472,1,40,93,179,332,423,1,46,81,122,80,49
20214,A,골목상권,3110239,중랑역 2번,478,213,265,1,58,81,106,116,116,0,23,34,39,50,67,1,35,47,67,66,49
20214,A,골목상권,3110294,서경대학교,1909,1071,838,1,218,284,476,532,398,0,68,128,255,335,285,1,150,156,221,197,113
20214,A,골목상권,3110316,숭곡초등학교,3255,1971,1284,7,264,440,671,666,1207,6,113,208,325,382,937,1,151,232,346,284,270
20214,A,골목상권,3110303,성신여대입구역 1번,1418,675,743,8,188,301,315,361,245,3,62,134,147,190,139,5,126,167,168,171,106
20214,A,골목상권,3110293,삼선중학교,15384,8771,6613,60,2292,3733,4993,2745,1561,27,1049,2116,3024,1840,715,33,1243,1617,1969,905,846
20214,A,골목상권,3110305,보문역 5번,6037,4718,1319,11,742,2042,1228,1245,769,5,463,1703,1006,1012,529,6,279,339,222,233,240
20214,A,골목상권,3110331,돌곶이역 8번,1135,748,387,4,137,251,271,224,248,0,50,166,174,147,211,4,87,85,97,77,37
20214,A,골목상권,3110423,석계역 2번,1311,574,737,4,152,235,386,321,213,2,65,110,173,127,97,2,87,125,213,194,116
20214,A,골목상권,3110319,종암동주민센터,1893,933,960,3,270,388,460,529,243,1,103,217,229,277,106,2,167,171,231,252,137
20214,A,골목상권,3110322,장위1동주민센터,871,527,344,2,161,181,190,183,154,1,77,118,116,111,104,1,84,63,74,72,50
20214,A,골목상권,3110361,삼양사거리역 1번,993,499,494,2,47,112,177,256,399,1,14,50,90,149,195,1,33,62,87,107,204
20214,A,골목상권,3110364,미아역 8번,1531,881,650,2,169,302,433,416,209,1,79,160,252,251,138,1,90,142,181,165,71
20214,A,골목상권,3110360,수유초등학교,2034,877,1157,5,275,331,439,521,463,1,65,139,157,219,296,4,210,192,282,302,167
20214,A,골목상권,3110381,번동주공2단지,791,418,373,5,81,172,201,218,114,4,26,69,100,134,85,1,55,103,101,84,29
20214,A,골목상권,3110363,송천동주민센터,409,210,199,2,30,68,123,98,88,1,8,30,50,50,71,1,22,38,73,48,17
20214,A,골목상권,3110371,삼양입구사거리,930,529,401,1,86,197,218,253,175,1,33,94,108,159,134,0,53,103,110,94,41
20214,A,골목상권,3110374,송중초등학교,1719,817,902,7,155,286,471,442,358,6,44,101,191,221,254,1,111,185,280,221,104
20214,A,골목상권,3110357,가오리역 1번,2168,1460,708,1,94,117,339,588,1029,0,22,54,236,446,702,1,72,63,103,142,327
20214,A,골목상권,3110340,인수중학교,1210,779,431,6,158,254,272,328,192,6,80,172,168,192,161,0,78,82,104,136,31
20214,A,골목상권,3110341,북한산우이역 2번,566,439,127,0,22,43,96,273,132,0,5,15,59,245,115,0,17,28,37,28,17
20214,A,골목상권,3110390,방학초등학교,1597,753,844,3,167,399,387,400,241,2,55,196,185,170,145,1,112,203,202,230,96
20214,A,골목상권,3110408,가인초등학교,5003,3437,1566,5,529,1188,1209,961,1111,3,315,894,903,569,753,2,214,294,306,392,358
20214,A,골목상권,3110433,공릉역 2번,3355,1631,1724,8,286,413,725,1012,911,3,111,214,339,463,501,5,175,199,386,549,410
20214,A,골목상권,3110462,갈현건영아파트,1644,949,695,7,239,380,374,357,287,5,127,224,218,183,192,2,112,156,156,174,95
20214,A,골목상권,3110468,응암역 3번,3641,1667,1974,6,385,681,1020,975,574,1,133,299,452,447,335,5,252,382,568,528,239
20214,A,골목상권,3110478,응암1동주민센터,2441,1361,1080,5,214,382,537,597,706,3,104,189,272,292,501,2,110,193,265,305,205
20214,A,골목상권,3110481,불광역 7번,1180,586,594,2,144,250,312,287,185,2,57,126,153,135,113,0,87,124,159,152,72
20214,A,골목상권,3110443,수색역 1번,216,134,82,0,17,25,57,64,53,0,8,14,33,40,39,0,9,11,24,24,14
20214,A,골목상권,3110463,응암3동주민센터,974,399,575,1,102,172,257,281,161,0,35,51,90,125,98,1,67,121,167,156,63
20214,A,골목상권,3110459,응암역 2번,3086,1443,1643,3,303,575,877,817,511,0,113,267,388,352,323,3,190,308,489,465,188
20214,A,골목상권,3110495,북가좌2동주민센터,3425,1703,1722,7,515,851,808,729,515,3,154,458,454,363,271,4,361,393,354,366,244
20214,A,골목상권,3110507,명지대학교,3062,2160,902,30,511,879,694,667,281,27,328,632,494,452,227,3,183,247,200,215,54
20214,A,골목상권,3110584,아현역 4번,1154,595,559,2,327,402,209,121,93,1,129,232,107,64,62,1,198,170,102,57,31
20214,A,골목상권,3110528,서울여자간호대학교,7567,1522,6045,6,217,511,2006,3643,1184,1,75,158,342,456,490,5,142,353,1664,3187,694
20214,A,골목상권,3110556,절두산순교성지,1036,634,402,3,129,274,296,242,92,3,52,152,183,174,70,0,77,122,113,68,22
20214,A,골목상권,3110580,양원초등학교,498,212,286,1,65,95,130,125,82,0,16,34,56,63,43,1,49,61,74,62,39
20214,A,골목상권,3110545,마포구청역 1번,2002,1003,999,13,262,386,532,510,299,6,101,203,265,254,174,7,161,183,267,256,125
20214,A,골목상권,3110568,광흥창역 1번,1865,940,925,2,319,532,473,379,160,0,93,278,268,220,81,2,226,254,205,159,79
20214,A,골목상권,3110622,달마을공원,3703,2251,1452,3,469,828,1090,957,356,2,224,483,702,584,256,1,245,345,388,373,100
20214,A,골목상권,3110675,화곡4동주민센터,2797,1278,1519,5,643,758,578,544,269,4,133,328,273,318,222,1,510,430,305,226,47
20214,A,골목상권,3110672,백석중학교,3412,1929,1483,2,392,661,820,891,646,1,172,329,509,533,385,1,220,332,311,358,261
20214,A,골목상권,3110601,신월1동우편취급국,2705,1819,886,9,277,464,638,855,462,4,152,304,424,572,363,5,125,160,214,283,99
20214,A,골목상권,3110609,신정네거리역 2번,3128,2387,741,7,203,302,527,602,1487,2,96,167,286,425,1411,5,107,135,241,177,76
20214,A,골목상권,3110598,신월문화체육센터,3588,2130,1458,4,271,421,690,983,1219,3,154,260,389,589,735,1,117,161,301,394,484
20214,A,골목상권,3110655,발산역 5번,4161,1917,2244,5,419,692,805,852,1388,3,173,359,411,358,613,2,246,333,394,494,775
20214,A,골목상권,3110652,양천향교역 2번,5355,3360,1995,14,588,1103,1158,1394,1098,8,298,697,700,851,806,6,290,406,458,543,292
20214,A,골목상권,3110630,공항시장역 1번,3398,1986,1412,9,371,571,654,788,1005,3,149,321,407,512,594,6,222,250,247,276,411
20214,A,골목상권,3110660,등촌3동주민센터,10361,5421,4940,46,1465,2249,2361,2354,1886,16,655,1444,1390,1025,891,30,810,805,971,1329,995
20214,A,골목상권,3110645,우장산역 4번,6211,3689,2522,11,755,1459,1633,1576,777,7,408,941,907,852,574,4,347,518,726,724,203
20214,A,골목상권,3110640,방화역 1번,4330,2746,1584,7,432,979,1112,1131,669,5,222,521,675,783,540,2,210,458,437,348,129
20214,A,골목상권,3110695,개봉1동주민센터,2132,1220,912,8,180,491,579,523,351,7,99,290,309,285,230,1,81,201,270,238,121
20214,A,골목상권,3110692,큰굴다리,3257,2221,1036,5,464,656,827,912,393,4,364,453,539,571,290,1,100,203,288,341,103
20214,A,골목상권,3110714,구로4동주민센터,3993,2731,1262,7,467,935,917,1103,564,4,223,587,636,850,431,3,244,348,281,253,133
20214,A,골목상권,3110715,구로구민회관,4993,2481,2512,4,601,1291,1353,1189,555,2,225,636,658,644,316,2,376,655,695,545,239
20214,A,골목상권,3110708,화원어린이공원,1274,488,786,6,311,266,296,208,187,1,66,71,108,97,145,5,245,195,188,111,42
20214,A,골목상권,3110713,구로보건소,7675,4823,2852,13,1134,1919,2115,1590,904,6,626,1277,1358,961,595,7,508,642,757,629,309
20214,A,골목상권,3110718,한국SGI본부,6477,4079,2398,33,1087,1712,1798,1241,606,26,598,1087,1157,798,413,7,489,625,641,443,193
20214,A,골목상권,3110707,구로창업지원센터,5470,4040,1430,11,555,1651,1506,1116,631,9,302,1244,1178,827,480,2,253,407,328,289,151
20214,A,골목상권,3110727,독산역 1번 출입구,3120,2126,994,18,378,675,804,825,420,18,221,481,534,577,295,0,157,194,270,248,125
20214,A,골목상권,3110726,금천철쭉어린이공원(금하마을),1222,795,427,13,185,229,245,307,243,11,116,157,160,167,184,2,69,72,85,140,59
20214,A,골목상권,3110738,문성초등학교,2470,1462,1008,12,359,479,571,602,447,3,208,314,345,327,265,9,151,165,226,275,182
20214,A,골목상권,3110744,독산동성당,2100,1247,853,1,190,325,415,592,577,0,116,185,232,327,387,1,74,140,183,265,190
20214,A,골목상권,3110754,삼성산자연공원(서울금천초등학교),1854,1031,823,19,228,370,484,441,312,12,101,240,284,208,186,7,127,130,200,233,126
20214,A,골목상권,3110734,금천파출소,1807,760,1047,8,475,533,360,289,142,3,200,263,141,92,61,5,275,270,219,197,81
20214,A,골목상권,3110747,석수역 1번 출입구,1082,802,280,4,73,141,239,286,339,4,48,101,156,202,291,0,25,40,83,84,48
20214,A,골목상권,3110819,신대방역 4번,5159,3199,1960,20,841,1350,1310,962,676,14,426,897,852,558,452,6,415,453,458,404,224
20214,A,골목상권,3110781,대림한신아파트,2145,1183,962,3,313,387,472,543,427,0,106,213,256,304,304,3,207,174,216,239,123
20214,A,골목상권,3110776,도신초등학교,4342,3047,1295,14,543,1061,1275,922,527,5,283,767,959,627,406,9,260,294,316,295,121
20214,A,골목상권,3110798,신풍역 2번,1786,1078,708,7,160,456,560,380,223,6,95,279,287,241,170,1,65,177,273,139,53
20214,A,골목상권,3110792,영등포역 2번,4524,2496,2028,35,680,1023,1028,1131,627,16,283,485,583,698,431,19,397,538,445,433,196
20214,A,골목상권,3110756,문래중학교,1572,1015,557,2,185,356,383,362,284,0,97,271,248,213,186,2,88,85,135,149,98
20214,A,골목상권,3110801,신풍역 6번(신길6동공영주차장),245,84,161,1,32,37,52,64,59,0,1,12,15,24,32,1,31,25,37,40,27
20214,A,골목상권,3110812,신길6동주민센터,2401,1555,846,4,382,558,565,498,394,3,189,346,367,345,305,1,193,212,198,153,89
20214,A,골목상권,3110811,보라매역 4번,1485,937,548,4,212,413,375,284,197,3,100,268,233,183,150,1,112,145,142,101,47
20214,A,골목상권,3110820,성남고등학교,4803,3512,1291,4,807,999,907,1587,499,3,498,725,655,1252,379,1,309,274,252,335,120
20214,A,골목상권,3110800,영등포동성당,4742,2638,2104,14,1219,1149,1000,824,536,6,385,590,637,579,441,8,834,559,363,245,95
20214,A,골목상권,3110806,서울시립영등포장애인복지관,2220,1555,665,16,339,498,524,501,342,8,181,328,388,376,274,8,158,170,136,125,68
20214,A,골목상권,3110839,숭실대입구역 4번,3303,2046,1257,2,371,954,1107,622,247,1,177,536,682,434,216,1,194,418,425,188,31
20214,A,골목상권,3110833,상도역 2번,1336,685,651,6,207,356,332,277,158,2,88,215,184,115,81,4,119,141,148,162,77
20214,A,골목상권,3110876,서원동주민센터(신관중학교),1010,458,552,0,95,206,235,294,180,0,31,95,124,113,95,0,64,111,111,181,85
20214,A,골목상권,3110889,봉천역 6번,1263,796,467,1,114,181,251,361,355,0,57,94,152,270,223,1,57,87,99,91,132
20214,A,골목상권,3110901,인헌고등학교(인헌중학교),1830,934,896,7,276,482,543,370,152,4,127,251,267,170,115,3,149,231,276,200,37
20214,A,골목상권,3110919,내방역 8번,17656,12077,5579,47,2980,5187,5004,3205,1233,19,1390,3288,3826,2627,927,28,1590,1899,1178,578,306
20214,A,골목상권,3110908,구반포역,8972,4814,4158,21,1548,2263,2440,2159,541,21,607,1187,1452,1153,394,0,941,1076,988,1006,147
20214,A,골목상권,3110916,내방역 4번,9127,6122,3005,73,1885,2725,2144,1385,915,60,1124,1946,1492,851,649,13,761,779,652,534,266
20214,A,골목상권,3110914,내방역 6번,6099,3888,2211,13,1069,1570,1366,1162,919,9,527,958,903,780,711,4,542,612,463,382,208
20214,A,골목상권,3110981,국악고교사거리,4814,3009,1805,11,674,1061,1231,1002,835,3,342,675,767,584,638,8,332,386,464,418,197
20214,A,골목상권,3110952,논현목련공원,6619,4360,2259,19,1063,1760,1774,1271,732,13,616,1186,1215,839,491,6,447,574,559,432,241
20214,A,골목상권,3110953,학동근린공원,21063,12969,8094,82,5828,6708,4428,2577,1440,26,2619,4180,3209,1850,1085,56,3209,2528,1219,727,355
20214,A,골목상권,3110968,강남구청역 2번,13705,8449,5256,49,2620,3694,3410,2525,1407,16,1163,2112,2388,1751,1019,33,1457,1582,1022,774,388
20214,A,골목상권,3110966,논현2동주민센터,18787,11747,7040,55,3807,5812,4775,2774,1564,16,1620,3352,3408,2154,1197,39,2187,2460,1367,620,367
20214,A,골목상권,3110973,강남구청역 4번,10030,5790,4240,39,1911,2711,2341,1849,1179,16,845,1639,1467,1073,750,23,1066,1072,874,776,429
20214,A,골목상권,3110996,대치2동주민센터,35867,16914,18953,262,6657,8765,8045,7435,4703,105,3082,5222,4330,2505,1670,157,3575,3543,3715,4930,3033
20214,A,골목상권,3110982,강남구보훈회관,4003,2221,1782,8,984,1036,920,571,484,5,350,614,590,298,364,3,634,422,330,273,120
20214,A,골목상권,3111002,한국교통안전공단 강남자동차검사소,409,194,215,0,27,74,87,129,92,0,8,39,41,58,48,0,19,35,46,71,44
20214,A,골목상권,3110987,영동대교남단,6140,4147,1993,37,1147,1773,1594,1067,522,17,553,1233,1221,750,373,20,594,540,373,317,149
20214,A,골목상권,3111022,석촌중학교(방이육교),7523,4484,3039,23,1128,1955,1970,1642,805,9,549,1248,1293,845,540,14,579,707,677,797,265
20214,A,골목상권,3111041,거여역 8번,2127,1468,659,8,544,521,474,308,272,6,288,381,370,220,203,2,256,140,104,88,69
20214,A,골목상권,3111031,장지동주민센터(한림연예예술고교),34991,27580,7411,16,3048,6307,10062,13354,2204,7,1885,4657,7895,11621,1515,9,1163,1650,2167,1733,689
20214,A,골목상권,3111014,송파나루역 2번,9836,5551,4285,11,1370,2414,2283,2319,1439,5,597,1499,1467,1202,781,6,773,915,816,1117,658
20214,A,골목상권,3111073,둔촌동역 1번(한산중학교),3288,1796,1492,11,429,739,851,706,552,8,165,384,502,371,366,3,264,355,349,335,186
20214,A,골목상권,3110004,대신고등학교,402,232,170,6,56,96,96,104,44,5,32,54,54,53,34,1,24,42,42,51,10
20214,A,골목상권,3111072,굽은다리역 1번(십자성마을),2946,1789,1157,8,298,573,759,699,609,3,146,346,440,433,421,5,152,227,319,266,188
20214,A,골목상권,3111084,길동신동아아파트,1097,568,529,2,102,184,201,327,281,2,56,104,100,149,157,0,46,80,101,178,124
20214,A,골목상권,3110017,정독도서관,4793,3571,1222,1,747,1261,1255,1054,475,1,404,870,1019,890,387,0,343,391,236,164,88
20214,A,골목상권,3110002,독립문역 1번,616,177,439,7,166,170,151,84,38,6,34,34,51,28,24,1,132,136,100,56,14
20214,A,골목상권,3110031,창신역 1번,499,243,256,2,65,123,115,127,67,0,17,56,56,68,46,2,48,67,59,59,21
20214,A,골목상권,3110181,신설동역 9번,11325,6319,5006,32,1034,2438,3253,2841,1727,17,532,1500,1747,1415,1108,15,502,938,1506,1426,619
20214,A,골목상권,3110025,충신시장옆,2953,1750,1203,6,522,768,705,591,361,1,198,408,447,419,277,5,324,360,258,172,84
20214,A,골목상권,3110291,한성대입구역 3번,2792,1638,1154,3,210,450,857,801,471,1,83,257,522,485,290,2,127,193,335,316,181
20214,A,골목상권,3110026,종로5가역 4번,1316,680,636,4,165,282,370,283,212,1,63,132,176,155,153,3,102,150,194,128,59
20214,A,골목상권,3110016,평창동동측,12725,5785,6940,17,1035,3438,5042,2657,536,8,355,1373,2545,1209,295,9,680,2065,2497,1448,241
20214,A,골목상권,3110020,서울국제고등학교,2158,1200,958,4,389,630,516,385,234,3,162,347,310,219,159,1,227,283,206,166,75
20214,A,골목상권,3110048,장충동주민센터,10743,5949,4794,32,1907,2975,2905,2265,659,5,684,1762,1731,1314,453,27,1223,1213,1174,951,206
20214,A,골목상권,3110046,버티고개,2463,1750,713,3,241,901,673,506,139,0,143,678,502,330,97,3,98,223,171,176,42
20214,A,골목상권,3110047,다산성곽길,5084,2935,2149,11,1086,1445,1154,887,501,3,410,865,765,531,361,8,676,580,389,356,140
20214,A,골목상권,3110539,미근동,12732,7479,5253,42,2010,4180,3436,2242,822,19,832,2371,2093,1519,645,23,1178,1809,1343,723,177
20214,A,골목상권,3110110,상왕십리역 6번,2405,1457,948,12,383,537,534,531,408,3,127,319,375,375,258,9,256,218,159,156,150
20214,A,골목상권,3110066,서울역 15번,4167,2123,2044,9,838,1274,877,641,528,4,288,582,482,374,393,5,550,692,395,267,135
20214,A,골목상권,3110591,충정로역 6번,3780,2155,1625,0,729,1051,1004,652,344,0,358,619,586,387,205,0,371,432,418,265,139
20214,A,골목상권,3110086,이태원역 북측,13166,6107,7059,36,4072,5077,2603,1007,371,14,1114,2293,1610,799,277,22,2958,2784,993,208,94
20214,A,골목상권,3110085,경리단길남측,12274,5390,6884,26,3823,4925,2402,861,237,12,993,2133,1397,675,180,14,2830,2792,1005,186,57
20214,A,골목상권,3110105,금동어린이공원,2664,1110,1554,16,327,830,1025,337,129,1,110,292,450,175,82,15,217,538,575,162,47
20214,A,골목상권,3110116,청계천박물관,6537,4739,1798,43,541,1177,1527,2151,1098,31,326,844,1178,1561,799,12,215,333,349,590,299
20214,A,골목상권,3110128,성원중학교,3542,2310,1232,18,454,892,940,801,437,8,266,660,634,494,248,10,188,232,306,307,189
20214,A,골목상권,3110120,서울숲카페거리,835,506,329,0,85,162,225,202,161,0,41,83,109,130,143,0,44,79,116,72,18
20214,A,골목상권,3110124,뚝섬역교차로,2595,1874,721,12,366,472,586,575,584,10,183,303,387,461,530,2,183,169,199,114,54
20214,A,골목상권,3110129,성원어린이공원,3599,2300,1299,18,579,846,820,729,607,14,311,541,561,470,403,4,268,305,259,259,204
20214,A,골목상권,3110132,성수2가3동주민센터,3491,2130,1361,9,415,835,861,811,560,8,209,510,554,495,354,1,206,325,307,316,206
20214,A,골목상권,3110223,군자초등학교,3357,2271,1086,35,621,967,788,549,397,8,327,680,552,382,322,27,294,287,236,167,75
20214,A,골목상권,3110111,대현산장미원,74,52,22,0,7,13,12,21,21,0,6,5,6,16,19,0,1,8,6,5,2
20214,A,골목상권,3110166,구의1동주민센터,13530,10491,3039,13,880,2121,3757,5357,1402,11,448,1352,2902,4600,1178,2,432,769,855,757,224
20214,A,골목상권,3110160,광진경찰서,1622,1121,501,1,270,514,389,345,103,1,174,364,263,239,80,0,96,150,126,106,23
20214,A,골목상권,3110164,아차산역 5번,2452,1482,970,7,311,484,595,582,473,2,153,274,370,328,355,5,158,210,225,254,118
20214,A,골목상권,3110145,장안초등학교,626,318,308,0,48,90,132,215,141,0,20,45,59,100,94,0,28,45,73,115,47
20214,A,골목상권,3110158,중곡3동주민센터,1689,1085,604,3,201,401,431,405,248,0,113,280,259,259,174,3,88,121,172,146,74
20214,A,골목상권,3110253,중곡초등학교,1551,1093,458,2,104,216,386,589,254,1,47,124,250,474,197,1,57,92,136,115,57
20214,A,골목상권,3110227,답십리공원,3666,2141,1525,43,1527,620,564,543,369,25,873,404,327,274,238,18,654,216,237,269,131
20214,A,골목상권,3110192,동의보감타워,1689,798,891,2,156,273,358,433,467,0,54,114,189,200,241,2,102,159,169,233,226
20214,A,골목상권,3110182,용두희망어린이공원,6164,2634,3530,4,747,1233,1297,1729,1154,0,240,665,668,567,494,4,507,568,629,1162,660
20214,A,골목상권,3110208,시조사삼거리,1810,1056,754,3,255,573,311,351,317,2,120,403,184,193,154,1,135,170,127,158,163
20214,A,골목상권,3110191,고려대역 6번,817,524,293,1,45,155,267,206,143,1,24,76,163,146,114,0,21,79,104,60,29
20214,A,골목상권,3110193,고려대역 4번,827,531,296,1,49,167,287,216,107,1,25,93,176,149,87,0,24,74,111,67,20
20214,A,골목상권,3110274,서일대학교,1874,1209,665,2,153,270,455,529,465,1,54,150,285,380,339,1,99,120,170,149,126
20214,A,골목상권,3110270,혜원여고,1057,631,426,0,86,153,246,300,272,0,32,87,130,187,195,0,54,66,116,113,77
20214,A,골목상권,3110277,러스크서울병원,1417,798,619,5,161,220,285,429,317,1,56,69,143,266,263,4,105,151,142,163,54
20214,A,골목상권,3110249,중화역 1번,2900,1839,1061,1,380,672,715,696,436,1,208,379,410,482,359,0,172,293,305,214,77
20214,A,골목상권,3110250,화랑대역 7번,1016,501,515,5,84,215,300,277,135,1,28,102,135,142,93,4,56,113,165,135,42
20214,A,골목상권,3110235,세화어린이공원,352,192,160,6,86,56,94,66,44,5,50,30,41,35,31,1,36,26,53,31,13
20214,A,골목상권,3110306,미아초등학교,5040,2548,2492,418,2027,1281,681,387,246,176,903,701,375,192,201,242,1124,580,306,195,45
20214,A,골목상권,3110304,보문역 4번,3586,1900,1686,4,465,1014,939,889,275,3,200,485,478,545,189,1,265,529,461,344,86
20214,A,골목상권,3110336,석관고등학교,933,606,327,1,108,181,209,262,172,0,57,97,124,192,136,1,51,84,85,70,36
20214,A,골목상권,3110327,상월곡역 2번,1727,1049,678,4,291,422,476,347,187,1,146,269,289,200,144,3,145,153,187,147,43
20214,A,골목상권,3110330,돌곶이역 1번,785,481,304,1,83,124,161,170,246,0,26,63,88,101,203,1,57,61,73,69,43
20214,A,골목상권,3110335,석계역 7번,2390,1663,727,2,154,218,357,467,1192,0,68,110,204,330,951,2,86,108,153,137,241
20214,A,골목상권,3110332,돌곶이역 3번,2136,1489,647,1,156,186,243,364,1186,0,59,94,136,223,977,1,97,92,107,141,209
20214,A,골목상권,3110389,한일병원,2913,1480,1433,1,556,681,702,645,328,1,161,333,390,368,227,0,395,348,312,277,101
20214,A,골목상권,3110347,구세군강북종합사회복지관,229,109,120,0,29,43,60,41,56,0,5,15,30,21,38,0,24,28,30,20,18
20214,A,골목상권,3110344,화계중학교,765,403,362,0,70,135,208,278,74,0,39,56,106,139,63,0,31,79,102,139,11
20214,A,골목상권,3110353,수유동우체국,2195,1467,728,0,76,117,357,593,1052,0,17,56,240,437,717,0,59,61,117,156,335
20214,A,골목상권,3110387,쌍문초등학교,1023,569,454,0,115,155,279,298,176,0,47,78,125,166,153,0,68,77,154,132,23
20214,A,골목상권,3110337,아카데미하우스,1220,817,403,6,149,254,287,330,194,6,70,184,184,207,166,0,79,70,103,123,28
20214,A,골목상권,3110397,도봉산입구,1081,690,391,0,65,132,223,329,332,0,17,63,112,226,272,0,48,69,111,103,60
20214,A,골목상권,3110406,도봉산역 1번,1282,894,388,0,35,92,248,427,480,0,12,56,183,328,315,0,23,36,65,99,165
20214,A,골목상권,3110415,수락산역 4번,3127,1795,1332,19,436,611,756,776,529,16,238,366,437,450,288,3,198,245,319,326,241
20214,A,골목상권,3110435,서울과학기술대,486,320,166,0,28,85,109,148,116,0,14,37,61,104,104,0,14,48,48,44,12
20214,A,골목상권,3110436,상계제일중학교,1604,823,781,12,185,351,391,391,274,7,70,171,207,186,182,5,115,180,184,205,92
20214,A,골목상권,3110432,대진고등학교,2273,1419,854,3,199,364,570,753,384,2,72,175,325,556,289,1,127,189,245,197,95
20214,A,골목상권,3110483,연천초등학교,1888,990,898,2,87,158,205,289,1147,1,35,83,95,136,640,1,52,75,110,153,507
20214,A,골목상권,3110491,불광중학교,467,194,273,1,38,82,132,139,75,1,13,39,53,48,40,0,25,43,79,91,35
20214,A,골목상권,3110494,증산3교남측,1503,1100,403,0,61,162,176,249,855,0,27,76,66,146,785,0,34,86,110,103,70
20214,A,골목상권,3110452,새절역 3번,1150,767,383,3,83,169,269,341,285,3,52,85,159,216,252,0,31,84,110,125,33
20214,A,골목상권,3110469,응암정보도서관,2593,1307,1286,1,277,517,711,671,416,0,105,249,330,338,285,1,172,268,381,333,131
20214,A,골목상권,3110471,응암동우체국,1068,455,613,2,131,198,295,296,146,1,38,64,109,149,94,1,93,134,186,147,52
20214,A,골목상권,3110497,가좌역 3번,3639,2210,1429,4,227,430,591,916,1471,2,157,288,394,494,875,2,70,142,197,422,596
20214,A,골목상권,3110501,연희어린이공원,1435,806,629,9,204,340,341,335,206,8,95,227,185,158,133,1,109,113,156,177,73
20214,A,골목상권,3110500,남가좌동현대아파트,219,118,101,0,28,30,52,77,32,0,13,18,25,47,15,0,15,12,27,30,17
20214,A,골목상권,3110530,아현역 1번,1285,656,629,2,341,431,249,154,108,1,130,243,133,83,66,1,211,188,116,71,42
20214,A,골목상권,3110509,연희대우아파트앞,3108,1452,1656,10,588,768,762,647,333,7,195,340,413,291,206,3,393,428,349,356,127
20214,A,골목상권,3110564,홍대입구역 3번,3719,2005,1714,13,669,919,827,753,538,9,248,448,456,453,391,4,421,471,371,300,147
20214,A,골목상권,3110524,연희세브란스병원,103,61,42,0,12,14,21,21,35,0,6,7,10,13,25,0,6,7,11,8,10
20214,A,골목상권,3110519,서대문구보건소별관,1507,688,819,1,235,290,399,374,208,1,79,135,203,162,108,0,156,155,196,212,100
20214,A,골목상권,3110576,대흥역 3번,5382,3414,1968,79,939,1223,1169,1147,825,29,466,793,820,754,552,50,473,430,349,393,273
20214,A,골목상권,3110573,신촌역 6번,3658,1638,2020,59,1952,841,356,296,154,19,740,412,168,189,110,40,1212,429,188,107,44
20214,A,골목상권,3110563,상수역 3번,1775,1091,684,20,394,537,380,269,175,14,185,322,259,186,125,6,209,215,121,83,50
20214,A,골목상권,3110621,목동역 5번,6561,3403,3158,13,1373,1658,1558,1218,741,7,459,886,925,658,468,6,914,772,633,560,273
20214,A,골목상권,3110604,신월4동주민센터,2562,1829,733,1,147,307,531,813,763,1,63,163,324,591,687,0,84,144,207,222,76
20214,A,골목상권,3110592,서울금융고등학교,1418,826,592,0,159,268,306,388,297,0,60,114,154,262,236,0,99,154,152,126,61
20214,A,골목상권,3110595,메디힐병원,2673,1506,1167,2,265,534,570,717,585,1,120,277,304,429,375,1,145,257,266,288,210
20214,A,골목상권,3110603,지향초등학교,1491,835,656,3,116,242,379,451,300,0,47,129,201,246,212,3,69,113,178,205,88
20214,A,골목상권,3110625,신정2동주민센터,16198,9820,6378,112,2886,5330,4076,2804,990,78,1380,3276,2623,1819,644,34,1506,2054,1453,985,346
20214,A,골목상권,3110694,세곡초등학교,1785,1047,738,2,177,395,445,464,302,0,103,223,225,258,238,2,74,172,220,206,64
20214,A,골목상권,3110614,목동로데오거리,2417,1098,1319,3,334,528,600,608,344,2,114,230,276,284,192,1,220,298,324,324,152
20214,A,골목상권,3110667,가양역 10번,1800,935,865,11,274,339,420,410,346,3,109,178,245,204,196,8,165,161,175,206,150
20214,A,골목상권,3110643,강서구다솔마을,965,598,367,1,130,245,288,220,81,0,61,147,186,143,61,1,69,98,102,77,20
20214,A,골목상권,3110639,신방화역 8번,2731,1181,1550,7,220,288,413,883,920,4,100,169,211,292,405,3,120,119,202,591,515
20214,A,골목상권,3110663,우장산롯데캐슬아파트앞,5359,3199,2160,30,999,1445,1422,975,488,6,423,940,917,567,346,24,576,505,505,408,142
20214,A,골목상권,3110641,공항고등학교,1128,713,415,5,140,196,275,310,202,4,68,126,151,195,169,1,72,70,124,115,33
20214,A,골목상권,3110633,개화산역 1번,1889,1400,489,5,147,329,613,532,263,3,96,226,475,385,215,2,51,103,138,147,48
20214,A,골목상권,3110642,정곡초등학교,685,546,139,4,37,93,162,180,209,3,26,69,120,144,184,1,11,24,42,36,25
20214,A,골목상권,3110678,염창무학아파트,1394,954,440,1,153,288,345,353,254,1,67,196,230,253,207,0,86,92,115,100,47
20214,A,골목상권,3110653,화곡역 2번,3217,1604,1613,4,830,737,647,610,389,2,234,386,349,374,259,2,596,351,298,236,130
20214,A,골목상권,3110664,강서구청옆,5115,3052,2063,3,737,1589,1285,1162,339,2,325,916,765,801,243,1,412,673,520,361,96
20214,A,골목상권,3110661,강서새말어린이공원,5000,2990,2010,3,614,1412,1299,1279,393,1,264,757,773,902,293,2,350,655,526,377,100
20214,A,골목상권,3110710,남구로역 3번,11294,7278,4016,42,2025,3289,2861,1783,1294,27,997,2122,1963,1237,932,15,1028,1167,898,546,362
20214,A,골목상권,3110683,오류고등학교,947,549,398,2,104,203,251,259,128,0,46,117,149,161,76,2,58,86,102,98,52
20214,A,골목상권,3110687,"천왕역 3번(오류2동주민센터, 서울오류남초등학교)",611,327,284,2,64,145,181,164,55,0,25,67,94,101,40,2,39,78,87,63,15
20214,A,골목상권,3110740,금천해태공원,2272,1221,1051,12,314,449,585,607,305,12,140,242,307,289,231,0,174,207,278,318,74
20214,A,골목상권,3110733,금천어울림복지센터,1394,848,546,6,220,294,309,352,213,6,95,175,196,198,178,0,125,119,113,154,35
20214,A,골목상권,3110739,시흥3동 우편취급국,6057,3396,2661,12,415,798,1378,1593,1861,3,218,521,767,793,1094,9,197,277,611,800,767
20214,A,골목상권,3110794,영동초등학교,6731,4384,2347,7,908,1678,1868,1488,782,4,484,1187,1296,880,533,3,424,491,572,608,249
20214,A,골목상권,3110796,한림대학교한강성심병원,4703,2546,2157,8,1205,1185,1032,730,543,0,356,602,664,496,428,8,849,583,368,234,115
20214,A,골목상권,3110773,당산역 13번,2296,1625,671,5,321,455,469,433,613,2,200,319,306,314,484,3,121,136,163,119,129
20214,A,골목상권,3110775,대동초등학교,2205,1172,1033,3,265,305,440,491,701,2,87,154,225,267,437,1,178,151,215,224,264
20214,A,골목상권,3110802,신길동홍어거리,1688,958,730,2,163,356,336,340,491,0,66,161,165,198,368,2,97,195,171,142,123
20214,A,골목상권,3110814,서울지방병무청,7231,4542,2689,9,1277,1559,1449,2091,846,3,648,1005,888,1436,562,6,629,554,561,655,284
20214,A,골목상권,3110791,신풍역 3번,962,409,553,2,107,204,340,219,90,1,55,84,106,98,65,1,52,120,234,121,25
20214,A,골목상권,3110826,장승배기역 4번,1539,717,822,2,208,317,383,327,302,1,88,174,163,145,146,1,120,143,220,182,156
20214,A,골목상권,3110846,남성역 1번,3023,1643,1380,6,279,488,722,688,840,4,110,241,329,370,589,2,169,247,393,318,251
20214,A,골목상권,3110849,이수역 10번,2020,917,1103,9,243,385,555,503,325,3,74,176,237,222,205,6,169,209,318,281,120
20214,A,골목상권,3110904,이수역 5번,7580,3075,4505,27,1481,1942,1814,1328,988,11,481,754,719,541,569,16,1000,1188,1095,787,419
20214,A,골목상권,3110845,사당종합체육관,2216,1328,888,1,343,604,608,487,173,0,142,347,418,296,125,1,201,257,190,191,48
20214,A,골목상권,3110838,상도1동주민센터앞,470,279,191,0,38,134,125,108,65,0,24,64,76,59,56,0,14,70,49,49,9
20214,A,골목상권,3110842,흑리단길,333,124,209,1,42,51,91,88,60,0,9,16,31,31,37,1,33,35,60,57,23
20214,A,골목상권,3110895,샤로수길,9100,5774,3326,22,1457,2643,2011,1949,1018,12,741,1663,1249,1320,789,10,716,980,762,629,229
20214,A,골목상권,3110862,난곡초등학교(난곡동벽화마을),751,369,382,4,90,142,198,179,138,2,33,61,89,89,95,2,57,81,109,90,43
20214,A,골목상권,3110881,구립대학경로당(관악산샘말공원),3491,2506,985,7,487,876,989,802,330,2,285,574,762,628,255,5,202,302,227,174,75
20214,A,골목상권,3110868,남부초등학교,1203,669,534,1,119,222,307,292,262,1,58,121,153,170,166,0,61,101,154,122,96
20214,A,골목상권,3110884,봉천역 4번(봉천110안전센터),2449,1248,1201,5,344,475,517,594,514,2,117,236,287,288,318,3,227,239,230,306,196
20214,A,골목상권,3110945,본마을노인복지센터(서초구립내곡도서관),282,173,109,3,60,68,60,61,30,3,24,39,39,44,24,0,36,29,21,17,6
20214,A,골목상권,3110923,방배역 1번,7685,4925,2760,99,1271,2216,1992,1225,882,30,656,1274,1396,874,695,69,615,942,596,351,187
20214,A,골목상권,3110911,방배배수지체육공원,5174,3320,1854,19,999,1738,1199,574,645,7,472,1151,868,368,454,12,527,587,331,206,191
20214,A,골목상권,3110925,서초중학교,7154,4224,2930,46,1556,2069,1769,1060,654,22,621,1233,1169,687,492,24,935,836,600,373,162
20214,A,골목상권,3110939,양재역 8번(양재동우체국),41563,20436,21127,491,8989,10005,11680,7308,3090,234,4386,5999,4772,2772,2273,257,4603,4006,6908,4536,817
20214,A,골목상권,3110957,언북중학교,19599,10831,8768,50,4379,6251,4791,2651,1477,12,1584,3303,3059,1807,1066,38,2795,2948,1732,844,411
20214,A,골목상권,3110965,언주역 6번,9740,5517,4223,23,2101,3089,2326,1335,866,8,808,1801,1548,764,588,15,1293,1288,778,571,278
20214,A,골목상권,3110989,대치동아우편취급국,11455,6945,4510,30,1728,2699,2466,2216,2316,10,807,1670,1718,1423,1317,20,921,1029,748,793,999
20214,A,골목상권,3110976,언북초등학교,7421,3945,3476,22,1768,2422,1579,974,656,5,662,1328,981,573,396,17,1106,1094,598,401,260
20214,A,골목상권,3111013,송파나루역 1번(송리단길),13204,8353,4851,24,2104,4019,3310,2243,1504,8,1026,2562,2230,1466,1061,16,1078,1457,1080,777,443
20214,A,골목상권,3111009,송파책박물관,1894,1412,482,3,218,363,367,454,489,1,177,296,267,293,378,2,41,67,100,161,111
20214,A,골목상권,3111036,투구봉어린이공원,2144,1386,758,11,342,562,503,501,225,9,231,389,324,276,157,2,111,173,179,225,68
20214,A,골목상권,3111039,벌말어린이공원,2919,1879,1040,10,337,724,752,674,422,9,200,492,489,409,280,1,137,232,263,265,142
20214,A,골목상권,3111063,강동구립 천호도서관,2780,1638,1142,5,183,340,451,548,1253,5,84,173,243,277,856,0,99,167,208,271,397
20214,A,골목상권,3111075,굽은다리역 2번,2417,1284,1133,3,301,474,580,612,447,1,128,269,277,326,283,2,173,205,303,286,164
20214,A,골목상권,3111058,성내중학교,2021,1203,818,3,223,404,536,552,303,1,135,242,295,323,207,2,88,162,241,229,96
20214,A,골목상권,3111055,선사초등학교,1504,437,1067,1,125,210,322,498,348,0,66,114,117,64,76,1,59,96,205,434,272
20214,A,골목상권,3110535,영천시장입구,1407,635,772,2,148,229,338,457,233,2,47,91,151,210,134,0,101,138,187,247,99
20214,A,골목상권,3110009,자하문터널,2236,1348,888,1,463,684,579,375,134,1,207,424,359,259,98,0,256,260,220,116,36
20214,A,골목상권,3110033,창신역 4번,852,441,411,1,111,175,201,230,134,0,33,87,107,143,71,1,78,88,94,87,63
20214,A,골목상권,3110023,서울대병원,2374,1256,1118,7,511,735,518,390,213,2,179,349,299,269,158,5,332,386,219,121,55
20214,A,골목상권,3110022,경신고등학교,5909,2689,3220,26,974,1661,1479,1083,686,19,336,787,696,497,354,7,638,874,783,586,332
20214,A,골목상권,3110280,북정마을,1209,815,394,9,195,326,356,231,92,2,107,241,255,149,61,7,88,85,101,82,31
20214,A,골목상권,3110044,관성묘,34192,15760,18432,442,11564,8837,6437,4830,2082,190,5585,5080,3417,1066,422,252,5979,3757,3020,3764,1660
20214,A,골목상권,3110590,만리재,1137,499,638,0,203,311,256,242,125,0,72,138,121,98,70,0,131,173,135,144,55
20214,A,골목상권,3110538,충정로역 3번,6660,3985,2675,3,1234,1988,1797,1041,597,2,614,1164,1117,687,401,1,620,824,680,354,196
20214,A,골목상권,3110074,서울역 12번,26467,15378,11089,166,9386,8469,5337,2396,713,16,2581,5612,4442,2143,584,150,6805,2857,895,253,129
20214,A,골목상권,3110079,후암동주민센터,23635,17320,6315,25,4338,8442,6036,3464,1330,14,2507,5969,5038,2823,969,11,1831,2473,998,641,361
20214,A,골목상권,3110084,경리단길북측,1137,629,508,2,162,321,292,215,145,0,72,172,152,124,109,2,90,149,140,91,36
20214,A,골목상권,3110081,해방촌 남동측,1004,549,455,0,167,274,244,214,105,0,70,167,133,107,72,0,97,107,111,107,33
20214,A,골목상권,3110071,한강미주맨션아파트,7694,4336,3358,39,937,1689,2729,1822,478,30,410,993,1467,1121,315,9,527,696,1262,701,163
20214,A,골목상권,3110070,용산세무서,4544,2531,2013,7,511,842,1763,1106,315,0,317,511,830,654,219,7,194,331,933,452,96
20214,A,골목상권,3110062,한강로동땡땡거리(은행나무길),6939,4293,2646,11,881,2017,1923,1394,713,7,381,1078,1310,1036,481,4,500,939,613,358,232
20214,A,골목상권,3110101,옥정중학교,7875,6553,1322,8,667,2533,2557,1899,211,4,336,1961,2280,1793,179,4,331,572,277,106,32
20214,A,골목상권,3110102,옥수역 6번,3841,1318,2523,3,1030,1177,844,551,236,0,231,368,353,245,121,3,799,809,491,306,115
20214,A,골목상권,3110142,화양사거리,2804,1663,1141,4,514,723,673,527,363,1,251,457,441,258,255,3,263,266,232,269,108
20214,A,골목상권,3110179,광나루역 1번,5756,3390,2366,160,2246,981,941,998,430,51,1063,679,646,684,267,109,1183,302,295,314,163
20214,A,골목상권,3110180,광진정보도서관,8061,5134,2927,18,2150,2859,1722,920,392,5,1092,1920,1198,611,308,13,1058,939,524,309,84
20214,A,골목상권,3110159,구의역 4번,5367,2836,2531,7,750,1225,1369,1270,746,7,284,550,682,767,546,0,466,675,687,503,200
20214,A,골목상권,3110148,어린이대공원역 3번,1054,772,282,0,83,139,292,374,166,0,39,93,207,287,146,0,44,46,85,87,20
20214,A,골목상권,3110153,중곡1동주민센터,4344,1904,2440,82,1289,748,851,997,377,28,556,394,376,309,241,54,733,354,475,688,136
20214,A,골목상권,3110228,장안근린공원,5579,2983,2596,50,1846,996,988,1029,670,31,967,565,447,513,460,19,879,431,541,516,210
20214,A,골목상권,3110183,한국의류시험연구원,5635,1896,3739,5,941,1338,1052,1352,947,1,284,602,411,281,317,4,657,736,641,1071,630
20214,A,골목상권,3110210,서울시립대,1290,734,556,4,172,214,230,290,380,1,63,119,130,137,284,3,109,95,100,153,96
20214,A,골목상권,3110197,세종대왕기념관교차로,681,441,240,1,42,138,243,179,78,1,22,79,156,117,66,0,20,59,87,62,12
20214,A,골목상권,3110317,종암중학교,856,427,429,0,69,203,291,204,89,0,23,84,143,127,50,0,46,119,148,77,39
20214,A,골목상권,3110269,용마문화복지센터,1193,806,387,1,105,206,253,351,277,0,39,123,168,269,207,1,66,83,85,82,70
20214,A,골목상권,3110262,상봉역 3번,2597,1501,1096,5,405,724,834,459,170,3,233,499,436,209,121,2,172,225,398,250,49
20214,A,골목상권,3110243,중랑노인종합복지관,1280,706,574,2,112,204,300,372,290,1,37,90,161,202,215,1,75,114,139,170,75
20214,A,골목상권,3110252,장안제일시장,1463,895,568,1,172,277,384,342,287,1,77,179,182,215,241,0,95,98,202,127,46
20214,A,골목상권,3110255,상봉역 4번,4054,2483,1571,6,455,886,1164,879,664,1,218,560,648,531,525,5,237,326,516,348,139
20214,A,골목상권,3110259,사가정역 1번,2849,1765,1084,6,311,616,796,665,455,3,137,348,463,463,351,3,174,268,333,202,104
20214,A,골목상권,3110247,먹골역 1번,1727,841,886,0,201,366,470,450,240,0,59,164,206,235,177,0,142,202,264,215,63
20214,A,골목상권,3110244,중화역 4번,2138,1412,726,2,328,556,501,482,269,2,197,350,310,346,207,0,131,206,191,136,62
20214,A,골목상권,3110251,장안중학교,1630,858,772,0,198,364,401,366,301,0,75,156,203,193,231,0,123,208,198,173,70
20214,A,골목상권,3110271,신내역 1번,2482,929,1553,4,592,712,487,573,114,1,121,285,240,223,59,3,471,427,247,350,55
20214,A,골목상권,3110296,성신여대입구역 4번,12695,7697,4998,59,1926,3038,3949,2285,1438,26,872,1766,2632,1690,711,33,1054,1272,1317,595,727
20214,A,골목상권,3110297,경동고등학교,7690,3952,3738,8,907,1939,2285,1889,662,4,314,848,1159,1261,366,4,593,1091,1126,628,296
20214,A,골목상권,3110378,송중동주민센터,1126,533,593,8,114,164,325,277,238,6,49,71,143,123,141,2,65,93,182,154,97
20214,A,골목상권,3110414,장석교회,402,255,147,4,50,79,115,101,53,2,29,47,75,62,40,2,21,32,40,39,13
20214,A,골목상권,3110287,정릉3동주민센터,875,585,290,0,79,170,271,258,97,0,28,91,181,204,81,0,51,79,90,54,16
20214,A,골목상권,3110375,서울북부고용노동지청,845,360,485,1,109,138,239,204,154,0,39,61,79,89,92,1,70,77,160,115,62
20214,A,골목상권,3110399,창2동주민센터,1602,880,722,10,196,366,466,372,192,9,106,227,240,168,130,1,90,139,226,204,62
20214,A,골목상권,3110354,삼각산119안전센터,344,130,214,1,37,80,102,76,48,0,8,21,42,29,30,1,29,59,60,47,18
20214,A,골목상권,3110350,가오리역 2번,1785,1189,596,0,95,235,490,631,334,0,24,137,343,423,262,0,71,98,147,208,72
20214,A,골목상권,3110410,방학역 2번,5184,3020,2164,10,533,1200,1296,1319,826,9,263,670,687,796,595,1,270,530,609,523,231
20214,A,골목상권,3110411,도봉역 3번,1429,925,504,2,98,247,291,426,365,1,28,129,162,293,312,1,70,118,129,133,53
20214,A,골목상권,3110400,도봉구보건소,1846,892,954,4,271,357,453,479,282,3,89,169,210,236,185,1,182,188,243,243,97
20214,A,골목상권,3110409,창동역 2번,5869,3927,1942,2,646,1342,1458,1180,1241,0,365,971,1044,680,867,2,281,371,414,500,374
20214,A,골목상권,3110434,태릉입구역 4번,2447,893,1554,4,239,367,566,692,579,2,84,195,227,195,190,2,155,172,339,497,389
20214,A,골목상권,3110426,상계2동주민센터,2416,1320,1096,14,360,487,625,559,371,11,137,269,322,324,257,3,223,218,303,235,114
20214,A,골목상권,3110465,연신내역 7번,2257,927,1330,9,386,528,559,476,299,5,118,240,230,184,150,4,268,288,329,292,149
20214,A,골목상권,3110490,녹번동근린공원,3783,1923,1860,7,438,883,1034,1016,405,4,202,399,477,577,264,3,236,484,557,439,141
20214,A,골목상권,3110489,불광역 3번,716,357,359,0,96,185,192,137,106,0,35,89,98,60,75,0,61,96,94,77,31
20214,A,골목상권,3110479,연신내역 2번,2576,1321,1255,3,157,300,327,507,1282,1,56,170,162,218,714,2,101,130,165,289,568
20214,A,골목상권,3110493,북가좌초등학교,1809,1358,451,0,58,129,215,372,1035,0,18,54,90,234,962,0,40,75,125,138,73
20214,A,골목상권,3110492,하나고등학교,540,262,278,1,21,104,141,149,124,0,6,75,108,50,23,1,15,29,33,99,101
20214,A,골목상권,3110513,연희파출소,3363,2204,1159,22,567,790,725,790,469,9,272,540,501,544,338,13,295,250,224,246,131
20214,A,골목상권,3110514,서대문우체국,5884,4292,1592,5,831,1136,1085,2109,718,2,601,819,690,1648,532,3,230,317,395,461,186
20214,A,골목상권,3110562,연트럴파크(연남동주민센터),2875,1653,1222,6,493,708,654,605,409,5,216,416,353,352,311,1,277,292,301,253,98
20214,A,골목상권,3110508,서연중학교,4731,2947,1784,65,1080,1249,854,927,556,33,608,915,530,502,359,32,472,334,324,425,197
20214,A,골목상권,3110518,서대문구청,3722,1975,1747,12,546,1034,1058,869,203,9,200,479,568,581,138,3,346,555,490,288,65
20214,A,골목상권,3110525,홍은종합사회복지관,7221,1312,5909,3,183,467,1911,3557,1100,1,69,144,285,391,422,2,114,323,1626,3166,678
20214,A,골목상권,3110515,홍은중학교,1043,706,337,1,143,296,295,199,109,1,75,191,205,147,87,0,68,105,90,52,22
20214,A,골목상권,3110583,공덕래미안3차아파트,6179,4019,2160,25,972,2169,1807,999,207,2,442,1254,1331,841,149,23,530,915,476,158,58
20214,A,골목상권,3110577,용강동주민센터,9059,5496,3563,86,1376,2019,2088,1811,1679,35,752,1266,1421,1058,964,51,624,753,667,753,715
20214,A,골목상권,3110559,성산중학교,3953,2244,1709,15,791,1163,989,658,337,10,291,617,630,448,248,5,500,546,359,210,89
20214,A,골목상권,3110673,뜸부기어린이공원,3925,1626,2299,2,811,1050,872,768,422,1,199,434,404,342,246,1,612,616,468,426,176
20214,A,골목상권,3110593,신월3동주민센터,1762,1006,756,1,186,325,388,471,391,0,75,151,191,286,303,1,111,174,197,185,88
20214,A,골목상권,3110605,목동센트럴아이파크앞,1499,829,670,1,100,208,369,491,330,0,43,115,174,261,236,1,57,93,195,230,94
20214,A,골목상권,3110644,신광명마을,984,638,346,8,82,134,249,286,225,5,35,58,135,196,209,3,47,76,114,90,16
20214,A,골목상권,3110634,송정역 3번,2258,1399,859,4,275,506,610,511,352,1,117,307,373,338,263,3,158,199,237,173,89
20214,A,골목상권,3110637,송정역 2번,2971,1382,1589,8,213,374,533,870,973,1,106,229,321,293,432,7,107,145,212,577,541
20214,A,골목상권,3110717,남구로역 2번,14015,9786,4229,70,2885,4254,3438,2015,1353,55,1641,3012,2557,1417,1104,15,1244,1242,881,598,249
20214,A,골목상권,3110704,고척중학교,2226,1605,621,3,212,447,479,523,562,2,146,303,298,357,499,1,66,144,181,166,63
20214,A,골목상권,3110711,구로초등학교,6053,3126,2927,18,987,1548,1351,1432,717,6,398,756,689,847,430,12,589,792,662,585,287
20214,A,골목상권,3110853,KT구로지사,2641,1608,1033,1,319,772,649,545,355,0,145,461,405,335,262,1,174,311,244,210,93
20214,A,골목상권,3110719,영서중학교,8289,5933,2356,59,1796,2525,2024,1273,612,45,1066,1810,1558,970,484,14,730,715,466,303,128
20214,A,골목상권,3110681,온수역 1번,770,608,162,1,32,106,134,230,267,1,15,68,84,193,247,0,17,38,50,37,20
20214,A,골목상권,3110686,수궁동주민센터,1712,942,770,4,166,281,410,516,335,2,67,147,225,281,220,2,99,134,185,235,115
20214,A,골목상권,3110724,금천구립가산도서관,11383,7546,3837,40,1693,3181,2821,2099,1549,26,938,2131,2094,1485,872,14,755,1050,727,614,677
20214,A,골목상권,3110737,금천세무서,1798,1125,673,11,253,347,446,436,305,2,132,205,256,291,239,9,121,142,190,145,66
20214,A,골목상권,3110751,난곡중학교,4170,2971,1199,5,268,560,768,723,1846,4,152,299,440,412,1664,1,116,261,328,311,182
20214,A,골목상권,3110770,영등포구청역 6번,3743,2293,1450,10,456,798,1009,775,695,8,198,431,610,510,536,2,258,367,399,265,159
20214,A,골목상권,3110774,당산반도유보라팰리스아파트,6057,3990,2067,23,1174,1514,1210,1260,876,16,690,964,811,881,628,7,484,550,399,379,248
20214,A,골목상권,3110784,신대림초등학교,635,358,277,0,52,113,172,193,105,0,17,54,98,114,75,0,35,59,74,79,30
20214,A,골목상권,3110790,대림1동주민센터,1866,1133,733,8,165,442,606,439,206,6,106,276,315,276,154,2,59,166,291,163,52
20214,A,골목상권,3110797,KT대방빌딩,2388,1195,1193,9,744,610,471,373,181,6,202,321,282,247,137,3,542,289,189,126,44
20214,A,골목상권,3110767,도림동주민센터,1986,1301,685,12,195,337,469,452,521,9,94,206,296,293,403,3,101,131,173,159,118
20214,A,골목상권,3110795,도림초등학교,1472,844,628,3,149,235,336,361,388,3,60,124,194,196,267,0,89,111,142,165,121
20214,A,골목상권,3110816,대방역 6번,1738,1058,680,6,221,364,462,314,371,4,113,216,301,190,234,2,108,148,161,124,137
20214,A,골목상권,3110805,신길새마을금고신길4동지점,1023,537,486,1,157,206,259,272,128,0,62,106,133,146,90,1,95,100,126,126,38
20214,A,골목상권,3110760,선유도역 6번,5228,3263,1965,14,772,1203,1346,1246,647,10,420,748,783,769,533,4,352,455,563,477,114
20214,A,골목상권,3110829,장승배기역 5번,1910,1113,797,2,354,419,433,426,276,1,244,230,215,246,177,1,110,189,218,180,99
20214,A,골목상권,3110823,신대방삼거리역 3번,18527,11847,6680,53,3630,3578,3043,4396,3827,29,2845,2902,1956,2093,2022,24,785,676,1087,2303,1805
20214,A,골목상권,3110825,신대방삼거리역 1번,1887,1186,701,4,200,384,537,438,324,2,118,234,332,261,239,2,82,150,205,177,85
20214,A,골목상권,3110902,사당역 4번,4587,2962,1625,5,748,1134,1234,856,610,3,391,730,829,555,454,2,357,404,405,301,156
20214,A,골목상권,3110848,양지어린이공원,2097,1112,985,2,190,322,522,478,583,1,51,160,244,247,409,1,139,162,278,231,174
20214,A,골목상권,3110837,숭실대입구역 1번,7582,3000,4582,54,1016,1317,1684,2308,1203,29,513,708,790,619,341,25,503,609,894,1689,862
20214,A,골목상권,3110869,"신림역 5번(신림동주민센터, 신림동별빛거리)",3655,2148,1507,5,394,824,948,715,769,3,166,460,534,430,555,2,228,364,414,285,214
20214,A,골목상권,3110844,흑석2치안센터,160,91,69,1,22,48,41,25,23,1,12,21,23,16,18,0,10,27,18,9,5
20214,A,골목상권,3110897,서울대입구역 8번,3249,1771,1478,17,519,696,762,756,499,10,216,361,414,426,344,7,303,335,348,330,155
20214,A,골목상권,3110865,남강고등학교(남강중학교),1253,655,598,10,151,251,310,354,177,7,69,139,159,167,114,3,82,112,151,187,63
20214,A,골목상권,3110909,남태령역(서울전자고등학교),640,329,311,2,35,69,132,263,139,2,9,34,62,132,90,0,26,35,70,131,49
20214,A,골목상권,3110887,서울산업정보학교(서울삼성초등학교),1438,924,514,2,150,309,356,436,185,0,51,150,237,337,149,2,99,159,119,99,36
20214,A,골목상권,3110860,호림박물관(성보고등학교),1990,1169,821,6,297,530,482,443,232,2,133,294,297,266,177,4,164,236,185,177,55
20214,A,골목상권,3110883,은천초등학교(은천교앞),3082,1294,1788,17,445,582,703,892,443,2,110,250,330,308,294,15,335,332,373,584,149
20214,A,골목상권,3110877,신림역 8번,2858,1276,1582,5,569,617,591,596,480,1,169,257,289,245,315,4,400,360,302,351,165
20214,A,골목상권,3110894,관악동부센트레빌아파트(은천로35라길),7043,2668,4375,54,994,1207,1567,2169,1052,30,470,649,731,579,209,24,524,558,836,1590,843
20214,A,골목상권,3110946,청계산원터골,162,69,93,0,24,18,42,31,47,0,12,10,25,7,15,0,12,8,17,24,32
20214,A,골목상권,3110924,반포4동주민센터(몽마르뜨공원),77734,71457,6277,26,7647,15682,20670,31194,2515,11,6234,13666,18911,30353,2282,15,1413,2016,1759,841,233
20214,A,골목상권,3110922,내방역 1번,15637,10488,5149,75,3040,4842,3871,2935,874,57,1457,2908,2911,2496,659,18,1583,1934,960,439,215
20214,A,골목상권,3110929,남부터미널역 1번,36239,19956,16283,80,7810,8818,7565,9758,2208,25,2589,4537,4266,6904,1635,55,5221,4281,3299,2854,573
20214,A,골목상권,3110980,개포지구대옆,18101,5325,12776,71,2848,3483,6555,4107,1037,34,1294,1688,1158,625,526,37,1554,1795,5397,3482,511
20214,A,골목상권,3110951,신사은행나무공원,9132,5156,3976,46,2729,2597,1929,1129,702,14,1093,1493,1282,764,510,32,1636,1104,647,365,192
20214,A,골목상권,3111024,경찰병원역 4번(건너말공원),10720,6112,4608,57,1433,2394,2566,2144,2126,27,681,1469,1754,1167,1014,30,752,925,812,977,1112
20214,A,골목상권,3111046,마천역(마천초등학교),2560,1555,1005,5,274,560,700,645,376,1,145,333,390,383,303,4,129,227,310,262,73
20214,A,골목상권,3111044,남천초등학교,1831,923,908,1,191,385,506,486,262,0,87,192,216,220,208,1,104,193,290,266,54
20214,A,골목상권,3111033,문정동성당,32663,26076,6587,11,2622,5719,9448,12913,1950,4,1647,4277,7502,11343,1303,7,975,1442,1946,1570,647
20214,A,골목상권,3111019,한성백제역 3번,15362,8061,7301,39,2405,3433,3255,3668,2562,30,1305,2236,1757,1393,1340,9,1100,1197,1498,2275,1222
20214,A,골목상권,3111007,석촌고분역 4번,4469,2987,1482,9,625,1051,1004,989,791,8,392,705,646,633,603,1,233,346,358,356,188
20214,A,골목상권,3111004,삼전역 1번,11074,7193,3881,42,1623,2462,2544,2663,1740,4,728,1489,1666,1950,1356,38,895,973,878,713,384
20214,A,골목상권,3111051,천호역 6번,3537,1976,1561,10,608,745,821,822,531,4,339,401,414,434,384,6,269,344,407,388,147
20214,A,골목상권,3111018,풍납초등학교(풍납백제문화공원),958,634,324,0,133,194,216,258,157,0,84,122,134,175,119,0,49,72,82,83,38
20214,A,골목상권,3111064,둔촌동역 4번,2203,1364,839,6,236,423,519,533,486,5,121,252,314,340,332,1,115,171,205,193,154
20214,A,골목상권,3111078,굽은다리역 4번,3935,2367,1568,9,362,678,891,1032,963,5,192,427,513,612,618,4,170,251,378,420,345
20214,A,골목상권,3111082,중앙보훈병원,476,316,160,0,30,57,76,119,194,0,18,40,52,73,133,0,12,17,24,46,61
20214,A,골목상권,3111086,한영중고,702,392,310,1,68,159,171,215,88,1,31,67,87,136,70,0,37,92,84,79,18
20214,A,골목상권,3111070,천호초등학교,1434,798,636,6,118,348,397,393,172,1,45,166,221,243,122,5,73,182,176,150,50
20214,A,골목상권,3111057,천호공원(해공체육문화센터),1546,745,801,2,167,228,317,374,458,2,47,73,121,162,340,0,120,155,196,212,118
20221,A,골목상권,3110019,창덕궁,6319,4360,1959,10,1053,2069,1767,953,467,3,559,1386,1342,701,369,7,494,683,425,252,98
20221,A,골목상권,3110018,중앙고등학교,11262,8487,2775,7,1250,3853,3350,2089,713,6,649,2888,2664,1739,541,1,601,965,686,350,172
20221,A,골목상권,3110038,경향신문사,10172,7008,3164,16,1531,3252,3390,1653,330,3,695,2090,2547,1430,243,13,836,1162,843,223,87
20221,A,골목상권,3110012,성곡미술관,27735,18834,8901,37,3819,8129,8256,5229,2265,7,1836,5632,6275,3697,1387,30,1983,2497,1981,1532,878
20221,A,골목상권,3110006,부암동주민센터,773,347,426,0,158,275,203,101,36,0,69,129,83,45,21,0,89,146,120,56,15
20221,A,골목상권,3110052,장충초등학교,5705,3122,2583,6,827,1468,1432,1344,628,3,309,713,830,859,408,3,518,755,602,485,220
20221,A,골목상권,3110589,애오개역 3번,559,265,294,0,108,185,141,80,45,0,38,87,71,42,27,0,70,98,70,38,18
20221,A,골목상권,3110068,남영역 1번,8193,5432,2761,40,1419,2582,2050,1326,776,19,721,1609,1516,1011,556,21,698,973,534,315,220
20221,A,골목상권,3110092,NH농협은행 보광동지점,3281,2252,1029,31,523,841,877,713,296,21,277,569,627,533,225,10,246,272,250,180,71
20221,A,골목상권,3110083,서빙고역 1번,6594,4364,2230,19,1375,1883,1618,1157,542,7,651,1268,1156,865,417,12,724,615,462,292,125
20221,A,골목상권,3110060,효창공원앞역 6번,6789,4650,2139,19,1230,1825,1872,1318,525,10,677,1315,1333,926,389,9,553,510,539,392,136
20221,A,골목상권,3110061,효창동주민센터,5303,3773,1530,6,882,1448,1482,1038,447,4,527,1073,1109,722,338,2,355,375,373,316,109
20221,A,골목상권,3110091,리움미술관,5605,3483,2122,16,1353,2027,1384,612,213,8,579,1155,1049,531,161,8,774,872,335,81,52
20221,A,골목상권,3110122,마장역 2번,1288,844,444,1,128,208,307,373,271,1,73,133,188,246,203,0,55,75,119,127,68
20221,A,골목상권,3110188,용두동신동아아파트,8552,6410,2142,56,940,1775,2007,2538,1236,37,653,1318,1585,1899,918,19,287,457,422,639,318
20221,A,골목상권,3110125,사근동살곶이상점가,304,167,137,2,52,66,90,59,35,2,21,32,48,39,25,0,31,34,42,20,10
20221,A,골목상권,3110147,능동우편취급국,4531,2184,2347,31,1146,862,890,1066,536,19,559,502,431,345,328,12,587,360,459,721,208
20221,A,골목상권,3110217,자동차부품상가,3677,2888,789,21,732,983,868,595,478,20,576,785,687,435,385,1,156,198,181,160,93
20221,A,골목상권,3110178,장로회신학대학교,2404,1638,766,1,341,582,567,559,354,0,195,410,420,386,227,1,146,172,147,173,127
20221,A,골목상권,3110162,군자역 4번,3299,1971,1328,5,497,696,811,692,598,2,300,424,470,362,413,3,197,272,341,330,185
20221,A,골목상권,3110154,광진정말공원,1521,878,643,6,193,294,396,399,233,4,99,168,215,220,172,2,94,126,181,179,61
20221,A,골목상권,3110151,자양한강도서관,2110,1470,640,7,384,424,537,519,239,4,274,300,362,348,182,3,110,124,175,171,57
20221,A,골목상권,3110171,중곡4동주민센터,2069,805,1264,3,502,500,486,436,142,1,84,182,208,224,106,2,418,318,278,212,36
20221,A,골목상권,3110218,답십리사거리,1293,747,546,6,152,258,330,326,221,5,58,132,175,207,170,1,94,126,155,119,51
20221,A,골목상권,3110225,촬영소사거리,1955,992,963,2,123,189,335,525,781,2,67,108,191,252,372,0,56,81,144,273,409
20221,A,골목상권,3110184,용두사거리,3021,1527,1494,5,599,895,617,491,414,2,203,397,289,306,330,3,396,498,328,185,84
20221,A,골목상권,3110213,청량초등학교,2045,619,1426,0,582,702,456,221,84,0,98,228,161,74,58,0,484,474,295,147,26
20221,A,골목상권,3110220,외대앞역 1번,3279,1428,1851,2,649,864,843,597,324,1,120,311,409,369,218,1,529,553,434,228,106
20221,A,골목상권,3110230,장안현대홈타운1차아파트,4180,2588,1592,14,740,1026,1066,899,435,10,450,646,636,535,311,4,290,380,430,364,124
20221,A,골목상권,3110216,전농중학교,1431,725,706,2,194,328,385,371,151,1,84,149,201,194,96,1,110,179,184,177,55
20221,A,골목상권,3110275,하나은행 망우동지점,1321,725,596,10,155,180,250,376,350,0,42,46,116,227,294,10,113,134,134,149,56
20221,A,골목상권,3110276,신내IC북측,132,100,32,0,9,22,38,38,25,0,5,19,26,32,18,0,4,3,12,6,7
20221,A,골목상권,3110240,태릉시장 특화거리,439,231,208,3,63,64,129,98,82,2,24,33,65,48,59,1,39,31,64,50,23
20221,A,골목상권,3110299,정릉역 1번,1824,844,980,4,260,396,436,423,305,0,53,150,161,238,242,4,207,246,275,185,63
20221,A,골목상권,3110302,보문역 8번,5898,4601,1297,6,635,1951,1314,1333,659,2,343,1589,1089,1123,455,4,292,362,225,210,204
20221,A,골목상권,3110333,돌곶이역 5번,2180,1597,583,1,138,180,253,395,1213,0,72,102,152,268,1003,1,66,78,101,127,210
20221,A,골목상권,3110295,정릉우체국,2033,967,1066,2,326,405,505,478,317,0,87,174,207,267,232,2,239,231,298,211,85
20221,A,골목상권,3110290,북한산보국문역 1번,956,503,453,2,85,114,198,295,262,0,23,58,103,167,152,2,62,56,95,128,110
20221,A,골목상권,3110284,정릉북한산국립공원입구,1070,775,295,0,67,166,299,370,168,0,17,93,226,294,145,0,50,73,73,76,23
20221,A,골목상권,3110315,종암아이파크2차,19324,9933,9391,57,1503,4968,7106,5488,202,13,619,1647,3160,4363,131,44,884,3321,3946,1125,71
20221,A,골목상권,3110311,종암아이파크2차후문,18326,9454,8872,55,1387,4748,6804,5254,78,12,582,1562,3010,4226,62,43,805,3186,3794,1028,16
20221,A,골목상권,3110372,강북중학교,2235,1039,1196,1,431,564,556,464,219,1,120,285,281,229,123,0,311,279,275,235,96
20221,A,골목상권,3110355,삼양사거리역 2번,841,465,376,2,75,143,202,215,204,1,21,48,103,134,158,1,54,95,99,81,46
20221,A,골목상권,3110384,문이교,515,242,273,1,67,67,122,148,110,0,18,23,41,80,80,1,49,44,81,68,30
20221,A,골목상권,3110407,도봉역 2번,1737,1230,507,2,79,213,329,569,545,1,27,108,185,426,483,1,52,105,144,143,62
20221,A,골목상권,3110405,방학역 1번,2828,1543,1285,6,280,510,686,856,490,5,158,343,328,348,361,1,122,167,358,508,129
20221,A,골목상권,3110412,창동중학교,926,729,197,1,32,75,129,327,362,1,15,31,69,262,351,0,17,44,60,65,11
20221,A,골목상권,3110394,방학중학교,1009,508,501,1,104,211,274,247,172,1,47,99,125,125,111,0,57,112,149,122,61
20221,A,골목상권,3110388,도봉우체국,1888,873,1015,4,412,414,447,441,170,3,100,202,209,231,128,1,312,212,238,210,42
20221,A,골목상권,3110442,화랑대철도공원,516,235,281,2,52,82,125,173,82,2,27,35,48,69,54,0,25,47,77,104,28
20221,A,골목상권,3110424,상계초등학교,1733,729,1004,5,214,302,436,475,301,5,84,152,179,184,125,0,130,150,257,291,176
20221,A,골목상권,3110431,상계역,1287,621,666,3,148,275,353,314,194,0,43,131,187,139,121,3,105,144,166,175,73
20221,A,골목상권,3110437,당고개역 2번,1939,1463,476,1,93,154,435,765,491,0,35,83,301,619,425,1,58,71,134,146,66
20221,A,골목상권,3110439,당고개역 5번,1564,1295,269,1,57,95,313,641,457,0,18,56,256,564,401,1,39,39,57,77,56
20221,A,골목상권,3110440,상계3동4동주민센터,169,56,113,0,26,25,43,40,35,0,8,5,11,16,16,0,18,20,32,24,19
20221,A,골목상권,3110420,광운대역 1번,1471,830,641,9,301,445,400,204,112,2,145,305,217,102,59,7,156,140,183,102,53
20221,A,골목상권,3110467,은평요양병원,1379,737,642,5,189,335,332,289,229,4,86,184,174,140,149,1,103,151,158,149,80
20221,A,골목상권,3110454,선정중학교,2790,1775,1015,7,272,500,645,930,436,3,129,261,343,687,352,4,143,239,302,243,84
20221,A,골목상권,3110447,구산초등학교,1598,1138,460,2,95,229,339,680,253,0,42,106,199,571,220,2,53,123,140,109,33
20221,A,골목상권,3110466,구산역 2번,1798,899,899,10,243,407,457,413,268,2,80,171,240,218,188,8,163,236,217,195,80
20221,A,골목상권,3110444,수색성당,1892,1313,579,0,137,252,283,320,900,0,54,128,127,184,820,0,83,124,156,136,80
20221,A,골목상권,3110453,신사1동주민센터,1978,1132,846,1,218,408,518,480,353,1,127,200,295,268,241,0,91,208,223,212,112
20221,A,골목상권,3110448,상신초등학교입구,1073,613,460,3,129,216,240,258,227,1,83,123,122,132,152,2,46,93,118,126,75
20221,A,골목상권,3110498,증산역 1번,2535,1338,1197,4,342,517,554,649,469,2,109,293,309,322,303,2,233,224,245,327,166
20221,A,골목상권,3110505,홍남교남측,2126,1435,691,49,700,599,355,283,140,26,407,498,226,172,106,23,293,101,129,111,34
20221,A,골목상권,3110510,홍연시장,2641,1768,873,55,777,683,448,457,221,30,445,554,273,293,173,25,332,129,175,164,48
20221,A,골목상권,3110553,가좌역 2번,1511,856,655,3,170,321,388,384,245,2,77,175,235,224,143,1,93,146,153,160,102
20221,A,골목상권,3110496,모래내우체국,1812,822,990,7,281,445,449,349,281,4,85,208,221,148,156,3,196,237,228,201,125
20221,A,골목상권,3110542,마포구청역 7번,5558,3298,2260,20,707,1052,1202,1656,921,11,378,760,825,770,554,9,329,292,377,886,367
20221,A,골목상권,3110506,연희임광아파트,1391,746,645,2,205,313,340,335,196,2,93,209,169,157,116,0,112,104,171,178,80
20221,A,골목상권,3110529,홍제3동주민센터,1091,564,527,4,122,140,206,257,362,1,44,66,95,138,220,3,78,74,111,119,142
20221,A,골목상권,3110521,홍제역 4번,1109,612,497,3,108,134,316,391,157,1,30,70,168,242,101,2,78,64,148,149,56
20221,A,골목상권,3110561,상수역 4번,2460,1498,962,31,569,746,545,348,221,20,264,444,364,239,167,11,305,302,181,109,54
20221,A,골목상권,3110552,성미산체육관,2995,1818,1177,8,379,652,778,730,448,4,185,366,457,506,300,4,194,286,321,224,148
20221,A,골목상권,3110570,KB국민은행 서강지점,1410,826,584,7,199,376,380,261,187,7,100,222,201,154,142,0,99,154,179,107,45
20221,A,골목상권,3110620,목동보건지소,3652,1851,1801,7,412,863,1018,883,469,5,182,474,447,423,320,2,230,389,571,460,149
20221,A,골목상권,3110624,목동문화체육센터,1670,856,814,1,264,453,486,298,168,1,140,240,200,155,120,0,124,213,286,143,48
20221,A,골목상권,3110626,양화초등학교,3807,2364,1443,4,517,846,1106,938,396,3,219,458,758,652,274,1,298,388,348,286,122
20221,A,골목상권,3110606,신한은행 신월동지점,2588,1783,805,3,138,296,550,822,779,1,58,158,318,568,680,2,80,138,232,254,99
20221,A,골목상권,3110646,푸른들청소년도서관,6554,3939,2615,12,861,1499,1624,1593,965,9,445,957,950,890,688,3,416,542,674,703,277
20221,A,골목상권,3110613,신정네거리역 4번,532,258,274,0,62,116,114,119,121,0,13,47,48,66,84,0,49,69,66,53,37
20221,A,골목상권,3110706,그라운드 고척,2411,1613,798,2,310,586,628,638,247,2,161,381,415,463,191,0,149,205,213,175,56
20221,A,골목상권,3110701,고척동성당,2031,1278,753,7,310,414,454,523,323,1,176,260,284,305,252,6,134,154,170,218,71
20221,A,골목상권,3110657,양천향교역 5번,8471,5307,3164,17,1024,2088,2090,1892,1360,11,513,1206,1353,1162,1062,6,511,882,737,730,298
20221,A,골목상권,3110648,양천향교역 7번,4059,2626,1433,14,469,835,925,929,887,10,238,536,594,535,713,4,231,299,331,394,174
20221,A,골목상권,3110671,등촌1동주민센터,10403,6389,4014,31,1969,2531,2337,1997,1538,18,787,1620,1611,1312,1041,13,1182,911,726,685,497
20221,A,골목상권,3110658,화곡초등학교,3192,1856,1336,2,811,765,628,538,448,0,270,453,376,381,376,2,541,312,252,157,72
20221,A,골목상권,3110668,화곡2동주민센터,3004,1684,1320,10,406,790,822,630,346,7,198,431,436,373,239,3,208,359,386,257,107
20221,A,골목상권,3110721,가리봉파출소,9719,6601,3118,27,1764,3184,2464,1435,845,13,942,2250,1830,926,640,14,822,934,634,509,205
20221,A,골목상권,3110703,개봉역,8618,4789,3829,41,1381,2048,1932,2036,1180,22,796,1309,965,946,751,19,585,739,967,1090,429
20221,A,골목상권,3110693,오류동역 4번,2696,1879,817,4,369,515,637,750,421,3,300,366,437,480,293,1,69,149,200,270,128
20221,A,골목상권,3110709,구로119안전센터,1187,559,628,4,117,165,257,381,263,2,53,88,142,137,137,2,64,77,115,244,126
20221,A,골목상권,3110716,구로나눔길,4822,2652,2170,7,579,1315,1117,1252,552,3,265,697,592,776,319,4,314,618,525,476,233
20221,A,골목상권,3110769,대림차이나타운(대림역 12번),1954,1208,746,5,121,251,393,460,724,3,75,164,232,290,444,2,46,87,161,170,280
20221,A,골목상권,3110761,문래동남성맨션,1158,827,331,2,91,236,304,299,226,1,64,159,218,197,188,1,27,77,86,102,38
20221,A,골목상권,3110741,독산2동주민센터,1504,811,693,3,175,295,351,425,255,2,91,145,170,215,188,1,84,150,181,210,67
20221,A,골목상권,3110859,난향초등학교,512,230,282,1,45,111,154,119,82,0,3,44,63,56,64,1,42,67,91,63,18
20221,A,골목상권,3110789,대림성모병원,3410,1458,1952,2,996,845,702,539,326,2,257,378,363,264,194,0,739,467,339,275,132
20221,A,골목상권,3110780,신길대성유니드아파트,1394,925,469,1,137,277,365,360,254,1,88,167,227,235,207,0,49,110,138,125,47
20221,A,골목상권,3110772,신우어린이공원,1405,839,566,1,221,295,338,329,221,0,93,177,214,205,150,1,128,118,124,124,71
20221,A,골목상권,3110785,영등포푸르지오아파트,2009,1361,648,6,207,449,544,471,332,4,93,298,379,338,249,2,114,151,165,133,83
20221,A,골목상권,3110787,신길3동주민센터,1010,595,415,3,99,199,285,264,160,3,47,107,166,160,112,0,52,92,119,104,48
20221,A,골목상권,3110758,문래소공원,14709,7623,7086,103,3376,3787,3217,3111,1115,31,1541,2760,1604,829,858,72,1835,1027,1613,2282,257
20221,A,골목상권,3110815,공군호텔,3580,1559,2021,5,645,846,827,727,530,0,194,396,377,297,295,5,451,450,450,430,235
20221,A,골목상권,3110808,신길역 1번,1130,445,685,0,100,235,310,302,183,0,32,108,122,98,85,0,68,127,188,204,98
20221,A,골목상권,3110804,신풍역 1번,1741,798,943,1,169,357,520,405,289,0,76,149,168,199,206,1,93,208,352,206,83
20221,A,골목상권,3110832,노량진초등학교,4040,2156,1884,1,568,1114,970,953,434,0,307,514,509,572,254,1,261,600,461,381,180
20221,A,골목상권,3110822,신대방삼거리역 4번(대림초등학교),2751,1560,1191,2,363,614,588,613,571,0,112,362,360,362,364,2,251,252,228,251,207
20221,A,골목상권,3110850,사당역 10번,7894,4180,3714,14,1345,2053,2169,1428,885,5,442,1014,1153,889,677,9,903,1039,1016,539,208
20221,A,골목상권,3110907,방배초등학교,7536,4093,3443,28,1176,1611,1757,1598,1366,16,482,896,974,820,905,12,694,715,783,778,461
20221,A,골목상권,3110886,관악해태어린이공원,1445,959,486,3,127,237,384,457,237,1,51,115,248,345,199,2,76,122,136,112,38
20221,A,골목상권,3110870,신림주공2단지(광신고등학교),926,524,402,2,74,142,244,279,185,0,27,71,123,158,145,2,47,71,121,121,40
20221,A,골목상권,3110888,청룡동주민센터,1962,823,1139,4,400,564,469,301,224,0,83,193,220,164,163,4,317,371,249,137,61
20221,A,골목상권,3110880,신림역 1번,1885,706,1179,2,469,465,373,346,230,1,114,169,180,115,127,1,355,296,193,231,103
20221,A,골목상권,3110896,관악우성아파트,736,263,473,3,103,109,175,206,140,2,34,34,61,79,53,1,69,75,114,127,87
20221,A,골목상권,3110948,헌인가구단지,57,27,30,0,5,24,14,11,3,0,4,12,6,2,3,0,1,12,8,9,0
20221,A,골목상권,3110921,서울프랑스학교,78980,73122,5858,28,7548,16129,20976,31809,2490,12,6231,14222,19329,31052,2276,16,1317,1907,1647,757,214
20221,A,골목상권,3110912,방배동사이길,10864,6872,3992,39,2280,3332,2614,1988,611,11,836,2031,1921,1590,483,28,1444,1301,693,398,128
20221,A,골목상권,3110933,한국상담대학원대학교,5166,2935,2231,17,1332,1552,1139,789,337,4,500,976,763,474,218,13,832,576,376,315,119
20221,A,골목상권,3110935,한전아트센터,15447,13162,2285,22,2512,5659,3695,2968,591,17,1823,4896,3229,2703,494,5,689,763,466,265,97
20221,A,골목상권,3110984,포이초등학교(개포목련어린이공원),3582,2150,1432,4,498,767,882,784,647,1,250,501,486,430,482,3,248,266,396,354,165
20221,A,골목상권,3110978,도곡2동주민센터(대치중학교),9979,6980,2999,40,2087,3214,2294,1200,1144,23,1136,2370,1884,909,658,17,951,844,410,291,486
20221,A,골목상권,3110971,선정릉역 4번,19901,10561,9340,56,4117,6246,4806,2922,1754,20,1411,3453,2772,1734,1171,36,2706,2793,2034,1188,583
20221,A,골목상권,3110974,언주중학교,8256,5430,2826,32,1847,2573,1708,1193,903,20,851,1532,1318,975,734,12,996,1041,390,218,169
20221,A,골목상권,3110975,매봉역 1번,20752,14192,6560,76,4365,5383,5577,4328,1023,51,2288,3472,4126,3439,816,25,2077,1911,1451,889,207
20221,A,골목상권,3111040,거여초등학교,2357,1472,885,10,310,602,594,522,319,9,179,402,365,295,222,1,131,200,229,227,97
20221,A,골목상권,3111026,문정역 2번,5159,3277,1882,8,771,1232,1312,1131,705,3,429,810,876,634,525,5,342,422,436,497,180
20221,A,골목상권,3111017,송파나루역 3번,3628,2432,1196,16,792,796,869,755,400,11,460,537,585,527,312,5,332,259,284,228,88
20221,A,골목상권,3111010,석촌역 7번,7142,5058,2084,9,802,1620,1617,1242,1852,6,441,1150,1102,793,1566,3,361,470,515,449,286
20221,A,골목상권,3111034,오동나무공원(송파레미니스1단지),3543,2415,1128,7,500,770,849,906,511,6,300,543,575,584,407,1,200,227,274,322,104
20221,A,골목상권,3111030,방이역 2번,20738,15418,5320,18,2658,5004,5332,4928,2798,6,1628,3495,4144,4200,1945,12,1030,1509,1188,728,853
20221,A,골목상권,3111085,묘곡초등학교(고덕아이파크아파트),1513,784,729,0,146,290,369,382,326,0,61,149,169,194,211,0,85,141,200,188,115
20221,A,골목상권,3111077,길동주민센터(강동도서관),6406,3327,3079,16,671,1129,1499,1694,1397,9,330,650,809,710,819,7,341,479,690,984,578
20221,A,골목상권,3111076,둔촌2동주민센터,2137,1170,967,3,262,433,458,484,497,1,104,223,250,249,343,2,158,210,208,235,154
20221,A,골목상권,3111080,굽은다리역 3번,1729,778,951,2,186,308,401,447,385,0,66,164,188,178,182,2,120,144,213,269,203
20221,A,골목상권,3110021,성균관대학교,1380,854,526,13,176,218,316,344,313,11,77,113,213,233,207,2,99,105,103,111,106
20221,A,골목상권,3110536,돈의문센트레빌아파트입구,1695,833,862,1,260,434,449,376,175,1,78,212,254,177,111,0,182,222,195,199,64
20221,A,골목상권,3110029,동대문역 1번,1644,738,906,3,231,331,381,390,308,1,67,127,179,186,178,2,164,204,202,204,130
20221,A,골목상권,3110037,신설동역 12번,6845,2610,4235,8,686,1039,1229,1827,2056,0,200,462,558,454,936,8,486,577,671,1373,1120
20221,A,골목상권,3110050,약수역 7번,1836,960,876,2,250,436,467,418,263,2,91,213,281,223,150,0,159,223,186,195,113
20221,A,골목상권,3110056,신당역 3번,2607,1426,1181,6,401,693,647,505,355,6,185,356,340,292,247,0,216,337,307,213,108
20221,A,골목상권,3110042,남산골공원옆,3487,1845,1642,11,347,719,1132,882,396,6,133,341,523,568,274,5,214,378,609,314,122
20221,A,골목상권,3110067,배문고등학교,6040,2831,3209,9,1156,1772,1294,977,832,3,287,644,651,605,641,6,869,1128,643,372,191
20221,A,골목상권,3110090,한국폴리텍대학서울정수캠퍼스,6854,4231,2623,17,1075,2196,2359,934,273,8,504,1107,1684,735,193,9,571,1089,675,199,80
20221,A,골목상권,3110088,오산고등학교,7060,4470,2590,17,1103,2335,2474,899,232,7,558,1213,1793,727,172,10,545,1122,681,172,60
20221,A,골목상권,3110087,이태원엔틱가구거리,3473,1835,1638,14,616,996,784,725,338,11,220,474,424,457,249,3,396,522,360,268,89
20221,A,골목상권,3110063,효창공원앞역 5번,2545,1665,880,15,308,566,692,530,434,12,172,383,458,344,296,3,136,183,234,186,138
20221,A,골목상권,3110058,성심여자고등학교,6811,4886,1925,22,1067,2028,1812,1308,574,7,598,1398,1383,1048,452,15,469,630,429,260,122
20221,A,골목상권,3110098,서울독일학교,19270,15584,3686,22,2331,4742,5464,6112,599,14,1127,3406,4759,5764,514,8,1204,1336,705,348,85
20221,A,골목상권,3110096,한남힐사이드아파트,5546,3662,1884,5,1168,1544,1281,1282,266,3,498,976,912,1046,227,2,670,568,369,236,39
20221,A,골목상권,3110100,옥수동우편취급국,7613,6422,1191,7,609,2450,2479,1864,204,4,305,1915,2241,1784,173,3,304,535,238,80,31
20221,A,골목상권,3110119,마장지하차도,2046,656,1390,1,159,260,428,704,494,0,83,139,167,155,112,1,76,121,261,549,382
20221,A,골목상권,3110118,왕십리역 9번,1141,733,408,1,167,270,301,259,143,0,85,164,189,178,117,1,82,106,112,81,26
20221,A,골목상권,3110131,성수동카페거리,16372,10013,6359,69,3574,4475,3610,2782,1862,39,1790,2879,2348,1642,1315,30,1784,1596,1262,1140,547
20221,A,골목상권,3110134,성수119안전센터,3342,2382,960,73,532,823,835,706,373,34,330,619,609,498,292,39,202,204,226,208,81
20221,A,골목상권,3110139,자양4동주민센터,2367,1870,497,9,270,601,637,559,291,5,194,486,509,441,235,4,76,115,128,118,56
20221,A,골목상권,3110136,경수초등학교,16150,9947,6203,123,3454,3934,3551,3098,1990,71,1698,2541,2333,1900,1404,52,1756,1393,1218,1198,586
20221,A,골목상권,3110155,광진구청,12629,9937,2692,11,781,1849,3528,5069,1391,11,385,1169,2772,4413,1187,0,396,680,756,656,204
20221,A,골목상권,3110176,해오름공원,3579,1917,1662,4,675,798,998,836,268,2,178,374,601,542,220,2,497,424,397,294,48
20221,A,골목상권,3110149,세종대학교,799,452,347,0,93,197,215,179,115,0,44,101,133,91,83,0,49,96,82,88,32
20221,A,골목상권,3110167,용마초등학교,3707,2122,1585,11,501,762,961,828,644,3,272,440,519,426,462,8,229,322,442,402,182
20221,A,골목상권,3110204,간데메공원,1356,905,451,5,205,278,356,322,190,3,135,169,223,225,150,2,70,109,133,97,40
20221,A,골목상권,3110226,장안1동주민센터,5867,3209,2658,15,722,1138,1352,1410,1230,12,347,658,734,772,686,3,375,480,618,638,544
20221,A,골목상권,3110211,전곡마을마당공원,1820,983,837,4,278,348,454,491,245,1,111,192,268,266,145,3,167,156,186,225,100
20221,A,골목상권,3110207,시립대앞사거리,1345,584,761,3,233,270,311,303,225,1,53,120,140,127,143,2,180,150,171,176,82
20221,A,골목상권,3110198,동대문중앙새마을금고본점,361,189,172,0,20,53,86,133,69,0,9,28,50,59,43,0,11,25,36,74,26
20221,A,골목상권,3110200,동대문경찰서,703,390,313,0,77,108,145,182,191,0,37,54,78,85,136,0,40,54,67,97,55
20221,A,골목상권,3110256,면목2동체육관,3260,1961,1299,5,413,680,888,780,494,1,188,448,483,445,396,4,225,232,405,335,98
20221,A,골목상권,3110266,면목동우체국,2501,1548,953,5,244,423,558,704,567,0,78,210,314,502,444,5,166,213,244,202,123
20221,A,골목상권,3110236,신묵초등학교,2212,1481,731,2,311,516,532,603,248,2,174,350,347,432,176,0,137,166,185,171,72
20221,A,골목상권,3110267,망우역 2번,2430,1427,1003,13,334,482,518,637,446,11,202,293,263,329,329,2,132,189,255,308,117
20221,A,골목상권,3110234,중랑역 4번,2773,2036,737,11,275,619,860,768,240,9,142,418,643,647,177,2,133,201,217,121,63
20221,A,골목상권,3110314,종암경찰서,3397,2472,925,6,380,670,726,731,884,0,231,492,518,565,666,6,149,178,208,166,218
20221,A,골목상권,3110421,석계역 1번,1218,593,625,4,119,205,323,328,239,2,49,90,144,169,139,2,70,115,179,159,100
20221,A,골목상권,3110321,동덕여대,1128,697,431,0,75,117,219,296,421,0,24,61,110,162,340,0,51,56,109,134,81
20221,A,골목상권,3110324,월곡역 4번,1184,675,509,5,167,321,341,226,124,1,78,187,188,134,87,4,89,134,153,92,37
20221,A,골목상권,3110298,솔숲어린이공원,1115,539,576,6,144,199,273,276,217,1,36,66,112,152,172,5,108,133,161,124,45
20221,A,골목상권,3110365,미아역 5번,1266,616,650,2,97,152,267,320,428,2,36,63,110,186,219,0,61,89,157,134,209
20221,A,골목상권,3110367,강북구청,3460,1492,1968,10,334,684,730,796,906,8,94,264,328,453,345,2,240,420,402,343,561
20221,A,골목상권,3110368,송천초등학교,981,601,380,1,93,195,242,259,191,1,32,95,129,181,163,0,61,100,113,78,28
20221,A,골목상권,3110352,수유1동주민센터,1291,576,715,0,118,244,368,418,143,0,49,99,154,183,91,0,69,145,214,235,52
20221,A,골목상권,3110349,화계역 2번,641,353,288,0,50,92,172,256,71,0,28,41,97,133,54,0,22,51,75,123,17
20221,A,골목상권,3110346,4.19민주묘지역 2번,605,334,271,0,71,106,179,136,113,0,18,62,103,75,76,0,53,44,76,61,37
20221,A,골목상권,3110339,국립4.19민주묘지,819,555,264,6,104,130,193,232,154,6,50,99,122,143,135,0,54,31,71,89,19
20221,A,골목상권,3110393,국민은행방학지점,749,350,399,3,91,217,207,154,77,2,32,106,101,63,46,1,59,111,106,91,31
20221,A,골목상권,3110395,신한은행 방학동지점,591,318,273,1,73,99,158,142,118,1,38,50,73,83,73,0,35,49,85,59,45
20221,A,골목상권,3110403,방학1동주민센터,1702,974,728,4,211,309,359,482,337,2,94,177,211,286,204,2,117,132,148,196,133
20221,A,골목상권,3110398,쌍문2동우체국,1663,972,691,0,162,244,383,523,351,0,72,129,192,328,251,0,90,115,191,195,100
20221,A,골목상권,3110401,도봉구민회관,1586,856,730,0,181,221,327,460,397,0,78,117,164,255,242,0,103,104,163,205,155
20222,A,골목상권,3110019,창덕궁,6319,4360,1959,10,1053,2069,1767,953,467,3,559,1386,1342,701,369,7,494,683,425,252,98
20222,A,골목상권,3110018,중앙고등학교,11262,8487,2775,7,1250,3853,3350,2089,713,6,649,2888,2664,1739,541,1,601,965,686,350,172
20222,A,골목상권,3110038,경향신문사,10172,7008,3164,16,1531,3252,3390,1653,330,3,695,2090,2547,1430,243,13,836,1162,843,223,87
20222,A,골목상권,3110012,성곡미술관,27735,18834,8901,37,3819,8129,8256,5229,2265,7,1836,5632,6275,3697,1387,30,1983,2497,1981,1532,878
20222,A,골목상권,3110006,부암동주민센터,773,347,426,0,158,275,203,101,36,0,69,129,83,45,21,0,89,146,120,56,15
20222,A,골목상권,3110052,장충초등학교,5705,3122,2583,6,827,1468,1432,1344,628,3,309,713,830,859,408,3,518,755,602,485,220
20222,A,골목상권,3110589,애오개역 3번,559,265,294,0,108,185,141,80,45,0,38,87,71,42,27,0,70,98,70,38,18
20222,A,골목상권,3110068,남영역 1번,8193,5432,2761,40,1419,2582,2050,1326,776,19,721,1609,1516,1011,556,21,698,973,534,315,220
20222,A,골목상권,3110092,NH농협은행 보광동지점,3281,2252,1029,31,523,841,877,713,296,21,277,569,627,533,225,10,246,272,250,180,71
20222,A,골목상권,3110083,서빙고역 1번,6594,4364,2230,19,1375,1883,1618,1157,542,7,651,1268,1156,865,417,12,724,615,462,292,125
20222,A,골목상권,3110060,효창공원앞역 6번,6789,4650,2139,19,1230,1825,1872,1318,525,10,677,1315,1333,926,389,9,553,510,539,392,136
20222,A,골목상권,3110061,효창동주민센터,5303,3773,1530,6,882,1448,1482,1038,447,4,527,1073,1109,722,338,2,355,375,373,316,109
20222,A,골목상권,3110091,리움미술관,5605,3483,2122,16,1353,2027,1384,612,213,8,579,1155,1049,531,161,8,774,872,335,81,52
20222,A,골목상권,3110122,마장역 2번,1288,844,444,1,128,208,307,373,271,1,73,133,188,246,203,0,55,75,119,127,68
20222,A,골목상권,3110188,용두동신동아아파트,8552,6410,2142,56,940,1775,2007,2538,1236,37,653,1318,1585,1899,918,19,287,457,422,639,318
20222,A,골목상권,3110125,사근동살곶이상점가,304,167,137,2,52,66,90,59,35,2,21,32,48,39,25,0,31,34,42,20,10
20222,A,골목상권,3110147,능동우편취급국,4531,2184,2347,31,1146,862,890,1066,536,19,559,502,431,345,328,12,587,360,459,721,208
20222,A,골목상권,3110217,자동차부품상가,3677,2888,789,21,732,983,868,595,478,20,576,785,687,435,385,1,156,198,181,160,93
20222,A,골목상권,3110178,장로회신학대학교,2404,1638,766,1,341,582,567,559,354,0,195,410,420,386,227,1,146,172,147,173,127
20222,A,골목상권,3110162,군자역 4번,3299,1971,1328,5,497,696,811,692,598,2,300,424,470,362,413,3,197,272,341,330,185
20222,A,골목상권,3110154,광진정말공원,1521,878,643,6,193,294,396,399,233,4,99,168,215,220,172,2,94,126,181,179,61
20222,A,골목상권,3110151,자양한강도서관,2110,1470,640,7,384,424,537,519,239,4,274,300,362,348,182,3,110,124,175,171,57
20222,A,골목상권,3110171,중곡4동주민센터,2069,805,1264,3,502,500,486,436,142,1,84,182,208,224,106,2,418,318,278,212,36
20222,A,골목상권,3110218,답십리사거리,1293,747,546,6,152,258,330,326,221,5,58,132,175,207,170,1,94,126,155,119,51
20222,A,골목상권,3110225,촬영소사거리,1955,992,963,2,123,189,335,525,781,2,67,108,191,252,372,0,56,81,144,273,409
20222,A,골목상권,3110184,용두사거리,3021,1527,1494,5,599,895,617,491,414,2,203,397,289,306,330,3,396,498,328,185,84
20222,A,골목상권,3110213,청량초등학교,2045,619,1426,0,582,702,456,221,84,0,98,228,161,74,58,0,484,474,295,147,26
20222,A,골목상권,3110220,외대앞역 1번,3279,1428,1851,2,649,864,843,597,324,1,120,311,409,369,218,1,529,553,434,228,106
20222,A,골목상권,3110230,장안현대홈타운1차아파트,4180,2588,1592,14,740,1026,1066,899,435,10,450,646,636,535,311,4,290,380,430,364,124
20222,A,골목상권,3110216,전농중학교,1431,725,706,2,194,328,385,371,151,1,84,149,201,194,96,1,110,179,184,177,55
20222,A,골목상권,3110275,하나은행 망우동지점,1321,725,596,10,155,180,250,376,350,0,42,46,116,227,294,10,113,134,134,149,56
20222,A,골목상권,3110276,신내IC북측,132,100,32,0,9,22,38,38,25,0,5,19,26,32,18,0,4,3,12,6,7
20222,A,골목상권,3110240,태릉시장 특화거리,439,231,208,3,63,64,129,98,82,2,24,33,65,48,59,1,39,31,64,50,23
20222,A,골목상권,3110299,정릉역 1번,1824,844,980,4,260,396,436,423,305,0,53,150,161,238,242,4,207,246,275,185,63
20222,A,골목상권,3110302,보문역 8번,5898,4601,1297,6,635,1951,1314,1333,659,2,343,1589,1089,1123,455,4,292,362,225,210,204
20222,A,골목상권,3110333,돌곶이역 5번,2180,1597,583,1,138,180,253,395,1213,0,72,102,152,268,1003,1,66,78,101,127,210
20222,A,골목상권,3110295,정릉우체국,2033,967,1066,2,326,405,505,478,317,0,87,174,207,267,232,2,239,231,298,211,85
20222,A,골목상권,3110290,북한산보국문역 1번,956,503,453,2,85,114,198,295,262,0,23,58,103,167,152,2,62,56,95,128,110
20222,A,골목상권,3110284,정릉북한산국립공원입구,1070,775,295,0,67,166,299,370,168,0,17,93,226,294,145,0,50,73,73,76,23
20222,A,골목상권,3110315,종암아이파크2차,19324,9933,9391,57,1503,4968,7106,5488,202,13,619,1647,3160,4363,131,44,884,3321,3946,1125,71
20222,A,골목상권,3110311,종암아이파크2차후문,18326,9454,8872,55,1387,4748,6804,5254,78,12,582,1562,3010,4226,62,43,805,3186,3794,1028,16
20222,A,골목상권,3110372,강북중학교,2235,1039,1196,1,431,564,556,464,219,1,120,285,281,229,123,0,311,279,275,235,96
20222,A,골목상권,3110355,삼양사거리역 2번,841,465,376,2,75,143,202,215,204,1,21,48,103,134,158,1,54,95,99,81,46
20222,A,골목상권,3110384,문이교,515,242,273,1,67,67,122,148,110,0,18,23,41,80,80,1,49,44,81,68,30
20222,A,골목상권,3110407,도봉역 2번,1737,1230,507,2,79,213,329,569,545,1,27,108,185,426,483,1,52,105,144,143,62
20222,A,골목상권,3110405,방학역 1번,2828,1543,1285,6,280,510,686,856,490,5,158,343,328,348,361,1,122,167,358,508,129
20222,A,골목상권,3110412,창동중학교,926,729,197,1,32,75,129,327,362,1,15,31,69,262,351,0,17,44,60,65,11
20222,A,골목상권,3110394,방학중학교,1009,508,501,1,104,211,274,247,172,1,47,99,125,125,111,0,57,112,149,122,61
20222,A,골목상권,3110388,도봉우체국,1888,873,1015,4,412,414,447,441,170,3,100,202,209,231,128,1,312,212,238,210,42
20222,A,골목상권,3110442,화랑대철도공원,516,235,281,2,52,82,125,173,82,2,27,35,48,69,54,0,25,47,77,104,28
20222,A,골목상권,3110424,상계초등학교,1733,729,1004,5,214,302,436,475,301,5,84,152,179,184,125,0,130,150,257,291,176
20222,A,골목상권,3110431,상계역,1287,621,666,3,148,275,353,314,194,0,43,131,187,139,121,3,105,144,166,175,73
20222,A,골목상권,3110437,당고개역 2번,1939,1463,476,1,93,154,435,765,491,0,35,83,301,619,425,1,58,71,134,146,66
20222,A,골목상권,3110439,당고개역 5번,1564,1295,269,1,57,95,313,641,457,0,18,56,256,564,401,1,39,39,57,77,56
20222,A,골목상권,3110440,상계3동4동주민센터,169,56,113,0,26,25,43,40,35,0,8,5,11,16,16,0,18,20,32,24,19
20222,A,골목상권,3110420,광운대역 1번,1471,830,641,9,301,445,400,204,112,2,145,305,217,102,59,7,156,140,183,102,53
20222,A,골목상권,3110467,은평요양병원,1379,737,642,5,189,335,332,289,229,4,86,184,174,140,149,1,103,151,158,149,80
20222,A,골목상권,3110454,선정중학교,2790,1775,1015,7,272,500,645,930,436,3,129,261,343,687,352,4,143,239,302,243,84
20222,A,골목상권,3110447,구산초등학교,1598,1138,460,2,95,229,339,680,253,0,42,106,199,571,220,2,53,123,140,109,33
20222,A,골목상권,3110466,구산역 2번,1798,899,899,10,243,407,457,413,268,2,80,171,240,218,188,8,163,236,217,195,80
20222,A,골목상권,3110444,수색성당,1892,1313,579,0,137,252,283,320,900,0,54,128,127,184,820,0,83,124,156,136,80
20222,A,골목상권,3110453,신사1동주민센터,1978,1132,846,1,218,408,518,480,353,1,127,200,295,268,241,0,91,208,223,212,112
20222,A,골목상권,3110448,상신초등학교입구,1073,613,460,3,129,216,240,258,227,1,83,123,122,132,152,2,46,93,118,126,75
20222,A,골목상권,3110498,증산역 1번,2535,1338,1197,4,342,517,554,649,469,2,109,293,309,322,303,2,233,224,245,327,166
20222,A,골목상권,3110505,홍남교남측,2126,1435,691,49,700,599,355,283,140,26,407,498,226,172,106,23,293,101,129,111,34
20222,A,골목상권,3110510,홍연시장,2641,1768,873,55,777,683,448,457,221,30,445,554,273,293,173,25,332,129,175,164,48
20222,A,골목상권,3110553,가좌역 2번,1511,856,655,3,170,321,388,384,245,2,77,175,235,224,143,1,93,146,153,160,102
20222,A,골목상권,3110496,모래내우체국,1812,822,990,7,281,445,449,349,281,4,85,208,221,148,156,3,196,237,228,201,125
20222,A,골목상권,3110542,마포구청역 7번,5558,3298,2260,20,707,1052,1202,1656,921,11,378,760,825,770,554,9,329,292,377,886,367
20222,A,골목상권,3110506,연희임광아파트,1391,746,645,2,205,313,340,335,196,2,93,209,169,157,116,0,112,104,171,178,80
20222,A,골목상권,3110529,홍제3동주민센터,1091,564,527,4,122,140,206,257,362,1,44,66,95,138,220,3,78,74,111,119,142
20222,A,골목상권,3110521,홍제역 4번,1109,612,497,3,108,134,316,391,157,1,30,70,168,242,101,2,78,64,148,149,56
20222,A,골목상권,3110561,상수역 4번,2460,1498,962,31,569,746,545,348,221,20,264,444,364,239,167,11,305,302,181,109,54
20222,A,골목상권,3110552,성미산체육관,2995,1818,1177,8,379,652,778,730,448,4,185,366,457,506,300,4,194,286,321,224,148
20222,A,골목상권,3110570,KB국민은행 서강지점,1410,826,584,7,199,376,380,261,187,7,100,222,201,154,142,0,99,154,179,107,45
20222,A,골목상권,3110620,목동보건지소,3652,1851,1801,7,412,863,1018,883,469,5,182,474,447,423,320,2,230,389,571,460,149
20222,A,골목상권,3110624,목동문화체육센터,1670,856,814,1,264,453,486,298,168,1,140,240,200,155,120,0,124,213,286,143,48
20222,A,골목상권,3110626,양화초등학교,3807,2364,1443,4,517,846,1106,938,396,3,219,458,758,652,274,1,298,388,348,286,122
20222,A,골목상권,3110606,신한은행 신월동지점,2588,1783,805,3,138,296,550,822,779,1,58,158,318,568,680,2,80,138,232,254,99
20222,A,골목상권,3110646,푸른들청소년도서관,6554,3939,2615,12,861,1499,1624,1593,965,9,445,957,950,890,688,3,416,542,674,703,277
20222,A,골목상권,3110613,신정네거리역 4번,532,258,274,0,62,116,114,119,121,0,13,47,48,66,84,0,49,69,66,53,37
20222,A,골목상권,3110706,그라운드 고척,2411,1613,798,2,310,586,628,638,247,2,161,381,415,463,191,0,149,205,213,175,56
20222,A,골목상권,3110701,고척동성당,2031,1278,753,7,310,414,454,523,323,1,176,260,284,305,252,6,134,154,170,218,71
20222,A,골목상권,3110657,양천향교역 5번,8471,5307,3164,17,1024,2088,2090,1892,1360,11,513,1206,1353,1162,1062,6,511,882,737,730,298
20222,A,골목상권,3110648,양천향교역 7번,4059,2626,1433,14,469,835,925,929,887,10,238,536,594,535,713,4,231,299,331,394,174
20222,A,골목상권,3110671,등촌1동주민센터,10403,6389,4014,31,1969,2531,2337,1997,1538,18,787,1620,1611,1312,1041,13,1182,911,726,685,497
20222,A,골목상권,3110658,화곡초등학교,3192,1856,1336,2,811,765,628,538,448,0,270,453,376,381,376,2,541,312,252,157,72
20222,A,골목상권,3110668,화곡2동주민센터,3004,1684,1320,10,406,790,822,630,346,7,198,431,436,373,239,3,208,359,386,257,107
20222,A,골목상권,3110721,가리봉파출소,9719,6601,3118,27,1764,3184,2464,1435,845,13,942,2250,1830,926,640,14,822,934,634,509,205
20222,A,골목상권,3110703,개봉역,8618,4789,3829,41,1381,2048,1932,2036,1180,22,796,1309,965,946,751,19,585,739,967,1090,429
20222,A,골목상권,3110693,오류동역 4번,2696,1879,817,4,369,515,637,750,421,3,300,366,437,480,293,1,69,149,200,270,128
20222,A,골목상권,3110709,구로119안전센터,1187,559,628,4,117,165,257,381,263,2,53,88,142,137,137,2,64,77,115,244,126
20222,A,골목상권,3110716,구로나눔길,4822,2652,2170,7,579,1315,1117,1252,552,3,265,697,592,776,319,4,314,618,525,476,233
20222,A,골목상권,3110769,대림차이나타운(대림역 12번),1954,1208,746,5,121,251,393,460,724,3,75,164,232,290,444,2,46,87,161,170,280
20222,A,골목상권,3110761,문래동남성맨션,1158,827,331,2,91,236,304,299,226,1,64,159,218,197,188,1,27,77,86,102,38
20222,A,골목상권,3110741,독산2동주민센터,1504,811,693,3,175,295,351,425,255,2,91,145,170,215,188,1,84,150,181,210,67
20222,A,골목상권,3110859,난향초등학교,512,230,282,1,45,111,154,119,82,0,3,44,63,56,64,1,42,67,91,63,18
20222,A,골목상권,3110789,대림성모병원,3410,1458,1952,2,996,845,702,539,326,2,257,378,363,264,194,0,739,467,339,275,132
20222,A,골목상권,3110780,신길대성유니드아파트,1394,925,469,1,137,277,365,360,254,1,88,167,227,235,207,0,49,110,138,125,47
20222,A,골목상권,3110772,신우어린이공원,1405,839,566,1,221,295,338,329,221,0,93,177,214,205,150,1,128,118,124,124,71
20222,A,골목상권,3110785,영등포푸르지오아파트,2009,1361,648,6,207,449,544,471,332,4,93,298,379,338,249,2,114,151,165,133,83
20222,A,골목상권,3110787,신길3동주민센터,1010,595,415,3,99,199,285,264,160,3,47,107,166,160,112,0,52,92,119,104,48
20222,A,골목상권,3110758,문래소공원,14709,7623,7086,103,3376,3787,3217,3111,1115,31,1541,2760,1604,829,858,72,1835,1027,1613,2282,257
20222,A,골목상권,3110815,공군호텔,3580,1559,2021,5,645,846,827,727,530,0,194,396,377,297,295,5,451,450,450,430,235
20222,A,골목상권,3110808,신길역 1번,1130,445,685,0,100,235,310,302,183,0,32,108,122,98,85,0,68,127,188,204,98
20222,A,골목상권,3110804,신풍역 1번,1741,798,943,1,169,357,520,405,289,0,76,149,168,199,206,1,93,208,352,206,83
20222,A,골목상권,3110832,노량진초등학교,4040,2156,1884,1,568,1114,970,953,434,0,307,514,509,572,254,1,261,600,461,381,180
20222,A,골목상권,3110822,신대방삼거리역 4번(대림초등학교),2751,1560,1191,2,363,614,588,613,571,0,112,362,360,362,364,2,251,252,228,251,207
20222,A,골목상권,3110850,사당역 10번,7894,4180,3714,14,1345,2053,2169,1428,885,5,442,1014,1153,889,677,9,903,1039,1016,539,208
20222,A,골목상권,3110907,방배초등학교,7536,4093,3443,28,1176,1611,1757,1598,1366,16,482,896,974,820,905,12,694,715,783,778,461
20222,A,골목상권,3110886,관악해태어린이공원,1445,959,486,3,127,237,384,457,237,1,51,115,248,345,199,2,76,122,136,112,38
20222,A,골목상권,3110870,신림주공2단지(광신고등학교),926,524,402,2,74,142,244,279,185,0,27,71,123,158,145,2,47,71,121,121,40
20222,A,골목상권,3110888,청룡동주민센터,1962,823,1139,4,400,564,469,301,224,0,83,193,220,164,163,4,317,371,249,137,61
20222,A,골목상권,3110880,신림역 1번,1885,706,1179,2,469,465,373,346,230,1,114,169,180,115,127,1,355,296,193,231,103
20222,A,골목상권,3110896,관악우성아파트,736,263,473,3,103,109,175,206,140,2,34,34,61,79,53,1,69,75,114,127,87
20222,A,골목상권,3110948,헌인가구단지,57,27,30,0,5,24,14,11,3,0,4,12,6,2,3,0,1,12,8,9,0
20222,A,골목상권,3110921,서울프랑스학교,78980,73122,5858,28,7548,16129,20976,31809,2490,12,6231,14222,19329,31052,2276,16,1317,1907,1647,757,214
20222,A,골목상권,3110912,방배동사이길,10864,6872,3992,39,2280,3332,2614,1988,611,11,836,2031,1921,1590,483,28,1444,1301,693,398,128
20222,A,골목상권,3110933,한국상담대학원대학교,5166,2935,2231,17,1332,1552,1139,789,337,4,500,976,763,474,218,13,832,576,376,315,119
20222,A,골목상권,3110935,한전아트센터,15447,13162,2285,22,2512,5659,3695,2968,591,17,1823,4896,3229,2703,494,5,689,763,466,265,97
20222,A,골목상권,3110984,포이초등학교(개포목련어린이공원),3582,2150,1432,4,498,767,882,784,647,1,250,501,486,430,482,3,248,266,396,354,165
20222,A,골목상권,3110978,도곡2동주민센터(대치중학교),9979,6980,2999,40,2087,3214,2294,1200,1144,23,1136,2370,1884,909,658,17,951,844,410,291,486
20222,A,골목상권,3110971,선정릉역 4번,19901,10561,9340,56,4117,6246,4806,2922,1754,20,1411,3453,2772,1734,1171,36,2706,2793,2034,1188,583
20222,A,골목상권,3110974,언주중학교,8256,5430,2826,32,1847,2573,1708,1193,903,20,851,1532,1318,975,734,12,996,1041,390,218,169
20222,A,골목상권,3110975,매봉역 1번,20752,14192,6560,76,4365,5383,5577,4328,1023,51,2288,3472,4126,3439,816,25,2077,1911,1451,889,207
20222,A,골목상권,3111040,거여초등학교,2357,1472,885,10,310,602,594,522,319,9,179,402,365,295,222,1,131,200,229,227,97
20222,A,골목상권,3111026,문정역 2번,5159,3277,1882,8,771,1232,1312,1131,705,3,429,810,876,634,525,5,342,422,436,497,180
20222,A,골목상권,3111017,송파나루역 3번,3628,2432,1196,16,792,796,869,755,400,11,460,537,585,527,312,5,332,259,284,228,88
20222,A,골목상권,3111010,석촌역 7번,7142,5058,2084,9,802,1620,1617,1242,1852,6,441,1150,1102,793,1566,3,361,470,515,449,286
20222,A,골목상권,3111034,오동나무공원(송파레미니스1단지),3543,2415,1128,7,500,770,849,906,511,6,300,543,575,584,407,1,200,227,274,322,104
20222,A,골목상권,3111030,방이역 2번,20738,15418,5320,18,2658,5004,5332,4928,2798,6,1628,3495,4144,4200,1945,12,1030,1509,1188,728,853
20222,A,골목상권,3111085,묘곡초등학교(고덕아이파크아파트),1513,784,729,0,146,290,369,382,326,0,61,149,169,194,211,0,85,141,200,188,115
20222,A,골목상권,3111077,길동주민센터(강동도서관),6406,3327,3079,16,671,1129,1499,1694,1397,9,330,650,809,710,819,7,341,479,690,984,578
20222,A,골목상권,3111076,둔촌2동주민센터,2137,1170,967,3,262,433,458,484,497,1,104,223,250,249,343,2,158,210,208,235,154
20222,A,골목상권,3111080,굽은다리역 3번,1729,778,951,2,186,308,401,447,385,0,66,164,188,178,182,2,120,144,213,269,203
20222,A,골목상권,3110021,성균관대학교,1380,854,526,13,176,218,316,344,313,11,77,113,213,233,207,2,99,105,103,111,106
20222,A,골목상권,3110536,돈의문센트레빌아파트입구,1695,833,862,1,260,434,449,376,175,1,78,212,254,177,111,0,182,222,195,199,64
20222,A,골목상권,3110029,동대문역 1번,1644,738,906,3,231,331,381,390,308,1,67,127,179,186,178,2,164,204,202,204,130
20222,A,골목상권,3110037,신설동역 12번,6845,2610,4235,8,686,1039,1229,1827,2056,0,200,462,558,454,936,8,486,577,671,1373,1120
20222,A,골목상권,3110050,약수역 7번,1836,960,876,2,250,436,467,418,263,2,91,213,281,223,150,0,159,223,186,195,113
20222,A,골목상권,3110056,신당역 3번,2607,1426,1181,6,401,693,647,505,355,6,185,356,340,292,247,0,216,337,307,213,108
20222,A,골목상권,3110042,남산골공원옆,3487,1845,1642,11,347,719,1132,882,396,6,133,341,523,568,274,5,214,378,609,314,122
20222,A,골목상권,3110067,배문고등학교,6040,2831,3209,9,1156,1772,1294,977,832,3,287,644,651,605,641,6,869,1128,643,372,191
20222,A,골목상권,3110090,한국폴리텍대학서울정수캠퍼스,6854,4231,2623,17,1075,2196,2359,934,273,8,504,1107,1684,735,193,9,571,1089,675,199,80
20222,A,골목상권,3110088,오산고등학교,7060,4470,2590,17,1103,2335,2474,899,232,7,558,1213,1793,727,172,10,545,1122,681,172,60
20222,A,골목상권,3110087,이태원엔틱가구거리,3473,1835,1638,14,616,996,784,725,338,11,220,474,424,457,249,3,396,522,360,268,89
20222,A,골목상권,3110063,효창공원앞역 5번,2545,1665,880,15,308,566,692,530,434,12,172,383,458,344,296,3,136,183,234,186,138
20222,A,골목상권,3110058,성심여자고등학교,6811,4886,1925,22,1067,2028,1812,1308,574,7,598,1398,1383,1048,452,15,469,630,429,260,122
20222,A,골목상권,3110098,서울독일학교,19270,15584,3686,22,2331,4742,5464,6112,599,14,1127,3406,4759,5764,514,8,1204,1336,705,348,85
20222,A,골목상권,3110096,한남힐사이드아파트,5546,3662,1884,5,1168,1544,1281,1282,266,3,498,976,912,1046,227,2,670,568,369,236,39
20222,A,골목상권,3110100,옥수동우편취급국,7613,6422,1191,7,609,2450,2479,1864,204,4,305,1915,2241,1784,173,3,304,535,238,80,31
20222,A,골목상권,3110119,마장지하차도,2046,656,1390,1,159,260,428,704,494,0,83,139,167,155,112,1,76,121,261,549,382
20222,A,골목상권,3110118,왕십리역 9번,1141,733,408,1,167,270,301,259,143,0,85,164,189,178,117,1,82,106,112,81,26
20222,A,골목상권,3110131,성수동카페거리,16372,10013,6359,69,3574,4475,3610,2782,1862,39,1790,2879,2348,1642,1315,30,1784,1596,1262,1140,547
20222,A,골목상권,3110134,성수119안전센터,3342,2382,960,73,532,823,835,706,373,34,330,619,609,498,292,39,202,204,226,208,81
20222,A,골목상권,3110139,자양4동주민센터,2367,1870,497,9,270,601,637,559,291,5,194,486,509,441,235,4,76,115,128,118,56
20222,A,골목상권,3110136,경수초등학교,16150,9947,6203,123,3454,3934,3551,3098,1990,71,1698,2541,2333,1900,1404,52,1756,1393,1218,1198,586
20222,A,골목상권,3110155,광진구청,12629,9937,2692,11,781,1849,3528,5069,1391,11,385,1169,2772,4413,1187,0,396,680,756,656,204
20222,A,골목상권,3110176,해오름공원,3579,1917,1662,4,675,798,998,836,268,2,178,374,601,542,220,2,497,424,397,294,48
20222,A,골목상권,3110149,세종대학교,799,452,347,0,93,197,215,179,115,0,44,101,133,91,83,0,49,96,82,88,32
20222,A,골목상권,3110167,용마초등학교,3707,2122,1585,11,501,762,961,828,644,3,272,440,519,426,462,8,229,322,442,402,182
20222,A,골목상권,3110204,간데메공원,1356,905,451,5,205,278,356,322,190,3,135,169,223,225,150,2,70,109,133,97,40
20222,A,골목상권,3110226,장안1동주민센터,5867,3209,2658,15,722,1138,1352,1410,1230,12,347,658,734,772,686,3,375,480,618,638,544
20222,A,골목상권,3110211,전곡마을마당공원,1820,983,837,4,278,348,454,491,245,1,111,192,268,266,145,3,167,156,186,225,100
20222,A,골목상권,3110207,시립대앞사거리,1345,584,761,3,233,270,311,303,225,1,53,120,140,127,143,2,180,150,171,176,82
20222,A,골목상권,3110198,동대문중앙새마을금고본점,361,189,172,0,20,53,86,133,69,0,9,28,50,59,43,0,11,25,36,74,26
20222,A,골목상권,3110200,동대문경찰서,703,390,313,0,77,108,145,182,191,0,37,54,78,85,136,0,40,54,67,97,55
20222,A,골목상권,3110256,면목2동체육관,3260,1961,1299,5,413,680,888,780,494,1,188,448,483,445,396,4,225,232,405,335,98
20222,A,골목상권,3110266,면목동우체국,2501,1548,953,5,244,423,558,704,567,0,78,210,314,502,444,5,166,213,244,202,123
20222,A,골목상권,3110236,신묵초등학교,2212,1481,731,2,311,516,532,603,248,2,174,350,347,432,176,0,137,166,185,171,72
20222,A,골목상권,3110267,망우역 2번,2430,1427,1003,13,334,482,518,637,446,11,202,293,263,329,329,2,132,189,255,308,117
20222,A,골목상권,3110234,중랑역 4번,2773,2036,737,11,275,619,860,768,240,9,142,418,643,647,177,2,133,201,217,121,63
20222,A,골목상권,3110314,종암경찰서,3397,2472,925,6,380,670,726,731,884,0,231,492,518,565,666,6,149,178,208,166,218
20222,A,골목상권,3110421,석계역 1번,1218,593,625,4,119,205,323,328,239,2,49,90,144,169,139,2,70,115,179,159,100
20222,A,골목상권,3110321,동덕여대,1128,697,431,0,75,117,219,296,421,0,24,61,110,162,340,0,51,56,109,134,81
20222,A,골목상권,3110324,월곡역 4번,1184,675,509,5,167,321,341,226,124,1,78,187,188,134,87,4,89,134,153,92,37
20222,A,골목상권,3110298,솔숲어린이공원,1115,539,576,6,144,199,273,276,217,1,36,66,112,152,172,5,108,133,161,124,45
20222,A,골목상권,3110365,미아역 5번,1266,616,650,2,97,152,267,320,428,2,36,63,110,186,219,0,61,89,157,134,209
20222,A,골목상권,3110367,강북구청,3460,1492,1968,10,334,684,730,796,906,8,94,264,328,453,345,2,240,420,402,343,561
20222,A,골목상권,3110368,송천초등학교,981,601,380,1,93,195,242,259,191,1,32,95,129,181,163,0,61,100,113,78,28
20222,A,골목상권,3110352,수유1동주민센터,1291,576,715,0,118,244,368,418,143,0,49,99,154,183,91,0,69,145,214,235,52
20222,A,골목상권,3110349,화계역 2번,641,353,288,0,50,92,172,256,71,0,28,41,97,133,54,0,22,51,75,123,17
20222,A,골목상권,3110346,4.19민주묘지역 2번,605,334,271,0,71,106,179,136,113,0,18,62,103,75,76,0,53,44,76,61,37
20222,A,골목상권,3110339,국립4.19민주묘지,819,555,264,6,104,130,193,232,154,6,50,99,122,143,135,0,54,31,71,89,19
20222,A,골목상권,3110393,국민은행방학지점,749,350,399,3,91,217,207,154,77,2,32,106,101,63,46,1,59,111,106,91,31
20222,A,골목상권,3110395,신한은행 방학동지점,591,318,273,1,73,99,158,142,118,1,38,50,73,83,73,0,35,49,85,59,45
20222,A,골목상권,3110403,방학1동주민센터,1702,974,728,4,211,309,359,482,337,2,94,177,211,286,204,2,117,132,148,196,133
20222,A,골목상권,3110398,쌍문2동우체국,1663,972,691,0,162,244,383,523,351,0,72,129,192,328,251,0,90,115,191,195,100
20222,A,골목상권,3110401,도봉구민회관,1586,856,730,0,181,221,327,460,397,0,78,117,164,255,242,0,103,104,163,205,155
20222,A,골목상권,3110425,계상초등학교,1457,683,774,4,150,232,387,426,258,3,63,143,181,181,112,1,87,89,206,245,146
20222,A,골목상권,3110419,수락산디자인거리,3472,2282,1190,13,387,781,865,882,544,12,226,552,591,566,335,1,161,229,274,316,209
20222,A,골목상권,3110474,세명컴퓨터고등학교,1360,647,713,2,130,295,356,348,229,2,46,137,159,153,150,0,84,158,197,195,79
20222,A,골목상권,3110473,구산역 1번,3155,1679,1476,5,325,617,795,785,628,5,131,352,419,351,421,0,194,265,376,434,207
20222,A,골목상권,3110455,역촌노인복지관,3715,1747,1968,9,658,760,944,829,515,3,247,351,416,367,363,6,411,409,528,462,152
20222,A,골목상권,3110487,불광역 8번,761,291,470,1,73,171,207,181,128,1,23,75,72,60,60,0,50,96,135,121,68
20222,A,골목상권,3110480,연신내역 3번,1023,428,595,6,192,199,279,216,131,2,70,88,121,80,67,4,122,111,158,136,64
20222,A,골목상권,3110482,연신초등학교,359,158,201,0,27,53,117,116,46,0,8,20,39,58,33,0,19,33,78,58,13
20222,A,골목상권,3110470,신진과학기술고등학교,1610,976,634,2,161,266,382,390,409,2,76,145,208,227,318,0,85,121,174,163,91
20222,A,골목상권,3110475,백련산해모로아파트,1745,1026,719,2,202,326,375,357,483,1,91,165,203,202,364,1,111,161,172,155,119
20222,A,골목상권,3110532,아현역 2번,1847,1072,775,2,422,522,371,290,240,1,165,307,218,208,173,1,257,215,153,82,67
20222,A,골목상권,3110534,경기대학교,3370,2048,1322,4,575,933,722,580,556,1,256,531,484,399,377,3,319,402,238,181,179
20222,A,골목상권,3110572,서강대역 1번,7726,3653,4073,68,2565,1977,1384,1231,501,24,960,907,708,748,306,44,1605,1070,676,483,195
20222,A,골목상권,3110575,대흥동주민센터,4172,1903,2269,62,2086,953,452,399,220,20,782,476,212,248,165,42,1304,477,240,151,55
20221,A,골목상권,3110425,계상초등학교,1457,683,774,4,150,232,387,426,258,3,63,143,181,181,112,1,87,89,206,245,146
20221,A,골목상권,3110419,수락산디자인거리,3472,2282,1190,13,387,781,865,882,544,12,226,552,591,566,335,1,161,229,274,316,209
20221,A,골목상권,3110474,세명컴퓨터고등학교,1360,647,713,2,130,295,356,348,229,2,46,137,159,153,150,0,84,158,197,195,79
20221,A,골목상권,3110473,구산역 1번,3155,1679,1476,5,325,617,795,785,628,5,131,352,419,351,421,0,194,265,376,434,207
20221,A,골목상권,3110455,역촌노인복지관,3715,1747,1968,9,658,760,944,829,515,3,247,351,416,367,363,6,411,409,528,462,152
20221,A,골목상권,3110487,불광역 8번,761,291,470,1,73,171,207,181,128,1,23,75,72,60,60,0,50,96,135,121,68
20221,A,골목상권,3110480,연신내역 3번,1023,428,595,6,192,199,279,216,131,2,70,88,121,80,67,4,122,111,158,136,64
20221,A,골목상권,3110482,연신초등학교,359,158,201,0,27,53,117,116,46,0,8,20,39,58,33,0,19,33,78,58,13
20221,A,골목상권,3110470,신진과학기술고등학교,1610,976,634,2,161,266,382,390,409,2,76,145,208,227,318,0,85,121,174,163,91
20221,A,골목상권,3110475,백련산해모로아파트,1745,1026,719,2,202,326,375,357,483,1,91,165,203,202,364,1,111,161,172,155,119
20221,A,골목상권,3110532,아현역 2번,1847,1072,775,2,422,522,371,290,240,1,165,307,218,208,173,1,257,215,153,82,67
20221,A,골목상권,3110534,경기대학교,3370,2048,1322,4,575,933,722,580,556,1,256,531,484,399,377,3,319,402,238,181,179
20221,A,골목상권,3110572,서강대역 1번,7726,3653,4073,68,2565,1977,1384,1231,501,24,960,907,708,748,306,44,1605,1070,676,483,195
20221,A,골목상권,3110575,대흥동주민센터,4172,1903,2269,62,2086,953,452,399,220,20,782,476,212,248,165,42,1304,477,240,151,55
20221,A,골목상권,3110527,홍제역 2번,1712,867,845,2,169,226,456,564,295,1,44,119,214,314,175,1,125,107,242,250,120
20221,A,골목상권,3110569,홍대땡땡거리,3039,1407,1632,7,650,662,678,622,420,3,308,321,302,232,241,4,342,341,376,390,179
20221,A,골목상권,3110517,서대문소방서,2671,1696,975,14,441,700,687,557,272,8,191,471,487,368,171,6,250,229,200,189,101
20221,A,골목상권,3110512,연희지하차도,5089,3101,1988,67,1146,1450,1174,973,279,39,591,926,702,649,194,28,555,524,472,324,85
20221,A,골목상권,3110516,정원여중,1299,656,643,0,226,284,343,307,139,0,78,137,188,165,88,0,148,147,155,142,51
20221,A,골목상권,3110546,양화대교북단,1549,938,611,3,314,420,380,250,182,3,138,208,258,183,148,0,176,212,122,67,34
20221,A,골목상권,3110550,합정역 8번,5374,2859,2515,13,961,1416,1292,955,737,8,367,677,778,563,466,5,594,739,514,392,271
20221,A,골목상권,3110554,망원역 1번,6464,3487,2977,10,913,1410,1559,1192,1380,7,345,648,802,647,1038,3,568,762,757,545,342
20221,A,골목상권,3110547,KB국민은행 망원동지점,6579,4117,2462,11,769,1170,1322,1746,1561,7,405,819,889,860,1137,4,364,351,433,886,424
20221,A,골목상권,3110551,성서초등학교,3102,1803,1299,3,301,471,703,601,1023,3,132,235,314,304,815,0,169,236,389,297,208
20221,A,골목상권,3110619,목4동주민센터,1689,1078,611,4,202,379,491,407,206,1,93,210,315,291,168,3,109,169,176,116,38
20221,A,골목상권,3110600,신월7동주민센터,4248,2844,1404,3,317,496,745,1209,1478,3,179,312,490,845,1015,0,138,184,255,364,463
20221,A,골목상권,3110647,화곡역 5번,3340,1821,1519,8,438,691,768,828,607,5,192,403,428,449,344,3,246,288,340,379,263
20221,A,골목상권,3110607,금빛새마을금고본점,2729,2241,488,2,110,221,394,521,1481,1,64,132,235,385,1424,1,46,89,159,136,57
20221,A,골목상권,3110608,신월2동주민센터,3392,1915,1477,10,282,562,891,941,706,9,134,332,463,486,491,1,148,230,428,455,215
20221,A,골목상권,3110611,신정역 1번,4475,2720,1755,14,895,697,748,814,1307,7,295,382,444,461,1131,7,600,315,304,353,176
20221,A,골목상권,3110594,신월중학교,1144,543,601,7,149,285,301,297,105,4,58,119,141,150,71,3,91,166,160,147,34
20221,A,골목상권,3110602,신월시영아파트중문,3056,2108,948,3,204,356,700,967,826,2,124,226,400,664,692,1,80,130,300,303,134
20221,A,골목상권,3110610,계남근린공원,648,338,310,2,87,129,151,148,131,0,26,50,86,87,89,2,61,79,65,61,42
20221,A,골목상권,3110616,양목초등학교,1359,706,653,2,110,255,266,391,335,1,43,136,132,202,192,1,67,119,134,189,143
20221,A,골목상권,3110635,공항시장역 3번,3727,1849,1878,9,361,571,664,1054,1068,2,153,336,399,431,528,7,208,235,265,623,540
20221,A,골목상권,3110650,우장산힐스테이트,1737,995,742,4,194,325,396,415,403,3,107,202,240,204,239,1,87,123,156,211,164
20221,A,골목상권,3110638,신방화역 2번,3645,2335,1310,10,416,661,1045,983,530,8,205,404,713,617,388,2,211,257,332,366,142
20221,A,골목상권,3110712,남구로역 5번,1579,913,666,8,183,331,363,324,370,5,99,196,189,176,248,3,84,135,174,148,122
20221,A,골목상권,3110702,개봉초등학교,1569,818,751,1,157,329,420,390,272,1,72,153,202,214,176,0,85,176,218,176,96
20221,A,골목상권,3110699,덕의초등학교,2451,1563,888,9,303,578,623,646,292,7,187,384,391,378,216,2,116,194,232,268,76
20221,A,골목상권,3110720,대림역 2번,2280,1556,724,2,188,387,574,709,420,2,83,218,387,538,328,0,105,169,187,171,92
20221,A,골목상권,3110778,구로디지털단지역 4번,13303,7796,5507,56,2966,4427,3201,1627,1026,23,1254,2669,2063,1065,722,33,1712,1758,1138,562,304
20221,A,골목상권,3110745,독산동정훈단지,1306,773,533,1,137,196,260,372,340,0,71,92,115,221,274,1,66,104,145,151,66
20221,A,골목상권,3110856,미성초등학교,5264,3671,1593,18,465,913,970,948,1950,13,238,541,608,563,1708,5,227,372,362,385,242
20221,A,골목상권,3110855,신대방역 2번,4936,3401,1535,6,709,900,888,794,1639,2,282,540,546,528,1503,4,427,360,342,266,136
20221,A,골목상권,3110755,동일여자고등학교,2033,1040,993,21,274,503,487,453,295,16,131,278,253,192,170,5,143,225,234,261,125
20221,A,골목상권,3110771,대림역 11번,2420,1335,1085,5,268,314,456,542,835,2,91,160,234,316,532,3,177,154,222,226,303
20221,A,골목상권,3110768,도림2동유수지내체육시설,1219,778,441,9,118,206,287,302,297,8,48,126,182,211,203,1,70,80,105,91,94
20221,A,골목상권,3110759,문래예술촌(문래창작촌),65954,51168,14786,61,8786,22706,21719,9637,3045,32,5433,17446,18749,7800,1708,29,3353,5260,2970,1837,1337
20221,A,골목상권,3110818,신대방역 3번,1692,950,742,2,287,451,397,278,277,2,124,277,228,138,181,0,163,174,169,140,96
20221,A,골목상권,3110858,신대방역 1번,2669,2004,665,0,421,756,879,491,122,0,195,575,748,404,82,0,226,181,131,87,40
20221,A,골목상권,3110874,원신초등학교(구세군관악영문교회),732,381,351,8,77,186,200,173,88,2,22,81,122,86,68,6,55,105,78,87,20
20221,A,골목상권,3110879,신림현대아파트,1116,536,580,7,212,210,278,222,187,1,100,99,137,109,90,6,112,111,141,113,97
20221,A,골목상권,3110885,영락고등학교,1746,990,756,7,240,328,434,376,361,1,122,173,232,224,238,6,118,155,202,152,123
20221,A,골목상권,3110872,신림초등학교,689,382,307,5,101,168,168,152,95,3,54,93,102,85,45,2,47,75,66,67,50
20221,A,골목상권,3110947,청계산입구역 2번(내곡동주민센터),182,79,103,0,26,23,46,37,50,0,13,11,28,10,17,0,13,12,18,27,33
20221,A,골목상권,3110913,방현초등학교(방배119안전센터),9674,6057,3617,22,1677,2842,2518,1523,1092,5,797,1829,1720,957,749,17,880,1013,798,566,343
20221,A,골목상권,3110934,우면주공아파트,1489,946,543,6,264,423,395,260,141,5,105,290,271,170,105,1,159,133,124,90,36
20221,A,골목상권,3110937,방아다리근린공원(횃불트리니티신학대학원대학교),14952,9277,5675,329,4835,4416,2991,1697,684,151,2497,2972,2135,1021,501,178,2338,1444,856,676,183
20221,A,골목상권,3110955,논현초등학교,20906,14265,6641,76,4625,6342,4724,3259,1880,45,2535,4372,3537,2430,1346,31,2090,1970,1187,829,534
20221,A,골목상권,3110992,도곡초등학교,8628,4357,4271,50,1508,2156,1880,1719,1315,28,647,1065,939,866,812,22,861,1091,941,853,503
20221,A,골목상권,3110963,역삼월드메르디앙아파트,18186,10655,7531,122,4620,5292,4181,2560,1411,33,1769,3113,2948,1716,1076,89,2851,2179,1233,844,335
20221,A,골목상권,3110972,강남세브란스병원미래의학연구센터,22138,12993,9145,207,6590,6499,5019,2834,989,69,2849,4088,3556,1696,735,138,3741,2411,1463,1138,254
20221,A,골목상권,3110991,삼성중앙역 5번,10374,5378,4996,43,2958,2855,2028,1298,1192,9,932,1472,1304,854,807,34,2026,1383,724,444,385
20221,A,골목상권,3110990,청담역 12번,7833,5477,2356,20,1213,2652,2394,1251,303,9,506,1665,1965,1094,238,11,707,987,429,157,65
20221,A,골목상권,3111000,대왕초등학교(세곡동사거리서남측),156,35,121,1,22,55,43,25,10,0,2,7,12,5,9,1,20,48,31,20,1
20221,A,골목상권,3110999,윗방죽마을공원,408,226,182,3,33,70,73,122,107,1,17,45,46,70,47,2,16,25,27,52,60
20221,A,골목상권,3110969,베르사이유1아파트,29014,17556,11458,73,5335,8726,7783,5424,1673,29,2616,5589,5487,2693,1142,44,2719,3137,2296,2731,531
20221,A,골목상권,3110967,역삼역 8번,24226,18490,5736,23,4422,7830,6561,4334,1056,10,2559,5859,5511,3785,766,13,1863,1971,1050,549,290
20221,A,골목상권,3110985,청담근린공원,9800,6589,3211,34,1729,2898,2625,1790,724,17,815,1972,1966,1323,496,17,914,926,659,467,228
20221,A,골목상권,3111008,석촌고분역 3번,3907,2479,1428,12,490,799,912,951,743,10,289,528,566,545,541,2,201,271,346,406,202
20221,A,골목상권,3111016,송파역 2번,15479,10229,5250,62,2083,3454,3732,3349,2799,44,1020,2251,2780,2219,1915,18,1063,1203,952,1130,884
20221,A,골목상권,3111038,보인중학교,2602,1770,832,14,377,689,649,574,299,13,214,471,461,405,206,1,163,218,188,169,93
20221,A,골목상권,3111021,방이역 4번,11137,8092,3045,38,1448,2300,2854,2754,1743,26,767,1502,2125,2188,1484,12,681,798,729,566,259
20221,A,골목상권,3111015,석촌역 3번,10932,6847,4085,26,1640,2424,2423,2333,2086,11,799,1507,1612,1477,1441,15,841,917,811,856,645
20221,A,골목상권,3111003,삼전역 4번,4568,3024,1544,18,600,1083,1254,905,708,1,324,732,817,598,552,17,276,351,437,307,156
20221,A,골목상권,3111062,둔촌동역 3번(성내3동주민센터),3255,2100,1155,7,480,811,880,607,470,6,266,532,569,389,338,1,214,279,311,218,132
20221,A,골목상권,3111011,잠실나루역,9608,7747,1861,42,1275,3018,2795,2046,432,18,924,2492,2309,1674,330,24,351,526,486,372,102
20221,A,골목상권,3111048,천호역 1번(천호문구완구거리),1608,876,732,7,195,360,372,323,351,4,82,170,209,171,240,3,113,190,163,152,111
20221,A,골목상권,3111088,고덕동성당,1134,951,183,0,35,82,216,447,354,0,9,53,173,388,328,0,26,29,43,59,26
20221,A,골목상권,3111079,둔촌고등학교(둔촌중학교),1407,838,569,2,141,259,315,339,351,2,81,153,184,167,251,0,60,106,131,172,100
20221,A,골목상권,3111066,암사동성당(효정하나플러스아파트),1710,995,715,5,169,380,394,455,307,1,71,188,219,302,214,4,98,192,175,153,93
20221,A,골목상권,3111071,천동초등학교,2013,1097,916,2,200,393,515,454,449,1,72,204,289,251,280,1,128,189,226,203,169
20221,A,골목상권,3111069,천호1동주민센터,2143,1118,1025,5,185,409,525,555,464,3,66,183,269,288,309,2,119,226,256,267,155
20221,A,골목상권,3111050,강동구청(강동구청역 2번),6451,4040,2411,30,768,1601,1613,1617,822,12,384,869,987,1154,634,18,384,732,626,463,188
20221,A,골목상권,3111052,암사역 3번(천호동자전거거리),1652,885,767,3,192,365,475,387,230,2,74,188,246,218,157,1,118,177,229,169,73
20221,A,골목상권,3110003,세검정초등학교,3208,1681,1527,12,383,849,849,655,460,7,132,383,486,370,303,5,251,466,363,285,157
20221,A,골목상권,3110032,수족관거리,1721,729,992,8,316,378,484,355,180,7,101,148,164,183,126,1,215,230,320,172,54
20221,A,골목상권,3110049,장충단 고개,7948,4363,3585,17,1488,2210,1865,1591,777,6,534,1186,1138,986,513,11,954,1024,727,605,264
20221,A,골목상권,3110054,청구역 3번,5615,2963,2652,16,1124,1473,1173,1085,744,5,384,793,702,621,458,11,740,680,471,464,286
20221,A,골목상권,3110041,남산케이블카,5723,3089,2634,10,793,1518,1444,1163,795,7,334,836,819,626,467,3,459,682,625,537,328
20221,A,골목상권,3110533,충정로역 7번,2911,1774,1137,1,433,782,782,547,366,0,223,473,484,349,245,1,210,309,298,198,121
20221,A,골목상권,3110065,남정초등학교,2218,1561,657,13,351,641,535,358,320,11,227,499,376,234,214,2,124,142,159,124,106
20221,A,골목상권,3110080,해방촌예술마을,2226,1456,770,3,252,385,746,672,168,3,84,214,546,496,113,0,168,171,200,176,55
20221,A,골목상권,3110579,마포역 4번,5616,3529,2087,8,1017,1486,1468,1076,561,6,371,893,1024,805,430,2,646,593,444,271,131
20221,A,골목상권,3110123,마장역 3번,1433,884,549,1,176,272,329,389,266,1,78,159,191,253,202,0,98,113,138,136,64
20221,A,골목상권,3110114,왕십리파출소,2346,644,1702,8,434,328,413,711,452,1,142,144,153,139,65,7,292,184,260,572,387
20221,A,골목상권,3110121,한양대역 4번,102,61,41,0,13,22,20,20,27,0,6,11,11,12,21,0,7,11,9,8,6
20221,A,골목상권,3110127,성수1가1동주민센터,3267,2102,1165,10,572,1007,809,584,285,5,303,663,543,374,214,5,269,344,266,210,71
20221,A,골목상권,3110140,건대입구역 6번,3220,2119,1101,14,390,614,754,831,617,10,183,373,498,562,493,4,207,241,256,269,124
20221,A,골목상권,3110141,건대입구역 1번,1987,1285,702,10,275,407,532,461,302,6,137,258,349,297,238,4,138,149,183,164,64
20221,A,골목상권,3110209,답십리 장령당공원,4227,1926,2301,4,629,938,1189,1163,304,1,465,673,394,189,204,3,164,265,795,974,100
20221,A,골목상권,3110174,아차산역 1번,2909,1780,1129,7,346,545,901,765,345,3,151,328,577,479,242,4,195,217,324,286,103
20221,A,골목상권,3110144,어린이대공원역 4번,1502,932,570,0,160,238,383,492,229,0,60,133,242,323,174,0,100,105,141,169,55
20221,A,골목상권,3110152,중곡어린이공원,1671,1070,601,49,338,283,323,400,278,6,137,200,206,286,235,43,201,83,117,114,43
20221,A,골목상권,3110161,중곡역 3번,1960,1296,664,4,150,317,503,672,314,0,67,189,303,504,233,4,83,128,200,168,81
20221,A,골목상권,3110202,전농1동주민센터(전농시장),478,273,205,0,58,96,127,105,92,0,44,55,85,53,36,0,14,41,42,52,56
20221,A,골목상권,3110186,종암초등학교,1751,1308,443,2,179,330,416,475,349,0,82,256,306,362,302,2,97,74,110,113,47
20221,A,골목상권,3110221,의릉,731,443,288,0,69,158,210,196,98,0,28,92,111,132,80,0,41,66,99,64,18
20221,A,골목상권,3110206,텃골근린공원,1126,651,475,2,118,187,312,318,189,1,71,108,193,192,86,1,47,79,119,126,103
20221,A,골목상권,3110219,삼육보건대학교,4329,2321,2008,4,574,869,1055,1098,729,2,178,407,603,643,488,2,396,462,452,455,241
20221,A,골목상권,3110199,홍릉시장,962,521,441,0,76,146,204,306,230,0,34,77,102,142,166,0,42,69,102,164,64
20221,A,골목상권,3110268,망우3동주민센터,981,580,401,0,94,152,205,296,234,0,55,83,101,168,173,0,39,69,104,128,61
20221,A,골목상권,3110264,면목역 2번,1816,1064,752,3,185,354,425,524,325,0,72,184,239,342,227,3,113,170,186,182,98
20221,A,골목상권,3110279,신내역 2번,153,118,35,0,17,28,41,48,19,0,13,24,30,34,17,0,4,4,11,14,2
20221,A,골목상권,3110258,면동초등학교,1659,911,748,2,207,394,460,372,224,1,84,220,233,212,161,1,123,174,227,160,63
20221,A,골목상권,3110237,메가박스 상봉,2944,2064,880,11,293,688,935,821,196,10,142,441,668,655,148,1,151,247,267,166,48
20221,A,골목상권,3110254,오거리공원,1604,894,710,3,171,342,447,427,214,2,70,170,244,256,152,1,101,172,203,171,62
20221,A,골목상권,3110248,먹골파출소,993,487,506,3,102,224,281,230,153,0,31,111,138,105,102,3,71,113,143,125,51
20221,A,골목상권,3110245,KB국민은행 중화동지점,1375,794,581,3,141,276,386,300,269,1,58,154,230,167,184,2,83,122,156,133,85
20221,A,골목상권,3110308,길음역 8번,5558,2775,2783,420,2091,1398,817,515,317,177,921,761,443,234,239,243,1170,637,374,281,78
20221,A,골목상권,3110301,성신여대입구역 7번,2035,1073,962,20,279,387,462,501,386,15,95,170,238,285,270,5,184,217,224,216,116
20221,A,골목상권,3110300,삼선동주민센터,6172,2933,3239,11,709,1579,1872,1508,493,2,213,608,842,960,308,9,496,971,1030,548,185
20221,A,골목상권,3110328,상월곡역 3번,745,414,331,3,111,200,209,158,64,1,47,116,119,84,47,2,64,84,90,74,17
20221,A,골목상권,3110323,상월곡역 1번,2096,1206,890,4,330,425,556,516,265,0,143,247,333,295,188,4,187,178,223,221,77
20221,A,골목상권,3110325,장곡초등학교,1196,710,486,3,130,246,318,285,214,3,60,131,186,172,158,0,70,115,132,113,56
20221,A,골목상권,3110329,우리은행체육관,1168,696,472,8,126,245,281,288,220,4,44,127,158,191,172,4,82,118,123,97,48
20221,A,골목상권,3110418,광운대학교 남단,2395,1300,1095,17,439,649,567,454,269,5,188,388,277,239,203,12,251,261,290,215,66
20221,A,골목상권,3110292,정릉역 2번,1165,443,722,1,229,306,319,217,93,0,57,124,99,95,68,1,172,182,220,122,25
20221,A,골목상권,3110289,북한산보국문역 2번,1565,804,761,0,234,320,398,370,243,0,63,140,184,230,187,0,171,180,214,140,56
20221,A,골목상권,3110320,KB국민은행 종암동지점,1030,585,445,1,84,202,331,295,117,1,23,84,177,219,81,0,61,118,154,76,36
20221,A,골목상권,3110369,성신여대운정그린캠퍼스,1935,860,1075,5,242,321,436,458,473,1,65,112,181,208,293,4,177,209,255,250,180
20221,A,골목상권,3110376,수송초등학교,2101,1069,1032,3,230,420,522,498,428,2,80,208,286,240,253,1,150,212,236,258,175
20221,A,골목상권,3110351,수유북부시장옆,1198,652,546,0,84,147,263,467,237,0,30,65,139,235,183,0,54,82,124,232,54
20221,A,골목상권,3110362,우이천 계성교,961,497,464,1,126,190,258,236,150,0,48,103,126,120,100,1,78,87,132,116,50
20221,A,골목상권,3110356,덕수교,687,389,298,0,56,108,200,172,151,0,20,63,108,94,104,0,36,45,92,78,47
20221,A,골목상권,3110343,무너미어린이공원,1770,1049,721,0,112,212,300,288,858,0,32,122,161,148,586,0,80,90,139,140,272
20221,A,골목상권,3110382,솔밭공원역 1번,391,147,244,1,43,67,98,118,64,0,9,21,28,46,43,1,34,46,70,72,21
20221,A,골목상권,3110413,누원고등학교,568,365,203,0,36,70,115,162,185,0,15,44,66,102,138,0,21,26,49,60,47
20221,A,골목상권,3110422,노원역 9번,1516,697,819,1,187,294,388,390,256,1,71,171,178,157,119,0,116,123,210,233,137
20221,A,골목상권,3110430,중계초등학교,1110,567,543,3,90,168,259,328,262,0,28,66,114,160,199,3,62,102,145,168,63
20221,A,골목상권,3110417,월계역 3번,348,134,214,2,49,63,67,100,67,2,18,35,21,34,24,0,31,28,46,66,43
20221,A,골목상권,3110441,영신여고,1036,451,585,3,105,241,280,305,102,3,45,111,106,125,61,0,60,130,174,180,41
20221,A,골목상권,3110427,노원 을지대학교병원,1752,1176,576,1,156,280,416,577,322,0,59,139,273,460,245,1,97,141,143,117,77
20221,A,골목상권,3110477,은평세무서,2219,1137,1082,6,199,354,531,627,502,2,93,192,270,298,282,4,106,162,261,329,220
20221,A,골목상권,3110476,역촌역 2번,1304,706,598,1,170,308,350,300,175,1,61,154,198,161,131,0,109,154,152,139,44
20221,A,골목상권,3110503,명지대학교교회,3329,2219,1110,30,564,1004,816,642,273,26,345,725,552,388,183,4,219,279,264,254,90
20221,A,골목상권,3110499,연가초등학교,1715,905,810,0,165,359,447,470,274,0,64,203,231,222,185,0,101,156,216,248,89
20221,A,골목상권,3110558,경성고등학교,4895,3051,1844,21,679,1152,1227,1106,710,18,346,676,765,727,519,3,333,476,462,379,191
20221,A,골목상권,3110537,충정로현대아파트,4722,3057,1665,15,800,1434,1132,868,473,9,385,840,810,674,339,6,415,594,322,194,134
20221,A,골목상권,3110541,동교초등학교,1947,1046,901,2,295,400,519,419,312,1,112,214,273,234,212,1,183,186,246,185,100
20221,A,골목상권,3110522,홍제역 3번,1269,694,575,3,128,184,351,436,167,1,37,93,189,254,120,2,91,91,162,182,47
20221,A,골목상권,3110571,신수동주민센터,5389,2967,2422,10,665,1386,1427,1276,625,9,253,623,760,871,451,1,412,763,667,405,174
20221,A,골목상권,3110555,홍익지구대,3611,1855,1756,10,638,968,938,631,426,5,213,449,543,370,275,5,425,519,395,261,151
20221,A,골목상권,3110627,신정롯데캐슬아파트,12409,6926,5483,66,2312,4020,3158,2183,670,31,900,2143,1942,1409,501,35,1412,1877,1216,774,169
20221,A,골목상권,3110628,신목동역,2125,1374,751,4,260,583,583,460,235,2,128,352,393,345,154,2,132,231,190,115,81
20221,A,골목상권,3110679,염창역 2번,2730,2023,707,4,276,584,863,682,321,3,134,413,667,544,262,1,142,171,196,138,59
20221,A,골목상권,3110612,신정역 5번,4440,2606,1834,12,892,682,723,821,1310,5,273,329,389,473,1137,7,619,353,334,348,173
20221,A,골목상권,3110629,송정역 4번,923,553,370,1,104,171,216,231,200,1,47,114,124,142,125,0,57,57,92,89,75
20221,A,골목상권,3110669,화곡보람2차아파트,4693,2768,1925,4,1133,1316,897,642,701,3,357,873,675,396,464,1,776,443,222,246,237
20221,A,골목상권,3110649,우장산역 1번,1340,739,601,2,254,249,320,285,230,0,111,132,152,166,178,2,143,117,168,119,52
20221,A,골목상권,3110670,신곡초등학교,1600,1036,564,8,185,409,399,404,195,5,114,286,251,246,134,3,71,123,148,158,61
20221,A,골목상권,3110666,KC대학교,2132,1568,564,4,303,715,531,460,119,2,205,564,385,312,100,2,98,151,146,148,19
20221,A,골목상권,3110725,가산동주민센터,1841,864,977,4,142,241,320,390,744,2,70,130,189,193,280,2,72,111,131,197,464
20221,A,골목상권,3110700,고척초등학교,5750,4109,1641,10,516,1259,1605,1791,569,7,268,901,1181,1363,389,3,248,358,424,428,180
20221,A,골목상권,3110689,오류동역 3번,4517,2899,1618,15,569,864,1106,1262,701,8,405,556,678,764,488,7,164,308,428,498,213
20221,A,골목상권,3110690,오류2동버들시장,2262,1291,971,1,225,460,530,550,496,0,85,257,277,318,354,1,140,203,253,232,142
20221,A,골목상권,3110766,대림역 5번,5601,3708,1893,16,432,998,1379,1285,1491,5,258,730,1005,825,885,11,174,268,374,460,606
20221,A,골목상권,3110735,말미고개,2955,1738,1217,9,360,595,662,815,514,5,187,340,372,445,389,4,173,255,290,370,125
20221,A,골목상권,3110736,독산119안전센터,2709,1626,1083,4,307,444,561,745,648,2,174,271,330,427,422,2,133,173,231,318,226
20221,A,골목상권,3110746,금천금빛공원(은행나무사거리서측),971,444,527,1,93,156,237,270,214,1,36,71,105,122,109,0,57,85,132,148,105
20221,A,골목상권,3110783,영등포시장역 1번,2418,1654,764,5,411,700,493,528,281,3,259,492,345,391,164,2,152,208,148,137,117
20221,A,골목상권,3110793,대림썬프라자,1502,904,598,6,139,384,505,343,125,5,85,243,259,219,93,1,54,141,246,124,32
20221,A,골목상권,3110799,영등포본동주민센터,524,336,188,5,69,90,131,119,110,3,34,56,85,77,81,2,35,34,46,42,29
20221,A,골목상권,3110777,구로세무서,5825,3399,2426,22,1229,1703,1556,963,352,10,493,985,1009,609,293,12,736,718,547,354,59
20221,A,골목상권,3110821,보라매역 2번,19310,12435,6875,51,3710,3777,3102,4534,4136,27,2841,3091,2036,2222,2218,24,869,686,1066,2312,1918
20221,A,골목상권,3110788,영등포시장역 3번,924,604,320,3,106,166,286,224,139,1,58,113,202,145,85,2,48,53,84,79,54
20221,A,골목상권,3110840,중앙대학교,417,214,203,1,67,68,111,97,73,0,25,31,63,47,48,1,42,37,48,50,25
20221,A,골목상권,3110836,상도역 5번,4431,2490,1941,12,805,1182,1020,914,498,2,328,680,619,553,308,10,477,502,401,361,190
20221,A,골목상권,3110893,관악소방서(문영여고),1814,1409,405,2,342,557,398,425,90,1,237,436,304,357,74,1,105,121,94,68,16
20221,A,골목상권,3110878,미림여고,694,367,327,6,72,190,185,152,89,1,25,91,112,75,63,5,47,99,73,77,26
20221,A,골목상권,3110861,관악구신사동주민센터,4975,3397,1578,4,758,1388,1398,981,446,2,354,958,1075,707,301,2,404,430,323,274,145
20221,A,골목상권,3110890,봉천역 1번(관악초등학교),2071,803,1268,4,374,519,473,347,354,0,67,152,208,174,202,4,307,367,265,173,152
20221,A,골목상권,3110960,은광여고,20267,15455,4812,50,2314,4244,5292,6237,2130,36,1372,3182,4359,5022,1484,14,942,1062,933,1215,646
20221,A,골목상권,3110954,국기원,7043,3734,3309,24,2010,2434,1352,626,597,8,648,1239,953,450,436,16,1362,1195,399,176,161
20221,A,골목상권,3110936,더케이호텔(양재리본타워2단지아파트),1540,1105,435,14,246,433,389,311,147,10,159,288,286,247,115,4,87,145,103,64,32
20221,A,골목상권,3110940,양재근린공원(양재2동주민센터),6573,4578,1995,36,1029,1761,1701,1243,803,22,601,1228,1211,872,644,14,428,533,490,371,159
20221,A,골목상권,3110950,논현역 7번,14453,8508,5945,36,3283,4779,3414,1982,959,15,1326,2815,2305,1346,701,21,1957,1964,1109,636,258
20221,A,골목상권,3110949,한남IC,8417,5196,3221,28,1675,2570,2221,1300,623,15,760,1654,1435,852,480,13,915,916,786,448,143
20221,A,골목상권,3110993,개포지하차도 북측,142,86,56,0,14,21,31,45,31,0,4,14,19,28,21,0,10,7,12,17,10
20221,A,골목상권,3110983,국립국악고등학교,3034,1919,1115,12,544,819,737,554,368,2,245,512,476,373,311,10,299,307,261,181,57
20221,A,골목상권,3110964,싸리고개근린공원,8566,5556,3010,26,1611,2345,2176,1418,990,12,704,1538,1503,1014,785,14,907,807,673,404,205
20221,A,골목상권,3110995,봉은사역 4번,25206,19697,5509,27,4263,7944,7350,4403,1219,8,2756,6028,6191,3798,916,19,1507,1916,1159,605,303
20221,A,골목상권,3111001,아래방죽마을공원(율현초등학교),219,110,109,0,13,33,35,73,65,0,7,22,21,34,26,0,6,11,14,39,39
20221,A,골목상권,3110998,은곡마을(은곡마을공원),32,21,11,1,2,11,8,6,4,0,0,5,7,6,3,1,2,6,1,0,1
20221,A,골목상권,3110959,신구중학교,10232,5500,4732,112,2286,2945,2031,1596,1262,41,1015,1708,1395,759,582,71,1271,1237,636,837,680
20221,A,골목상권,3110962,도산공원북측,5103,2987,2116,21,1320,1864,1050,603,245,7,552,1132,729,415,152,14,768,732,321,188,93
20221,A,골목상권,3110997,대청초등학교,11645,4219,7426,31,3352,3686,2392,1435,749,3,709,1330,968,683,526,28,2643,2356,1424,752,223
20221,A,골목상권,3110979,청담초등학교,13513,6688,6825,34,3681,4952,2707,1503,636,14,1248,2542,1596,814,474,20,2433,2410,1111,689,162
20221,A,골목상권,3111027,문정초등학교,37078,28582,8496,20,3311,6648,10483,13841,2775,8,1965,4804,8129,11835,1841,12,1346,1844,2354,2006,934
20221,A,골목상권,3111020,방이동고분군(방산고등학교),4863,2790,2073,7,576,1242,1105,1165,768,4,274,719,681,609,503,3,302,523,424,556,265
20221,A,골목상권,3111032,방이역 1번,21842,16091,5751,28,2688,5066,5500,5171,3389,14,1606,3510,4215,4282,2464,14,1082,1556,1285,889,925
20221,A,골목상권,3111005,삼전역 3번,5492,3680,1812,15,836,1398,1269,1121,853,5,485,996,882,696,616,10,351,402,387,425,237
20221,A,골목상권,3111037,Sh수협은행 오금동금융센터(아랫말어린이공원),1645,894,751,0,186,380,425,449,205,0,97,235,228,207,127,0,89,145,197,242,78
20221,A,골목상권,3111089,상일여고(상일초등학교),858,553,305,0,66,157,203,261,171,0,37,92,135,164,125,0,29,65,68,97,46
20221,A,골목상권,3111067,강동구립성내도서관,5641,2901,2740,16,1009,1238,1344,1086,948,11,337,615,758,580,600,5,672,623,586,506,348
20221,A,골목상권,3111081,둔촌푸르지오아파트,986,603,383,2,117,183,200,251,233,1,58,108,117,139,180,1,59,75,83,112,53
20221,A,골목상권,3111059,강동역 4번(강풀만화거리),6849,3822,3027,10,1115,1236,1379,1299,1810,5,483,642,758,760,1174,5,632,594,621,539,636
20221,A,골목상권,3110005,세검정,2126,1089,1037,8,301,565,557,474,221,3,123,271,287,262,143,5,178,294,270,212,78
20221,A,골목상권,3110008,배화여자대학교(박노수미술관),3476,1938,1538,39,627,808,767,729,506,0,227,405,439,476,391,39,400,403,328,253,115
20221,A,골목상권,3110015,청와대사랑채,2312,1284,1028,37,513,765,497,301,199,0,191,422,324,192,155,37,322,343,173,109,44
20221,A,골목상권,3110035,동묘앞역 2번,3390,1775,1615,3,258,367,549,741,1472,0,87,183,285,341,879,3,171,184,264,400,593
20221,A,골목상권,3110055,황학동벼룩시장,2333,1280,1053,28,821,479,422,378,205,15,352,239,270,253,151,13,469,240,152,125,54
20221,A,골목상권,3110027,혜화역 1번,3124,1658,1466,9,394,650,865,728,478,5,112,253,479,462,347,4,282,397,386,266,131
20221,A,골목상권,3110030,동대문역 3번,1126,461,665,0,92,206,371,274,183,0,28,77,108,117,131,0,64,129,263,157,52
20221,A,골목상권,3110011,청운초등학교,1873,802,1071,13,318,482,437,339,284,2,65,197,195,159,184,11,253,285,242,180,100
20221,A,골목상권,3110024,혜회동주민센터,4244,1855,2389,27,697,1078,959,887,596,17,228,488,437,385,300,10,469,590,522,502,296
20221,A,골목상권,3110043,충무초등학교,6397,3882,2515,33,1241,1562,1628,1186,747,16,534,903,1084,808,537,17,707,659,544,378,210
20221,A,골목상권,3110082,용산구청,2532,1305,1227,13,448,730,571,554,216,10,162,304,295,368,166,3,286,426,276,186,50
20221,A,골목상권,3110045,동대문역사문화공원역 5번,40455,19049,21406,468,12792,10627,8138,6043,2387,192,5994,6220,4414,1662,567,276,6798,4407,3724,4381,1820
20221,A,골목상권,3110057,황학코아루아파트,1699,938,761,4,273,439,448,319,216,3,142,252,209,171,161,1,131,187,239,148,55
20221,A,골목상권,3110078,이촌동점보아파트,4727,2990,1737,17,766,1262,1193,1032,457,3,410,782,806,673,316,14,356,480,387,359,141
20221,A,골목상권,3110588,한겨레신문사,1133,567,566,1,166,237,297,284,148,1,73,129,147,128,89,0,93,108,150,156,59
20221,A,골목상권,3110073,삼각지역 3번,21368,6873,14495,123,6007,7127,5572,1957,582,50,2112,2306,1403,668,334,73,3895,4821,4169,1289,248
20221,A,골목상권,3110076,삼각지역 14번,2654,1645,1009,1,399,738,689,600,227,1,224,455,468,356,141,0,175,283,221,244,86
20221,A,골목상권,3110099,유엔빌리지길,21963,17803,4160,47,2625,5547,6288,6683,773,36,1322,4089,5454,6255,647,11,1303,1458,834,428,126
20221,A,골목상권,3110107,금호사거리,2695,1164,1531,16,307,810,1020,361,181,1,105,274,437,205,142,15,202,536,583,156,39
20222,A,골목상권,3110527,홍제역 2번,1712,867,845,2,169,226,456,564,295,1,44,119,214,314,175,1,125,107,242,250,120
20222,A,골목상권,3110569,홍대땡땡거리,3039,1407,1632,7,650,662,678,622,420,3,308,321,302,232,241,4,342,341,376,390,179
20222,A,골목상권,3110517,서대문소방서,2671,1696,975,14,441,700,687,557,272,8,191,471,487,368,171,6,250,229,200,189,101
20222,A,골목상권,3110512,연희지하차도,5089,3101,1988,67,1146,1450,1174,973,279,39,591,926,702,649,194,28,555,524,472,324,85
20222,A,골목상권,3110516,정원여중,1299,656,643,0,226,284,343,307,139,0,78,137,188,165,88,0,148,147,155,142,51
20222,A,골목상권,3110546,양화대교북단,1549,938,611,3,314,420,380,250,182,3,138,208,258,183,148,0,176,212,122,67,34
20222,A,골목상권,3110550,합정역 8번,5374,2859,2515,13,961,1416,1292,955,737,8,367,677,778,563,466,5,594,739,514,392,271
20222,A,골목상권,3110554,망원역 1번,6464,3487,2977,10,913,1410,1559,1192,1380,7,345,648,802,647,1038,3,568,762,757,545,342
20222,A,골목상권,3110547,KB국민은행 망원동지점,6579,4117,2462,11,769,1170,1322,1746,1561,7,405,819,889,860,1137,4,364,351,433,886,424
20222,A,골목상권,3110551,성서초등학교,3102,1803,1299,3,301,471,703,601,1023,3,132,235,314,304,815,0,169,236,389,297,208
20222,A,골목상권,3110619,목4동주민센터,1689,1078,611,4,202,379,491,407,206,1,93,210,315,291,168,3,109,169,176,116,38
20222,A,골목상권,3110600,신월7동주민센터,4248,2844,1404,3,317,496,745,1209,1478,3,179,312,490,845,1015,0,138,184,255,364,463
20222,A,골목상권,3110647,화곡역 5번,3340,1821,1519,8,438,691,768,828,607,5,192,403,428,449,344,3,246,288,340,379,263
20222,A,골목상권,3110607,금빛새마을금고본점,2729,2241,488,2,110,221,394,521,1481,1,64,132,235,385,1424,1,46,89,159,136,57
20222,A,골목상권,3110608,신월2동주민센터,3392,1915,1477,10,282,562,891,941,706,9,134,332,463,486,491,1,148,230,428,455,215
20222,A,골목상권,3110611,신정역 1번,4475,2720,1755,14,895,697,748,814,1307,7,295,382,444,461,1131,7,600,315,304,353,176
20222,A,골목상권,3110594,신월중학교,1144,543,601,7,149,285,301,297,105,4,58,119,141,150,71,3,91,166,160,147,34
20222,A,골목상권,3110602,신월시영아파트중문,3056,2108,948,3,204,356,700,967,826,2,124,226,400,664,692,1,80,130,300,303,134
20222,A,골목상권,3110610,계남근린공원,648,338,310,2,87,129,151,148,131,0,26,50,86,87,89,2,61,79,65,61,42
20222,A,골목상권,3110616,양목초등학교,1359,706,653,2,110,255,266,391,335,1,43,136,132,202,192,1,67,119,134,189,143
20222,A,골목상권,3110635,공항시장역 3번,3727,1849,1878,9,361,571,664,1054,1068,2,153,336,399,431,528,7,208,235,265,623,540
20222,A,골목상권,3110650,우장산힐스테이트,1737,995,742,4,194,325,396,415,403,3,107,202,240,204,239,1,87,123,156,211,164
20222,A,골목상권,3110638,신방화역 2번,3645,2335,1310,10,416,661,1045,983,530,8,205,404,713,617,388,2,211,257,332,366,142
20222,A,골목상권,3110712,남구로역 5번,1579,913,666,8,183,331,363,324,370,5,99,196,189,176,248,3,84,135,174,148,122
20222,A,골목상권,3110702,개봉초등학교,1569,818,751,1,157,329,420,390,272,1,72,153,202,214,176,0,85,176,218,176,96
20222,A,골목상권,3110699,덕의초등학교,2451,1563,888,9,303,578,623,646,292,7,187,384,391,378,216,2,116,194,232,268,76
20222,A,골목상권,3110720,대림역 2번,2280,1556,724,2,188,387,574,709,420,2,83,218,387,538,328,0,105,169,187,171,92
20222,A,골목상권,3110778,구로디지털단지역 4번,13303,7796,5507,56,2966,4427,3201,1627,1026,23,1254,2669,2063,1065,722,33,1712,1758,1138,562,304
20222,A,골목상권,3110745,독산동정훈단지,1306,773,533,1,137,196,260,372,340,0,71,92,115,221,274,1,66,104,145,151,66
20222,A,골목상권,3110856,미성초등학교,5264,3671,1593,18,465,913,970,948,1950,13,238,541,608,563,1708,5,227,372,362,385,242
20222,A,골목상권,3110855,신대방역 2번,4936,3401,1535,6,709,900,888,794,1639,2,282,540,546,528,1503,4,427,360,342,266,136
20222,A,골목상권,3110755,동일여자고등학교,2033,1040,993,21,274,503,487,453,295,16,131,278,253,192,170,5,143,225,234,261,125
20222,A,골목상권,3110771,대림역 11번,2420,1335,1085,5,268,314,456,542,835,2,91,160,234,316,532,3,177,154,222,226,303
20222,A,골목상권,3110768,도림2동유수지내체육시설,1219,778,441,9,118,206,287,302,297,8,48,126,182,211,203,1,70,80,105,91,94
20222,A,골목상권,3110759,문래예술촌(문래창작촌),65954,51168,14786,61,8786,22706,21719,9637,3045,32,5433,17446,18749,7800,1708,29,3353,5260,2970,1837,1337
20222,A,골목상권,3110818,신대방역 3번,1692,950,742,2,287,451,397,278,277,2,124,277,228,138,181,0,163,174,169,140,96
20222,A,골목상권,3110858,신대방역 1번,2669,2004,665,0,421,756,879,491,122,0,195,575,748,404,82,0,226,181,131,87,40
20222,A,골목상권,3110874,원신초등학교(구세군관악영문교회),732,381,351,8,77,186,200,173,88,2,22,81,122,86,68,6,55,105,78,87,20
20222,A,골목상권,3110879,신림현대아파트,1116,536,580,7,212,210,278,222,187,1,100,99,137,109,90,6,112,111,141,113,97
20222,A,골목상권,3110885,영락고등학교,1746,990,756,7,240,328,434,376,361,1,122,173,232,224,238,6,118,155,202,152,123
20222,A,골목상권,3110872,신림초등학교,689,382,307,5,101,168,168,152,95,3,54,93,102,85,45,2,47,75,66,67,50
20222,A,골목상권,3110947,청계산입구역 2번(내곡동주민센터),182,79,103,0,26,23,46,37,50,0,13,11,28,10,17,0,13,12,18,27,33
20222,A,골목상권,3110913,방현초등학교(방배119안전센터),9674,6057,3617,22,1677,2842,2518,1523,1092,5,797,1829,1720,957,749,17,880,1013,798,566,343
20222,A,골목상권,3110934,우면주공아파트,1489,946,543,6,264,423,395,260,141,5,105,290,271,170,105,1,159,133,124,90,36
20222,A,골목상권,3110937,방아다리근린공원(횃불트리니티신학대학원대학교),14952,9277,5675,329,4835,4416,2991,1697,684,151,2497,2972,2135,1021,501,178,2338,1444,856,676,183
20222,A,골목상권,3110955,논현초등학교,20906,14265,6641,76,4625,6342,4724,3259,1880,45,2535,4372,3537,2430,1346,31,2090,1970,1187,829,534
20222,A,골목상권,3110992,도곡초등학교,8628,4357,4271,50,1508,2156,1880,1719,1315,28,647,1065,939,866,812,22,861,1091,941,853,503
20222,A,골목상권,3110963,역삼월드메르디앙아파트,18186,10655,7531,122,4620,5292,4181,2560,1411,33,1769,3113,2948,1716,1076,89,2851,2179,1233,844,335
20222,A,골목상권,3110972,강남세브란스병원미래의학연구센터,22138,12993,9145,207,6590,6499,5019,2834,989,69,2849,4088,3556,1696,735,138,3741,2411,1463,1138,254
20222,A,골목상권,3110991,삼성중앙역 5번,10374,5378,4996,43,2958,2855,2028,1298,1192,9,932,1472,1304,854,807,34,2026,1383,724,444,385
20222,A,골목상권,3110990,청담역 12번,7833,5477,2356,20,1213,2652,2394,1251,303,9,506,1665,1965,1094,238,11,707,987,429,157,65
20222,A,골목상권,3111000,대왕초등학교(세곡동사거리서남측),156,35,121,1,22,55,43,25,10,0,2,7,12,5,9,1,20,48,31,20,1
20222,A,골목상권,3110999,윗방죽마을공원,408,226,182,3,33,70,73,122,107,1,17,45,46,70,47,2,16,25,27,52,60
20222,A,골목상권,3110969,베르사이유1아파트,29014,17556,11458,73,5335,8726,7783,5424,1673,29,2616,5589,5487,2693,1142,44,2719,3137,2296,2731,531
20222,A,골목상권,3110967,역삼역 8번,24226,18490,5736,23,4422,7830,6561,4334,1056,10,2559,5859,5511,3785,766,13,1863,1971,1050,549,290
20222,A,골목상권,3110985,청담근린공원,9800,6589,3211,34,1729,2898,2625,1790,724,17,815,1972,1966,1323,496,17,914,926,659,467,228
20222,A,골목상권,3111008,석촌고분역 3번,3907,2479,1428,12,490,799,912,951,743,10,289,528,566,545,541,2,201,271,346,406,202
20222,A,골목상권,3111016,송파역 2번,15479,10229,5250,62,2083,3454,3732,3349,2799,44,1020,2251,2780,2219,1915,18,1063,1203,952,1130,884
20222,A,골목상권,3111038,보인중학교,2602,1770,832,14,377,689,649,574,299,13,214,471,461,405,206,1,163,218,188,169,93
20222,A,골목상권,3111021,방이역 4번,11137,8092,3045,38,1448,2300,2854,2754,1743,26,767,1502,2125,2188,1484,12,681,798,729,566,259
20222,A,골목상권,3111015,석촌역 3번,10932,6847,4085,26,1640,2424,2423,2333,2086,11,799,1507,1612,1477,1441,15,841,917,811,856,645
20222,A,골목상권,3111003,삼전역 4번,4568,3024,1544,18,600,1083,1254,905,708,1,324,732,817,598,552,17,276,351,437,307,156
20222,A,골목상권,3111062,둔촌동역 3번(성내3동주민센터),3255,2100,1155,7,480,811,880,607,470,6,266,532,569,389,338,1,214,279,311,218,132
20222,A,골목상권,3111011,잠실나루역,9608,7747,1861,42,1275,3018,2795,2046,432,18,924,2492,2309,1674,330,24,351,526,486,372,102
20222,A,골목상권,3111048,천호역 1번(천호문구완구거리),1608,876,732,7,195,360,372,323,351,4,82,170,209,171,240,3,113,190,163,152,111
20222,A,골목상권,3111088,고덕동성당,1134,951,183,0,35,82,216,447,354,0,9,53,173,388,328,0,26,29,43,59,26
20222,A,골목상권,3111079,둔촌고등학교(둔촌중학교),1407,838,569,2,141,259,315,339,351,2,81,153,184,167,251,0,60,106,131,172,100
20222,A,골목상권,3111066,암사동성당(효정하나플러스아파트),1710,995,715,5,169,380,394,455,307,1,71,188,219,302,214,4,98,192,175,153,93
20222,A,골목상권,3111071,천동초등학교,2013,1097,916,2,200,393,515,454,449,1,72,204,289,251,280,1,128,189,226,203,169
20222,A,골목상권,3111069,천호1동주민센터,2143,1118,1025,5,185,409,525,555,464,3,66,183,269,288,309,2,119,226,256,267,155
20222,A,골목상권,3111050,강동구청(강동구청역 2번),6451,4040,2411,30,768,1601,1613,1617,822,12,384,869,987,1154,634,18,384,732,626,463,188
20222,A,골목상권,3111052,암사역 3번(천호동자전거거리),1652,885,767,3,192,365,475,387,230,2,74,188,246,218,157,1,118,177,229,169,73
20222,A,골목상권,3110003,세검정초등학교,3208,1681,1527,12,383,849,849,655,460,7,132,383,486,370,303,5,251,466,363,285,157
20222,A,골목상권,3110032,수족관거리,1721,729,992,8,316,378,484,355,180,7,101,148,164,183,126,1,215,230,320,172,54
20222,A,골목상권,3110049,장충단 고개,7948,4363,3585,17,1488,2210,1865,1591,777,6,534,1186,1138,986,513,11,954,1024,727,605,264
20222,A,골목상권,3110054,청구역 3번,5615,2963,2652,16,1124,1473,1173,1085,744,5,384,793,702,621,458,11,740,680,471,464,286
20222,A,골목상권,3110041,남산케이블카,5723,3089,2634,10,793,1518,1444,1163,795,7,334,836,819,626,467,3,459,682,625,537,328
20222,A,골목상권,3110533,충정로역 7번,2911,1774,1137,1,433,782,782,547,366,0,223,473,484,349,245,1,210,309,298,198,121
20222,A,골목상권,3110065,남정초등학교,2218,1561,657,13,351,641,535,358,320,11,227,499,376,234,214,2,124,142,159,124,106
20222,A,골목상권,3110080,해방촌예술마을,2226,1456,770,3,252,385,746,672,168,3,84,214,546,496,113,0,168,171,200,176,55
20222,A,골목상권,3110579,마포역 4번,5616,3529,2087,8,1017,1486,1468,1076,561,6,371,893,1024,805,430,2,646,593,444,271,131
20222,A,골목상권,3110123,마장역 3번,1433,884,549,1,176,272,329,389,266,1,78,159,191,253,202,0,98,113,138,136,64
20222,A,골목상권,3110114,왕십리파출소,2346,644,1702,8,434,328,413,711,452,1,142,144,153,139,65,7,292,184,260,572,387
20222,A,골목상권,3110121,한양대역 4번,102,61,41,0,13,22,20,20,27,0,6,11,11,12,21,0,7,11,9,8,6
20222,A,골목상권,3110127,성수1가1동주민센터,3267,2102,1165,10,572,1007,809,584,285,5,303,663,543,374,214,5,269,344,266,210,71
20222,A,골목상권,3110140,건대입구역 6번,3220,2119,1101,14,390,614,754,831,617,10,183,373,498,562,493,4,207,241,256,269,124
20222,A,골목상권,3110141,건대입구역 1번,1987,1285,702,10,275,407,532,461,302,6,137,258,349,297,238,4,138,149,183,164,64
20222,A,골목상권,3110209,답십리 장령당공원,4227,1926,2301,4,629,938,1189,1163,304,1,465,673,394,189,204,3,164,265,795,974,100
20222,A,골목상권,3110174,아차산역 1번,2909,1780,1129,7,346,545,901,765,345,3,151,328,577,479,242,4,195,217,324,286,103
20222,A,골목상권,3110144,어린이대공원역 4번,1502,932,570,0,160,238,383,492,229,0,60,133,242,323,174,0,100,105,141,169,55
20222,A,골목상권,3110152,중곡어린이공원,1671,1070,601,49,338,283,323,400,278,6,137,200,206,286,235,43,201,83,117,114,43
20222,A,골목상권,3110161,중곡역 3번,1960,1296,664,4,150,317,503,672,314,0,67,189,303,504,233,4,83,128,200,168,81
20222,A,골목상권,3110202,전농1동주민센터(전농시장),478,273,205,0,58,96,127,105,92,0,44,55,85,53,36,0,14,41,42,52,56
20222,A,골목상권,3110186,종암초등학교,1751,1308,443,2,179,330,416,475,349,0,82,256,306,362,302,2,97,74,110,113,47
20222,A,골목상권,3110221,의릉,731,443,288,0,69,158,210,196,98,0,28,92,111,132,80,0,41,66,99,64,18
20222,A,골목상권,3110206,텃골근린공원,1126,651,475,2,118,187,312,318,189,1,71,108,193,192,86,1,47,79,119,126,103
20222,A,골목상권,3110219,삼육보건대학교,4329,2321,2008,4,574,869,1055,1098,729,2,178,407,603,643,488,2,396,462,452,455,241
20222,A,골목상권,3110199,홍릉시장,962,521,441,0,76,146,204,306,230,0,34,77,102,142,166,0,42,69,102,164,64
20222,A,골목상권,3110268,망우3동주민센터,981,580,401,0,94,152,205,296,234,0,55,83,101,168,173,0,39,69,104,128,61
20222,A,골목상권,3110264,면목역 2번,1816,1064,752,3,185,354,425,524,325,0,72,184,239,342,227,3,113,170,186,182,98
20222,A,골목상권,3110279,신내역 2번,153,118,35,0,17,28,41,48,19,0,13,24,30,34,17,0,4,4,11,14,2
20222,A,골목상권,3110258,면동초등학교,1659,911,748,2,207,394,460,372,224,1,84,220,233,212,161,1,123,174,227,160,63
20222,A,골목상권,3110237,메가박스 상봉,2944,2064,880,11,293,688,935,821,196,10,142,441,668,655,148,1,151,247,267,166,48
20222,A,골목상권,3110254,오거리공원,1604,894,710,3,171,342,447,427,214,2,70,170,244,256,152,1,101,172,203,171,62
20222,A,골목상권,3110248,먹골파출소,993,487,506,3,102,224,281,230,153,0,31,111,138,105,102,3,71,113,143,125,51
20222,A,골목상권,3110245,KB국민은행 중화동지점,1375,794,581,3,141,276,386,300,269,1,58,154,230,167,184,2,83,122,156,133,85
20222,A,골목상권,3110308,길음역 8번,5558,2775,2783,420,2091,1398,817,515,317,177,921,761,443,234,239,243,1170,637,374,281,78
20222,A,골목상권,3110301,성신여대입구역 7번,2035,1073,962,20,279,387,462,501,386,15,95,170,238,285,270,5,184,217,224,216,116
20222,A,골목상권,3110300,삼선동주민센터,6172,2933,3239,11,709,1579,1872,1508,493,2,213,608,842,960,308,9,496,971,1030,548,185
20222,A,골목상권,3110328,상월곡역 3번,745,414,331,3,111,200,209,158,64,1,47,116,119,84,47,2,64,84,90,74,17
20222,A,골목상권,3110323,상월곡역 1번,2096,1206,890,4,330,425,556,516,265,0,143,247,333,295,188,4,187,178,223,221,77
20222,A,골목상권,3110325,장곡초등학교,1196,710,486,3,130,246,318,285,214,3,60,131,186,172,158,0,70,115,132,113,56
20222,A,골목상권,3110329,우리은행체육관,1168,696,472,8,126,245,281,288,220,4,44,127,158,191,172,4,82,118,123,97,48
20222,A,골목상권,3110418,광운대학교 남단,2395,1300,1095,17,439,649,567,454,269,5,188,388,277,239,203,12,251,261,290,215,66
20222,A,골목상권,3110292,정릉역 2번,1165,443,722,1,229,306,319,217,93,0,57,124,99,95,68,1,172,182,220,122,25
20222,A,골목상권,3110289,북한산보국문역 2번,1565,804,761,0,234,320,398,370,243,0,63,140,184,230,187,0,171,180,214,140,56
20222,A,골목상권,3110320,KB국민은행 종암동지점,1030,585,445,1,84,202,331,295,117,1,23,84,177,219,81,0,61,118,154,76,36
20222,A,골목상권,3110369,성신여대운정그린캠퍼스,1935,860,1075,5,242,321,436,458,473,1,65,112,181,208,293,4,177,209,255,250,180
20222,A,골목상권,3110376,수송초등학교,2101,1069,1032,3,230,420,522,498,428,2,80,208,286,240,253,1,150,212,236,258,175
20222,A,골목상권,3110351,수유북부시장옆,1198,652,546,0,84,147,263,467,237,0,30,65,139,235,183,0,54,82,124,232,54
20222,A,골목상권,3110362,우이천 계성교,961,497,464,1,126,190,258,236,150,0,48,103,126,120,100,1,78,87,132,116,50
20222,A,골목상권,3110356,덕수교,687,389,298,0,56,108,200,172,151,0,20,63,108,94,104,0,36,45,92,78,47
20222,A,골목상권,3110343,무너미어린이공원,1770,1049,721,0,112,212,300,288,858,0,32,122,161,148,586,0,80,90,139,140,272
20222,A,골목상권,3110382,솔밭공원역 1번,391,147,244,1,43,67,98,118,64,0,9,21,28,46,43,1,34,46,70,72,21
20222,A,골목상권,3110413,누원고등학교,568,365,203,0,36,70,115,162,185,0,15,44,66,102,138,0,21,26,49,60,47
20222,A,골목상권,3110422,노원역 9번,1516,697,819,1,187,294,388,390,256,1,71,171,178,157,119,0,116,123,210,233,137
20222,A,골목상권,3110430,중계초등학교,1110,567,543,3,90,168,259,328,262,0,28,66,114,160,199,3,62,102,145,168,63
20222,A,골목상권,3110417,월계역 3번,348,134,214,2,49,63,67,100,67,2,18,35,21,34,24,0,31,28,46,66,43
20222,A,골목상권,3110441,영신여고,1036,451,585,3,105,241,280,305,102,3,45,111,106,125,61,0,60,130,174,180,41
20222,A,골목상권,3110427,노원 을지대학교병원,1752,1176,576,1,156,280,416,577,322,0,59,139,273,460,245,1,97,141,143,117,77
20222,A,골목상권,3110477,은평세무서,2219,1137,1082,6,199,354,531,627,502,2,93,192,270,298,282,4,106,162,261,329,220
20222,A,골목상권,3110476,역촌역 2번,1304,706,598,1,170,308,350,300,175,1,61,154,198,161,131,0,109,154,152,139,44
20222,A,골목상권,3110503,명지대학교교회,3329,2219,1110,30,564,1004,816,642,273,26,345,725,552,388,183,4,219,279,264,254,90
20222,A,골목상권,3110499,연가초등학교,1715,905,810,0,165,359,447,470,274,0,64,203,231,222,185,0,101,156,216,248,89
20222,A,골목상권,3110558,경성고등학교,4895,3051,1844,21,679,1152,1227,1106,710,18,346,676,765,727,519,3,333,476,462,379,191
20222,A,골목상권,3110537,충정로현대아파트,4722,3057,1665,15,800,1434,1132,868,473,9,385,840,810,674,339,6,415,594,322,194,134
20222,A,골목상권,3110541,동교초등학교,1947,1046,901,2,295,400,519,419,312,1,112,214,273,234,212,1,183,186,246,185,100
20222,A,골목상권,3110522,홍제역 3번,1269,694,575,3,128,184,351,436,167,1,37,93,189,254,120,2,91,91,162,182,47
20222,A,골목상권,3110571,신수동주민센터,5389,2967,2422,10,665,1386,1427,1276,625,9,253,623,760,871,451,1,412,763,667,405,174
20222,A,골목상권,3110555,홍익지구대,3611,1855,1756,10,638,968,938,631,426,5,213,449,543,370,275,5,425,519,395,261,151
20222,A,골목상권,3110627,신정롯데캐슬아파트,12409,6926,5483,66,2312,4020,3158,2183,670,31,900,2143,1942,1409,501,35,1412,1877,1216,774,169
20222,A,골목상권,3110628,신목동역,2125,1374,751,4,260,583,583,460,235,2,128,352,393,345,154,2,132,231,190,115,81
20222,A,골목상권,3110679,염창역 2번,2730,2023,707,4,276,584,863,682,321,3,134,413,667,544,262,1,142,171,196,138,59
20222,A,골목상권,3110612,신정역 5번,4440,2606,1834,12,892,682,723,821,1310,5,273,329,389,473,1137,7,619,353,334,348,173
20222,A,골목상권,3110629,송정역 4번,923,553,370,1,104,171,216,231,200,1,47,114,124,142,125,0,57,57,92,89,75
20222,A,골목상권,3110669,화곡보람2차아파트,4693,2768,1925,4,1133,1316,897,642,701,3,357,873,675,396,464,1,776,443,222,246,237
20222,A,골목상권,3110649,우장산역 1번,1340,739,601,2,254,249,320,285,230,0,111,132,152,166,178,2,143,117,168,119,52
20222,A,골목상권,3110670,신곡초등학교,1600,1036,564,8,185,409,399,404,195,5,114,286,251,246,134,3,71,123,148,158,61
20222,A,골목상권,3110666,KC대학교,2132,1568,564,4,303,715,531,460,119,2,205,564,385,312,100,2,98,151,146,148,19
20222,A,골목상권,3110725,가산동주민센터,1841,864,977,4,142,241,320,390,744,2,70,130,189,193,280,2,72,111,131,197,464
20222,A,골목상권,3110700,고척초등학교,5750,4109,1641,10,516,1259,1605,1791,569,7,268,901,1181,1363,389,3,248,358,424,428,180
20222,A,골목상권,3110689,오류동역 3번,4517,2899,1618,15,569,864,1106,1262,701,8,405,556,678,764,488,7,164,308,428,498,213
20222,A,골목상권,3110690,오류2동버들시장,2262,1291,971,1,225,460,530,550,496,0,85,257,277,318,354,1,140,203,253,232,142
20222,A,골목상권,3110766,대림역 5번,5601,3708,1893,16,432,998,1379,1285,1491,5,258,730,1005,825,885,11,174,268,374,460,606
20222,A,골목상권,3110735,말미고개,2955,1738,1217,9,360,595,662,815,514,5,187,340,372,445,389,4,173,255,290,370,125
20222,A,골목상권,3110736,독산119안전센터,2709,1626,1083,4,307,444,561,745,648,2,174,271,330,427,422,2,133,173,231,318,226
20222,A,골목상권,3110746,금천금빛공원(은행나무사거리서측),971,444,527,1,93,156,237,270,214,1,36,71,105,122,109,0,57,85,132,148,105
20222,A,골목상권,3110783,영등포시장역 1번,2418,1654,764,5,411,700,493,528,281,3,259,492,345,391,164,2,152,208,148,137,117
20222,A,골목상권,3110793,대림썬프라자,1502,904,598,6,139,384,505,343,125,5,85,243,259,219,93,1,54,141,246,124,32
20222,A,골목상권,3110799,영등포본동주민센터,524,336,188,5,69,90,131,119,110,3,34,56,85,77,81,2,35,34,46,42,29
20222,A,골목상권,3110777,구로세무서,5825,3399,2426,22,1229,1703,1556,963,352,10,493,985,1009,609,293,12,736,718,547,354,59
20222,A,골목상권,3110821,보라매역 2번,19310,12435,6875,51,3710,3777,3102,4534,4136,27,2841,3091,2036,2222,2218,24,869,686,1066,2312,1918
20222,A,골목상권,3110788,영등포시장역 3번,924,604,320,3,106,166,286,224,139,1,58,113,202,145,85,2,48,53,84,79,54
20222,A,골목상권,3110840,중앙대학교,417,214,203,1,67,68,111,97,73,0,25,31,63,47,48,1,42,37,48,50,25
20222,A,골목상권,3110836,상도역 5번,4431,2490,1941,12,805,1182,1020,914,498,2,328,680,619,553,308,10,477,502,401,361,190
20222,A,골목상권,3110893,관악소방서(문영여고),1814,1409,405,2,342,557,398,425,90,1,237,436,304,357,74,1,105,121,94,68,16
20222,A,골목상권,3110878,미림여고,694,367,327,6,72,190,185,152,89,1,25,91,112,75,63,5,47,99,73,77,26
20222,A,골목상권,3110861,관악구신사동주민센터,4975,3397,1578,4,758,1388,1398,981,446,2,354,958,1075,707,301,2,404,430,323,274,145
20222,A,골목상권,3110890,봉천역 1번(관악초등학교),2071,803,1268,4,374,519,473,347,354,0,67,152,208,174,202,4,307,367,265,173,152
20222,A,골목상권,3110960,은광여고,20267,15455,4812,50,2314,4244,5292,6237,2130,36,1372,3182,4359,5022,1484,14,942,1062,933,1215,646
20222,A,골목상권,3110954,국기원,7043,3734,3309,24,2010,2434,1352,626,597,8,648,1239,953,450,436,16,1362,1195,399,176,161
20222,A,골목상권,3110936,더케이호텔(양재리본타워2단지아파트),1540,1105,435,14,246,433,389,311,147,10,159,288,286,247,115,4,87,145,103,64,32
20222,A,골목상권,3110940,양재근린공원(양재2동주민센터),6573,4578,1995,36,1029,1761,1701,1243,803,22,601,1228,1211,872,644,14,428,533,490,371,159
20222,A,골목상권,3110950,논현역 7번,14453,8508,5945,36,3283,4779,3414,1982,959,15,1326,2815,2305,1346,701,21,1957,1964,1109,636,258
20222,A,골목상권,3110949,한남IC,8417,5196,3221,28,1675,2570,2221,1300,623,15,760,1654,1435,852,480,13,915,916,786,448,143
20222,A,골목상권,3110993,개포지하차도 북측,142,86,56,0,14,21,31,45,31,0,4,14,19,28,21,0,10,7,12,17,10
20222,A,골목상권,3110983,국립국악고등학교,3034,1919,1115,12,544,819,737,554,368,2,245,512,476,373,311,10,299,307,261,181,57
20222,A,골목상권,3110964,싸리고개근린공원,8566,5556,3010,26,1611,2345,2176,1418,990,12,704,1538,1503,1014,785,14,907,807,673,404,205
20222,A,골목상권,3110995,봉은사역 4번,25206,19697,5509,27,4263,7944,7350,4403,1219,8,2756,6028,6191,3798,916,19,1507,1916,1159,605,303
20222,A,골목상권,3111001,아래방죽마을공원(율현초등학교),219,110,109,0,13,33,35,73,65,0,7,22,21,34,26,0,6,11,14,39,39
20222,A,골목상권,3110998,은곡마을(은곡마을공원),32,21,11,1,2,11,8,6,4,0,0,5,7,6,3,1,2,6,1,0,1
20222,A,골목상권,3110959,신구중학교,10232,5500,4732,112,2286,2945,2031,1596,1262,41,1015,1708,1395,759,582,71,1271,1237,636,837,680
20222,A,골목상권,3110962,도산공원북측,5103,2987,2116,21,1320,1864,1050,603,245,7,552,1132,729,415,152,14,768,732,321,188,93
20222,A,골목상권,3110997,대청초등학교,11645,4219,7426,31,3352,3686,2392,1435,749,3,709,1330,968,683,526,28,2643,2356,1424,752,223
20222,A,골목상권,3110979,청담초등학교,13513,6688,6825,34,3681,4952,2707,1503,636,14,1248,2542,1596,814,474,20,2433,2410,1111,689,162
20222,A,골목상권,3111027,문정초등학교,37078,28582,8496,20,3311,6648,10483,13841,2775,8,1965,4804,8129,11835,1841,12,1346,1844,2354,2006,934
20222,A,골목상권,3111020,방이동고분군(방산고등학교),4863,2790,2073,7,576,1242,1105,1165,768,4,274,719,681,609,503,3,302,523,424,556,265
20222,A,골목상권,3111032,방이역 1번,21842,16091,5751,28,2688,5066,5500,5171,3389,14,1606,3510,4215,4282,2464,14,1082,1556,1285,889,925
20222,A,골목상권,3111005,삼전역 3번,5492,3680,1812,15,836,1398,1269,1121,853,5,485,996,882,696,616,10,351,402,387,425,237
20222,A,골목상권,3111037,Sh수협은행 오금동금융센터(아랫말어린이공원),1645,894,751,0,186,380,425,449,205,0,97,235,228,207,127,0,89,145,197,242,78
20222,A,골목상권,3111089,상일여고(상일초등학교),858,553,305,0,66,157,203,261,171,0,37,92,135,164,125,0,29,65,68,97,46
20222,A,골목상권,3111067,강동구립성내도서관,5641,2901,2740,16,1009,1238,1344,1086,948,11,337,615,758,580,600,5,672,623,586,506,348
20222,A,골목상권,3111081,둔촌푸르지오아파트,986,603,383,2,117,183,200,251,233,1,58,108,117,139,180,1,59,75,83,112,53
20222,A,골목상권,3111059,강동역 4번(강풀만화거리),6849,3822,3027,10,1115,1236,1379,1299,1810,5,483,642,758,760,1174,5,632,594,621,539,636
20222,A,골목상권,3110005,세검정,2126,1089,1037,8,301,565,557,474,221,3,123,271,287,262,143,5,178,294,270,212,78
20222,A,골목상권,3110008,배화여자대학교(박노수미술관),3476,1938,1538,39,627,808,767,729,506,0,227,405,439,476,391,39,400,403,328,253,115
20222,A,골목상권,3110015,청와대사랑채,2312,1284,1028,37,513,765,497,301,199,0,191,422,324,192,155,37,322,343,173,109,44
20222,A,골목상권,3110035,동묘앞역 2번,3390,1775,1615,3,258,367,549,741,1472,0,87,183,285,341,879,3,171,184,264,400,593
20222,A,골목상권,3110055,황학동벼룩시장,2333,1280,1053,28,821,479,422,378,205,15,352,239,270,253,151,13,469,240,152,125,54
20222,A,골목상권,3110027,혜화역 1번,3124,1658,1466,9,394,650,865,728,478,5,112,253,479,462,347,4,282,397,386,266,131
20222,A,골목상권,3110030,동대문역 3번,1126,461,665,0,92,206,371,274,183,0,28,77,108,117,131,0,64,129,263,157,52
20222,A,골목상권,3110011,청운초등학교,1873,802,1071,13,318,482,437,339,284,2,65,197,195,159,184,11,253,285,242,180,100
20222,A,골목상권,3110024,혜회동주민센터,4244,1855,2389,27,697,1078,959,887,596,17,228,488,437,385,300,10,469,590,522,502,296
20222,A,골목상권,3110043,충무초등학교,6397,3882,2515,33,1241,1562,1628,1186,747,16,534,903,1084,808,537,17,707,659,544,378,210
20222,A,골목상권,3110082,용산구청,2532,1305,1227,13,448,730,571,554,216,10,162,304,295,368,166,3,286,426,276,186,50
20222,A,골목상권,3110045,동대문역사문화공원역 5번,40455,19049,21406,468,12792,10627,8138,6043,2387,192,5994,6220,4414,1662,567,276,6798,4407,3724,4381,1820
20222,A,골목상권,3110057,황학코아루아파트,1699,938,761,4,273,439,448,319,216,3,142,252,209,171,161,1,131,187,239,148,55
20222,A,골목상권,3110078,이촌동점보아파트,4727,2990,1737,17,766,1262,1193,1032,457,3,410,782,806,673,316,14,356,480,387,359,141
20222,A,골목상권,3110588,한겨레신문사,1133,567,566,1,166,237,297,284,148,1,73,129,147,128,89,0,93,108,150,156,59
20222,A,골목상권,3110073,삼각지역 3번,21368,6873,14495,123,6007,7127,5572,1957,582,50,2112,2306,1403,668,334,73,3895,4821,4169,1289,248
20222,A,골목상권,3110076,삼각지역 14번,2654,1645,1009,1,399,738,689,600,227,1,224,455,468,356,141,0,175,283,221,244,86
20222,A,골목상권,3110099,유엔빌리지길,21963,17803,4160,47,2625,5547,6288,6683,773,36,1322,4089,5454,6255,647,11,1303,1458,834,428,126
20222,A,골목상권,3110107,금호사거리,2695,1164,1531,16,307,810,1020,361,181,1,105,274,437,205,142,15,202,536,583,156,39
20222,A,골목상권,3110117,성동구보건소,3042,1046,1996,9,527,459,593,877,577,2,180,225,258,242,139,7,347,234,335,635,438
20222,A,골목상권,3110112,행당역 2번,1354,720,634,1,163,289,360,364,177,0,63,131,193,205,128,1,100,158,167,159,49
20222,A,골목상권,3110229,장평중학교,4729,3089,1640,10,521,877,975,1057,1289,6,275,555,639,696,918,4,246,322,336,361,371
20222,A,골목상권,3110113,응봉산,260,138,122,1,39,45,77,52,46,0,10,23,38,26,41,1,29,22,39,26,5
20222,A,골목상권,3110169,성동초등학교,4265,2889,1376,14,444,930,1078,1032,767,2,248,611,726,722,580,12,196,319,352,310,187
20222,A,골목상권,3110156,군자역 5번,3040,1883,1157,7,484,700,775,587,487,3,263,406,480,355,376,4,221,294,295,232,111
20222,A,골목상권,3110157,자양동우체국,1846,1325,521,14,427,408,437,359,201,10,335,309,286,227,158,4,92,99,151,132,43
20222,A,골목상권,3110163,성자초등학교,1358,679,679,1,136,233,372,407,209,1,60,112,160,197,149,0,76,121,212,210,60
20222,A,골목상권,3110168,대원고등학교,1985,1153,832,0,192,440,482,552,319,0,76,207,253,351,266,0,116,233,229,201,53
20222,A,골목상권,3110212,답십리초등학교,3380,2234,1146,24,681,841,827,639,368,21,491,622,488,363,249,3,190,219,339,276,119
20222,A,골목상권,3110187,제기동역 6번,5909,3849,2060,18,1010,1530,1329,1085,937,8,568,966,887,742,678,10,442,564,442,343,259
20222,A,골목상권,3110309,대광초등학교,2784,1954,830,10,336,612,722,679,425,4,187,423,511,486,343,6,149,189,211,193,82
20222,A,골목상권,3110231,장안교,728,483,245,0,55,125,159,208,181,0,22,52,89,162,158,0,33,73,70,46,23
20222,A,골목상권,3110203,떡전교사거리,1653,740,913,2,227,282,322,365,455,2,66,119,144,167,242,0,161,163,178,198,213
20221,A,골목상권,3110117,성동구보건소,3042,1046,1996,9,527,459,593,877,577,2,180,225,258,242,139,7,347,234,335,635,438
20221,A,골목상권,3110112,행당역 2번,1354,720,634,1,163,289,360,364,177,0,63,131,193,205,128,1,100,158,167,159,49
20221,A,골목상권,3110229,장평중학교,4729,3089,1640,10,521,877,975,1057,1289,6,275,555,639,696,918,4,246,322,336,361,371
20221,A,골목상권,3110113,응봉산,260,138,122,1,39,45,77,52,46,0,10,23,38,26,41,1,29,22,39,26,5
20221,A,골목상권,3110169,성동초등학교,4265,2889,1376,14,444,930,1078,1032,767,2,248,611,726,722,580,12,196,319,352,310,187
20221,A,골목상권,3110156,군자역 5번,3040,1883,1157,7,484,700,775,587,487,3,263,406,480,355,376,4,221,294,295,232,111
20221,A,골목상권,3110157,자양동우체국,1846,1325,521,14,427,408,437,359,201,10,335,309,286,227,158,4,92,99,151,132,43
20221,A,골목상권,3110163,성자초등학교,1358,679,679,1,136,233,372,407,209,1,60,112,160,197,149,0,76,121,212,210,60
20221,A,골목상권,3110168,대원고등학교,1985,1153,832,0,192,440,482,552,319,0,76,207,253,351,266,0,116,233,229,201,53
20221,A,골목상권,3110212,답십리초등학교,3380,2234,1146,24,681,841,827,639,368,21,491,622,488,363,249,3,190,219,339,276,119
20221,A,골목상권,3110187,제기동역 6번,5909,3849,2060,18,1010,1530,1329,1085,937,8,568,966,887,742,678,10,442,564,442,343,259
20221,A,골목상권,3110309,대광초등학교,2784,1954,830,10,336,612,722,679,425,4,187,423,511,486,343,6,149,189,211,193,82
20221,A,골목상권,3110231,장안교,728,483,245,0,55,125,159,208,181,0,22,52,89,162,158,0,33,73,70,46,23
20221,A,골목상권,3110203,떡전교사거리,1653,740,913,2,227,282,322,365,455,2,66,119,144,167,242,0,161,163,178,198,213
20221,A,골목상권,3110194,홍파초등학교,1028,599,429,1,94,200,292,318,123,0,58,123,168,168,82,1,36,77,124,150,41
20221,A,골목상권,3110278,망우본동주민센터,1851,1277,574,3,136,243,393,562,514,1,62,113,218,409,474,2,74,130,175,153,40
20221,A,골목상권,3110242,면목5동주민센터,867,570,297,0,78,153,226,199,211,0,36,99,119,132,184,0,42,54,107,67,27
20221,A,골목상권,3110246,월드순복음교회,1402,769,633,4,139,280,360,346,273,1,42,139,213,197,177,3,97,141,147,149,96
20221,A,골목상권,3110261,사가정역 4번,1640,972,668,5,175,265,434,463,298,4,62,125,253,303,225,1,113,140,181,160,73
20221,A,골목상권,3110241,먹골역 5번,2166,1475,691,1,315,530,524,571,225,1,183,366,341,415,169,0,132,164,183,156,56
20221,A,골목상권,3110233,중랑역 1번,893,461,432,6,154,146,204,200,183,4,65,61,89,121,121,2,89,85,115,79,62
20221,A,골목상권,3110318,KT월곡지사,3595,2540,1055,4,306,612,723,786,1164,2,171,405,460,571,931,2,135,207,263,215,233
20221,A,골목상권,3110377,미아사거리역 3번,694,331,363,7,98,129,184,169,107,6,42,61,75,80,67,1,56,68,109,89,40
20221,A,골목상권,3110281,길상사,16413,13694,2719,22,1927,3775,4747,5449,493,3,1165,2821,4173,5180,352,19,762,954,574,269,141
20221,A,골목상권,3110373,수유역 2번,2772,1558,1214,6,358,532,544,703,629,4,150,310,293,432,369,2,208,222,251,271,260
20221,A,골목상권,3110379,KT&G 북부지사,623,302,321,2,67,85,155,224,90,0,26,30,63,131,52,2,41,55,92,93,38
20221,A,골목상권,3110348,강북문화예술회관,2983,2155,828,0,93,237,630,911,1112,0,20,143,489,717,786,0,73,94,141,194,326
20221,A,골목상권,3110383,덕성여대시반거리,437,131,306,0,77,73,112,105,70,0,9,16,36,28,42,0,68,57,76,77,28
20221,A,골목상권,3110345,솔밭공원역 2번,708,263,445,1,82,141,166,188,130,0,15,41,54,71,82,1,67,100,112,117,48
20221,A,골목상권,3110342,국립재활원,1911,1168,743,0,163,409,566,562,211,0,54,205,383,372,154,0,109,204,183,190,57
20221,A,골목상권,3110338,인수초등학교,1029,648,381,3,137,254,247,265,123,3,70,171,149,154,101,0,67,83,98,111,22
20221,A,골목상권,3110402,도봉구 정병원,1673,968,705,5,226,351,392,442,257,4,101,216,235,250,162,1,125,135,157,192,95
20221,A,골목상권,3110392,발바닥공원,590,396,194,3,85,182,168,101,51,2,37,113,135,71,38,1,48,69,33,30,13
20221,A,골목상권,3110416,노원초등학교,1205,552,653,8,124,241,275,314,243,6,45,126,116,149,110,2,79,115,159,165,133
20221,A,골목상권,3110428,상계5동주민센터,1874,914,960,5,133,226,324,460,726,1,48,116,138,200,411,4,85,110,186,260,315
20221,A,골목상권,3110464,연신내역 5번,1985,1122,863,7,199,380,509,459,431,5,83,205,246,266,317,2,116,175,263,193,114
20221,A,골목상권,3110457,예일여고,3334,1823,1511,11,339,504,700,1175,605,2,131,234,342,705,409,9,208,270,358,470,196
20221,A,골목상권,3110488,우리은행응암동지점,3399,1825,1574,8,407,862,868,872,382,5,208,429,423,511,249,3,199,433,445,361,133
20221,A,골목상권,3110485,연신내우체국,2037,1061,976,2,103,180,239,350,1163,1,45,107,106,143,659,1,58,73,133,207,504
20221,A,골목상권,3110449,증산역 3번,2851,1858,993,1,398,704,743,668,337,0,156,480,515,477,230,1,242,224,228,191,107
20221,A,골목상권,3110523,홍제성원아파트,259,109,150,1,36,55,62,74,31,0,14,19,28,27,21,1,22,36,34,47,10
20221,A,골목상권,3110586,서울서부지방법원,11593,7273,4320,37,2044,3389,3339,2245,539,5,959,1962,2248,1752,347,32,1085,1427,1091,493,192
20221,A,골목상권,3110540,망원나들목체육관,1899,1092,807,8,639,591,325,211,125,1,387,316,158,136,94,7,252,275,167,75,31
20221,A,골목상권,3110567,광흥창역 6번,510,261,249,0,80,126,127,118,59,0,35,61,66,62,37,0,45,65,61,56,22
20221,A,골목상권,3110565,홍익대,4319,2959,1360,13,708,1013,1064,875,646,7,389,669,759,621,514,6,319,344,305,254,132
20221,A,골목상권,3110560,마포FM,4675,2819,1856,11,653,1106,1054,998,853,9,292,695,738,584,501,2,361,411,316,414,352
20221,A,골목상권,3110549,새터산,2447,1476,971,6,323,490,622,631,375,4,169,276,370,408,249,2,154,214,252,223,126
20221,A,골목상권,3110581,염리초등학교,8998,5077,3921,16,1305,2124,2079,1885,1589,7,628,1198,1340,989,915,9,677,926,739,896,674
20221,A,골목상권,3110617,등촌역 4번,2496,1419,1077,2,330,561,641,599,363,0,156,350,350,329,234,2,174,211,291,270,129
20221,A,골목상권,3110676,등촌역 7번,2587,1617,970,12,360,533,656,601,425,6,154,333,395,389,340,6,206,200,261,212,85
20221,A,골목상권,3110656,까치산역 3번,3071,1778,1293,17,286,570,813,925,460,15,146,353,484,505,275,2,140,217,329,420,185
20221,A,골목상권,3110654,까치산역 4번,3556,2235,1321,15,324,625,928,1128,536,13,164,373,533,736,416,2,160,252,395,392,120
20221,A,골목상권,3110597,신월1동주민센터,2472,1402,1070,4,249,481,521,657,560,1,110,252,269,403,367,3,139,229,252,254,193
20221,A,골목상권,3110665,곰달래도서관,2356,1305,1051,4,236,435,587,666,428,4,101,243,325,344,288,0,135,192,262,322,140
20221,A,골목상권,3110615,신서초등학교,848,519,329,2,79,148,152,220,247,1,36,81,84,146,171,1,43,67,68,74,76
20221,A,골목상권,3110674,강서구청가양동별관,2810,1867,943,13,484,647,757,564,345,8,334,446,510,346,223,5,150,201,247,218,122
20221,A,골목상권,3110677,등촌역 1번,3921,2407,1514,15,590,925,884,897,610,12,265,549,522,592,467,3,325,376,362,305,143
20221,A,골목상권,3110631,방화초등학교,2022,1206,816,5,282,386,462,504,383,5,137,222,260,288,294,0,145,164,202,216,89
20221,A,골목상권,3110636,방화역 2번,2261,1548,713,6,180,387,715,586,387,4,92,216,507,418,311,2,88,171,208,168,76
20221,A,골목상권,3110691,개봉중학교,2121,1250,871,6,243,460,510,560,342,1,134,278,283,301,253,5,109,182,227,259,89
20221,A,골목상권,3110662,까치산역 1번,3644,2133,1511,8,464,871,961,872,468,6,214,496,504,566,347,2,250,375,457,306,121
20221,A,골목상권,3110732,가산초등학교(세일중학교),2697,1734,963,13,406,604,664,616,394,4,232,369,400,410,319,9,174,235,264,206,75
20221,A,골목상권,3110729,가산동우체국,3002,1566,1436,10,310,527,627,607,921,6,171,294,365,336,394,4,139,233,262,271,527
20221,A,골목상권,3110723,가산디지털단지역 1번 출입구,6364,4269,2095,13,1161,2024,1564,904,698,8,553,1337,1145,699,527,5,608,687,419,205,171
20221,A,골목상권,3110705,고산초등학교,2324,1523,801,3,295,489,490,507,540,2,148,292,274,324,483,1,147,197,216,183,57
20221,A,골목상권,3110680,온수역 5번(온수산업단지),1651,1405,246,18,174,252,303,480,424,18,138,209,238,407,395,0,36,43,65,73,29
20221,A,골목상권,3110685,금강수목원아파트,1014,749,265,2,60,190,279,274,209,1,35,123,189,214,187,1,25,67,90,60,22
20221,A,골목상권,3110854,조원동주민센터,3686,2722,964,3,494,609,555,569,1456,1,220,390,345,394,1372,2,274,219,210,175,84
20221,A,골목상권,3110742,KT금천빌딩(금천구시설관리공단),1604,1021,583,0,211,338,390,400,265,0,133,223,244,230,191,0,78,115,146,170,74
20221,A,골목상권,3110748,백산초등학교,1088,584,504,0,104,213,289,304,178,0,44,118,147,162,113,0,60,95,142,142,65
20221,A,골목상권,3110750,시흥4동주민센터(서울신흥초등학교),1125,636,489,9,163,218,324,281,130,8,89,133,186,127,93,1,74,85,138,154,37
20221,A,골목상권,3110749,금산초등학교(금천고등학교),7714,4555,3159,13,568,1109,1786,2003,2235,4,300,718,1027,1087,1419,9,268,391,759,916,816
20221,A,골목상권,3110763,영등포구청역 2번,7998,3926,4072,23,1606,2127,1491,1555,1196,12,684,1112,819,673,626,11,922,1015,672,882,570
20221,A,골목상권,3110786,당산역 8번,7202,5111,2091,19,1007,1783,1914,1612,867,6,490,1180,1444,1314,677,13,517,603,470,298,190
20221,A,골목상권,3110762,선유도역 1번,6490,4189,2301,17,859,1406,1594,1541,1073,11,470,902,970,975,861,6,389,504,624,566,212
20221,A,골목상권,3110803,신길2동우편취급국,2306,1308,998,6,226,496,505,482,591,3,103,233,253,261,455,3,123,263,252,221,136
20221,A,골목상권,3110757,양평역 2번,2594,1895,699,3,271,581,643,581,515,2,144,438,483,429,399,1,127,143,160,152,116
20221,A,골목상권,3110817,대방역 4번,3279,1548,1731,9,625,746,811,579,509,4,208,342,403,284,307,5,417,404,408,295,202
20221,A,골목상권,3110807,신길역 3번,994,401,593,5,113,194,247,269,166,2,40,84,97,101,77,3,73,110,150,168,89
20221,A,골목상권,3110847,예술인마을,2033,1270,763,3,284,468,518,409,351,3,131,269,312,253,302,0,153,199,206,156,49
20221,A,골목상권,3110903,방배아이파크아파트,13318,6720,6598,17,2219,3034,3683,2226,2139,5,678,1278,1774,1240,1745,12,1541,1756,1909,986,394
20221,A,골목상권,3110843,사당5동주민센터,856,499,357,1,74,130,224,245,182,0,30,57,123,154,135,1,44,73,101,91,47
20221,A,골목상권,3110898,청림동주민센터(상도중학교),3140,1745,1395,2,453,1024,1007,483,171,1,197,571,572,281,123,1,256,453,435,202,48
20221,A,골목상권,3110835,상도역 1번,1284,685,599,4,217,336,311,268,148,2,91,204,169,124,95,2,126,132,142,144,53
20221,A,골목상권,3110830,상도초등학교,1099,508,591,0,192,255,269,254,129,0,84,114,104,127,79,0,108,141,165,127,50
20221,A,골목상권,3110863,난우초등학교,1274,596,678,21,162,252,274,330,235,16,65,112,116,144,143,5,97,140,158,186,92
20221,A,골목상권,3110882,신성초등학교,1461,843,618,4,181,268,423,344,241,1,87,139,232,207,177,3,94,129,191,137,64
20221,A,골목상권,3110867,국제신학대학원대학교(남서울중학교),1284,802,482,3,150,289,290,284,268,1,93,193,167,179,169,2,57,96,123,105,99
20221,A,골목상권,3110871,신원동주민센터,1221,662,559,5,110,197,235,300,374,0,62,122,135,146,197,5,48,75,100,154,177
20221,A,골목상권,3110864,신림우방아파트,3078,2254,824,2,485,863,972,582,174,2,229,637,794,472,120,0,256,226,178,110,54
20221,A,골목상권,3110917,서초소방서,10472,8160,2312,29,1128,2908,2901,2625,881,18,710,2263,2404,2117,648,11,418,645,497,508,233
20221,A,골목상권,3110927,잠원역,3312,2219,1093,5,550,1142,865,499,251,3,321,787,627,322,159,2,229,355,238,177,92
20221,A,골목상권,3110915,서래초등학교,89045,79397,9648,58,9613,19204,23591,33698,2881,23,6991,15974,21216,32574,2619,35,2622,3230,2375,1124,262
20221,A,골목상권,3110918,방배역 3번,7950,4877,3073,25,1436,1942,1884,1479,1184,9,623,1168,1279,916,882,16,813,774,605,563,302
20221,A,골목상권,3110926,신중초등학교,18935,13842,5093,26,2537,6187,5342,3491,1352,11,1323,4503,4347,2701,957,15,1214,1684,995,790,395
20221,A,골목상권,3110928,서초우방유쉘아파트,8601,5394,3207,32,1319,2349,2192,1755,954,20,686,1554,1461,1019,654,12,633,795,731,736,300
20221,A,골목상권,3110941,언남고등학교,3148,2001,1147,15,501,854,828,599,351,13,285,552,530,367,254,2,216,302,298,232,97
20221,A,골목상권,3110977,논현로18길,8768,6092,2676,17,1345,2688,2352,1426,940,7,731,1839,1812,1000,703,10,614,849,540,426,237
20221,A,골목상권,3110956,언주역 8번,10460,6708,3752,44,2484,3229,2399,1398,906,30,1284,2052,1709,952,681,14,1200,1177,690,446,225
20221,A,골목상권,3110961,언주역 3번,19048,12835,6213,40,3657,5606,4187,2889,2669,10,1697,3702,3162,2277,1987,30,1960,1904,1025,612,682
20221,A,골목상권,3110970,학동초등학교,8274,4686,3588,35,1750,2524,1972,1193,800,17,746,1341,1253,767,562,18,1004,1183,719,426,238
20221,A,골목상권,3110986,삼성중앙역 7번,7054,4250,2804,39,1478,2059,1499,883,1096,9,622,1271,1051,561,736,30,856,788,448,322,360
20221,A,골목상권,3110958,역삼역 4번,13145,7672,5473,25,2620,4104,3148,1957,1291,13,968,2265,2168,1344,914,12,1652,1839,980,613,377
20221,A,골목상권,3111025,경찰병원역 3번,9858,5487,4371,53,1071,1688,1733,1768,3545,24,506,1023,1074,799,2061,29,565,665,659,969,1484
20221,A,골목상권,3111029,오금역 4번,6170,4510,1660,14,1076,1905,1533,1053,589,8,670,1374,1159,778,521,6,406,531,374,275,68
20221,A,골목상권,3111023,문정역 1번,3188,1943,1245,5,559,689,779,662,494,2,274,426,517,382,342,3,285,263,262,280,152
20221,A,골목상권,3111042,거여역 1번(거여공원),4647,2955,1692,20,677,1102,1208,1011,629,16,473,746,745,568,407,4,204,356,463,443,222
20221,A,골목상권,3111006,석촌고분역 1번,13231,9393,3838,32,1634,2684,3221,2686,2974,27,996,1913,2319,1807,2331,5,638,771,902,879,643
20221,A,골목상권,3111090,강일동주민센터,199,120,79,0,24,45,67,44,19,0,9,25,41,30,15,0,15,20,26,14,4
20221,A,골목상권,3111068,강동성심병원,3440,1771,1669,8,770,842,809,570,441,5,225,389,495,352,305,3,545,453,314,218,136
20221,A,골목상권,3111065,천일초등학교,1242,677,565,2,112,177,234,284,433,2,39,75,105,131,325,0,73,102,129,153,108
20221,A,골목상권,3111060,암사역 2번(서울강동초등학교),3038,1600,1438,3,337,620,746,749,583,2,117,297,376,407,401,1,220,323,370,342,182
20221,A,골목상권,3111054,암사역 4번(삼성광나루아파트),3175,1255,1920,2,329,487,578,782,997,2,142,257,245,207,402,0,187,230,333,575,595
20221,A,골목상권,3111049,천호지구대(천호동자전거거리),1795,986,809,7,217,342,414,400,415,3,102,177,213,206,285,4,115,165,201,194,130
20221,A,골목상권,3110007,사직공원(한국사회과학도서관),2261,1151,1110,4,393,616,566,444,238,2,142,279,306,251,171,2,251,337,260,193,67
20221,A,골목상권,3110531,홍지문,828,402,426,2,118,219,178,187,124,0,39,117,90,81,75,2,79,102,88,106,49
20221,A,골목상권,3110010,평창동서측,8863,4827,4036,16,958,2387,3264,1811,427,1,407,1007,1802,1306,304,15,551,1380,1462,505,123
20221,A,골목상권,3110013,체부동홍종문가옥,1116,630,486,4,122,231,265,248,246,0,42,116,139,143,190,4,80,115,126,105,56
20221,A,골목상권,3110051,한양공고앞 교차로,1270,665,605,0,194,259,304,324,189,0,76,137,166,173,113,0,118,122,138,151,76
20221,A,골목상권,3110587,공덕동주민센터,4777,2727,2050,20,903,1328,1318,886,322,3,450,775,774,531,194,17,453,553,544,355,128
20221,A,골목상권,3110075,숙대입구역 1번,11721,3647,8074,164,6494,2357,1245,865,596,15,739,1093,761,587,452,149,5755,1264,484,278,144
20221,A,골목상권,3110094,오산중학교,293,171,122,0,19,48,84,96,46,0,8,24,50,58,31,0,11,24,34,38,15
20221,A,골목상권,3110093,우사단길,5722,3218,2504,28,1105,1870,1447,876,396,11,353,986,985,650,233,17,752,884,462,226,163
20221,A,골목상권,3110089,서빙고동주민센터,1027,643,384,1,125,313,300,153,135,0,47,186,191,106,113,1,78,127,109,47,22
20221,A,골목상권,3110064,효창공원앞역 2번,3452,2255,1197,8,448,903,911,799,383,7,272,598,596,522,260,1,176,305,315,277,123
20221,A,골목상권,3110109,금호삼성래미안아파트,2637,1124,1513,17,315,812,1046,338,109,1,116,291,459,171,86,16,199,521,587,167,23
20221,A,골목상권,3110126,서울숲역 1번,3085,1944,1141,11,616,755,648,538,517,5,355,479,400,356,349,6,261,276,248,182,168
20221,A,골목상권,3110108,성동구립금호도서관,186,90,96,0,24,35,54,55,18,0,12,20,24,19,15,0,12,15,30,36,3
20221,A,골목상권,3110104,신금호역 4번,732,398,334,0,85,142,175,168,162,0,25,62,94,95,122,0,60,80,81,73,40
20221,A,골목상권,3110115,상왕십리역 3번,4711,2086,2625,18,803,828,947,1248,867,3,269,473,519,510,312,15,534,355,428,738,555
20221,A,골목상권,3110135,성동세무서,6003,3797,2206,7,862,1512,1538,1291,793,5,450,954,1006,780,602,2,412,558,532,511,191
20221,A,골목상권,3110133,서울교통공사,4981,3435,1546,23,1308,1313,957,778,602,20,760,917,708,550,480,3,548,396,249,228,122
20221,A,골목상권,3110130,답십리역 6번,5008,2174,2834,4,714,1041,1495,1390,364,2,492,707,504,247,222,2,222,334,991,1143,142
20221,A,골목상권,3110170,동대부여고,1909,989,920,3,252,420,535,456,243,1,90,195,287,248,168,2,162,225,248,208,75
20221,A,골목상권,3110172,광진초등학교,2650,1482,1168,56,464,506,558,636,430,25,237,266,298,348,308,31,227,240,260,288,122
20221,A,골목상권,3110173,구남초등학교,6227,3640,2587,15,457,1113,1646,2007,989,4,265,728,1023,979,641,11,192,385,623,1028,348
20221,A,골목상권,3110143,뚝섬유원지역 1번,1815,1480,335,4,196,506,523,433,153,1,151,416,440,351,121,3,45,90,83,82,32
20221,A,골목상권,3110165,국립정신건강센터,2364,1365,999,3,223,480,601,647,410,0,85,228,319,404,329,3,138,252,282,243,81
20221,A,골목상권,3110185,용두초등학교,8144,4248,3896,8,666,1891,2614,2141,824,3,322,1123,1308,948,544,5,344,768,1306,1193,280
20221,A,골목상권,3110313,안암역 3번,4007,2603,1404,7,479,974,1134,933,480,3,232,606,749,655,358,4,247,368,385,278,122
20221,A,골목상권,3110205,경희대삼거리,2042,1155,887,3,307,699,408,383,242,2,146,461,194,203,149,1,161,238,214,180,93
20221,A,골목상권,3110263,면목역 1번,2374,1295,1079,3,342,596,740,505,188,0,167,400,365,229,134,3,175,196,375,276,54
20221,A,골목상권,3110265,망우역 1번,2560,1588,972,13,240,367,540,748,652,2,93,155,261,513,564,11,147,212,279,235,88
20221,A,골목상권,3110272,신내1동주민센터,3286,2011,1275,4,411,585,632,841,813,4,214,329,339,496,629,0,197,256,293,345,184
20221,A,골목상권,3110429,공릉동 국수거리,4838,2587,2251,6,483,668,995,1400,1286,2,224,366,498,716,781,4,259,302,497,684,505
20221,A,골목상권,3110307,길음역 7번,2161,758,1403,9,665,611,420,293,163,0,120,232,163,133,110,9,545,379,257,160,53
20221,A,골목상권,3110310,길음역 10번,1961,875,1086,9,604,603,400,252,93,0,140,299,228,141,67,9,464,304,172,111,26
20221,A,골목상권,3110288,동구여중,1859,769,1090,6,181,454,656,400,162,0,55,184,238,173,119,6,126,270,418,227,43
20221,A,골목상권,3110326,장위동성당,1271,741,530,3,141,245,334,297,251,3,57,121,191,187,182,0,84,124,143,110,69
20221,A,골목상권,3110282,국민대학교앞,1906,1357,549,15,321,599,445,311,215,14,185,437,349,245,127,1,136,162,96,66,88
20221,A,골목상권,3110358,인수동 우편취급국,1765,939,826,2,170,270,351,489,483,0,51,121,160,260,347,2,119,149,191,229,136
20221,A,골목상권,3110404,신창초등학교,1553,862,691,11,174,258,430,465,215,8,68,144,234,271,137,3,106,114,196,194,78
20221,A,골목상권,3110380,강북문화정보도서관,592,293,299,0,63,86,106,169,168,0,17,49,52,80,95,0,46,37,54,89,73
20221,A,골목상권,3110370,도봉세무서,1155,642,513,7,84,180,290,317,277,6,25,81,136,177,217,1,59,99,154,140,60
20221,A,골목상권,3110359,수유시장옆,1979,746,1233,2,174,251,355,450,747,0,62,112,146,178,248,2,112,139,209,272,499
20221,A,골목상권,3110366,광산사거리,1102,553,549,2,152,230,302,260,156,0,71,120,146,119,97,2,81,110,156,141,59
20221,A,골목상권,3110391,샘말어린이공원,1105,495,610,0,95,176,215,283,336,0,30,73,100,108,184,0,65,103,115,175,152
20221,A,골목상권,3110386,연산군묘,898,534,364,0,132,210,207,211,138,0,60,118,124,120,112,0,72,92,83,91,26
20221,A,골목상권,3110385,효문고등학교,492,210,282,0,72,109,138,115,58,0,15,34,51,62,48,0,57,75,87,53,10
20221,A,골목상권,3110396,쌍문역1번(쌍리단길),873,388,485,4,110,167,201,233,158,1,36,63,88,108,92,3,74,104,113,125,66
20221,A,골목상권,3110438,경춘선숲길 우측,1262,670,592,2,165,313,395,265,122,1,79,159,202,145,84,1,86,154,193,120,38
20221,A,골목상권,3110472,연신내역 4번,2101,1115,986,9,291,420,561,452,368,4,112,235,265,229,270,5,179,185,296,223,98
20221,A,골목상권,3110458,선일여고,1561,717,844,5,204,370,371,412,199,2,85,168,169,166,127,3,119,202,202,246,72
20221,A,골목상권,3110460,구산역 4번,4098,2463,1635,10,303,617,938,1372,858,6,136,347,489,872,613,4,167,270,449,500,245
20221,A,골목상권,3110450,시립서북병원,3765,1891,1874,8,699,863,827,786,582,2,293,433,413,369,381,6,406,430,414,417,201
20221,A,골목상권,3110456,구산보건지소,2822,1445,1377,11,571,580,644,581,435,3,244,277,308,315,298,8,327,303,336,266,137
20221,A,골목상권,3110486,은평구청,3565,1859,1706,8,390,827,963,954,423,5,183,376,460,548,287,3,207,451,503,406,136
20221,A,골목상권,3110484,역촌역 3번,1849,903,946,7,208,399,493,442,300,5,86,179,219,212,202,2,122,220,274,230,98
20221,A,골목상권,3110461,새절역 2번,927,505,422,2,86,134,215,259,231,1,30,51,97,146,180,1,56,83,118,113,51
20221,A,골목상권,3110445,덕산중학교,1113,537,576,5,235,253,205,221,194,0,73,130,116,94,124,5,162,123,89,127,70
20221,A,골목상권,3110451,증산역 4번,2598,1818,780,3,354,592,647,619,383,2,156,421,488,450,301,1,198,171,159,169,82
20221,A,골목상권,3110446,내를건너서숲으로도서관,760,517,243,0,100,159,174,187,140,0,83,108,97,110,119,0,17,51,77,77,21
20221,A,골목상권,3110504,명지전문대,601,306,295,1,61,72,145,194,128,0,30,29,70,105,72,1,31,43,75,89,56
20221,A,골목상권,3110502,남가좌파출소,820,489,331,0,68,121,216,264,151,0,31,62,124,166,106,0,37,59,92,98,45
20221,A,골목상권,3110543,중암중학교,668,466,202,0,37,70,115,223,223,0,16,35,56,145,214,0,21,35,59,78,9
20221,A,골목상권,3110582,이대역 5번,907,344,563,2,105,192,252,226,130,1,24,52,78,110,79,1,81,140,174,116,51
20221,A,골목상권,3110520,경의중앙 신촌역,1500,752,748,8,322,367,324,282,197,5,111,177,147,168,144,3,211,190,177,114,53
20221,A,골목상권,3110566,경의선책거리,7387,4414,2973,27,1465,1717,1712,1423,1043,16,758,1040,1073,796,731,11,707,677,639,627,312
20221,A,골목상권,3110511,연희초등학교,5789,4486,1303,7,719,1297,1142,1990,634,1,495,983,811,1677,519,6,224,314,331,313,115
20221,A,골목상권,3110526,봉원사,367,217,150,1,22,70,135,80,59,1,9,35,92,46,34,0,13,35,43,34,25
20221,A,골목상권,3110585,마포경찰서,3239,2093,1146,1,420,1126,934,559,199,0,226,683,634,427,123,1,194,443,300,132,76
20221,A,골목상권,3110578,대흥역 2번,4903,3185,1718,78,872,1109,1037,1047,760,28,453,737,756,701,510,50,419,372,281,346,250
20221,A,골목상권,3110574,서강대학교,896,599,297,4,117,204,240,201,130,2,74,135,174,124,90,2,43,69,66,77,40
20221,A,골목상권,3110544,망리단길,6222,3617,2605,17,1248,1421,1318,976,1242,8,640,721,675,587,986,9,608,700,643,389,256
20221,A,골목상권,3110548,마포구청역 4번,5895,3452,2443,18,764,1118,1304,1728,963,10,390,797,862,809,584,8,374,321,442,919,379
20221,A,골목상권,3110557,홍대부속여중고앞,5872,3326,2546,15,903,1543,1632,1119,660,15,389,832,977,651,462,0,514,711,655,468,198
20221,A,골목상권,3110618,강서고등학교,3661,1791,1870,7,785,1002,801,724,342,3,195,468,416,435,274,4,590,534,385,289,68
20221,A,골목상권,3110596,서서울호수공원,2036,1321,715,5,229,365,459,585,393,2,117,220,272,383,327,3,112,145,187,202,66
20221,A,골목상권,3110599,신월1파출소,1680,1078,602,4,158,295,421,566,236,2,93,182,259,368,174,2,65,113,162,198,62
20221,A,골목상권,3110651,화원중학교,2712,1532,1180,8,300,556,660,686,502,6,148,340,365,391,282,2,152,216,295,295,220
20221,A,골목상권,3110623,갈산공원,1473,855,618,6,162,331,380,329,265,4,90,177,200,190,194,2,72,154,180,139,71
20221,A,골목상권,3110632,방화역 3번,3801,2575,1226,6,332,705,1119,1071,568,4,193,413,783,737,445,2,139,292,336,334,123
20221,A,골목상권,3110659,화곡역 4번,3626,1901,1725,18,457,804,957,853,537,15,183,460,522,422,299,3,274,344,435,431,238
20221,A,골목상권,3110722,G타워,19389,12310,7079,60,3607,6404,5129,2626,1563,29,1836,4264,3348,1661,1172,31,1771,2140,1781,965,391
20221,A,골목상권,3110682,온수역 8번,361,283,78,0,13,52,95,107,94,0,11,34,65,83,90,0,2,18,30,24,4
20221,A,골목상권,3110696,오류동역 1번,3475,2139,1336,33,914,1147,671,456,254,17,516,814,390,225,177,16,398,333,281,231,77
20221,A,골목상권,3110698,개웅초등학교(개웅중학교),2757,1234,1523,7,405,493,704,774,374,5,210,265,264,263,227,2,195,228,440,511,147
20221,A,골목상권,3110697,개봉3동주민센터,1101,686,415,1,168,226,252,244,210,1,77,141,156,157,154,0,91,85,96,87,56
20221,A,골목상권,3110688,오류지구대,1309,724,585,5,130,240,332,393,209,4,56,137,187,212,128,1,74,103,145,181,81
20221,A,골목상권,3110684,서울공연예술고등학교,980,521,459,4,124,208,238,273,133,2,54,118,122,154,71,2,70,90,116,119,62
20221,A,골목상권,3110728,두산초등학교,7779,4797,2982,17,403,805,1036,1484,4034,15,223,510,611,873,2565,2,180,295,425,611,1469
20221,A,골목상권,3110731,금천구청역 1번 출입구,4469,2258,2211,11,672,1215,1026,1039,506,6,276,550,486,608,332,5,396,665,540,431,174
20221,A,골목상권,3110730,서울축산농협 독산역지점(독산파출소),7158,4528,2630,15,350,639,810,1307,4037,13,197,420,491,801,2606,2,153,219,319,506,1431
20221,A,골목상권,3110752,한울중학교,2059,1251,808,13,294,388,526,539,299,10,181,248,303,289,220,3,113,140,223,250,79
20221,A,골목상권,3110753,시흥동 은행나무사거리,1767,985,782,8,199,364,416,443,337,7,105,218,220,235,200,1,94,146,196,208,137
20221,A,골목상권,3110743,시흥초등학교(시흥1동우체국),1901,835,1066,7,317,358,467,487,265,6,126,168,210,183,142,1,191,190,257,304,123
20221,A,골목상권,3110764,문래역 3번,3153,1905,1248,2,407,744,863,599,538,2,173,425,526,380,399,0,234,319,337,219,139
20221,A,골목상권,3110782,영등포시장역 4번,1839,1063,776,5,208,345,454,439,388,3,97,205,292,249,217,2,111,140,162,190,171
20221,A,골목상권,3110779,대림갑을명가아파트,800,491,309,1,87,130,177,235,170,0,44,84,105,135,123,1,43,46,72,100,47
20221,A,골목상권,3110765,문래동사거리,2020,1394,626,4,169,352,494,465,536,2,82,219,333,315,443,2,87,133,161,150,93
20221,A,골목상권,3110810,영신초등학교,2994,1643,1351,2,368,625,659,659,681,0,176,353,376,324,414,2,192,272,283,335,267
20221,A,골목상권,3110809,장훈고등학교,1484,885,599,1,203,345,302,292,341,0,102,180,180,183,240,1,101,165,122,109,101
20221,A,골목상권,3110824,대방역 3번,2129,1361,768,5,292,552,582,381,317,4,165,378,384,224,206,1,127,174,198,157,111
20221,A,골목상권,3110813,보라매역 6번,5419,3837,1582,9,1033,1296,1111,1526,444,6,590,941,791,1194,315,3,443,355,320,332,129
20221,A,골목상권,3110834,동작구자원봉사센터,2564,1472,1092,14,261,540,690,627,432,11,135,308,409,356,253,3,126,232,281,271,179
20221,A,골목상권,3110828,노량진역 6번,7261,4126,3135,15,905,2214,1977,1542,608,3,417,1160,1187,977,382,12,488,1054,790,565,226
20221,A,골목상권,3110827,NH농협은행 상도동지점,1082,439,643,2,105,183,271,274,247,1,38,79,104,103,114,1,67,104,167,171,133
20221,A,골목상권,3110852,이수역 9번,2529,1175,1354,5,473,620,696,447,288,1,132,264,309,240,229,4,341,356,387,207,59
20221,A,골목상권,3110905,방배노인종합복지관(이수중학교),5242,2054,3188,12,1165,1458,1271,885,451,1,334,540,486,427,266,11,831,918,785,458,185
20221,A,골목상권,3110851,경문고등학교(동작동성당),3368,1773,1595,14,635,1032,934,524,229,8,236,520,595,291,123,6,399,512,339,233,106
20221,A,골목상권,3110899,낙성대역 5번(관악중학교),4614,3107,1507,19,916,1345,1018,737,579,11,468,959,710,495,464,8,448,386,308,242,115
20221,A,골목상권,3110831,상도4동주민센터,1928,1233,695,2,251,423,419,532,301,2,136,263,284,407,141,0,115,160,135,125,160
20221,A,골목상권,3110873,당곡중학교,2525,1427,1098,7,341,547,627,540,463,4,156,299,352,290,326,3,185,248,275,250,137
20221,A,골목상권,3110841,중대부중,360,156,204,0,43,52,85,105,75,0,14,21,31,46,44,0,29,31,54,59,31
20221,A,골목상권,3110900,낙성대역 1번(관악구민 종합체육센터),4337,2627,1710,15,852,1276,966,653,575,7,368,802,610,388,452,8,484,474,356,265,123
20221,A,골목상권,3110892,관악구 중앙길,4005,1888,2117,12,627,825,985,859,697,7,212,389,474,444,362,5,415,436,511,415,335
20221,A,골목상권,3110866,난우중학교,1102,622,480,0,111,196,289,322,184,0,50,105,148,183,136,0,61,91,141,139,48
20222,A,골목상권,3110194,홍파초등학교,1028,599,429,1,94,200,292,318,123,0,58,123,168,168,82,1,36,77,124,150,41
20222,A,골목상권,3110278,망우본동주민센터,1851,1277,574,3,136,243,393,562,514,1,62,113,218,409,474,2,74,130,175,153,40
20222,A,골목상권,3110242,면목5동주민센터,867,570,297,0,78,153,226,199,211,0,36,99,119,132,184,0,42,54,107,67,27
20222,A,골목상권,3110246,월드순복음교회,1402,769,633,4,139,280,360,346,273,1,42,139,213,197,177,3,97,141,147,149,96
20222,A,골목상권,3110261,사가정역 4번,1640,972,668,5,175,265,434,463,298,4,62,125,253,303,225,1,113,140,181,160,73
20222,A,골목상권,3110241,먹골역 5번,2166,1475,691,1,315,530,524,571,225,1,183,366,341,415,169,0,132,164,183,156,56
20222,A,골목상권,3110233,중랑역 1번,893,461,432,6,154,146,204,200,183,4,65,61,89,121,121,2,89,85,115,79,62
20222,A,골목상권,3110318,KT월곡지사,3595,2540,1055,4,306,612,723,786,1164,2,171,405,460,571,931,2,135,207,263,215,233
20222,A,골목상권,3110377,미아사거리역 3번,694,331,363,7,98,129,184,169,107,6,42,61,75,80,67,1,56,68,109,89,40
20222,A,골목상권,3110281,길상사,16413,13694,2719,22,1927,3775,4747,5449,493,3,1165,2821,4173,5180,352,19,762,954,574,269,141
20222,A,골목상권,3110373,수유역 2번,2772,1558,1214,6,358,532,544,703,629,4,150,310,293,432,369,2,208,222,251,271,260
20222,A,골목상권,3110379,KT&G 북부지사,623,302,321,2,67,85,155,224,90,0,26,30,63,131,52,2,41,55,92,93,38
20222,A,골목상권,3110348,강북문화예술회관,2983,2155,828,0,93,237,630,911,1112,0,20,143,489,717,786,0,73,94,141,194,326
20222,A,골목상권,3110383,덕성여대시반거리,437,131,306,0,77,73,112,105,70,0,9,16,36,28,42,0,68,57,76,77,28
20222,A,골목상권,3110345,솔밭공원역 2번,708,263,445,1,82,141,166,188,130,0,15,41,54,71,82,1,67,100,112,117,48
20222,A,골목상권,3110342,국립재활원,1911,1168,743,0,163,409,566,562,211,0,54,205,383,372,154,0,109,204,183,190,57
20222,A,골목상권,3110338,인수초등학교,1029,648,381,3,137,254,247,265,123,3,70,171,149,154,101,0,67,83,98,111,22
20222,A,골목상권,3110402,도봉구 정병원,1673,968,705,5,226,351,392,442,257,4,101,216,235,250,162,1,125,135,157,192,95
20222,A,골목상권,3110392,발바닥공원,590,396,194,3,85,182,168,101,51,2,37,113,135,71,38,1,48,69,33,30,13
20222,A,골목상권,3110416,노원초등학교,1205,552,653,8,124,241,275,314,243,6,45,126,116,149,110,2,79,115,159,165,133
20222,A,골목상권,3110428,상계5동주민센터,1874,914,960,5,133,226,324,460,726,1,48,116,138,200,411,4,85,110,186,260,315
20222,A,골목상권,3110464,연신내역 5번,1985,1122,863,7,199,380,509,459,431,5,83,205,246,266,317,2,116,175,263,193,114
20222,A,골목상권,3110457,예일여고,3334,1823,1511,11,339,504,700,1175,605,2,131,234,342,705,409,9,208,270,358,470,196
20222,A,골목상권,3110488,우리은행응암동지점,3399,1825,1574,8,407,862,868,872,382,5,208,429,423,511,249,3,199,433,445,361,133
20222,A,골목상권,3110485,연신내우체국,2037,1061,976,2,103,180,239,350,1163,1,45,107,106,143,659,1,58,73,133,207,504
20222,A,골목상권,3110449,증산역 3번,2851,1858,993,1,398,704,743,668,337,0,156,480,515,477,230,1,242,224,228,191,107
20222,A,골목상권,3110523,홍제성원아파트,259,109,150,1,36,55,62,74,31,0,14,19,28,27,21,1,22,36,34,47,10
20222,A,골목상권,3110586,서울서부지방법원,11593,7273,4320,37,2044,3389,3339,2245,539,5,959,1962,2248,1752,347,32,1085,1427,1091,493,192
20222,A,골목상권,3110540,망원나들목체육관,1899,1092,807,8,639,591,325,211,125,1,387,316,158,136,94,7,252,275,167,75,31
20222,A,골목상권,3110567,광흥창역 6번,510,261,249,0,80,126,127,118,59,0,35,61,66,62,37,0,45,65,61,56,22
20222,A,골목상권,3110565,홍익대,4319,2959,1360,13,708,1013,1064,875,646,7,389,669,759,621,514,6,319,344,305,254,132
20222,A,골목상권,3110560,마포FM,4675,2819,1856,11,653,1106,1054,998,853,9,292,695,738,584,501,2,361,411,316,414,352
20222,A,골목상권,3110549,새터산,2447,1476,971,6,323,490,622,631,375,4,169,276,370,408,249,2,154,214,252,223,126
20222,A,골목상권,3110581,염리초등학교,8998,5077,3921,16,1305,2124,2079,1885,1589,7,628,1198,1340,989,915,9,677,926,739,896,674
20222,A,골목상권,3110617,등촌역 4번,2496,1419,1077,2,330,561,641,599,363,0,156,350,350,329,234,2,174,211,291,270,129
20222,A,골목상권,3110676,등촌역 7번,2587,1617,970,12,360,533,656,601,425,6,154,333,395,389,340,6,206,200,261,212,85
20222,A,골목상권,3110656,까치산역 3번,3071,1778,1293,17,286,570,813,925,460,15,146,353,484,505,275,2,140,217,329,420,185
20222,A,골목상권,3110654,까치산역 4번,3556,2235,1321,15,324,625,928,1128,536,13,164,373,533,736,416,2,160,252,395,392,120
20222,A,골목상권,3110597,신월1동주민센터,2472,1402,1070,4,249,481,521,657,560,1,110,252,269,403,367,3,139,229,252,254,193
20222,A,골목상권,3110665,곰달래도서관,2356,1305,1051,4,236,435,587,666,428,4,101,243,325,344,288,0,135,192,262,322,140
20222,A,골목상권,3110615,신서초등학교,848,519,329,2,79,148,152,220,247,1,36,81,84,146,171,1,43,67,68,74,76
20222,A,골목상권,3110674,강서구청가양동별관,2810,1867,943,13,484,647,757,564,345,8,334,446,510,346,223,5,150,201,247,218,122
20222,A,골목상권,3110677,등촌역 1번,3921,2407,1514,15,590,925,884,897,610,12,265,549,522,592,467,3,325,376,362,305,143
20222,A,골목상권,3110631,방화초등학교,2022,1206,816,5,282,386,462,504,383,5,137,222,260,288,294,0,145,164,202,216,89
20222,A,골목상권,3110636,방화역 2번,2261,1548,713,6,180,387,715,586,387,4,92,216,507,418,311,2,88,171,208,168,76
20222,A,골목상권,3110691,개봉중학교,2121,1250,871,6,243,460,510,560,342,1,134,278,283,301,253,5,109,182,227,259,89
20222,A,골목상권,3110662,까치산역 1번,3644,2133,1511,8,464,871,961,872,468,6,214,496,504,566,347,2,250,375,457,306,121
20222,A,골목상권,3110732,가산초등학교(세일중학교),2697,1734,963,13,406,604,664,616,394,4,232,369,400,410,319,9,174,235,264,206,75
20222,A,골목상권,3110729,가산동우체국,3002,1566,1436,10,310,527,627,607,921,6,171,294,365,336,394,4,139,233,262,271,527
20222,A,골목상권,3110723,가산디지털단지역 1번 출입구,6364,4269,2095,13,1161,2024,1564,904,698,8,553,1337,1145,699,527,5,608,687,419,205,171
20222,A,골목상권,3110705,고산초등학교,2324,1523,801,3,295,489,490,507,540,2,148,292,274,324,483,1,147,197,216,183,57
20222,A,골목상권,3110680,온수역 5번(온수산업단지),1651,1405,246,18,174,252,303,480,424,18,138,209,238,407,395,0,36,43,65,73,29
20222,A,골목상권,3110685,금강수목원아파트,1014,749,265,2,60,190,279,274,209,1,35,123,189,214,187,1,25,67,90,60,22
20222,A,골목상권,3110854,조원동주민센터,3686,2722,964,3,494,609,555,569,1456,1,220,390,345,394,1372,2,274,219,210,175,84
20222,A,골목상권,3110742,KT금천빌딩(금천구시설관리공단),1604,1021,583,0,211,338,390,400,265,0,133,223,244,230,191,0,78,115,146,170,74
20222,A,골목상권,3110748,백산초등학교,1088,584,504,0,104,213,289,304,178,0,44,118,147,162,113,0,60,95,142,142,65
20222,A,골목상권,3110750,시흥4동주민센터(서울신흥초등학교),1125,636,489,9,163,218,324,281,130,8,89,133,186,127,93,1,74,85,138,154,37
20222,A,골목상권,3110749,금산초등학교(금천고등학교),7714,4555,3159,13,568,1109,1786,2003,2235,4,300,718,1027,1087,1419,9,268,391,759,916,816
20222,A,골목상권,3110763,영등포구청역 2번,7998,3926,4072,23,1606,2127,1491,1555,1196,12,684,1112,819,673,626,11,922,1015,672,882,570
20222,A,골목상권,3110786,당산역 8번,7202,5111,2091,19,1007,1783,1914,1612,867,6,490,1180,1444,1314,677,13,517,603,470,298,190
20222,A,골목상권,3110762,선유도역 1번,6490,4189,2301,17,859,1406,1594,1541,1073,11,470,902,970,975,861,6,389,504,624,566,212
20222,A,골목상권,3110803,신길2동우편취급국,2306,1308,998,6,226,496,505,482,591,3,103,233,253,261,455,3,123,263,252,221,136
20222,A,골목상권,3110757,양평역 2번,2594,1895,699,3,271,581,643,581,515,2,144,438,483,429,399,1,127,143,160,152,116
20222,A,골목상권,3110817,대방역 4번,3279,1548,1731,9,625,746,811,579,509,4,208,342,403,284,307,5,417,404,408,295,202
20222,A,골목상권,3110807,신길역 3번,994,401,593,5,113,194,247,269,166,2,40,84,97,101,77,3,73,110,150,168,89
20222,A,골목상권,3110847,예술인마을,2033,1270,763,3,284,468,518,409,351,3,131,269,312,253,302,0,153,199,206,156,49
20222,A,골목상권,3110903,방배아이파크아파트,13318,6720,6598,17,2219,3034,3683,2226,2139,5,678,1278,1774,1240,1745,12,1541,1756,1909,986,394
20222,A,골목상권,3110843,사당5동주민센터,856,499,357,1,74,130,224,245,182,0,30,57,123,154,135,1,44,73,101,91,47
20222,A,골목상권,3110898,청림동주민센터(상도중학교),3140,1745,1395,2,453,1024,1007,483,171,1,197,571,572,281,123,1,256,453,435,202,48
20222,A,골목상권,3110835,상도역 1번,1284,685,599,4,217,336,311,268,148,2,91,204,169,124,95,2,126,132,142,144,53
20222,A,골목상권,3110830,상도초등학교,1099,508,591,0,192,255,269,254,129,0,84,114,104,127,79,0,108,141,165,127,50
20222,A,골목상권,3110863,난우초등학교,1274,596,678,21,162,252,274,330,235,16,65,112,116,144,143,5,97,140,158,186,92
20222,A,골목상권,3110882,신성초등학교,1461,843,618,4,181,268,423,344,241,1,87,139,232,207,177,3,94,129,191,137,64
20222,A,골목상권,3110867,국제신학대학원대학교(남서울중학교),1284,802,482,3,150,289,290,284,268,1,93,193,167,179,169,2,57,96,123,105,99
20222,A,골목상권,3110871,신원동주민센터,1221,662,559,5,110,197,235,300,374,0,62,122,135,146,197,5,48,75,100,154,177
20222,A,골목상권,3110864,신림우방아파트,3078,2254,824,2,485,863,972,582,174,2,229,637,794,472,120,0,256,226,178,110,54
20222,A,골목상권,3110917,서초소방서,10472,8160,2312,29,1128,2908,2901,2625,881,18,710,2263,2404,2117,648,11,418,645,497,508,233
20222,A,골목상권,3110927,잠원역,3312,2219,1093,5,550,1142,865,499,251,3,321,787,627,322,159,2,229,355,238,177,92
20222,A,골목상권,3110915,서래초등학교,89045,79397,9648,58,9613,19204,23591,33698,2881,23,6991,15974,21216,32574,2619,35,2622,3230,2375,1124,262
20222,A,골목상권,3110918,방배역 3번,7950,4877,3073,25,1436,1942,1884,1479,1184,9,623,1168,1279,916,882,16,813,774,605,563,302
20222,A,골목상권,3110926,신중초등학교,18935,13842,5093,26,2537,6187,5342,3491,1352,11,1323,4503,4347,2701,957,15,1214,1684,995,790,395
20222,A,골목상권,3110928,서초우방유쉘아파트,8601,5394,3207,32,1319,2349,2192,1755,954,20,686,1554,1461,1019,654,12,633,795,731,736,300
20222,A,골목상권,3110941,언남고등학교,3148,2001,1147,15,501,854,828,599,351,13,285,552,530,367,254,2,216,302,298,232,97
20222,A,골목상권,3110977,논현로18길,8768,6092,2676,17,1345,2688,2352,1426,940,7,731,1839,1812,1000,703,10,614,849,540,426,237
20222,A,골목상권,3110956,언주역 8번,10460,6708,3752,44,2484,3229,2399,1398,906,30,1284,2052,1709,952,681,14,1200,1177,690,446,225
20222,A,골목상권,3110961,언주역 3번,19048,12835,6213,40,3657,5606,4187,2889,2669,10,1697,3702,3162,2277,1987,30,1960,1904,1025,612,682
20222,A,골목상권,3110970,학동초등학교,8274,4686,3588,35,1750,2524,1972,1193,800,17,746,1341,1253,767,562,18,1004,1183,719,426,238
20222,A,골목상권,3110986,삼성중앙역 7번,7054,4250,2804,39,1478,2059,1499,883,1096,9,622,1271,1051,561,736,30,856,788,448,322,360
20222,A,골목상권,3110958,역삼역 4번,13145,7672,5473,25,2620,4104,3148,1957,1291,13,968,2265,2168,1344,914,12,1652,1839,980,613,377
20222,A,골목상권,3111025,경찰병원역 3번,9858,5487,4371,53,1071,1688,1733,1768,3545,24,506,1023,1074,799,2061,29,565,665,659,969,1484
20222,A,골목상권,3111029,오금역 4번,6170,4510,1660,14,1076,1905,1533,1053,589,8,670,1374,1159,778,521,6,406,531,374,275,68
20222,A,골목상권,3111023,문정역 1번,3188,1943,1245,5,559,689,779,662,494,2,274,426,517,382,342,3,285,263,262,280,152
20222,A,골목상권,3111042,거여역 1번(거여공원),4647,2955,1692,20,677,1102,1208,1011,629,16,473,746,745,568,407,4,204,356,463,443,222
20222,A,골목상권,3111006,석촌고분역 1번,13231,9393,3838,32,1634,2684,3221,2686,2974,27,996,1913,2319,1807,2331,5,638,771,902,879,643
20222,A,골목상권,3111090,강일동주민센터,199,120,79,0,24,45,67,44,19,0,9,25,41,30,15,0,15,20,26,14,4
20222,A,골목상권,3111068,강동성심병원,3440,1771,1669,8,770,842,809,570,441,5,225,389,495,352,305,3,545,453,314,218,136
20222,A,골목상권,3111065,천일초등학교,1242,677,565,2,112,177,234,284,433,2,39,75,105,131,325,0,73,102,129,153,108
20222,A,골목상권,3111060,암사역 2번(서울강동초등학교),3038,1600,1438,3,337,620,746,749,583,2,117,297,376,407,401,1,220,323,370,342,182
20222,A,골목상권,3111054,암사역 4번(삼성광나루아파트),3175,1255,1920,2,329,487,578,782,997,2,142,257,245,207,402,0,187,230,333,575,595
20222,A,골목상권,3111049,천호지구대(천호동자전거거리),1795,986,809,7,217,342,414,400,415,3,102,177,213,206,285,4,115,165,201,194,130
20222,A,골목상권,3110007,사직공원(한국사회과학도서관),2261,1151,1110,4,393,616,566,444,238,2,142,279,306,251,171,2,251,337,260,193,67
20222,A,골목상권,3110531,홍지문,828,402,426,2,118,219,178,187,124,0,39,117,90,81,75,2,79,102,88,106,49
20222,A,골목상권,3110010,평창동서측,8863,4827,4036,16,958,2387,3264,1811,427,1,407,1007,1802,1306,304,15,551,1380,1462,505,123
20222,A,골목상권,3110013,체부동홍종문가옥,1116,630,486,4,122,231,265,248,246,0,42,116,139,143,190,4,80,115,126,105,56
20222,A,골목상권,3110051,한양공고앞 교차로,1270,665,605,0,194,259,304,324,189,0,76,137,166,173,113,0,118,122,138,151,76
20222,A,골목상권,3110587,공덕동주민센터,4777,2727,2050,20,903,1328,1318,886,322,3,450,775,774,531,194,17,453,553,544,355,128
20222,A,골목상권,3110075,숙대입구역 1번,11721,3647,8074,164,6494,2357,1245,865,596,15,739,1093,761,587,452,149,5755,1264,484,278,144
20222,A,골목상권,3110094,오산중학교,293,171,122,0,19,48,84,96,46,0,8,24,50,58,31,0,11,24,34,38,15
20222,A,골목상권,3110093,우사단길,5722,3218,2504,28,1105,1870,1447,876,396,11,353,986,985,650,233,17,752,884,462,226,163
20222,A,골목상권,3110089,서빙고동주민센터,1027,643,384,1,125,313,300,153,135,0,47,186,191,106,113,1,78,127,109,47,22
20222,A,골목상권,3110064,효창공원앞역 2번,3452,2255,1197,8,448,903,911,799,383,7,272,598,596,522,260,1,176,305,315,277,123
20222,A,골목상권,3110109,금호삼성래미안아파트,2637,1124,1513,17,315,812,1046,338,109,1,116,291,459,171,86,16,199,521,587,167,23
20222,A,골목상권,3110126,서울숲역 1번,3085,1944,1141,11,616,755,648,538,517,5,355,479,400,356,349,6,261,276,248,182,168
20222,A,골목상권,3110108,성동구립금호도서관,186,90,96,0,24,35,54,55,18,0,12,20,24,19,15,0,12,15,30,36,3
20222,A,골목상권,3110104,신금호역 4번,732,398,334,0,85,142,175,168,162,0,25,62,94,95,122,0,60,80,81,73,40
20222,A,골목상권,3110115,상왕십리역 3번,4711,2086,2625,18,803,828,947,1248,867,3,269,473,519,510,312,15,534,355,428,738,555
20222,A,골목상권,3110135,성동세무서,6003,3797,2206,7,862,1512,1538,1291,793,5,450,954,1006,780,602,2,412,558,532,511,191
20222,A,골목상권,3110133,서울교통공사,4981,3435,1546,23,1308,1313,957,778,602,20,760,917,708,550,480,3,548,396,249,228,122
20222,A,골목상권,3110130,답십리역 6번,5008,2174,2834,4,714,1041,1495,1390,364,2,492,707,504,247,222,2,222,334,991,1143,142
20222,A,골목상권,3110170,동대부여고,1909,989,920,3,252,420,535,456,243,1,90,195,287,248,168,2,162,225,248,208,75
20222,A,골목상권,3110172,광진초등학교,2650,1482,1168,56,464,506,558,636,430,25,237,266,298,348,308,31,227,240,260,288,122
20222,A,골목상권,3110173,구남초등학교,6227,3640,2587,15,457,1113,1646,2007,989,4,265,728,1023,979,641,11,192,385,623,1028,348
20222,A,골목상권,3110143,뚝섬유원지역 1번,1815,1480,335,4,196,506,523,433,153,1,151,416,440,351,121,3,45,90,83,82,32
20222,A,골목상권,3110165,국립정신건강센터,2364,1365,999,3,223,480,601,647,410,0,85,228,319,404,329,3,138,252,282,243,81
20222,A,골목상권,3110185,용두초등학교,8144,4248,3896,8,666,1891,2614,2141,824,3,322,1123,1308,948,544,5,344,768,1306,1193,280
20222,A,골목상권,3110313,안암역 3번,4007,2603,1404,7,479,974,1134,933,480,3,232,606,749,655,358,4,247,368,385,278,122
20222,A,골목상권,3110205,경희대삼거리,2042,1155,887,3,307,699,408,383,242,2,146,461,194,203,149,1,161,238,214,180,93
20222,A,골목상권,3110263,면목역 1번,2374,1295,1079,3,342,596,740,505,188,0,167,400,365,229,134,3,175,196,375,276,54
20222,A,골목상권,3110265,망우역 1번,2560,1588,972,13,240,367,540,748,652,2,93,155,261,513,564,11,147,212,279,235,88
20222,A,골목상권,3110272,신내1동주민센터,3286,2011,1275,4,411,585,632,841,813,4,214,329,339,496,629,0,197,256,293,345,184
20222,A,골목상권,3110429,공릉동 국수거리,4838,2587,2251,6,483,668,995,1400,1286,2,224,366,498,716,781,4,259,302,497,684,505
20222,A,골목상권,3110307,길음역 7번,2161,758,1403,9,665,611,420,293,163,0,120,232,163,133,110,9,545,379,257,160,53
20222,A,골목상권,3110310,길음역 10번,1961,875,1086,9,604,603,400,252,93,0,140,299,228,141,67,9,464,304,172,111,26
20222,A,골목상권,3110288,동구여중,1859,769,1090,6,181,454,656,400,162,0,55,184,238,173,119,6,126,270,418,227,43
20222,A,골목상권,3110326,장위동성당,1271,741,530,3,141,245,334,297,251,3,57,121,191,187,182,0,84,124,143,110,69
20222,A,골목상권,3110282,국민대학교앞,1906,1357,549,15,321,599,445,311,215,14,185,437,349,245,127,1,136,162,96,66,88
20222,A,골목상권,3110358,인수동 우편취급국,1765,939,826,2,170,270,351,489,483,0,51,121,160,260,347,2,119,149,191,229,136
20222,A,골목상권,3110404,신창초등학교,1553,862,691,11,174,258,430,465,215,8,68,144,234,271,137,3,106,114,196,194,78
20222,A,골목상권,3110380,강북문화정보도서관,592,293,299,0,63,86,106,169,168,0,17,49,52,80,95,0,46,37,54,89,73
20222,A,골목상권,3110370,도봉세무서,1155,642,513,7,84,180,290,317,277,6,25,81,136,177,217,1,59,99,154,140,60
20222,A,골목상권,3110359,수유시장옆,1979,746,1233,2,174,251,355,450,747,0,62,112,146,178,248,2,112,139,209,272,499
20222,A,골목상권,3110366,광산사거리,1102,553,549,2,152,230,302,260,156,0,71,120,146,119,97,2,81,110,156,141,59
20222,A,골목상권,3110391,샘말어린이공원,1105,495,610,0,95,176,215,283,336,0,30,73,100,108,184,0,65,103,115,175,152
20222,A,골목상권,3110386,연산군묘,898,534,364,0,132,210,207,211,138,0,60,118,124,120,112,0,72,92,83,91,26
20222,A,골목상권,3110385,효문고등학교,492,210,282,0,72,109,138,115,58,0,15,34,51,62,48,0,57,75,87,53,10
20222,A,골목상권,3110396,쌍문역1번(쌍리단길),873,388,485,4,110,167,201,233,158,1,36,63,88,108,92,3,74,104,113,125,66
20222,A,골목상권,3110438,경춘선숲길 우측,1262,670,592,2,165,313,395,265,122,1,79,159,202,145,84,1,86,154,193,120,38
20222,A,골목상권,3110472,연신내역 4번,2101,1115,986,9,291,420,561,452,368,4,112,235,265,229,270,5,179,185,296,223,98
20222,A,골목상권,3110458,선일여고,1561,717,844,5,204,370,371,412,199,2,85,168,169,166,127,3,119,202,202,246,72
20222,A,골목상권,3110460,구산역 4번,4098,2463,1635,10,303,617,938,1372,858,6,136,347,489,872,613,4,167,270,449,500,245
20222,A,골목상권,3110450,시립서북병원,3765,1891,1874,8,699,863,827,786,582,2,293,433,413,369,381,6,406,430,414,417,201
20222,A,골목상권,3110456,구산보건지소,2822,1445,1377,11,571,580,644,581,435,3,244,277,308,315,298,8,327,303,336,266,137
20222,A,골목상권,3110486,은평구청,3565,1859,1706,8,390,827,963,954,423,5,183,376,460,548,287,3,207,451,503,406,136
20222,A,골목상권,3110484,역촌역 3번,1849,903,946,7,208,399,493,442,300,5,86,179,219,212,202,2,122,220,274,230,98
20222,A,골목상권,3110461,새절역 2번,927,505,422,2,86,134,215,259,231,1,30,51,97,146,180,1,56,83,118,113,51
20222,A,골목상권,3110445,덕산중학교,1113,537,576,5,235,253,205,221,194,0,73,130,116,94,124,5,162,123,89,127,70
20222,A,골목상권,3110451,증산역 4번,2598,1818,780,3,354,592,647,619,383,2,156,421,488,450,301,1,198,171,159,169,82
20222,A,골목상권,3110446,내를건너서숲으로도서관,760,517,243,0,100,159,174,187,140,0,83,108,97,110,119,0,17,51,77,77,21
20222,A,골목상권,3110504,명지전문대,601,306,295,1,61,72,145,194,128,0,30,29,70,105,72,1,31,43,75,89,56
20222,A,골목상권,3110502,남가좌파출소,820,489,331,0,68,121,216,264,151,0,31,62,124,166,106,0,37,59,92,98,45
20222,A,골목상권,3110543,중암중학교,668,466,202,0,37,70,115,223,223,0,16,35,56,145,214,0,21,35,59,78,9
20222,A,골목상권,3110582,이대역 5번,907,344,563,2,105,192,252,226,130,1,24,52,78,110,79,1,81,140,174,116,51
20222,A,골목상권,3110520,경의중앙 신촌역,1500,752,748,8,322,367,324,282,197,5,111,177,147,168,144,3,211,190,177,114,53
20222,A,골목상권,3110566,경의선책거리,7387,4414,2973,27,1465,1717,1712,1423,1043,16,758,1040,1073,796,731,11,707,677,639,627,312
20222,A,골목상권,3110511,연희초등학교,5789,4486,1303,7,719,1297,1142,1990,634,1,495,983,811,1677,519,6,224,314,331,313,115
20222,A,골목상권,3110526,봉원사,367,217,150,1,22,70,135,80,59,1,9,35,92,46,34,0,13,35,43,34,25
20222,A,골목상권,3110585,마포경찰서,3239,2093,1146,1,420,1126,934,559,199,0,226,683,634,427,123,1,194,443,300,132,76
20222,A,골목상권,3110578,대흥역 2번,4903,3185,1718,78,872,1109,1037,1047,760,28,453,737,756,701,510,50,419,372,281,346,250
20222,A,골목상권,3110574,서강대학교,896,599,297,4,117,204,240,201,130,2,74,135,174,124,90,2,43,69,66,77,40
20222,A,골목상권,3110544,망리단길,6222,3617,2605,17,1248,1421,1318,976,1242,8,640,721,675,587,986,9,608,700,643,389,256
20222,A,골목상권,3110548,마포구청역 4번,5895,3452,2443,18,764,1118,1304,1728,963,10,390,797,862,809,584,8,374,321,442,919,379
20222,A,골목상권,3110557,홍대부속여중고앞,5872,3326,2546,15,903,1543,1632,1119,660,15,389,832,977,651,462,0,514,711,655,468,198
20222,A,골목상권,3110618,강서고등학교,3661,1791,1870,7,785,1002,801,724,342,3,195,468,416,435,274,4,590,534,385,289,68
20222,A,골목상권,3110596,서서울호수공원,2036,1321,715,5,229,365,459,585,393,2,117,220,272,383,327,3,112,145,187,202,66
20222,A,골목상권,3110599,신월1파출소,1680,1078,602,4,158,295,421,566,236,2,93,182,259,368,174,2,65,113,162,198,62
20222,A,골목상권,3110651,화원중학교,2712,1532,1180,8,300,556,660,686,502,6,148,340,365,391,282,2,152,216,295,295,220
20222,A,골목상권,3110623,갈산공원,1473,855,618,6,162,331,380,329,265,4,90,177,200,190,194,2,72,154,180,139,71
20222,A,골목상권,3110632,방화역 3번,3801,2575,1226,6,332,705,1119,1071,568,4,193,413,783,737,445,2,139,292,336,334,123
20222,A,골목상권,3110659,화곡역 4번,3626,1901,1725,18,457,804,957,853,537,15,183,460,522,422,299,3,274,344,435,431,238
20222,A,골목상권,3110722,G타워,19389,12310,7079,60,3607,6404,5129,2626,1563,29,1836,4264,3348,1661,1172,31,1771,2140,1781,965,391
20222,A,골목상권,3110682,온수역 8번,361,283,78,0,13,52,95,107,94,0,11,34,65,83,90,0,2,18,30,24,4
20222,A,골목상권,3110696,오류동역 1번,3475,2139,1336,33,914,1147,671,456,254,17,516,814,390,225,177,16,398,333,281,231,77
20222,A,골목상권,3110698,개웅초등학교(개웅중학교),2757,1234,1523,7,405,493,704,774,374,5,210,265,264,263,227,2,195,228,440,511,147
20222,A,골목상권,3110697,개봉3동주민센터,1101,686,415,1,168,226,252,244,210,1,77,141,156,157,154,0,91,85,96,87,56
20222,A,골목상권,3110688,오류지구대,1309,724,585,5,130,240,332,393,209,4,56,137,187,212,128,1,74,103,145,181,81
20222,A,골목상권,3110684,서울공연예술고등학교,980,521,459,4,124,208,238,273,133,2,54,118,122,154,71,2,70,90,116,119,62
20222,A,골목상권,3110728,두산초등학교,7779,4797,2982,17,403,805,1036,1484,4034,15,223,510,611,873,2565,2,180,295,425,611,1469
20222,A,골목상권,3110731,금천구청역 1번 출입구,4469,2258,2211,11,672,1215,1026,1039,506,6,276,550,486,608,332,5,396,665,540,431,174
20222,A,골목상권,3110730,서울축산농협 독산역지점(독산파출소),7158,4528,2630,15,350,639,810,1307,4037,13,197,420,491,801,2606,2,153,219,319,506,1431
20222,A,골목상권,3110752,한울중학교,2059,1251,808,13,294,388,526,539,299,10,181,248,303,289,220,3,113,140,223,250,79
20222,A,골목상권,3110753,시흥동 은행나무사거리,1767,985,782,8,199,364,416,443,337,7,105,218,220,235,200,1,94,146,196,208,137
20222,A,골목상권,3110743,시흥초등학교(시흥1동우체국),1901,835,1066,7,317,358,467,487,265,6,126,168,210,183,142,1,191,190,257,304,123
20222,A,골목상권,3110764,문래역 3번,3153,1905,1248,2,407,744,863,599,538,2,173,425,526,380,399,0,234,319,337,219,139
20222,A,골목상권,3110782,영등포시장역 4번,1839,1063,776,5,208,345,454,439,388,3,97,205,292,249,217,2,111,140,162,190,171
20222,A,골목상권,3110779,대림갑을명가아파트,800,491,309,1,87,130,177,235,170,0,44,84,105,135,123,1,43,46,72,100,47
20222,A,골목상권,3110765,문래동사거리,2020,1394,626,4,169,352,494,465,536,2,82,219,333,315,443,2,87,133,161,150,93
20222,A,골목상권,3110810,영신초등학교,2994,1643,1351,2,368,625,659,659,681,0,176,353,376,324,414,2,192,272,283,335,267
20222,A,골목상권,3110809,장훈고등학교,1484,885,599,1,203,345,302,292,341,0,102,180,180,183,240,1,101,165,122,109,101
20222,A,골목상권,3110824,대방역 3번,2129,1361,768,5,292,552,582,381,317,4,165,378,384,224,206,1,127,174,198,157,111
20222,A,골목상권,3110813,보라매역 6번,5419,3837,1582,9,1033,1296,1111,1526,444,6,590,941,791,1194,315,3,443,355,320,332,129
20222,A,골목상권,3110834,동작구자원봉사센터,2564,1472,1092,14,261,540,690,627,432,11,135,308,409,356,253,3,126,232,281,271,179
20222,A,골목상권,3110828,노량진역 6번,7261,4126,3135,15,905,2214,1977,1542,608,3,417,1160,1187,977,382,12,488,1054,790,565,226
20222,A,골목상권,3110827,NH농협은행 상도동지점,1082,439,643,2,105,183,271,274,247,1,38,79,104,103,114,1,67,104,167,171,133
20222,A,골목상권,3110852,이수역 9번,2529,1175,1354,5,473,620,696,447,288,1,132,264,309,240,229,4,341,356,387,207,59
20222,A,골목상권,3110905,방배노인종합복지관(이수중학교),5242,2054,3188,12,1165,1458,1271,885,451,1,334,540,486,427,266,11,831,918,785,458,185
20222,A,골목상권,3110851,경문고등학교(동작동성당),3368,1773,1595,14,635,1032,934,524,229,8,236,520,595,291,123,6,399,512,339,233,106
20222,A,골목상권,3110899,낙성대역 5번(관악중학교),4614,3107,1507,19,916,1345,1018,737,579,11,468,959,710,495,464,8,448,386,308,242,115
20222,A,골목상권,3110831,상도4동주민센터,1928,1233,695,2,251,423,419,532,301,2,136,263,284,407,141,0,115,160,135,125,160
20222,A,골목상권,3110873,당곡중학교,2525,1427,1098,7,341,547,627,540,463,4,156,299,352,290,326,3,185,248,275,250,137
20222,A,골목상권,3110841,중대부중,360,156,204,0,43,52,85,105,75,0,14,21,31,46,44,0,29,31,54,59,31
20222,A,골목상권,3110900,낙성대역 1번(관악구민 종합체육센터),4337,2627,1710,15,852,1276,966,653,575,7,368,802,610,388,452,8,484,474,356,265,123
20222,A,골목상권,3110892,관악구 중앙길,4005,1888,2117,12,627,825,985,859,697,7,212,389,474,444,362,5,415,436,511,415,335
20222,A,골목상권,3110866,난우중학교,1102,622,480,0,111,196,289,322,184,0,50,105,148,183,136,0,61,91,141,139,48
20222,A,골목상권,3110857,미성동주민센터,1238,578,660,17,154,236,276,322,233,13,73,114,121,124,133,4,81,122,155,198,100
20222,A,골목상권,3110875,보라매동주민센터(당곡고등학교),940,526,414,2,104,162,206,235,231,0,48,85,103,128,162,2,56,77,103,107,69
20222,A,골목상권,3110891,구암초등학교,1342,607,735,0,232,374,420,224,92,0,68,168,205,117,49,0,164,206,215,107,43
20222,A,골목상권,3110944,서울나래학교(염곡어린이공원),1156,798,358,10,148,272,221,240,265,8,109,212,164,151,154,2,39,60,57,89,111
20222,A,골목상권,3110942,염곡동 구룡사(포이동성당),13415,8394,5021,55,2287,3724,3222,2573,1554,26,1169,2292,2042,1698,1167,29,1118,1432,1180,875,387
20222,A,골목상권,3110920,방배역 2번(백석예술대학교),5016,3055,1961,91,1042,1259,931,793,900,26,459,731,622,507,710,65,583,528,309,286,190
20222,A,골목상권,3110910,내방역 5번,6436,3785,2651,20,1118,1455,1481,1224,1138,10,430,857,865,759,864,10,688,598,616,465,274
20222,A,골목상권,3110906,서문여고,11702,5247,6455,16,2248,2996,3566,2017,859,4,688,1244,1668,1074,569,12,1560,1752,1898,943,290
20222,A,골목상권,3110932,서울시인재개발원,4209,2306,1903,8,1038,1226,942,667,328,6,350,687,621,424,218,2,688,539,321,243,110
20222,A,골목상권,3110930,서초동성당,32660,17166,15494,63,6180,7719,7177,9753,1768,35,2030,3676,3572,6555,1298,28,4150,4043,3605,3198,470
20222,A,골목상권,3110931,삼성전자서울R&D(서울우면초등학교),211,106,105,0,53,63,49,28,18,0,20,37,22,17,10,0,33,26,27,11,8
20222,A,골목상권,3110938,바우뫼공원,4722,3197,1525,17,814,1339,1276,836,440,8,422,921,904,581,361,9,392,418,372,255,79
20222,A,골목상권,3110943,법제교육센터(버들어린이공원),5935,3672,2263,18,851,1433,1538,1193,902,10,470,907,945,696,644,8,381,526,593,497,258
20222,A,골목상권,3110994,개포고등학교,4345,2839,1506,57,867,1222,970,768,461,24,505,806,631,503,370,33,362,416,339,265,91
20221,A,골목상권,3110857,미성동주민센터,1238,578,660,17,154,236,276,322,233,13,73,114,121,124,133,4,81,122,155,198,100
20221,A,골목상권,3110875,보라매동주민센터(당곡고등학교),940,526,414,2,104,162,206,235,231,0,48,85,103,128,162,2,56,77,103,107,69
20221,A,골목상권,3110891,구암초등학교,1342,607,735,0,232,374,420,224,92,0,68,168,205,117,49,0,164,206,215,107,43
20221,A,골목상권,3110944,서울나래학교(염곡어린이공원),1156,798,358,10,148,272,221,240,265,8,109,212,164,151,154,2,39,60,57,89,111
20221,A,골목상권,3110942,염곡동 구룡사(포이동성당),13415,8394,5021,55,2287,3724,3222,2573,1554,26,1169,2292,2042,1698,1167,29,1118,1432,1180,875,387
20221,A,골목상권,3110920,방배역 2번(백석예술대학교),5016,3055,1961,91,1042,1259,931,793,900,26,459,731,622,507,710,65,583,528,309,286,190
20221,A,골목상권,3110910,내방역 5번,6436,3785,2651,20,1118,1455,1481,1224,1138,10,430,857,865,759,864,10,688,598,616,465,274
20221,A,골목상권,3110906,서문여고,11702,5247,6455,16,2248,2996,3566,2017,859,4,688,1244,1668,1074,569,12,1560,1752,1898,943,290
20221,A,골목상권,3110932,서울시인재개발원,4209,2306,1903,8,1038,1226,942,667,328,6,350,687,621,424,218,2,688,539,321,243,110
20221,A,골목상권,3110930,서초동성당,32660,17166,15494,63,6180,7719,7177,9753,1768,35,2030,3676,3572,6555,1298,28,4150,4043,3605,3198,470
20221,A,골목상권,3110931,삼성전자서울R&D(서울우면초등학교),211,106,105,0,53,63,49,28,18,0,20,37,22,17,10,0,33,26,27,11,8
20221,A,골목상권,3110938,바우뫼공원,4722,3197,1525,17,814,1339,1276,836,440,8,422,921,904,581,361,9,392,418,372,255,79
20221,A,골목상권,3110943,법제교육센터(버들어린이공원),5935,3672,2263,18,851,1433,1538,1193,902,10,470,907,945,696,644,8,381,526,593,497,258
20221,A,골목상권,3110994,개포고등학교,4345,2839,1506,57,867,1222,970,768,461,24,505,806,631,503,370,33,362,416,339,265,91
20221,A,골목상권,3110988,청담역 3번,14773,6151,8622,65,3286,4402,3877,2145,998,27,1018,1851,1536,1027,692,38,2268,2551,2341,1118,306
20221,A,골목상권,3111012,석촌역 6번,3563,1857,1706,6,341,717,926,795,778,4,123,380,473,406,471,2,218,337,453,389,307
20221,A,골목상권,3111043,마천공원,1725,1113,612,1,183,389,411,423,318,0,112,251,235,271,244,1,71,138,176,152,74
20221,A,골목상권,3111045,개미어린이공원,1629,952,677,8,240,270,383,466,262,2,144,178,243,239,146,6,96,92,140,227,116
20221,A,골목상권,3111047,마천1치안센터,1130,680,450,1,120,251,299,266,193,1,60,143,171,153,152,0,60,108,128,113,41
20221,A,골목상권,3111028,문현중학교(장지역 1번),2770,1677,1093,9,489,714,682,541,335,5,271,467,421,262,251,4,218,247,261,279,84
20221,A,골목상권,3111035,오금공원(오주중학교),2277,1464,813,2,256,487,582,635,315,1,148,328,395,374,218,1,108,159,187,261,97
20221,A,골목상권,3111053,성내천어린이공원(하니사랑길),13219,9342,3877,40,1620,2605,2692,3224,3038,16,990,1785,1878,2342,2331,24,630,820,814,882,707
20221,A,골목상권,3111087,고덕중학교(고덕2동주민센터),472,171,301,0,46,83,108,137,98,0,8,31,45,43,44,0,38,52,63,94,54
20221,A,골목상권,3111083,GS강동자이아파트,2192,1281,911,3,253,379,423,595,539,3,145,235,242,299,357,0,108,144,181,296,182
20221,A,골목상권,3111074,명일역 1번,1560,927,633,3,195,368,374,356,264,2,96,213,197,225,194,1,99,155,177,131,70
20221,A,골목상권,3111056,천호태영아파트,2371,1291,1080,1,166,256,372,396,1180,0,61,99,164,203,764,1,105,157,208,193,416
20221,A,골목상권,3111061,암사역 1번,3505,1543,1962,2,374,555,668,876,1030,1,150,309,306,294,483,1,224,246,362,582,547
20221,A,골목상권,3110036,동묘앞역 3번,1190,660,530,2,181,238,291,276,202,0,47,113,169,190,141,2,134,125,122,86,61
20221,A,골목상권,3110034,창신1동주민센터,1885,871,1014,8,319,394,521,412,231,7,104,157,206,228,169,1,215,237,315,184,62
20221,A,골목상권,3110028,이화달팽이길,3695,2004,1691,7,657,966,880,710,475,3,229,479,515,444,334,4,428,487,365,266,141
20221,A,골목상권,3110014,경복고등학교,1637,871,766,2,154,436,502,373,170,2,50,215,274,204,126,0,104,221,228,169,44
20221,A,골목상권,3110001,이북5도청사,3311,2335,976,10,598,774,665,978,286,6,331,504,493,810,191,4,267,270,172,168,95
20221,A,골목상권,3110286,한성대입구역 5번,4861,2170,2691,20,736,1306,1268,999,532,9,240,613,591,455,262,11,496,693,677,544,270
20221,A,골목상권,3110283,성북초등학교앞,2067,1295,772,12,288,580,641,380,166,8,150,391,427,218,101,4,138,189,214,162,65
20221,A,골목상권,3110069,숙대입구,5692,2925,2767,14,842,1738,1501,985,612,6,238,745,833,646,457,8,604,993,668,339,155
20221,A,골목상권,3110285,홍대부중,2796,1807,989,11,479,748,779,536,243,6,237,471,486,420,187,5,242,277,293,116,56
20221,A,골목상권,3110053,청구역 1번,1887,973,914,1,292,413,473,444,264,0,94,203,258,251,167,1,198,210,215,193,97
20221,A,골목상권,3110040,중구회현체육센터(정화예술대남산캠퍼스),15872,7161,8711,64,2309,4970,5377,2758,394,8,703,2069,2118,2073,190,56,1606,2901,3259,685,204
20221,A,골목상권,3110039,회현역 1번,23622,11623,11999,133,4395,7509,7184,3821,580,38,1547,3599,3487,2668,284,95,2848,3910,3697,1153,296
20221,A,골목상권,3110077,삼광초등학교,1617,1102,515,8,162,358,490,381,218,7,93,234,360,254,154,1,69,124,130,127,64
20221,A,골목상권,3110072,열정도,1822,1125,697,9,264,375,438,367,369,3,123,236,278,230,255,6,141,139,160,137,114
20221,A,골목상권,3110059,새남터성지,2836,1935,901,8,404,789,837,608,190,3,181,500,636,477,138,5,223,289,201,131,52
20221,A,골목상권,3110095,한강진역 3번,5622,3227,2395,35,1349,2001,1256,664,317,20,544,1116,858,496,193,15,805,885,398,168,124
20221,A,골목상권,3110097,한남초등학교,5721,3746,1975,12,1028,2374,1313,590,404,7,478,1484,985,454,338,5,550,890,328,136,66
20221,A,골목상권,3110106,금북초등학교,123,49,74,0,15,25,38,29,16,0,2,11,13,12,11,0,13,14,25,17,5
20221,A,골목상권,3110103,옥수터널,545,284,261,1,45,141,155,157,46,0,17,64,87,85,31,1,28,77,68,72,15
20221,A,골목상권,3110137,성수초등학교,14338,9448,4890,60,2205,3717,3817,2875,1664,46,1146,2457,2601,1900,1298,14,1059,1260,1216,975,366
20221,A,골목상권,3110138,송정체육공원,2546,1233,1313,1,395,634,646,528,342,0,147,319,328,219,220,1,248,315,318,309,122
20221,A,골목상권,3110150,중곡1동 마을마당,5687,2821,2866,84,1470,1113,1132,1310,578,30,642,611,577,542,419,54,828,502,555,768,159
20221,A,골목상권,3110175,푸른동산공원,7435,3844,3591,8,711,1236,1667,2238,1575,4,374,802,970,930,764,4,337,434,697,1308,811
20221,A,골목상권,3110177,동의초등학교,1191,614,577,1,140,224,315,322,189,0,46,118,168,160,122,1,94,106,147,162,67
20221,A,골목상권,3110146,신자초등학교,2819,2113,706,7,317,659,835,751,250,3,224,506,625,563,192,4,93,153,210,188,58
20221,A,골목상권,3110195,동대문구청,3806,1797,2009,5,412,804,896,1082,607,3,155,327,374,598,340,2,257,477,522,484,267
20221,A,골목상권,3110201,전농119안전센터,669,454,215,0,93,145,215,139,77,0,61,94,144,99,56,0,32,51,71,40,21
20221,A,골목상권,3110189,제기동역 1번,4287,2552,1735,8,675,1174,895,684,851,2,252,688,568,412,630,6,423,486,327,272,221
20221,A,골목상권,3110215,회기역 1번,2285,799,1486,3,612,739,515,282,134,1,114,254,199,124,107,2,498,485,316,158,27
20221,A,골목상권,3110224,외대앞역 2번,1271,746,525,3,119,240,371,332,206,1,48,142,229,232,94,2,71,98,142,100,112
20221,A,골목상권,3110214,경희대후문,3212,1375,1837,1,688,904,837,553,229,1,133,324,406,334,177,0,555,580,431,219,52
20221,A,골목상권,3110334,석관중앙교회,1188,720,468,0,136,249,282,330,191,0,69,127,145,232,147,0,67,122,137,98,44
20221,A,골목상권,3110232,동대부고,2450,1295,1155,3,270,438,601,702,436,1,110,219,302,355,308,2,160,219,299,347,128
20221,A,골목상권,3110190,고대앞사거리,2811,1514,1297,5,408,813,812,528,245,2,171,410,436,326,169,3,237,403,376,202,76
20221,A,골목상권,3110196,홍릉근린공원,813,501,312,1,63,163,273,228,85,1,32,79,174,139,76,0,31,84,99,89,9
20221,A,골목상권,3110312,안암역 2번,1646,844,802,1,199,449,557,333,107,0,70,193,307,200,74,1,129,256,250,133,33
20221,A,골목상권,3110222,회기역 2번,2106,1033,1073,1,371,448,535,549,202,0,86,231,303,298,115,1,285,217,232,251,87
20221,A,골목상권,3110273,장스여성병원,1451,933,518,9,121,171,256,458,436,1,29,69,134,320,380,8,92,102,122,138,56
20221,A,골목상권,3110260,면목역 3번,2350,1372,978,3,344,558,668,508,269,0,147,374,336,286,229,3,197,184,332,222,40
20221,A,골목상권,3110238,배꽃어린이공원,1298,1025,273,1,203,312,289,312,181,1,146,248,219,268,143,0,57,64,70,44,38
20221,A,골목상권,3110257,상봉역 7번,1447,1068,379,2,86,174,301,412,472,1,40,93,179,332,423,1,46,81,122,80,49
20221,A,골목상권,3110239,중랑역 2번,478,213,265,1,58,81,106,116,116,0,23,34,39,50,67,1,35,47,67,66,49
20221,A,골목상권,3110294,서경대학교,1909,1071,838,1,218,284,476,532,398,0,68,128,255,335,285,1,150,156,221,197,113
20221,A,골목상권,3110316,숭곡초등학교,3255,1971,1284,7,264,440,671,666,1207,6,113,208,325,382,937,1,151,232,346,284,270
20221,A,골목상권,3110303,성신여대입구역 1번,1418,675,743,8,188,301,315,361,245,3,62,134,147,190,139,5,126,167,168,171,106
20221,A,골목상권,3110293,삼선중학교,15384,8771,6613,60,2292,3733,4993,2745,1561,27,1049,2116,3024,1840,715,33,1243,1617,1969,905,846
20221,A,골목상권,3110305,보문역 5번,6037,4718,1319,11,742,2042,1228,1245,769,5,463,1703,1006,1012,529,6,279,339,222,233,240
20221,A,골목상권,3110331,돌곶이역 8번,1135,748,387,4,137,251,271,224,248,0,50,166,174,147,211,4,87,85,97,77,37
20221,A,골목상권,3110423,석계역 2번,1311,574,737,4,152,235,386,321,213,2,65,110,173,127,97,2,87,125,213,194,116
20221,A,골목상권,3110319,종암동주민센터,1893,933,960,3,270,388,460,529,243,1,103,217,229,277,106,2,167,171,231,252,137
20221,A,골목상권,3110322,장위1동주민센터,871,527,344,2,161,181,190,183,154,1,77,118,116,111,104,1,84,63,74,72,50
20221,A,골목상권,3110361,삼양사거리역 1번,993,499,494,2,47,112,177,256,399,1,14,50,90,149,195,1,33,62,87,107,204
20221,A,골목상권,3110364,미아역 8번,1531,881,650,2,169,302,433,416,209,1,79,160,252,251,138,1,90,142,181,165,71
20221,A,골목상권,3110360,수유초등학교,2034,877,1157,5,275,331,439,521,463,1,65,139,157,219,296,4,210,192,282,302,167
20221,A,골목상권,3110381,번동주공2단지,791,418,373,5,81,172,201,218,114,4,26,69,100,134,85,1,55,103,101,84,29
20221,A,골목상권,3110363,송천동주민센터,409,210,199,2,30,68,123,98,88,1,8,30,50,50,71,1,22,38,73,48,17
20221,A,골목상권,3110371,삼양입구사거리,930,529,401,1,86,197,218,253,175,1,33,94,108,159,134,0,53,103,110,94,41
20221,A,골목상권,3110374,송중초등학교,1719,817,902,7,155,286,471,442,358,6,44,101,191,221,254,1,111,185,280,221,104
20221,A,골목상권,3110357,가오리역 1번,2168,1460,708,1,94,117,339,588,1029,0,22,54,236,446,702,1,72,63,103,142,327
20221,A,골목상권,3110340,인수중학교,1210,779,431,6,158,254,272,328,192,6,80,172,168,192,161,0,78,82,104,136,31
20221,A,골목상권,3110341,북한산우이역 2번,566,439,127,0,22,43,96,273,132,0,5,15,59,245,115,0,17,28,37,28,17
20221,A,골목상권,3110390,방학초등학교,1597,753,844,3,167,399,387,400,241,2,55,196,185,170,145,1,112,203,202,230,96
20221,A,골목상권,3110408,가인초등학교,5003,3437,1566,5,529,1188,1209,961,1111,3,315,894,903,569,753,2,214,294,306,392,358
20221,A,골목상권,3110433,공릉역 2번,3355,1631,1724,8,286,413,725,1012,911,3,111,214,339,463,501,5,175,199,386,549,410
20221,A,골목상권,3110462,갈현건영아파트,1644,949,695,7,239,380,374,357,287,5,127,224,218,183,192,2,112,156,156,174,95
20221,A,골목상권,3110468,응암역 3번,3641,1667,1974,6,385,681,1020,975,574,1,133,299,452,447,335,5,252,382,568,528,239
20221,A,골목상권,3110478,응암1동주민센터,2441,1361,1080,5,214,382,537,597,706,3,104,189,272,292,501,2,110,193,265,305,205
20221,A,골목상권,3110481,불광역 7번,1180,586,594,2,144,250,312,287,185,2,57,126,153,135,113,0,87,124,159,152,72
20221,A,골목상권,3110443,수색역 1번,216,134,82,0,17,25,57,64,53,0,8,14,33,40,39,0,9,11,24,24,14
20221,A,골목상권,3110463,응암3동주민센터,974,399,575,1,102,172,257,281,161,0,35,51,90,125,98,1,67,121,167,156,63
20221,A,골목상권,3110459,응암역 2번,3086,1443,1643,3,303,575,877,817,511,0,113,267,388,352,323,3,190,308,489,465,188
20221,A,골목상권,3110495,북가좌2동주민센터,3425,1703,1722,7,515,851,808,729,515,3,154,458,454,363,271,4,361,393,354,366,244
20221,A,골목상권,3110507,명지대학교,3062,2160,902,30,511,879,694,667,281,27,328,632,494,452,227,3,183,247,200,215,54
20221,A,골목상권,3110584,아현역 4번,1154,595,559,2,327,402,209,121,93,1,129,232,107,64,62,1,198,170,102,57,31
20221,A,골목상권,3110528,서울여자간호대학교,7567,1522,6045,6,217,511,2006,3643,1184,1,75,158,342,456,490,5,142,353,1664,3187,694
20221,A,골목상권,3110556,절두산순교성지,1036,634,402,3,129,274,296,242,92,3,52,152,183,174,70,0,77,122,113,68,22
20221,A,골목상권,3110580,양원초등학교,498,212,286,1,65,95,130,125,82,0,16,34,56,63,43,1,49,61,74,62,39
20221,A,골목상권,3110545,마포구청역 1번,2002,1003,999,13,262,386,532,510,299,6,101,203,265,254,174,7,161,183,267,256,125
20221,A,골목상권,3110568,광흥창역 1번,1865,940,925,2,319,532,473,379,160,0,93,278,268,220,81,2,226,254,205,159,79
20221,A,골목상권,3110622,달마을공원,3703,2251,1452,3,469,828,1090,957,356,2,224,483,702,584,256,1,245,345,388,373,100
20221,A,골목상권,3110675,화곡4동주민센터,2797,1278,1519,5,643,758,578,544,269,4,133,328,273,318,222,1,510,430,305,226,47
20221,A,골목상권,3110672,백석중학교,3412,1929,1483,2,392,661,820,891,646,1,172,329,509,533,385,1,220,332,311,358,261
20221,A,골목상권,3110601,신월1동우편취급국,2705,1819,886,9,277,464,638,855,462,4,152,304,424,572,363,5,125,160,214,283,99
20221,A,골목상권,3110609,신정네거리역 2번,3128,2387,741,7,203,302,527,602,1487,2,96,167,286,425,1411,5,107,135,241,177,76
20221,A,골목상권,3110598,신월문화체육센터,3588,2130,1458,4,271,421,690,983,1219,3,154,260,389,589,735,1,117,161,301,394,484
20221,A,골목상권,3110655,발산역 5번,4161,1917,2244,5,419,692,805,852,1388,3,173,359,411,358,613,2,246,333,394,494,775
20221,A,골목상권,3110652,양천향교역 2번,5355,3360,1995,14,588,1103,1158,1394,1098,8,298,697,700,851,806,6,290,406,458,543,292
20221,A,골목상권,3110630,공항시장역 1번,3398,1986,1412,9,371,571,654,788,1005,3,149,321,407,512,594,6,222,250,247,276,411
20221,A,골목상권,3110660,등촌3동주민센터,10361,5421,4940,46,1465,2249,2361,2354,1886,16,655,1444,1390,1025,891,30,810,805,971,1329,995
20221,A,골목상권,3110645,우장산역 4번,6211,3689,2522,11,755,1459,1633,1576,777,7,408,941,907,852,574,4,347,518,726,724,203
20221,A,골목상권,3110640,방화역 1번,4330,2746,1584,7,432,979,1112,1131,669,5,222,521,675,783,540,2,210,458,437,348,129
20221,A,골목상권,3110695,개봉1동주민센터,2132,1220,912,8,180,491,579,523,351,7,99,290,309,285,230,1,81,201,270,238,121
20221,A,골목상권,3110692,큰굴다리,3257,2221,1036,5,464,656,827,912,393,4,364,453,539,571,290,1,100,203,288,341,103
20221,A,골목상권,3110714,구로4동주민센터,3993,2731,1262,7,467,935,917,1103,564,4,223,587,636,850,431,3,244,348,281,253,133
20221,A,골목상권,3110715,구로구민회관,4993,2481,2512,4,601,1291,1353,1189,555,2,225,636,658,644,316,2,376,655,695,545,239
20221,A,골목상권,3110708,화원어린이공원,1274,488,786,6,311,266,296,208,187,1,66,71,108,97,145,5,245,195,188,111,42
20221,A,골목상권,3110713,구로보건소,7675,4823,2852,13,1134,1919,2115,1590,904,6,626,1277,1358,961,595,7,508,642,757,629,309
20221,A,골목상권,3110718,한국SGI본부,6477,4079,2398,33,1087,1712,1798,1241,606,26,598,1087,1157,798,413,7,489,625,641,443,193
20221,A,골목상권,3110707,구로창업지원센터,5470,4040,1430,11,555,1651,1506,1116,631,9,302,1244,1178,827,480,2,253,407,328,289,151
20221,A,골목상권,3110727,독산역 1번 출입구,3120,2126,994,18,378,675,804,825,420,18,221,481,534,577,295,0,157,194,270,248,125
20221,A,골목상권,3110726,금천철쭉어린이공원(금하마을),1222,795,427,13,185,229,245,307,243,11,116,157,160,167,184,2,69,72,85,140,59
20221,A,골목상권,3110738,문성초등학교,2470,1462,1008,12,359,479,571,602,447,3,208,314,345,327,265,9,151,165,226,275,182
20221,A,골목상권,3110744,독산동성당,2100,1247,853,1,190,325,415,592,577,0,116,185,232,327,387,1,74,140,183,265,190
20221,A,골목상권,3110754,삼성산자연공원(서울금천초등학교),1854,1031,823,19,228,370,484,441,312,12,101,240,284,208,186,7,127,130,200,233,126
20221,A,골목상권,3110734,금천파출소,1807,760,1047,8,475,533,360,289,142,3,200,263,141,92,61,5,275,270,219,197,81
20221,A,골목상권,3110747,석수역 1번 출입구,1082,802,280,4,73,141,239,286,339,4,48,101,156,202,291,0,25,40,83,84,48
20221,A,골목상권,3110819,신대방역 4번,5159,3199,1960,20,841,1350,1310,962,676,14,426,897,852,558,452,6,415,453,458,404,224
20221,A,골목상권,3110781,대림한신아파트,2145,1183,962,3,313,387,472,543,427,0,106,213,256,304,304,3,207,174,216,239,123
20221,A,골목상권,3110776,도신초등학교,4342,3047,1295,14,543,1061,1275,922,527,5,283,767,959,627,406,9,260,294,316,295,121
20221,A,골목상권,3110798,신풍역 2번,1786,1078,708,7,160,456,560,380,223,6,95,279,287,241,170,1,65,177,273,139,53
20221,A,골목상권,3110792,영등포역 2번,4524,2496,2028,35,680,1023,1028,1131,627,16,283,485,583,698,431,19,397,538,445,433,196
20221,A,골목상권,3110756,문래중학교,1572,1015,557,2,185,356,383,362,284,0,97,271,248,213,186,2,88,85,135,149,98
20221,A,골목상권,3110801,신풍역 6번(신길6동공영주차장),245,84,161,1,32,37,52,64,59,0,1,12,15,24,32,1,31,25,37,40,27
20221,A,골목상권,3110812,신길6동주민센터,2401,1555,846,4,382,558,565,498,394,3,189,346,367,345,305,1,193,212,198,153,89
20221,A,골목상권,3110811,보라매역 4번,1485,937,548,4,212,413,375,284,197,3,100,268,233,183,150,1,112,145,142,101,47
20221,A,골목상권,3110820,성남고등학교,4803,3512,1291,4,807,999,907,1587,499,3,498,725,655,1252,379,1,309,274,252,335,120
20221,A,골목상권,3110800,영등포동성당,4742,2638,2104,14,1219,1149,1000,824,536,6,385,590,637,579,441,8,834,559,363,245,95
20221,A,골목상권,3110806,서울시립영등포장애인복지관,2220,1555,665,16,339,498,524,501,342,8,181,328,388,376,274,8,158,170,136,125,68
20221,A,골목상권,3110839,숭실대입구역 4번,3303,2046,1257,2,371,954,1107,622,247,1,177,536,682,434,216,1,194,418,425,188,31
20221,A,골목상권,3110833,상도역 2번,1336,685,651,6,207,356,332,277,158,2,88,215,184,115,81,4,119,141,148,162,77
20221,A,골목상권,3110876,서원동주민센터(신관중학교),1010,458,552,0,95,206,235,294,180,0,31,95,124,113,95,0,64,111,111,181,85
20221,A,골목상권,3110889,봉천역 6번,1263,796,467,1,114,181,251,361,355,0,57,94,152,270,223,1,57,87,99,91,132
20221,A,골목상권,3110901,인헌고등학교(인헌중학교),1830,934,896,7,276,482,543,370,152,4,127,251,267,170,115,3,149,231,276,200,37
20221,A,골목상권,3110919,내방역 8번,17656,12077,5579,47,2980,5187,5004,3205,1233,19,1390,3288,3826,2627,927,28,1590,1899,1178,578,306
20221,A,골목상권,3110908,구반포역,8972,4814,4158,21,1548,2263,2440,2159,541,21,607,1187,1452,1153,394,0,941,1076,988,1006,147
20221,A,골목상권,3110916,내방역 4번,9127,6122,3005,73,1885,2725,2144,1385,915,60,1124,1946,1492,851,649,13,761,779,652,534,266
20221,A,골목상권,3110914,내방역 6번,6099,3888,2211,13,1069,1570,1366,1162,919,9,527,958,903,780,711,4,542,612,463,382,208
20221,A,골목상권,3110981,국악고교사거리,4814,3009,1805,11,674,1061,1231,1002,835,3,342,675,767,584,638,8,332,386,464,418,197
20221,A,골목상권,3110952,논현목련공원,6619,4360,2259,19,1063,1760,1774,1271,732,13,616,1186,1215,839,491,6,447,574,559,432,241
20221,A,골목상권,3110953,학동근린공원,21063,12969,8094,82,5828,6708,4428,2577,1440,26,2619,4180,3209,1850,1085,56,3209,2528,1219,727,355
20221,A,골목상권,3110968,강남구청역 2번,13705,8449,5256,49,2620,3694,3410,2525,1407,16,1163,2112,2388,1751,1019,33,1457,1582,1022,774,388
20221,A,골목상권,3110966,논현2동주민센터,18787,11747,7040,55,3807,5812,4775,2774,1564,16,1620,3352,3408,2154,1197,39,2187,2460,1367,620,367
20221,A,골목상권,3110973,강남구청역 4번,10030,5790,4240,39,1911,2711,2341,1849,1179,16,845,1639,1467,1073,750,23,1066,1072,874,776,429
20221,A,골목상권,3110996,대치2동주민센터,35867,16914,18953,262,6657,8765,8045,7435,4703,105,3082,5222,4330,2505,1670,157,3575,3543,3715,4930,3033
20221,A,골목상권,3110982,강남구보훈회관,4003,2221,1782,8,984,1036,920,571,484,5,350,614,590,298,364,3,634,422,330,273,120
20221,A,골목상권,3111002,한국교통안전공단 강남자동차검사소,409,194,215,0,27,74,87,129,92,0,8,39,41,58,48,0,19,35,46,71,44
20221,A,골목상권,3110987,영동대교남단,6140,4147,1993,37,1147,1773,1594,1067,522,17,553,1233,1221,750,373,20,594,540,373,317,149
20221,A,골목상권,3111022,석촌중학교(방이육교),7523,4484,3039,23,1128,1955,1970,1642,805,9,549,1248,1293,845,540,14,579,707,677,797,265
20221,A,골목상권,3111041,거여역 8번,2127,1468,659,8,544,521,474,308,272,6,288,381,370,220,203,2,256,140,104,88,69
20221,A,골목상권,3111031,장지동주민센터(한림연예예술고교),34991,27580,7411,16,3048,6307,10062,13354,2204,7,1885,4657,7895,11621,1515,9,1163,1650,2167,1733,689
20221,A,골목상권,3111014,송파나루역 2번,9836,5551,4285,11,1370,2414,2283,2319,1439,5,597,1499,1467,1202,781,6,773,915,816,1117,658
20221,A,골목상권,3111073,둔촌동역 1번(한산중학교),3288,1796,1492,11,429,739,851,706,552,8,165,384,502,371,366,3,264,355,349,335,186
20221,A,골목상권,3110004,대신고등학교,402,232,170,6,56,96,96,104,44,5,32,54,54,53,34,1,24,42,42,51,10
20221,A,골목상권,3111072,굽은다리역 1번(십자성마을),2946,1789,1157,8,298,573,759,699,609,3,146,346,440,433,421,5,152,227,319,266,188
20221,A,골목상권,3111084,길동신동아아파트,1097,568,529,2,102,184,201,327,281,2,56,104,100,149,157,0,46,80,101,178,124
20221,A,골목상권,3110017,정독도서관,4793,3571,1222,1,747,1261,1255,1054,475,1,404,870,1019,890,387,0,343,391,236,164,88
20221,A,골목상권,3110002,독립문역 1번,616,177,439,7,166,170,151,84,38,6,34,34,51,28,24,1,132,136,100,56,14
20221,A,골목상권,3110031,창신역 1번,499,243,256,2,65,123,115,127,67,0,17,56,56,68,46,2,48,67,59,59,21
20221,A,골목상권,3110181,신설동역 9번,11325,6319,5006,32,1034,2438,3253,2841,1727,17,532,1500,1747,1415,1108,15,502,938,1506,1426,619
20221,A,골목상권,3110025,충신시장옆,2953,1750,1203,6,522,768,705,591,361,1,198,408,447,419,277,5,324,360,258,172,84
20221,A,골목상권,3110291,한성대입구역 3번,2792,1638,1154,3,210,450,857,801,471,1,83,257,522,485,290,2,127,193,335,316,181
20221,A,골목상권,3110026,종로5가역 4번,1316,680,636,4,165,282,370,283,212,1,63,132,176,155,153,3,102,150,194,128,59
20221,A,골목상권,3110016,평창동동측,12725,5785,6940,17,1035,3438,5042,2657,536,8,355,1373,2545,1209,295,9,680,2065,2497,1448,241
20221,A,골목상권,3110020,서울국제고등학교,2158,1200,958,4,389,630,516,385,234,3,162,347,310,219,159,1,227,283,206,166,75
20221,A,골목상권,3110048,장충동주민센터,10743,5949,4794,32,1907,2975,2905,2265,659,5,684,1762,1731,1314,453,27,1223,1213,1174,951,206
20221,A,골목상권,3110046,버티고개,2463,1750,713,3,241,901,673,506,139,0,143,678,502,330,97,3,98,223,171,176,42
20221,A,골목상권,3110047,다산성곽길,5084,2935,2149,11,1086,1445,1154,887,501,3,410,865,765,531,361,8,676,580,389,356,140
20221,A,골목상권,3110539,미근동,12732,7479,5253,42,2010,4180,3436,2242,822,19,832,2371,2093,1519,645,23,1178,1809,1343,723,177
20221,A,골목상권,3110110,상왕십리역 6번,2405,1457,948,12,383,537,534,531,408,3,127,319,375,375,258,9,256,218,159,156,150
20221,A,골목상권,3110066,서울역 15번,4167,2123,2044,9,838,1274,877,641,528,4,288,582,482,374,393,5,550,692,395,267,135
20221,A,골목상권,3110591,충정로역 6번,3780,2155,1625,0,729,1051,1004,652,344,0,358,619,586,387,205,0,371,432,418,265,139
20221,A,골목상권,3110086,이태원역 북측,13166,6107,7059,36,4072,5077,2603,1007,371,14,1114,2293,1610,799,277,22,2958,2784,993,208,94
20221,A,골목상권,3110085,경리단길남측,12274,5390,6884,26,3823,4925,2402,861,237,12,993,2133,1397,675,180,14,2830,2792,1005,186,57
20221,A,골목상권,3110105,금동어린이공원,2664,1110,1554,16,327,830,1025,337,129,1,110,292,450,175,82,15,217,538,575,162,47
20221,A,골목상권,3110116,청계천박물관,6537,4739,1798,43,541,1177,1527,2151,1098,31,326,844,1178,1561,799,12,215,333,349,590,299
20221,A,골목상권,3110128,성원중학교,3542,2310,1232,18,454,892,940,801,437,8,266,660,634,494,248,10,188,232,306,307,189
20221,A,골목상권,3110120,서울숲카페거리,835,506,329,0,85,162,225,202,161,0,41,83,109,130,143,0,44,79,116,72,18
20221,A,골목상권,3110124,뚝섬역교차로,2595,1874,721,12,366,472,586,575,584,10,183,303,387,461,530,2,183,169,199,114,54
20221,A,골목상권,3110129,성원어린이공원,3599,2300,1299,18,579,846,820,729,607,14,311,541,561,470,403,4,268,305,259,259,204
20221,A,골목상권,3110132,성수2가3동주민센터,3491,2130,1361,9,415,835,861,811,560,8,209,510,554,495,354,1,206,325,307,316,206
20221,A,골목상권,3110223,군자초등학교,3357,2271,1086,35,621,967,788,549,397,8,327,680,552,382,322,27,294,287,236,167,75
20221,A,골목상권,3110111,대현산장미원,74,52,22,0,7,13,12,21,21,0,6,5,6,16,19,0,1,8,6,5,2
20221,A,골목상권,3110166,구의1동주민센터,13530,10491,3039,13,880,2121,3757,5357,1402,11,448,1352,2902,4600,1178,2,432,769,855,757,224
20221,A,골목상권,3110160,광진경찰서,1622,1121,501,1,270,514,389,345,103,1,174,364,263,239,80,0,96,150,126,106,23
20221,A,골목상권,3110164,아차산역 5번,2452,1482,970,7,311,484,595,582,473,2,153,274,370,328,355,5,158,210,225,254,118
20221,A,골목상권,3110145,장안초등학교,626,318,308,0,48,90,132,215,141,0,20,45,59,100,94,0,28,45,73,115,47
20221,A,골목상권,3110158,중곡3동주민센터,1689,1085,604,3,201,401,431,405,248,0,113,280,259,259,174,3,88,121,172,146,74
20221,A,골목상권,3110253,중곡초등학교,1551,1093,458,2,104,216,386,589,254,1,47,124,250,474,197,1,57,92,136,115,57
20221,A,골목상권,3110227,답십리공원,3666,2141,1525,43,1527,620,564,543,369,25,873,404,327,274,238,18,654,216,237,269,131
20221,A,골목상권,3110192,동의보감타워,1689,798,891,2,156,273,358,433,467,0,54,114,189,200,241,2,102,159,169,233,226
20221,A,골목상권,3110182,용두희망어린이공원,6164,2634,3530,4,747,1233,1297,1729,1154,0,240,665,668,567,494,4,507,568,629,1162,660
20221,A,골목상권,3110208,시조사삼거리,1810,1056,754,3,255,573,311,351,317,2,120,403,184,193,154,1,135,170,127,158,163
20221,A,골목상권,3110191,고려대역 6번,817,524,293,1,45,155,267,206,143,1,24,76,163,146,114,0,21,79,104,60,29
20221,A,골목상권,3110193,고려대역 4번,827,531,296,1,49,167,287,216,107,1,25,93,176,149,87,0,24,74,111,67,20
20221,A,골목상권,3110274,서일대학교,1874,1209,665,2,153,270,455,529,465,1,54,150,285,380,339,1,99,120,170,149,126
20221,A,골목상권,3110270,혜원여고,1057,631,426,0,86,153,246,300,272,0,32,87,130,187,195,0,54,66,116,113,77
20221,A,골목상권,3110277,러스크서울병원,1417,798,619,5,161,220,285,429,317,1,56,69,143,266,263,4,105,151,142,163,54
20221,A,골목상권,3110249,중화역 1번,2900,1839,1061,1,380,672,715,696,436,1,208,379,410,482,359,0,172,293,305,214,77
20221,A,골목상권,3110250,화랑대역 7번,1016,501,515,5,84,215,300,277,135,1,28,102,135,142,93,4,56,113,165,135,42
20221,A,골목상권,3110235,세화어린이공원,352,192,160,6,86,56,94,66,44,5,50,30,41,35,31,1,36,26,53,31,13
20221,A,골목상권,3110306,미아초등학교,5040,2548,2492,418,2027,1281,681,387,246,176,903,701,375,192,201,242,1124,580,306,195,45
20221,A,골목상권,3110304,보문역 4번,3586,1900,1686,4,465,1014,939,889,275,3,200,485,478,545,189,1,265,529,461,344,86
20221,A,골목상권,3110336,석관고등학교,933,606,327,1,108,181,209,262,172,0,57,97,124,192,136,1,51,84,85,70,36
20221,A,골목상권,3110327,상월곡역 2번,1727,1049,678,4,291,422,476,347,187,1,146,269,289,200,144,3,145,153,187,147,43
20221,A,골목상권,3110330,돌곶이역 1번,785,481,304,1,83,124,161,170,246,0,26,63,88,101,203,1,57,61,73,69,43
20221,A,골목상권,3110335,석계역 7번,2390,1663,727,2,154,218,357,467,1192,0,68,110,204,330,951,2,86,108,153,137,241
20221,A,골목상권,3110332,돌곶이역 3번,2136,1489,647,1,156,186,243,364,1186,0,59,94,136,223,977,1,97,92,107,141,209
20221,A,골목상권,3110389,한일병원,2913,1480,1433,1,556,681,702,645,328,1,161,333,390,368,227,0,395,348,312,277,101
20221,A,골목상권,3110347,구세군강북종합사회복지관,229,109,120,0,29,43,60,41,56,0,5,15,30,21,38,0,24,28,30,20,18
20221,A,골목상권,3110344,화계중학교,765,403,362,0,70,135,208,278,74,0,39,56,106,139,63,0,31,79,102,139,11
20222,A,골목상권,3110988,청담역 3번,14773,6151,8622,65,3286,4402,3877,2145,998,27,1018,1851,1536,1027,692,38,2268,2551,2341,1118,306
20222,A,골목상권,3111012,석촌역 6번,3563,1857,1706,6,341,717,926,795,778,4,123,380,473,406,471,2,218,337,453,389,307
20222,A,골목상권,3111043,마천공원,1725,1113,612,1,183,389,411,423,318,0,112,251,235,271,244,1,71,138,176,152,74
20222,A,골목상권,3111045,개미어린이공원,1629,952,677,8,240,270,383,466,262,2,144,178,243,239,146,6,96,92,140,227,116
20222,A,골목상권,3111047,마천1치안센터,1130,680,450,1,120,251,299,266,193,1,60,143,171,153,152,0,60,108,128,113,41
20222,A,골목상권,3111028,문현중학교(장지역 1번),2770,1677,1093,9,489,714,682,541,335,5,271,467,421,262,251,4,218,247,261,279,84
20222,A,골목상권,3111035,오금공원(오주중학교),2277,1464,813,2,256,487,582,635,315,1,148,328,395,374,218,1,108,159,187,261,97
20222,A,골목상권,3111053,성내천어린이공원(하니사랑길),13219,9342,3877,40,1620,2605,2692,3224,3038,16,990,1785,1878,2342,2331,24,630,820,814,882,707
20222,A,골목상권,3111087,고덕중학교(고덕2동주민센터),472,171,301,0,46,83,108,137,98,0,8,31,45,43,44,0,38,52,63,94,54
20222,A,골목상권,3111083,GS강동자이아파트,2192,1281,911,3,253,379,423,595,539,3,145,235,242,299,357,0,108,144,181,296,182
20222,A,골목상권,3111074,명일역 1번,1560,927,633,3,195,368,374,356,264,2,96,213,197,225,194,1,99,155,177,131,70
20222,A,골목상권,3111056,천호태영아파트,2371,1291,1080,1,166,256,372,396,1180,0,61,99,164,203,764,1,105,157,208,193,416
20222,A,골목상권,3111061,암사역 1번,3505,1543,1962,2,374,555,668,876,1030,1,150,309,306,294,483,1,224,246,362,582,547
20222,A,골목상권,3110036,동묘앞역 3번,1190,660,530,2,181,238,291,276,202,0,47,113,169,190,141,2,134,125,122,86,61
20222,A,골목상권,3110034,창신1동주민센터,1885,871,1014,8,319,394,521,412,231,7,104,157,206,228,169,1,215,237,315,184,62
20222,A,골목상권,3110028,이화달팽이길,3695,2004,1691,7,657,966,880,710,475,3,229,479,515,444,334,4,428,487,365,266,141
20222,A,골목상권,3110014,경복고등학교,1637,871,766,2,154,436,502,373,170,2,50,215,274,204,126,0,104,221,228,169,44
20222,A,골목상권,3110001,이북5도청사,3311,2335,976,10,598,774,665,978,286,6,331,504,493,810,191,4,267,270,172,168,95
20222,A,골목상권,3110286,한성대입구역 5번,4861,2170,2691,20,736,1306,1268,999,532,9,240,613,591,455,262,11,496,693,677,544,270
20222,A,골목상권,3110283,성북초등학교앞,2067,1295,772,12,288,580,641,380,166,8,150,391,427,218,101,4,138,189,214,162,65
20222,A,골목상권,3110069,숙대입구,5692,2925,2767,14,842,1738,1501,985,612,6,238,745,833,646,457,8,604,993,668,339,155
20222,A,골목상권,3110285,홍대부중,2796,1807,989,11,479,748,779,536,243,6,237,471,486,420,187,5,242,277,293,116,56
20222,A,골목상권,3110053,청구역 1번,1887,973,914,1,292,413,473,444,264,0,94,203,258,251,167,1,198,210,215,193,97
20222,A,골목상권,3110040,중구회현체육센터(정화예술대남산캠퍼스),15872,7161,8711,64,2309,4970,5377,2758,394,8,703,2069,2118,2073,190,56,1606,2901,3259,685,204
20222,A,골목상권,3110039,회현역 1번,23622,11623,11999,133,4395,7509,7184,3821,580,38,1547,3599,3487,2668,284,95,2848,3910,3697,1153,296
20222,A,골목상권,3110077,삼광초등학교,1617,1102,515,8,162,358,490,381,218,7,93,234,360,254,154,1,69,124,130,127,64
20222,A,골목상권,3110072,열정도,1822,1125,697,9,264,375,438,367,369,3,123,236,278,230,255,6,141,139,160,137,114
20222,A,골목상권,3110059,새남터성지,2836,1935,901,8,404,789,837,608,190,3,181,500,636,477,138,5,223,289,201,131,52
20222,A,골목상권,3110095,한강진역 3번,5622,3227,2395,35,1349,2001,1256,664,317,20,544,1116,858,496,193,15,805,885,398,168,124
20222,A,골목상권,3110097,한남초등학교,5721,3746,1975,12,1028,2374,1313,590,404,7,478,1484,985,454,338,5,550,890,328,136,66
20222,A,골목상권,3110106,금북초등학교,123,49,74,0,15,25,38,29,16,0,2,11,13,12,11,0,13,14,25,17,5
20222,A,골목상권,3110103,옥수터널,545,284,261,1,45,141,155,157,46,0,17,64,87,85,31,1,28,77,68,72,15
20222,A,골목상권,3110137,성수초등학교,14338,9448,4890,60,2205,3717,3817,2875,1664,46,1146,2457,2601,1900,1298,14,1059,1260,1216,975,366
20222,A,골목상권,3110138,송정체육공원,2546,1233,1313,1,395,634,646,528,342,0,147,319,328,219,220,1,248,315,318,309,122
20222,A,골목상권,3110150,중곡1동 마을마당,5687,2821,2866,84,1470,1113,1132,1310,578,30,642,611,577,542,419,54,828,502,555,768,159
20222,A,골목상권,3110175,푸른동산공원,7435,3844,3591,8,711,1236,1667,2238,1575,4,374,802,970,930,764,4,337,434,697,1308,811
20222,A,골목상권,3110177,동의초등학교,1191,614,577,1,140,224,315,322,189,0,46,118,168,160,122,1,94,106,147,162,67
20222,A,골목상권,3110146,신자초등학교,2819,2113,706,7,317,659,835,751,250,3,224,506,625,563,192,4,93,153,210,188,58
20222,A,골목상권,3110195,동대문구청,3806,1797,2009,5,412,804,896,1082,607,3,155,327,374,598,340,2,257,477,522,484,267
20222,A,골목상권,3110201,전농119안전센터,669,454,215,0,93,145,215,139,77,0,61,94,144,99,56,0,32,51,71,40,21
20222,A,골목상권,3110189,제기동역 1번,4287,2552,1735,8,675,1174,895,684,851,2,252,688,568,412,630,6,423,486,327,272,221
20222,A,골목상권,3110215,회기역 1번,2285,799,1486,3,612,739,515,282,134,1,114,254,199,124,107,2,498,485,316,158,27
20222,A,골목상권,3110224,외대앞역 2번,1271,746,525,3,119,240,371,332,206,1,48,142,229,232,94,2,71,98,142,100,112
20222,A,골목상권,3110214,경희대후문,3212,1375,1837,1,688,904,837,553,229,1,133,324,406,334,177,0,555,580,431,219,52
20222,A,골목상권,3110334,석관중앙교회,1188,720,468,0,136,249,282,330,191,0,69,127,145,232,147,0,67,122,137,98,44
20222,A,골목상권,3110232,동대부고,2450,1295,1155,3,270,438,601,702,436,1,110,219,302,355,308,2,160,219,299,347,128
20222,A,골목상권,3110190,고대앞사거리,2811,1514,1297,5,408,813,812,528,245,2,171,410,436,326,169,3,237,403,376,202,76
20222,A,골목상권,3110196,홍릉근린공원,813,501,312,1,63,163,273,228,85,1,32,79,174,139,76,0,31,84,99,89,9
20222,A,골목상권,3110312,안암역 2번,1646,844,802,1,199,449,557,333,107,0,70,193,307,200,74,1,129,256,250,133,33
20222,A,골목상권,3110222,회기역 2번,2106,1033,1073,1,371,448,535,549,202,0,86,231,303,298,115,1,285,217,232,251,87
20222,A,골목상권,3110273,장스여성병원,1451,933,518,9,121,171,256,458,436,1,29,69,134,320,380,8,92,102,122,138,56
20222,A,골목상권,3110260,면목역 3번,2350,1372,978,3,344,558,668,508,269,0,147,374,336,286,229,3,197,184,332,222,40
20222,A,골목상권,3110238,배꽃어린이공원,1298,1025,273,1,203,312,289,312,181,1,146,248,219,268,143,0,57,64,70,44,38
20222,A,골목상권,3110257,상봉역 7번,1447,1068,379,2,86,174,301,412,472,1,40,93,179,332,423,1,46,81,122,80,49
20222,A,골목상권,3110239,중랑역 2번,478,213,265,1,58,81,106,116,116,0,23,34,39,50,67,1,35,47,67,66,49
20222,A,골목상권,3110294,서경대학교,1909,1071,838,1,218,284,476,532,398,0,68,128,255,335,285,1,150,156,221,197,113
20222,A,골목상권,3110316,숭곡초등학교,3255,1971,1284,7,264,440,671,666,1207,6,113,208,325,382,937,1,151,232,346,284,270
20222,A,골목상권,3110303,성신여대입구역 1번,1418,675,743,8,188,301,315,361,245,3,62,134,147,190,139,5,126,167,168,171,106
20222,A,골목상권,3110293,삼선중학교,15384,8771,6613,60,2292,3733,4993,2745,1561,27,1049,2116,3024,1840,715,33,1243,1617,1969,905,846
20222,A,골목상권,3110305,보문역 5번,6037,4718,1319,11,742,2042,1228,1245,769,5,463,1703,1006,1012,529,6,279,339,222,233,240
20222,A,골목상권,3110331,돌곶이역 8번,1135,748,387,4,137,251,271,224,248,0,50,166,174,147,211,4,87,85,97,77,37
20222,A,골목상권,3110423,석계역 2번,1311,574,737,4,152,235,386,321,213,2,65,110,173,127,97,2,87,125,213,194,116
20222,A,골목상권,3110319,종암동주민센터,1893,933,960,3,270,388,460,529,243,1,103,217,229,277,106,2,167,171,231,252,137
20222,A,골목상권,3110322,장위1동주민센터,871,527,344,2,161,181,190,183,154,1,77,118,116,111,104,1,84,63,74,72,50
20222,A,골목상권,3110361,삼양사거리역 1번,993,499,494,2,47,112,177,256,399,1,14,50,90,149,195,1,33,62,87,107,204
20222,A,골목상권,3110364,미아역 8번,1531,881,650,2,169,302,433,416,209,1,79,160,252,251,138,1,90,142,181,165,71
20222,A,골목상권,3110360,수유초등학교,2034,877,1157,5,275,331,439,521,463,1,65,139,157,219,296,4,210,192,282,302,167
20222,A,골목상권,3110381,번동주공2단지,791,418,373,5,81,172,201,218,114,4,26,69,100,134,85,1,55,103,101,84,29
20222,A,골목상권,3110363,송천동주민센터,409,210,199,2,30,68,123,98,88,1,8,30,50,50,71,1,22,38,73,48,17
20222,A,골목상권,3110371,삼양입구사거리,930,529,401,1,86,197,218,253,175,1,33,94,108,159,134,0,53,103,110,94,41
20222,A,골목상권,3110374,송중초등학교,1719,817,902,7,155,286,471,442,358,6,44,101,191,221,254,1,111,185,280,221,104
20222,A,골목상권,3110357,가오리역 1번,2168,1460,708,1,94,117,339,588,1029,0,22,54,236,446,702,1,72,63,103,142,327
20222,A,골목상권,3110340,인수중학교,1210,779,431,6,158,254,272,328,192,6,80,172,168,192,161,0,78,82,104,136,31
20222,A,골목상권,3110341,북한산우이역 2번,566,439,127,0,22,43,96,273,132,0,5,15,59,245,115,0,17,28,37,28,17
20222,A,골목상권,3110390,방학초등학교,1597,753,844,3,167,399,387,400,241,2,55,196,185,170,145,1,112,203,202,230,96
20222,A,골목상권,3110408,가인초등학교,5003,3437,1566,5,529,1188,1209,961,1111,3,315,894,903,569,753,2,214,294,306,392,358
20222,A,골목상권,3110433,공릉역 2번,3355,1631,1724,8,286,413,725,1012,911,3,111,214,339,463,501,5,175,199,386,549,410
20222,A,골목상권,3110462,갈현건영아파트,1644,949,695,7,239,380,374,357,287,5,127,224,218,183,192,2,112,156,156,174,95
20222,A,골목상권,3110468,응암역 3번,3641,1667,1974,6,385,681,1020,975,574,1,133,299,452,447,335,5,252,382,568,528,239
20222,A,골목상권,3110478,응암1동주민센터,2441,1361,1080,5,214,382,537,597,706,3,104,189,272,292,501,2,110,193,265,305,205
20222,A,골목상권,3110481,불광역 7번,1180,586,594,2,144,250,312,287,185,2,57,126,153,135,113,0,87,124,159,152,72
20222,A,골목상권,3110443,수색역 1번,216,134,82,0,17,25,57,64,53,0,8,14,33,40,39,0,9,11,24,24,14
20222,A,골목상권,3110463,응암3동주민센터,974,399,575,1,102,172,257,281,161,0,35,51,90,125,98,1,67,121,167,156,63
20222,A,골목상권,3110459,응암역 2번,3086,1443,1643,3,303,575,877,817,511,0,113,267,388,352,323,3,190,308,489,465,188
20222,A,골목상권,3110495,북가좌2동주민센터,3425,1703,1722,7,515,851,808,729,515,3,154,458,454,363,271,4,361,393,354,366,244
20222,A,골목상권,3110507,명지대학교,3062,2160,902,30,511,879,694,667,281,27,328,632,494,452,227,3,183,247,200,215,54
20222,A,골목상권,3110584,아현역 4번,1154,595,559,2,327,402,209,121,93,1,129,232,107,64,62,1,198,170,102,57,31
20222,A,골목상권,3110528,서울여자간호대학교,7567,1522,6045,6,217,511,2006,3643,1184,1,75,158,342,456,490,5,142,353,1664,3187,694
20222,A,골목상권,3110556,절두산순교성지,1036,634,402,3,129,274,296,242,92,3,52,152,183,174,70,0,77,122,113,68,22
20222,A,골목상권,3110580,양원초등학교,498,212,286,1,65,95,130,125,82,0,16,34,56,63,43,1,49,61,74,62,39
20222,A,골목상권,3110545,마포구청역 1번,2002,1003,999,13,262,386,532,510,299,6,101,203,265,254,174,7,161,183,267,256,125
20222,A,골목상권,3110568,광흥창역 1번,1865,940,925,2,319,532,473,379,160,0,93,278,268,220,81,2,226,254,205,159,79
20222,A,골목상권,3110622,달마을공원,3703,2251,1452,3,469,828,1090,957,356,2,224,483,702,584,256,1,245,345,388,373,100
20222,A,골목상권,3110675,화곡4동주민센터,2797,1278,1519,5,643,758,578,544,269,4,133,328,273,318,222,1,510,430,305,226,47
20222,A,골목상권,3110672,백석중학교,3412,1929,1483,2,392,661,820,891,646,1,172,329,509,533,385,1,220,332,311,358,261
20222,A,골목상권,3110601,신월1동우편취급국,2705,1819,886,9,277,464,638,855,462,4,152,304,424,572,363,5,125,160,214,283,99
20222,A,골목상권,3110609,신정네거리역 2번,3128,2387,741,7,203,302,527,602,1487,2,96,167,286,425,1411,5,107,135,241,177,76
20222,A,골목상권,3110598,신월문화체육센터,3588,2130,1458,4,271,421,690,983,1219,3,154,260,389,589,735,1,117,161,301,394,484
20222,A,골목상권,3110655,발산역 5번,4161,1917,2244,5,419,692,805,852,1388,3,173,359,411,358,613,2,246,333,394,494,775
20222,A,골목상권,3110652,양천향교역 2번,5355,3360,1995,14,588,1103,1158,1394,1098,8,298,697,700,851,806,6,290,406,458,543,292
20222,A,골목상권,3110630,공항시장역 1번,3398,1986,1412,9,371,571,654,788,1005,3,149,321,407,512,594,6,222,250,247,276,411
20222,A,골목상권,3110660,등촌3동주민센터,10361,5421,4940,46,1465,2249,2361,2354,1886,16,655,1444,1390,1025,891,30,810,805,971,1329,995
20222,A,골목상권,3110645,우장산역 4번,6211,3689,2522,11,755,1459,1633,1576,777,7,408,941,907,852,574,4,347,518,726,724,203
20222,A,골목상권,3110640,방화역 1번,4330,2746,1584,7,432,979,1112,1131,669,5,222,521,675,783,540,2,210,458,437,348,129
20222,A,골목상권,3110695,개봉1동주민센터,2132,1220,912,8,180,491,579,523,351,7,99,290,309,285,230,1,81,201,270,238,121
20222,A,골목상권,3110692,큰굴다리,3257,2221,1036,5,464,656,827,912,393,4,364,453,539,571,290,1,100,203,288,341,103
20222,A,골목상권,3110714,구로4동주민센터,3993,2731,1262,7,467,935,917,1103,564,4,223,587,636,850,431,3,244,348,281,253,133
20222,A,골목상권,3110715,구로구민회관,4993,2481,2512,4,601,1291,1353,1189,555,2,225,636,658,644,316,2,376,655,695,545,239
20222,A,골목상권,3110708,화원어린이공원,1274,488,786,6,311,266,296,208,187,1,66,71,108,97,145,5,245,195,188,111,42
20222,A,골목상권,3110713,구로보건소,7675,4823,2852,13,1134,1919,2115,1590,904,6,626,1277,1358,961,595,7,508,642,757,629,309
20222,A,골목상권,3110718,한국SGI본부,6477,4079,2398,33,1087,1712,1798,1241,606,26,598,1087,1157,798,413,7,489,625,641,443,193
20222,A,골목상권,3110707,구로창업지원센터,5470,4040,1430,11,555,1651,1506,1116,631,9,302,1244,1178,827,480,2,253,407,328,289,151
20222,A,골목상권,3110727,독산역 1번 출입구,3120,2126,994,18,378,675,804,825,420,18,221,481,534,577,295,0,157,194,270,248,125
20222,A,골목상권,3110726,금천철쭉어린이공원(금하마을),1222,795,427,13,185,229,245,307,243,11,116,157,160,167,184,2,69,72,85,140,59
20222,A,골목상권,3110738,문성초등학교,2470,1462,1008,12,359,479,571,602,447,3,208,314,345,327,265,9,151,165,226,275,182
20222,A,골목상권,3110744,독산동성당,2100,1247,853,1,190,325,415,592,577,0,116,185,232,327,387,1,74,140,183,265,190
20222,A,골목상권,3110754,삼성산자연공원(서울금천초등학교),1854,1031,823,19,228,370,484,441,312,12,101,240,284,208,186,7,127,130,200,233,126
20222,A,골목상권,3110734,금천파출소,1807,760,1047,8,475,533,360,289,142,3,200,263,141,92,61,5,275,270,219,197,81
20222,A,골목상권,3110747,석수역 1번 출입구,1082,802,280,4,73,141,239,286,339,4,48,101,156,202,291,0,25,40,83,84,48
20222,A,골목상권,3110819,신대방역 4번,5159,3199,1960,20,841,1350,1310,962,676,14,426,897,852,558,452,6,415,453,458,404,224
20222,A,골목상권,3110781,대림한신아파트,2145,1183,962,3,313,387,472,543,427,0,106,213,256,304,304,3,207,174,216,239,123
20222,A,골목상권,3110776,도신초등학교,4342,3047,1295,14,543,1061,1275,922,527,5,283,767,959,627,406,9,260,294,316,295,121
20222,A,골목상권,3110798,신풍역 2번,1786,1078,708,7,160,456,560,380,223,6,95,279,287,241,170,1,65,177,273,139,53
20222,A,골목상권,3110792,영등포역 2번,4524,2496,2028,35,680,1023,1028,1131,627,16,283,485,583,698,431,19,397,538,445,433,196
20222,A,골목상권,3110756,문래중학교,1572,1015,557,2,185,356,383,362,284,0,97,271,248,213,186,2,88,85,135,149,98
20222,A,골목상권,3110801,신풍역 6번(신길6동공영주차장),245,84,161,1,32,37,52,64,59,0,1,12,15,24,32,1,31,25,37,40,27
20222,A,골목상권,3110812,신길6동주민센터,2401,1555,846,4,382,558,565,498,394,3,189,346,367,345,305,1,193,212,198,153,89
20222,A,골목상권,3110811,보라매역 4번,1485,937,548,4,212,413,375,284,197,3,100,268,233,183,150,1,112,145,142,101,47
20222,A,골목상권,3110820,성남고등학교,4803,3512,1291,4,807,999,907,1587,499,3,498,725,655,1252,379,1,309,274,252,335,120
20222,A,골목상권,3110800,영등포동성당,4742,2638,2104,14,1219,1149,1000,824,536,6,385,590,637,579,441,8,834,559,363,245,95
20222,A,골목상권,3110806,서울시립영등포장애인복지관,2220,1555,665,16,339,498,524,501,342,8,181,328,388,376,274,8,158,170,136,125,68
20222,A,골목상권,3110839,숭실대입구역 4번,3303,2046,1257,2,371,954,1107,622,247,1,177,536,682,434,216,1,194,418,425,188,31
20222,A,골목상권,3110833,상도역 2번,1336,685,651,6,207,356,332,277,158,2,88,215,184,115,81,4,119,141,148,162,77
20222,A,골목상권,3110876,서원동주민센터(신관중학교),1010,458,552,0,95,206,235,294,180,0,31,95,124,113,95,0,64,111,111,181,85
20222,A,골목상권,3110889,봉천역 6번,1263,796,467,1,114,181,251,361,355,0,57,94,152,270,223,1,57,87,99,91,132
20222,A,골목상권,3110901,인헌고등학교(인헌중학교),1830,934,896,7,276,482,543,370,152,4,127,251,267,170,115,3,149,231,276,200,37
20222,A,골목상권,3110919,내방역 8번,17656,12077,5579,47,2980,5187,5004,3205,1233,19,1390,3288,3826,2627,927,28,1590,1899,1178,578,306
20222,A,골목상권,3110908,구반포역,8972,4814,4158,21,1548,2263,2440,2159,541,21,607,1187,1452,1153,394,0,941,1076,988,1006,147
20222,A,골목상권,3110916,내방역 4번,9127,6122,3005,73,1885,2725,2144,1385,915,60,1124,1946,1492,851,649,13,761,779,652,534,266
20222,A,골목상권,3110914,내방역 6번,6099,3888,2211,13,1069,1570,1366,1162,919,9,527,958,903,780,711,4,542,612,463,382,208
20222,A,골목상권,3110981,국악고교사거리,4814,3009,1805,11,674,1061,1231,1002,835,3,342,675,767,584,638,8,332,386,464,418,197
20222,A,골목상권,3110952,논현목련공원,6619,4360,2259,19,1063,1760,1774,1271,732,13,616,1186,1215,839,491,6,447,574,559,432,241
20222,A,골목상권,3110953,학동근린공원,21063,12969,8094,82,5828,6708,4428,2577,1440,26,2619,4180,3209,1850,1085,56,3209,2528,1219,727,355
20222,A,골목상권,3110968,강남구청역 2번,13705,8449,5256,49,2620,3694,3410,2525,1407,16,1163,2112,2388,1751,1019,33,1457,1582,1022,774,388
20222,A,골목상권,3110966,논현2동주민센터,18787,11747,7040,55,3807,5812,4775,2774,1564,16,1620,3352,3408,2154,1197,39,2187,2460,1367,620,367
20222,A,골목상권,3110973,강남구청역 4번,10030,5790,4240,39,1911,2711,2341,1849,1179,16,845,1639,1467,1073,750,23,1066,1072,874,776,429
20222,A,골목상권,3110996,대치2동주민센터,35867,16914,18953,262,6657,8765,8045,7435,4703,105,3082,5222,4330,2505,1670,157,3575,3543,3715,4930,3033
20222,A,골목상권,3110982,강남구보훈회관,4003,2221,1782,8,984,1036,920,571,484,5,350,614,590,298,364,3,634,422,330,273,120
20222,A,골목상권,3111002,한국교통안전공단 강남자동차검사소,409,194,215,0,27,74,87,129,92,0,8,39,41,58,48,0,19,35,46,71,44
20222,A,골목상권,3110987,영동대교남단,6140,4147,1993,37,1147,1773,1594,1067,522,17,553,1233,1221,750,373,20,594,540,373,317,149
20222,A,골목상권,3111022,석촌중학교(방이육교),7523,4484,3039,23,1128,1955,1970,1642,805,9,549,1248,1293,845,540,14,579,707,677,797,265
20222,A,골목상권,3111041,거여역 8번,2127,1468,659,8,544,521,474,308,272,6,288,381,370,220,203,2,256,140,104,88,69
20222,A,골목상권,3111031,장지동주민센터(한림연예예술고교),34991,27580,7411,16,3048,6307,10062,13354,2204,7,1885,4657,7895,11621,1515,9,1163,1650,2167,1733,689
20222,A,골목상권,3111014,송파나루역 2번,9836,5551,4285,11,1370,2414,2283,2319,1439,5,597,1499,1467,1202,781,6,773,915,816,1117,658
20222,A,골목상권,3111073,둔촌동역 1번(한산중학교),3288,1796,1492,11,429,739,851,706,552,8,165,384,502,371,366,3,264,355,349,335,186
20222,A,골목상권,3110004,대신고등학교,402,232,170,6,56,96,96,104,44,5,32,54,54,53,34,1,24,42,42,51,10
20222,A,골목상권,3111072,굽은다리역 1번(십자성마을),2946,1789,1157,8,298,573,759,699,609,3,146,346,440,433,421,5,152,227,319,266,188
20222,A,골목상권,3111084,길동신동아아파트,1097,568,529,2,102,184,201,327,281,2,56,104,100,149,157,0,46,80,101,178,124
20222,A,골목상권,3110017,정독도서관,4793,3571,1222,1,747,1261,1255,1054,475,1,404,870,1019,890,387,0,343,391,236,164,88
20222,A,골목상권,3110002,독립문역 1번,616,177,439,7,166,170,151,84,38,6,34,34,51,28,24,1,132,136,100,56,14
20222,A,골목상권,3110031,창신역 1번,499,243,256,2,65,123,115,127,67,0,17,56,56,68,46,2,48,67,59,59,21
20222,A,골목상권,3110181,신설동역 9번,11325,6319,5006,32,1034,2438,3253,2841,1727,17,532,1500,1747,1415,1108,15,502,938,1506,1426,619
20222,A,골목상권,3110025,충신시장옆,2953,1750,1203,6,522,768,705,591,361,1,198,408,447,419,277,5,324,360,258,172,84
20222,A,골목상권,3110291,한성대입구역 3번,2792,1638,1154,3,210,450,857,801,471,1,83,257,522,485,290,2,127,193,335,316,181
20222,A,골목상권,3110026,종로5가역 4번,1316,680,636,4,165,282,370,283,212,1,63,132,176,155,153,3,102,150,194,128,59
20222,A,골목상권,3110016,평창동동측,12725,5785,6940,17,1035,3438,5042,2657,536,8,355,1373,2545,1209,295,9,680,2065,2497,1448,241
20222,A,골목상권,3110020,서울국제고등학교,2158,1200,958,4,389,630,516,385,234,3,162,347,310,219,159,1,227,283,206,166,75
20222,A,골목상권,3110048,장충동주민센터,10743,5949,4794,32,1907,2975,2905,2265,659,5,684,1762,1731,1314,453,27,1223,1213,1174,951,206
20222,A,골목상권,3110046,버티고개,2463,1750,713,3,241,901,673,506,139,0,143,678,502,330,97,3,98,223,171,176,42
20222,A,골목상권,3110047,다산성곽길,5084,2935,2149,11,1086,1445,1154,887,501,3,410,865,765,531,361,8,676,580,389,356,140
20222,A,골목상권,3110539,미근동,12732,7479,5253,42,2010,4180,3436,2242,822,19,832,2371,2093,1519,645,23,1178,1809,1343,723,177
20222,A,골목상권,3110110,상왕십리역 6번,2405,1457,948,12,383,537,534,531,408,3,127,319,375,375,258,9,256,218,159,156,150
20222,A,골목상권,3110066,서울역 15번,4167,2123,2044,9,838,1274,877,641,528,4,288,582,482,374,393,5,550,692,395,267,135
20222,A,골목상권,3110591,충정로역 6번,3780,2155,1625,0,729,1051,1004,652,344,0,358,619,586,387,205,0,371,432,418,265,139
20222,A,골목상권,3110086,이태원역 북측,13166,6107,7059,36,4072,5077,2603,1007,371,14,1114,2293,1610,799,277,22,2958,2784,993,208,94
20222,A,골목상권,3110085,경리단길남측,12274,5390,6884,26,3823,4925,2402,861,237,12,993,2133,1397,675,180,14,2830,2792,1005,186,57
20222,A,골목상권,3110105,금동어린이공원,2664,1110,1554,16,327,830,1025,337,129,1,110,292,450,175,82,15,217,538,575,162,47
20222,A,골목상권,3110116,청계천박물관,6537,4739,1798,43,541,1177,1527,2151,1098,31,326,844,1178,1561,799,12,215,333,349,590,299
20222,A,골목상권,3110128,성원중학교,3542,2310,1232,18,454,892,940,801,437,8,266,660,634,494,248,10,188,232,306,307,189
20222,A,골목상권,3110120,서울숲카페거리,835,506,329,0,85,162,225,202,161,0,41,83,109,130,143,0,44,79,116,72,18
20222,A,골목상권,3110124,뚝섬역교차로,2595,1874,721,12,366,472,586,575,584,10,183,303,387,461,530,2,183,169,199,114,54
20222,A,골목상권,3110129,성원어린이공원,3599,2300,1299,18,579,846,820,729,607,14,311,541,561,470,403,4,268,305,259,259,204
20222,A,골목상권,3110132,성수2가3동주민센터,3491,2130,1361,9,415,835,861,811,560,8,209,510,554,495,354,1,206,325,307,316,206
20222,A,골목상권,3110223,군자초등학교,3357,2271,1086,35,621,967,788,549,397,8,327,680,552,382,322,27,294,287,236,167,75
20222,A,골목상권,3110111,대현산장미원,74,52,22,0,7,13,12,21,21,0,6,5,6,16,19,0,1,8,6,5,2
20222,A,골목상권,3110166,구의1동주민센터,13530,10491,3039,13,880,2121,3757,5357,1402,11,448,1352,2902,4600,1178,2,432,769,855,757,224
20222,A,골목상권,3110160,광진경찰서,1622,1121,501,1,270,514,389,345,103,1,174,364,263,239,80,0,96,150,126,106,23
20222,A,골목상권,3110164,아차산역 5번,2452,1482,970,7,311,484,595,582,473,2,153,274,370,328,355,5,158,210,225,254,118
20222,A,골목상권,3110145,장안초등학교,626,318,308,0,48,90,132,215,141,0,20,45,59,100,94,0,28,45,73,115,47
20222,A,골목상권,3110158,중곡3동주민센터,1689,1085,604,3,201,401,431,405,248,0,113,280,259,259,174,3,88,121,172,146,74
20222,A,골목상권,3110253,중곡초등학교,1551,1093,458,2,104,216,386,589,254,1,47,124,250,474,197,1,57,92,136,115,57
20222,A,골목상권,3110227,답십리공원,3666,2141,1525,43,1527,620,564,543,369,25,873,404,327,274,238,18,654,216,237,269,131
20222,A,골목상권,3110192,동의보감타워,1689,798,891,2,156,273,358,433,467,0,54,114,189,200,241,2,102,159,169,233,226
20222,A,골목상권,3110182,용두희망어린이공원,6164,2634,3530,4,747,1233,1297,1729,1154,0,240,665,668,567,494,4,507,568,629,1162,660
20222,A,골목상권,3110208,시조사삼거리,1810,1056,754,3,255,573,311,351,317,2,120,403,184,193,154,1,135,170,127,158,163
20222,A,골목상권,3110191,고려대역 6번,817,524,293,1,45,155,267,206,143,1,24,76,163,146,114,0,21,79,104,60,29
20222,A,골목상권,3110193,고려대역 4번,827,531,296,1,49,167,287,216,107,1,25,93,176,149,87,0,24,74,111,67,20
20222,A,골목상권,3110274,서일대학교,1874,1209,665,2,153,270,455,529,465,1,54,150,285,380,339,1,99,120,170,149,126
20222,A,골목상권,3110270,혜원여고,1057,631,426,0,86,153,246,300,272,0,32,87,130,187,195,0,54,66,116,113,77
20222,A,골목상권,3110277,러스크서울병원,1417,798,619,5,161,220,285,429,317,1,56,69,143,266,263,4,105,151,142,163,54
20222,A,골목상권,3110249,중화역 1번,2900,1839,1061,1,380,672,715,696,436,1,208,379,410,482,359,0,172,293,305,214,77
20222,A,골목상권,3110250,화랑대역 7번,1016,501,515,5,84,215,300,277,135,1,28,102,135,142,93,4,56,113,165,135,42
20222,A,골목상권,3110235,세화어린이공원,352,192,160,6,86,56,94,66,44,5,50,30,41,35,31,1,36,26,53,31,13
20222,A,골목상권,3110306,미아초등학교,5040,2548,2492,418,2027,1281,681,387,246,176,903,701,375,192,201,242,1124,580,306,195,45
20222,A,골목상권,3110304,보문역 4번,3586,1900,1686,4,465,1014,939,889,275,3,200,485,478,545,189,1,265,529,461,344,86
20222,A,골목상권,3110336,석관고등학교,933,606,327,1,108,181,209,262,172,0,57,97,124,192,136,1,51,84,85,70,36
20222,A,골목상권,3110327,상월곡역 2번,1727,1049,678,4,291,422,476,347,187,1,146,269,289,200,144,3,145,153,187,147,43
20222,A,골목상권,3110330,돌곶이역 1번,785,481,304,1,83,124,161,170,246,0,26,63,88,101,203,1,57,61,73,69,43
20222,A,골목상권,3110335,석계역 7번,2390,1663,727,2,154,218,357,467,1192,0,68,110,204,330,951,2,86,108,153,137,241
20222,A,골목상권,3110332,돌곶이역 3번,2136,1489,647,1,156,186,243,364,1186,0,59,94,136,223,977,1,97,92,107,141,209
20222,A,골목상권,3110389,한일병원,2913,1480,1433,1,556,681,702,645,328,1,161,333,390,368,227,0,395,348,312,277,101
20222,A,골목상권,3110347,구세군강북종합사회복지관,229,109,120,0,29,43,60,41,56,0,5,15,30,21,38,0,24,28,30,20,18
20222,A,골목상권,3110344,화계중학교,765,403,362,0,70,135,208,278,74,0,39,56,106,139,63,0,31,79,102,139,11
20222,A,골목상권,3110353,수유동우체국,2195,1467,728,0,76,117,357,593,1052,0,17,56,240,437,717,0,59,61,117,156,335
20222,A,골목상권,3110387,쌍문초등학교,1023,569,454,0,115,155,279,298,176,0,47,78,125,166,153,0,68,77,154,132,23
20222,A,골목상권,3110337,아카데미하우스,1220,817,403,6,149,254,287,330,194,6,70,184,184,207,166,0,79,70,103,123,28
20222,A,골목상권,3110397,도봉산입구,1081,690,391,0,65,132,223,329,332,0,17,63,112,226,272,0,48,69,111,103,60
20222,A,골목상권,3110406,도봉산역 1번,1282,894,388,0,35,92,248,427,480,0,12,56,183,328,315,0,23,36,65,99,165
20222,A,골목상권,3110415,수락산역 4번,3127,1795,1332,19,436,611,756,776,529,16,238,366,437,450,288,3,198,245,319,326,241
20222,A,골목상권,3110435,서울과학기술대,486,320,166,0,28,85,109,148,116,0,14,37,61,104,104,0,14,48,48,44,12
20222,A,골목상권,3110436,상계제일중학교,1604,823,781,12,185,351,391,391,274,7,70,171,207,186,182,5,115,180,184,205,92
20222,A,골목상권,3110432,대진고등학교,2273,1419,854,3,199,364,570,753,384,2,72,175,325,556,289,1,127,189,245,197,95
20222,A,골목상권,3110483,연천초등학교,1888,990,898,2,87,158,205,289,1147,1,35,83,95,136,640,1,52,75,110,153,507
20222,A,골목상권,3110491,불광중학교,467,194,273,1,38,82,132,139,75,1,13,39,53,48,40,0,25,43,79,91,35
20222,A,골목상권,3110494,증산3교남측,1503,1100,403,0,61,162,176,249,855,0,27,76,66,146,785,0,34,86,110,103,70
20222,A,골목상권,3110452,새절역 3번,1150,767,383,3,83,169,269,341,285,3,52,85,159,216,252,0,31,84,110,125,33
20222,A,골목상권,3110469,응암정보도서관,2593,1307,1286,1,277,517,711,671,416,0,105,249,330,338,285,1,172,268,381,333,131
20222,A,골목상권,3110471,응암동우체국,1068,455,613,2,131,198,295,296,146,1,38,64,109,149,94,1,93,134,186,147,52
20222,A,골목상권,3110497,가좌역 3번,3639,2210,1429,4,227,430,591,916,1471,2,157,288,394,494,875,2,70,142,197,422,596
20222,A,골목상권,3110501,연희어린이공원,1435,806,629,9,204,340,341,335,206,8,95,227,185,158,133,1,109,113,156,177,73
20222,A,골목상권,3110500,남가좌동현대아파트,219,118,101,0,28,30,52,77,32,0,13,18,25,47,15,0,15,12,27,30,17
20222,A,골목상권,3110530,아현역 1번,1285,656,629,2,341,431,249,154,108,1,130,243,133,83,66,1,211,188,116,71,42
20222,A,골목상권,3110509,연희대우아파트앞,3108,1452,1656,10,588,768,762,647,333,7,195,340,413,291,206,3,393,428,349,356,127
20222,A,골목상권,3110564,홍대입구역 3번,3719,2005,1714,13,669,919,827,753,538,9,248,448,456,453,391,4,421,471,371,300,147
20222,A,골목상권,3110524,연희세브란스병원,103,61,42,0,12,14,21,21,35,0,6,7,10,13,25,0,6,7,11,8,10
20222,A,골목상권,3110519,서대문구보건소별관,1507,688,819,1,235,290,399,374,208,1,79,135,203,162,108,0,156,155,196,212,100
20222,A,골목상권,3110576,대흥역 3번,5382,3414,1968,79,939,1223,1169,1147,825,29,466,793,820,754,552,50,473,430,349,393,273
20222,A,골목상권,3110573,신촌역 6번,3658,1638,2020,59,1952,841,356,296,154,19,740,412,168,189,110,40,1212,429,188,107,44
20222,A,골목상권,3110563,상수역 3번,1775,1091,684,20,394,537,380,269,175,14,185,322,259,186,125,6,209,215,121,83,50
20222,A,골목상권,3110621,목동역 5번,6561,3403,3158,13,1373,1658,1558,1218,741,7,459,886,925,658,468,6,914,772,633,560,273
20222,A,골목상권,3110604,신월4동주민센터,2562,1829,733,1,147,307,531,813,763,1,63,163,324,591,687,0,84,144,207,222,76
20222,A,골목상권,3110592,서울금융고등학교,1418,826,592,0,159,268,306,388,297,0,60,114,154,262,236,0,99,154,152,126,61
20222,A,골목상권,3110595,메디힐병원,2673,1506,1167,2,265,534,570,717,585,1,120,277,304,429,375,1,145,257,266,288,210
20222,A,골목상권,3110603,지향초등학교,1491,835,656,3,116,242,379,451,300,0,47,129,201,246,212,3,69,113,178,205,88
20222,A,골목상권,3110625,신정2동주민센터,16198,9820,6378,112,2886,5330,4076,2804,990,78,1380,3276,2623,1819,644,34,1506,2054,1453,985,346
20222,A,골목상권,3110694,세곡초등학교,1785,1047,738,2,177,395,445,464,302,0,103,223,225,258,238,2,74,172,220,206,64
20222,A,골목상권,3110614,목동로데오거리,2417,1098,1319,3,334,528,600,608,344,2,114,230,276,284,192,1,220,298,324,324,152
20222,A,골목상권,3110667,가양역 10번,1800,935,865,11,274,339,420,410,346,3,109,178,245,204,196,8,165,161,175,206,150
20222,A,골목상권,3110643,강서구다솔마을,965,598,367,1,130,245,288,220,81,0,61,147,186,143,61,1,69,98,102,77,20
20222,A,골목상권,3110639,신방화역 8번,2731,1181,1550,7,220,288,413,883,920,4,100,169,211,292,405,3,120,119,202,591,515
20222,A,골목상권,3110663,우장산롯데캐슬아파트앞,5359,3199,2160,30,999,1445,1422,975,488,6,423,940,917,567,346,24,576,505,505,408,142
20222,A,골목상권,3110641,공항고등학교,1128,713,415,5,140,196,275,310,202,4,68,126,151,195,169,1,72,70,124,115,33
20222,A,골목상권,3110633,개화산역 1번,1889,1400,489,5,147,329,613,532,263,3,96,226,475,385,215,2,51,103,138,147,48
20222,A,골목상권,3110642,정곡초등학교,685,546,139,4,37,93,162,180,209,3,26,69,120,144,184,1,11,24,42,36,25
20222,A,골목상권,3110678,염창무학아파트,1394,954,440,1,153,288,345,353,254,1,67,196,230,253,207,0,86,92,115,100,47
20222,A,골목상권,3110653,화곡역 2번,3217,1604,1613,4,830,737,647,610,389,2,234,386,349,374,259,2,596,351,298,236,130
20222,A,골목상권,3110664,강서구청옆,5115,3052,2063,3,737,1589,1285,1162,339,2,325,916,765,801,243,1,412,673,520,361,96
20222,A,골목상권,3110661,강서새말어린이공원,5000,2990,2010,3,614,1412,1299,1279,393,1,264,757,773,902,293,2,350,655,526,377,100
20222,A,골목상권,3110710,남구로역 3번,11294,7278,4016,42,2025,3289,2861,1783,1294,27,997,2122,1963,1237,932,15,1028,1167,898,546,362
20222,A,골목상권,3110683,오류고등학교,947,549,398,2,104,203,251,259,128,0,46,117,149,161,76,2,58,86,102,98,52
20222,A,골목상권,3110687,"천왕역 3번(오류2동주민센터, 서울오류남초등학교)",611,327,284,2,64,145,181,164,55,0,25,67,94,101,40,2,39,78,87,63,15
20222,A,골목상권,3110740,금천해태공원,2272,1221,1051,12,314,449,585,607,305,12,140,242,307,289,231,0,174,207,278,318,74
20222,A,골목상권,3110733,금천어울림복지센터,1394,848,546,6,220,294,309,352,213,6,95,175,196,198,178,0,125,119,113,154,35
20222,A,골목상권,3110739,시흥3동 우편취급국,6057,3396,2661,12,415,798,1378,1593,1861,3,218,521,767,793,1094,9,197,277,611,800,767
20222,A,골목상권,3110794,영동초등학교,6731,4384,2347,7,908,1678,1868,1488,782,4,484,1187,1296,880,533,3,424,491,572,608,249
20222,A,골목상권,3110796,한림대학교한강성심병원,4703,2546,2157,8,1205,1185,1032,730,543,0,356,602,664,496,428,8,849,583,368,234,115
20222,A,골목상권,3110773,당산역 13번,2296,1625,671,5,321,455,469,433,613,2,200,319,306,314,484,3,121,136,163,119,129
20222,A,골목상권,3110775,대동초등학교,2205,1172,1033,3,265,305,440,491,701,2,87,154,225,267,437,1,178,151,215,224,264
20222,A,골목상권,3110802,신길동홍어거리,1688,958,730,2,163,356,336,340,491,0,66,161,165,198,368,2,97,195,171,142,123
20222,A,골목상권,3110814,서울지방병무청,7231,4542,2689,9,1277,1559,1449,2091,846,3,648,1005,888,1436,562,6,629,554,561,655,284
20222,A,골목상권,3110791,신풍역 3번,962,409,553,2,107,204,340,219,90,1,55,84,106,98,65,1,52,120,234,121,25
20222,A,골목상권,3110826,장승배기역 4번,1539,717,822,2,208,317,383,327,302,1,88,174,163,145,146,1,120,143,220,182,156
20222,A,골목상권,3110846,남성역 1번,3023,1643,1380,6,279,488,722,688,840,4,110,241,329,370,589,2,169,247,393,318,251
20222,A,골목상권,3110849,이수역 10번,2020,917,1103,9,243,385,555,503,325,3,74,176,237,222,205,6,169,209,318,281,120
20222,A,골목상권,3110904,이수역 5번,7580,3075,4505,27,1481,1942,1814,1328,988,11,481,754,719,541,569,16,1000,1188,1095,787,419
20222,A,골목상권,3110845,사당종합체육관,2216,1328,888,1,343,604,608,487,173,0,142,347,418,296,125,1,201,257,190,191,48
20222,A,골목상권,3110838,상도1동주민센터앞,470,279,191,0,38,134,125,108,65,0,24,64,76,59,56,0,14,70,49,49,9
20222,A,골목상권,3110842,흑리단길,333,124,209,1,42,51,91,88,60,0,9,16,31,31,37,1,33,35,60,57,23
20222,A,골목상권,3110895,샤로수길,9100,5774,3326,22,1457,2643,2011,1949,1018,12,741,1663,1249,1320,789,10,716,980,762,629,229
20222,A,골목상권,3110862,난곡초등학교(난곡동벽화마을),751,369,382,4,90,142,198,179,138,2,33,61,89,89,95,2,57,81,109,90,43
20222,A,골목상권,3110881,구립대학경로당(관악산샘말공원),3491,2506,985,7,487,876,989,802,330,2,285,574,762,628,255,5,202,302,227,174,75
20222,A,골목상권,3110868,남부초등학교,1203,669,534,1,119,222,307,292,262,1,58,121,153,170,166,0,61,101,154,122,96
20222,A,골목상권,3110884,봉천역 4번(봉천110안전센터),2449,1248,1201,5,344,475,517,594,514,2,117,236,287,288,318,3,227,239,230,306,196
20222,A,골목상권,3110945,본마을노인복지센터(서초구립내곡도서관),282,173,109,3,60,68,60,61,30,3,24,39,39,44,24,0,36,29,21,17,6
20222,A,골목상권,3110923,방배역 1번,7685,4925,2760,99,1271,2216,1992,1225,882,30,656,1274,1396,874,695,69,615,942,596,351,187
20222,A,골목상권,3110911,방배배수지체육공원,5174,3320,1854,19,999,1738,1199,574,645,7,472,1151,868,368,454,12,527,587,331,206,191
20222,A,골목상권,3110925,서초중학교,7154,4224,2930,46,1556,2069,1769,1060,654,22,621,1233,1169,687,492,24,935,836,600,373,162
20222,A,골목상권,3110939,양재역 8번(양재동우체국),41563,20436,21127,491,8989,10005,11680,7308,3090,234,4386,5999,4772,2772,2273,257,4603,4006,6908,4536,817
20222,A,골목상권,3110957,언북중학교,19599,10831,8768,50,4379,6251,4791,2651,1477,12,1584,3303,3059,1807,1066,38,2795,2948,1732,844,411
20222,A,골목상권,3110965,언주역 6번,9740,5517,4223,23,2101,3089,2326,1335,866,8,808,1801,1548,764,588,15,1293,1288,778,571,278
20222,A,골목상권,3110989,대치동아우편취급국,11455,6945,4510,30,1728,2699,2466,2216,2316,10,807,1670,1718,1423,1317,20,921,1029,748,793,999
20222,A,골목상권,3110976,언북초등학교,7421,3945,3476,22,1768,2422,1579,974,656,5,662,1328,981,573,396,17,1106,1094,598,401,260
20222,A,골목상권,3111013,송파나루역 1번(송리단길),13204,8353,4851,24,2104,4019,3310,2243,1504,8,1026,2562,2230,1466,1061,16,1078,1457,1080,777,443
20222,A,골목상권,3111009,송파책박물관,1894,1412,482,3,218,363,367,454,489,1,177,296,267,293,378,2,41,67,100,161,111
20222,A,골목상권,3111036,투구봉어린이공원,2144,1386,758,11,342,562,503,501,225,9,231,389,324,276,157,2,111,173,179,225,68
20222,A,골목상권,3111039,벌말어린이공원,2919,1879,1040,10,337,724,752,674,422,9,200,492,489,409,280,1,137,232,263,265,142
20222,A,골목상권,3111063,강동구립 천호도서관,2780,1638,1142,5,183,340,451,548,1253,5,84,173,243,277,856,0,99,167,208,271,397
20222,A,골목상권,3111075,굽은다리역 2번,2417,1284,1133,3,301,474,580,612,447,1,128,269,277,326,283,2,173,205,303,286,164
20222,A,골목상권,3111058,성내중학교,2021,1203,818,3,223,404,536,552,303,1,135,242,295,323,207,2,88,162,241,229,96
20222,A,골목상권,3111055,선사초등학교,1504,437,1067,1,125,210,322,498,348,0,66,114,117,64,76,1,59,96,205,434,272
20222,A,골목상권,3110535,영천시장입구,1407,635,772,2,148,229,338,457,233,2,47,91,151,210,134,0,101,138,187,247,99
20222,A,골목상권,3110009,자하문터널,2236,1348,888,1,463,684,579,375,134,1,207,424,359,259,98,0,256,260,220,116,36
20222,A,골목상권,3110033,창신역 4번,852,441,411,1,111,175,201,230,134,0,33,87,107,143,71,1,78,88,94,87,63
20222,A,골목상권,3110023,서울대병원,2374,1256,1118,7,511,735,518,390,213,2,179,349,299,269,158,5,332,386,219,121,55
20222,A,골목상권,3110022,경신고등학교,5909,2689,3220,26,974,1661,1479,1083,686,19,336,787,696,497,354,7,638,874,783,586,332
20222,A,골목상권,3110280,북정마을,1209,815,394,9,195,326,356,231,92,2,107,241,255,149,61,7,88,85,101,82,31
20222,A,골목상권,3110044,관성묘,34192,15760,18432,442,11564,8837,6437,4830,2082,190,5585,5080,3417,1066,422,252,5979,3757,3020,3764,1660
20222,A,골목상권,3110590,만리재,1137,499,638,0,203,311,256,242,125,0,72,138,121,98,70,0,131,173,135,144,55
20222,A,골목상권,3110538,충정로역 3번,6660,3985,2675,3,1234,1988,1797,1041,597,2,614,1164,1117,687,401,1,620,824,680,354,196
20222,A,골목상권,3110074,서울역 12번,26467,15378,11089,166,9386,8469,5337,2396,713,16,2581,5612,4442,2143,584,150,6805,2857,895,253,129
20222,A,골목상권,3110079,후암동주민센터,23635,17320,6315,25,4338,8442,6036,3464,1330,14,2507,5969,5038,2823,969,11,1831,2473,998,641,361
20222,A,골목상권,3110084,경리단길북측,1137,629,508,2,162,321,292,215,145,0,72,172,152,124,109,2,90,149,140,91,36
20222,A,골목상권,3110081,해방촌 남동측,1004,549,455,0,167,274,244,214,105,0,70,167,133,107,72,0,97,107,111,107,33
20222,A,골목상권,3110071,한강미주맨션아파트,7694,4336,3358,39,937,1689,2729,1822,478,30,410,993,1467,1121,315,9,527,696,1262,701,163
20222,A,골목상권,3110070,용산세무서,4544,2531,2013,7,511,842,1763,1106,315,0,317,511,830,654,219,7,194,331,933,452,96
20222,A,골목상권,3110062,한강로동땡땡거리(은행나무길),6939,4293,2646,11,881,2017,1923,1394,713,7,381,1078,1310,1036,481,4,500,939,613,358,232
20222,A,골목상권,3110101,옥정중학교,7875,6553,1322,8,667,2533,2557,1899,211,4,336,1961,2280,1793,179,4,331,572,277,106,32
20222,A,골목상권,3110102,옥수역 6번,3841,1318,2523,3,1030,1177,844,551,236,0,231,368,353,245,121,3,799,809,491,306,115
20222,A,골목상권,3110142,화양사거리,2804,1663,1141,4,514,723,673,527,363,1,251,457,441,258,255,3,263,266,232,269,108
20222,A,골목상권,3110179,광나루역 1번,5756,3390,2366,160,2246,981,941,998,430,51,1063,679,646,684,267,109,1183,302,295,314,163
20222,A,골목상권,3110180,광진정보도서관,8061,5134,2927,18,2150,2859,1722,920,392,5,1092,1920,1198,611,308,13,1058,939,524,309,84
20222,A,골목상권,3110159,구의역 4번,5367,2836,2531,7,750,1225,1369,1270,746,7,284,550,682,767,546,0,466,675,687,503,200
20222,A,골목상권,3110148,어린이대공원역 3번,1054,772,282,0,83,139,292,374,166,0,39,93,207,287,146,0,44,46,85,87,20
20222,A,골목상권,3110153,중곡1동주민센터,4344,1904,2440,82,1289,748,851,997,377,28,556,394,376,309,241,54,733,354,475,688,136
20222,A,골목상권,3110228,장안근린공원,5579,2983,2596,50,1846,996,988,1029,670,31,967,565,447,513,460,19,879,431,541,516,210
20222,A,골목상권,3110183,한국의류시험연구원,5635,1896,3739,5,941,1338,1052,1352,947,1,284,602,411,281,317,4,657,736,641,1071,630
20222,A,골목상권,3110210,서울시립대,1290,734,556,4,172,214,230,290,380,1,63,119,130,137,284,3,109,95,100,153,96
20222,A,골목상권,3110197,세종대왕기념관교차로,681,441,240,1,42,138,243,179,78,1,22,79,156,117,66,0,20,59,87,62,12
20222,A,골목상권,3110317,종암중학교,856,427,429,0,69,203,291,204,89,0,23,84,143,127,50,0,46,119,148,77,39
20222,A,골목상권,3110269,용마문화복지센터,1193,806,387,1,105,206,253,351,277,0,39,123,168,269,207,1,66,83,85,82,70
20222,A,골목상권,3110262,상봉역 3번,2597,1501,1096,5,405,724,834,459,170,3,233,499,436,209,121,2,172,225,398,250,49
20222,A,골목상권,3110243,중랑노인종합복지관,1280,706,574,2,112,204,300,372,290,1,37,90,161,202,215,1,75,114,139,170,75
20222,A,골목상권,3110252,장안제일시장,1463,895,568,1,172,277,384,342,287,1,77,179,182,215,241,0,95,98,202,127,46
20222,A,골목상권,3110255,상봉역 4번,4054,2483,1571,6,455,886,1164,879,664,1,218,560,648,531,525,5,237,326,516,348,139
20222,A,골목상권,3110259,사가정역 1번,2849,1765,1084,6,311,616,796,665,455,3,137,348,463,463,351,3,174,268,333,202,104
20222,A,골목상권,3110247,먹골역 1번,1727,841,886,0,201,366,470,450,240,0,59,164,206,235,177,0,142,202,264,215,63
20222,A,골목상권,3110244,중화역 4번,2138,1412,726,2,328,556,501,482,269,2,197,350,310,346,207,0,131,206,191,136,62
20222,A,골목상권,3110251,장안중학교,1630,858,772,0,198,364,401,366,301,0,75,156,203,193,231,0,123,208,198,173,70
20222,A,골목상권,3110271,신내역 1번,2482,929,1553,4,592,712,487,573,114,1,121,285,240,223,59,3,471,427,247,350,55
20222,A,골목상권,3110296,성신여대입구역 4번,12695,7697,4998,59,1926,3038,3949,2285,1438,26,872,1766,2632,1690,711,33,1054,1272,1317,595,727
20222,A,골목상권,3110297,경동고등학교,7690,3952,3738,8,907,1939,2285,1889,662,4,314,848,1159,1261,366,4,593,1091,1126,628,296
20222,A,골목상권,3110378,송중동주민센터,1126,533,593,8,114,164,325,277,238,6,49,71,143,123,141,2,65,93,182,154,97
20222,A,골목상권,3110414,장석교회,402,255,147,4,50,79,115,101,53,2,29,47,75,62,40,2,21,32,40,39,13
20222,A,골목상권,3110287,정릉3동주민센터,875,585,290,0,79,170,271,258,97,0,28,91,181,204,81,0,51,79,90,54,16
20222,A,골목상권,3110375,서울북부고용노동지청,845,360,485,1,109,138,239,204,154,0,39,61,79,89,92,1,70,77,160,115,62
20222,A,골목상권,3110399,창2동주민센터,1602,880,722,10,196,366,466,372,192,9,106,227,240,168,130,1,90,139,226,204,62
20222,A,골목상권,3110354,삼각산119안전센터,344,130,214,1,37,80,102,76,48,0,8,21,42,29,30,1,29,59,60,47,18
20222,A,골목상권,3110350,가오리역 2번,1785,1189,596,0,95,235,490,631,334,0,24,137,343,423,262,0,71,98,147,208,72
20222,A,골목상권,3110410,방학역 2번,5184,3020,2164,10,533,1200,1296,1319,826,9,263,670,687,796,595,1,270,530,609,523,231
20222,A,골목상권,3110411,도봉역 3번,1429,925,504,2,98,247,291,426,365,1,28,129,162,293,312,1,70,118,129,133,53
20222,A,골목상권,3110400,도봉구보건소,1846,892,954,4,271,357,453,479,282,3,89,169,210,236,185,1,182,188,243,243,97
20222,A,골목상권,3110409,창동역 2번,5869,3927,1942,2,646,1342,1458,1180,1241,0,365,971,1044,680,867,2,281,371,414,500,374
20222,A,골목상권,3110434,태릉입구역 4번,2447,893,1554,4,239,367,566,692,579,2,84,195,227,195,190,2,155,172,339,497,389
20222,A,골목상권,3110426,상계2동주민센터,2416,1320,1096,14,360,487,625,559,371,11,137,269,322,324,257,3,223,218,303,235,114
20222,A,골목상권,3110465,연신내역 7번,2257,927,1330,9,386,528,559,476,299,5,118,240,230,184,150,4,268,288,329,292,149
20222,A,골목상권,3110490,녹번동근린공원,3783,1923,1860,7,438,883,1034,1016,405,4,202,399,477,577,264,3,236,484,557,439,141
20222,A,골목상권,3110489,불광역 3번,716,357,359,0,96,185,192,137,106,0,35,89,98,60,75,0,61,96,94,77,31
20222,A,골목상권,3110479,연신내역 2번,2576,1321,1255,3,157,300,327,507,1282,1,56,170,162,218,714,2,101,130,165,289,568
20222,A,골목상권,3110493,북가좌초등학교,1809,1358,451,0,58,129,215,372,1035,0,18,54,90,234,962,0,40,75,125,138,73
20222,A,골목상권,3110492,하나고등학교,540,262,278,1,21,104,141,149,124,0,6,75,108,50,23,1,15,29,33,99,101
20222,A,골목상권,3110513,연희파출소,3363,2204,1159,22,567,790,725,790,469,9,272,540,501,544,338,13,295,250,224,246,131
20222,A,골목상권,3110514,서대문우체국,5884,4292,1592,5,831,1136,1085,2109,718,2,601,819,690,1648,532,3,230,317,395,461,186
20222,A,골목상권,3110562,연트럴파크(연남동주민센터),2875,1653,1222,6,493,708,654,605,409,5,216,416,353,352,311,1,277,292,301,253,98
20222,A,골목상권,3110508,서연중학교,4731,2947,1784,65,1080,1249,854,927,556,33,608,915,530,502,359,32,472,334,324,425,197
20222,A,골목상권,3110518,서대문구청,3722,1975,1747,12,546,1034,1058,869,203,9,200,479,568,581,138,3,346,555,490,288,65
20222,A,골목상권,3110525,홍은종합사회복지관,7221,1312,5909,3,183,467,1911,3557,1100,1,69,144,285,391,422,2,114,323,1626,3166,678
20222,A,골목상권,3110515,홍은중학교,1043,706,337,1,143,296,295,199,109,1,75,191,205,147,87,0,68,105,90,52,22
20222,A,골목상권,3110583,공덕래미안3차아파트,6179,4019,2160,25,972,2169,1807,999,207,2,442,1254,1331,841,149,23,530,915,476,158,58
20222,A,골목상권,3110577,용강동주민센터,9059,5496,3563,86,1376,2019,2088,1811,1679,35,752,1266,1421,1058,964,51,624,753,667,753,715
20222,A,골목상권,3110559,성산중학교,3953,2244,1709,15,791,1163,989,658,337,10,291,617,630,448,248,5,500,546,359,210,89
20222,A,골목상권,3110673,뜸부기어린이공원,3925,1626,2299,2,811,1050,872,768,422,1,199,434,404,342,246,1,612,616,468,426,176
20222,A,골목상권,3110593,신월3동주민센터,1762,1006,756,1,186,325,388,471,391,0,75,151,191,286,303,1,111,174,197,185,88
20222,A,골목상권,3110605,목동센트럴아이파크앞,1499,829,670,1,100,208,369,491,330,0,43,115,174,261,236,1,57,93,195,230,94
20222,A,골목상권,3110644,신광명마을,984,638,346,8,82,134,249,286,225,5,35,58,135,196,209,3,47,76,114,90,16
20222,A,골목상권,3110634,송정역 3번,2258,1399,859,4,275,506,610,511,352,1,117,307,373,338,263,3,158,199,237,173,89
20222,A,골목상권,3110637,송정역 2번,2971,1382,1589,8,213,374,533,870,973,1,106,229,321,293,432,7,107,145,212,577,541
20222,A,골목상권,3110717,남구로역 2번,14015,9786,4229,70,2885,4254,3438,2015,1353,55,1641,3012,2557,1417,1104,15,1244,1242,881,598,249
20222,A,골목상권,3110704,고척중학교,2226,1605,621,3,212,447,479,523,562,2,146,303,298,357,499,1,66,144,181,166,63
20222,A,골목상권,3110711,구로초등학교,6053,3126,2927,18,987,1548,1351,1432,717,6,398,756,689,847,430,12,589,792,662,585,287
20222,A,골목상권,3110853,KT구로지사,2641,1608,1033,1,319,772,649,545,355,0,145,461,405,335,262,1,174,311,244,210,93
20222,A,골목상권,3110719,영서중학교,8289,5933,2356,59,1796,2525,2024,1273,612,45,1066,1810,1558,970,484,14,730,715,466,303,128
20222,A,골목상권,3110681,온수역 1번,770,608,162,1,32,106,134,230,267,1,15,68,84,193,247,0,17,38,50,37,20
20222,A,골목상권,3110686,수궁동주민센터,1712,942,770,4,166,281,410,516,335,2,67,147,225,281,220,2,99,134,185,235,115
20222,A,골목상권,3110724,금천구립가산도서관,11383,7546,3837,40,1693,3181,2821,2099,1549,26,938,2131,2094,1485,872,14,755,1050,727,614,677
20222,A,골목상권,3110737,금천세무서,1798,1125,673,11,253,347,446,436,305,2,132,205,256,291,239,9,121,142,190,145,66
20222,A,골목상권,3110751,난곡중학교,4170,2971,1199,5,268,560,768,723,1846,4,152,299,440,412,1664,1,116,261,328,311,182
20222,A,골목상권,3110770,영등포구청역 6번,3743,2293,1450,10,456,798,1009,775,695,8,198,431,610,510,536,2,258,367,399,265,159
20222,A,골목상권,3110774,당산반도유보라팰리스아파트,6057,3990,2067,23,1174,1514,1210,1260,876,16,690,964,811,881,628,7,484,550,399,379,248
20222,A,골목상권,3110784,신대림초등학교,635,358,277,0,52,113,172,193,105,0,17,54,98,114,75,0,35,59,74,79,30
20222,A,골목상권,3110790,대림1동주민센터,1866,1133,733,8,165,442,606,439,206,6,106,276,315,276,154,2,59,166,291,163,52
20222,A,골목상권,3110797,KT대방빌딩,2388,1195,1193,9,744,610,471,373,181,6,202,321,282,247,137,3,542,289,189,126,44
20222,A,골목상권,3110767,도림동주민센터,1986,1301,685,12,195,337,469,452,521,9,94,206,296,293,403,3,101,131,173,159,118
20222,A,골목상권,3110795,도림초등학교,1472,844,628,3,149,235,336,361,388,3,60,124,194,196,267,0,89,111,142,165,121
20222,A,골목상권,3110816,대방역 6번,1738,1058,680,6,221,364,462,314,371,4,113,216,301,190,234,2,108,148,161,124,137
20222,A,골목상권,3110805,신길새마을금고신길4동지점,1023,537,486,1,157,206,259,272,128,0,62,106,133,146,90,1,95,100,126,126,38
20222,A,골목상권,3110760,선유도역 6번,5228,3263,1965,14,772,1203,1346,1246,647,10,420,748,783,769,533,4,352,455,563,477,114
20222,A,골목상권,3110829,장승배기역 5번,1910,1113,797,2,354,419,433,426,276,1,244,230,215,246,177,1,110,189,218,180,99
20222,A,골목상권,3110823,신대방삼거리역 3번,18527,11847,6680,53,3630,3578,3043,4396,3827,29,2845,2902,1956,2093,2022,24,785,676,1087,2303,1805
20222,A,골목상권,3110825,신대방삼거리역 1번,1887,1186,701,4,200,384,537,438,324,2,118,234,332,261,239,2,82,150,205,177,85
20222,A,골목상권,3110902,사당역 4번,4587,2962,1625,5,748,1134,1234,856,610,3,391,730,829,555,454,2,357,404,405,301,156
20222,A,골목상권,3110848,양지어린이공원,2097,1112,985,2,190,322,522,478,583,1,51,160,244,247,409,1,139,162,278,231,174
20222,A,골목상권,3110837,숭실대입구역 1번,7582,3000,4582,54,1016,1317,1684,2308,1203,29,513,708,790,619,341,25,503,609,894,1689,862
20222,A,골목상권,3110869,"신림역 5번(신림동주민센터, 신림동별빛거리)",3655,2148,1507,5,394,824,948,715,769,3,166,460,534,430,555,2,228,364,414,285,214
20222,A,골목상권,3110844,흑석2치안센터,160,91,69,1,22,48,41,25,23,1,12,21,23,16,18,0,10,27,18,9,5
20222,A,골목상권,3110897,서울대입구역 8번,3249,1771,1478,17,519,696,762,756,499,10,216,361,414,426,344,7,303,335,348,330,155
20222,A,골목상권,3110865,남강고등학교(남강중학교),1253,655,598,10,151,251,310,354,177,7,69,139,159,167,114,3,82,112,151,187,63
20222,A,골목상권,3110909,남태령역(서울전자고등학교),640,329,311,2,35,69,132,263,139,2,9,34,62,132,90,0,26,35,70,131,49
20222,A,골목상권,3110887,서울산업정보학교(서울삼성초등학교),1438,924,514,2,150,309,356,436,185,0,51,150,237,337,149,2,99,159,119,99,36
20222,A,골목상권,3110860,호림박물관(성보고등학교),1990,1169,821,6,297,530,482,443,232,2,133,294,297,266,177,4,164,236,185,177,55
20222,A,골목상권,3110883,은천초등학교(은천교앞),3082,1294,1788,17,445,582,703,892,443,2,110,250,330,308,294,15,335,332,373,584,149
20222,A,골목상권,3110877,신림역 8번,2858,1276,1582,5,569,617,591,596,480,1,169,257,289,245,315,4,400,360,302,351,165
20222,A,골목상권,3110894,관악동부센트레빌아파트(은천로35라길),7043,2668,4375,54,994,1207,1567,2169,1052,30,470,649,731,579,209,24,524,558,836,1590,843
20222,A,골목상권,3110946,청계산원터골,162,69,93,0,24,18,42,31,47,0,12,10,25,7,15,0,12,8,17,24,32
20222,A,골목상권,3110924,반포4동주민센터(몽마르뜨공원),77734,71457,6277,26,7647,15682,20670,31194,2515,11,6234,13666,18911,30353,2282,15,1413,2016,1759,841,233
20222,A,골목상권,3110922,내방역 1번,15637,10488,5149,75,3040,4842,3871,2935,874,57,1457,2908,2911,2496,659,18,1583,1934,960,439,215
20222,A,골목상권,3110929,남부터미널역 1번,36239,19956,16283,80,7810,8818,7565,9758,2208,25,2589,4537,4266,6904,1635,55,5221,4281,3299,2854,573
20222,A,골목상권,3110980,개포지구대옆,18101,5325,12776,71,2848,3483,6555,4107,1037,34,1294,1688,1158,625,526,37,1554,1795,5397,3482,511
20222,A,골목상권,3110951,신사은행나무공원,9132,5156,3976,46,2729,2597,1929,1129,702,14,1093,1493,1282,764,510,32,1636,1104,647,365,192
20222,A,골목상권,3111024,경찰병원역 4번(건너말공원),10720,6112,4608,57,1433,2394,2566,2144,2126,27,681,1469,1754,1167,1014,30,752,925,812,977,1112
20222,A,골목상권,3111046,마천역(마천초등학교),2560,1555,1005,5,274,560,700,645,376,1,145,333,390,383,303,4,129,227,310,262,73
20222,A,골목상권,3111044,남천초등학교,1831,923,908,1,191,385,506,486,262,0,87,192,216,220,208,1,104,193,290,266,54
20222,A,골목상권,3111033,문정동성당,32663,26076,6587,11,2622,5719,9448,12913,1950,4,1647,4277,7502,11343,1303,7,975,1442,1946,1570,647
20222,A,골목상권,3111019,한성백제역 3번,15362,8061,7301,39,2405,3433,3255,3668,2562,30,1305,2236,1757,1393,1340,9,1100,1197,1498,2275,1222
20222,A,골목상권,3111007,석촌고분역 4번,4469,2987,1482,9,625,1051,1004,989,791,8,392,705,646,633,603,1,233,346,358,356,188
20222,A,골목상권,3111004,삼전역 1번,11074,7193,3881,42,1623,2462,2544,2663,1740,4,728,1489,1666,1950,1356,38,895,973,878,713,384
20222,A,골목상권,3111051,천호역 6번,3537,1976,1561,10,608,745,821,822,531,4,339,401,414,434,384,6,269,344,407,388,147
20222,A,골목상권,3111018,풍납초등학교(풍납백제문화공원),958,634,324,0,133,194,216,258,157,0,84,122,134,175,119,0,49,72,82,83,38
20222,A,골목상권,3111064,둔촌동역 4번,2203,1364,839,6,236,423,519,533,486,5,121,252,314,340,332,1,115,171,205,193,154
20222,A,골목상권,3111078,굽은다리역 4번,3935,2367,1568,9,362,678,891,1032,963,5,192,427,513,612,618,4,170,251,378,420,345
20222,A,골목상권,3111082,중앙보훈병원,476,316,160,0,30,57,76,119,194,0,18,40,52,73,133,0,12,17,24,46,61
20222,A,골목상권,3111086,한영중고,702,392,310,1,68,159,171,215,88,1,31,67,87,136,70,0,37,92,84,79,18
20222,A,골목상권,3111070,천호초등학교,1434,798,636,6,118,348,397,393,172,1,45,166,221,243,122,5,73,182,176,150,50
20222,A,골목상권,3111057,천호공원(해공체육문화센터),1546,745,801,2,167,228,317,374,458,2,47,73,121,162,340,0,120,155,196,212,118
20221,A,골목상권,3110353,수유동우체국,2195,1467,728,0,76,117,357,593,1052,0,17,56,240,437,717,0,59,61,117,156,335
20221,A,골목상권,3110387,쌍문초등학교,1023,569,454,0,115,155,279,298,176,0,47,78,125,166,153,0,68,77,154,132,23
20221,A,골목상권,3110337,아카데미하우스,1220,817,403,6,149,254,287,330,194,6,70,184,184,207,166,0,79,70,103,123,28
20221,A,골목상권,3110397,도봉산입구,1081,690,391,0,65,132,223,329,332,0,17,63,112,226,272,0,48,69,111,103,60
20221,A,골목상권,3110406,도봉산역 1번,1282,894,388,0,35,92,248,427,480,0,12,56,183,328,315,0,23,36,65,99,165
20221,A,골목상권,3110415,수락산역 4번,3127,1795,1332,19,436,611,756,776,529,16,238,366,437,450,288,3,198,245,319,326,241
20221,A,골목상권,3110435,서울과학기술대,486,320,166,0,28,85,109,148,116,0,14,37,61,104,104,0,14,48,48,44,12
20221,A,골목상권,3110436,상계제일중학교,1604,823,781,12,185,351,391,391,274,7,70,171,207,186,182,5,115,180,184,205,92
20221,A,골목상권,3110432,대진고등학교,2273,1419,854,3,199,364,570,753,384,2,72,175,325,556,289,1,127,189,245,197,95
20221,A,골목상권,3110483,연천초등학교,1888,990,898,2,87,158,205,289,1147,1,35,83,95,136,640,1,52,75,110,153,507
20221,A,골목상권,3110491,불광중학교,467,194,273,1,38,82,132,139,75,1,13,39,53,48,40,0,25,43,79,91,35
20221,A,골목상권,3110494,증산3교남측,1503,1100,403,0,61,162,176,249,855,0,27,76,66,146,785,0,34,86,110,103,70
20221,A,골목상권,3110452,새절역 3번,1150,767,383,3,83,169,269,341,285,3,52,85,159,216,252,0,31,84,110,125,33
20221,A,골목상권,3110469,응암정보도서관,2593,1307,1286,1,277,517,711,671,416,0,105,249,330,338,285,1,172,268,381,333,131
20221,A,골목상권,3110471,응암동우체국,1068,455,613,2,131,198,295,296,146,1,38,64,109,149,94,1,93,134,186,147,52
20221,A,골목상권,3110497,가좌역 3번,3639,2210,1429,4,227,430,591,916,1471,2,157,288,394,494,875,2,70,142,197,422,596
20221,A,골목상권,3110501,연희어린이공원,1435,806,629,9,204,340,341,335,206,8,95,227,185,158,133,1,109,113,156,177,73
20221,A,골목상권,3110500,남가좌동현대아파트,219,118,101,0,28,30,52,77,32,0,13,18,25,47,15,0,15,12,27,30,17
20221,A,골목상권,3110530,아현역 1번,1285,656,629,2,341,431,249,154,108,1,130,243,133,83,66,1,211,188,116,71,42
20221,A,골목상권,3110509,연희대우아파트앞,3108,1452,1656,10,588,768,762,647,333,7,195,340,413,291,206,3,393,428,349,356,127
20221,A,골목상권,3110564,홍대입구역 3번,3719,2005,1714,13,669,919,827,753,538,9,248,448,456,453,391,4,421,471,371,300,147
20221,A,골목상권,3110524,연희세브란스병원,103,61,42,0,12,14,21,21,35,0,6,7,10,13,25,0,6,7,11,8,10
20221,A,골목상권,3110519,서대문구보건소별관,1507,688,819,1,235,290,399,374,208,1,79,135,203,162,108,0,156,155,196,212,100
20221,A,골목상권,3110576,대흥역 3번,5382,3414,1968,79,939,1223,1169,1147,825,29,466,793,820,754,552,50,473,430,349,393,273
20221,A,골목상권,3110573,신촌역 6번,3658,1638,2020,59,1952,841,356,296,154,19,740,412,168,189,110,40,1212,429,188,107,44
20221,A,골목상권,3110563,상수역 3번,1775,1091,684,20,394,537,380,269,175,14,185,322,259,186,125,6,209,215,121,83,50
20221,A,골목상권,3110621,목동역 5번,6561,3403,3158,13,1373,1658,1558,1218,741,7,459,886,925,658,468,6,914,772,633,560,273
20221,A,골목상권,3110604,신월4동주민센터,2562,1829,733,1,147,307,531,813,763,1,63,163,324,591,687,0,84,144,207,222,76
20221,A,골목상권,3110592,서울금융고등학교,1418,826,592,0,159,268,306,388,297,0,60,114,154,262,236,0,99,154,152,126,61
20221,A,골목상권,3110595,메디힐병원,2673,1506,1167,2,265,534,570,717,585,1,120,277,304,429,375,1,145,257,266,288,210
20221,A,골목상권,3110603,지향초등학교,1491,835,656,3,116,242,379,451,300,0,47,129,201,246,212,3,69,113,178,205,88
20221,A,골목상권,3110625,신정2동주민센터,16198,9820,6378,112,2886,5330,4076,2804,990,78,1380,3276,2623,1819,644,34,1506,2054,1453,985,346
20221,A,골목상권,3110694,세곡초등학교,1785,1047,738,2,177,395,445,464,302,0,103,223,225,258,238,2,74,172,220,206,64
20221,A,골목상권,3110614,목동로데오거리,2417,1098,1319,3,334,528,600,608,344,2,114,230,276,284,192,1,220,298,324,324,152
20221,A,골목상권,3110667,가양역 10번,1800,935,865,11,274,339,420,410,346,3,109,178,245,204,196,8,165,161,175,206,150
20221,A,골목상권,3110643,강서구다솔마을,965,598,367,1,130,245,288,220,81,0,61,147,186,143,61,1,69,98,102,77,20
20221,A,골목상권,3110639,신방화역 8번,2731,1181,1550,7,220,288,413,883,920,4,100,169,211,292,405,3,120,119,202,591,515
20221,A,골목상권,3110663,우장산롯데캐슬아파트앞,5359,3199,2160,30,999,1445,1422,975,488,6,423,940,917,567,346,24,576,505,505,408,142
20221,A,골목상권,3110641,공항고등학교,1128,713,415,5,140,196,275,310,202,4,68,126,151,195,169,1,72,70,124,115,33
20221,A,골목상권,3110633,개화산역 1번,1889,1400,489,5,147,329,613,532,263,3,96,226,475,385,215,2,51,103,138,147,48
20221,A,골목상권,3110642,정곡초등학교,685,546,139,4,37,93,162,180,209,3,26,69,120,144,184,1,11,24,42,36,25
20221,A,골목상권,3110678,염창무학아파트,1394,954,440,1,153,288,345,353,254,1,67,196,230,253,207,0,86,92,115,100,47
20221,A,골목상권,3110653,화곡역 2번,3217,1604,1613,4,830,737,647,610,389,2,234,386,349,374,259,2,596,351,298,236,130
20221,A,골목상권,3110664,강서구청옆,5115,3052,2063,3,737,1589,1285,1162,339,2,325,916,765,801,243,1,412,673,520,361,96
20221,A,골목상권,3110661,강서새말어린이공원,5000,2990,2010,3,614,1412,1299,1279,393,1,264,757,773,902,293,2,350,655,526,377,100
20221,A,골목상권,3110710,남구로역 3번,11294,7278,4016,42,2025,3289,2861,1783,1294,27,997,2122,1963,1237,932,15,1028,1167,898,546,362
20221,A,골목상권,3110683,오류고등학교,947,549,398,2,104,203,251,259,128,0,46,117,149,161,76,2,58,86,102,98,52
20221,A,골목상권,3110687,"천왕역 3번(오류2동주민센터, 서울오류남초등학교)",611,327,284,2,64,145,181,164,55,0,25,67,94,101,40,2,39,78,87,63,15
20221,A,골목상권,3110740,금천해태공원,2272,1221,1051,12,314,449,585,607,305,12,140,242,307,289,231,0,174,207,278,318,74
20221,A,골목상권,3110733,금천어울림복지센터,1394,848,546,6,220,294,309,352,213,6,95,175,196,198,178,0,125,119,113,154,35
20221,A,골목상권,3110739,시흥3동 우편취급국,6057,3396,2661,12,415,798,1378,1593,1861,3,218,521,767,793,1094,9,197,277,611,800,767
20221,A,골목상권,3110794,영동초등학교,6731,4384,2347,7,908,1678,1868,1488,782,4,484,1187,1296,880,533,3,424,491,572,608,249
20221,A,골목상권,3110796,한림대학교한강성심병원,4703,2546,2157,8,1205,1185,1032,730,543,0,356,602,664,496,428,8,849,583,368,234,115
20221,A,골목상권,3110773,당산역 13번,2296,1625,671,5,321,455,469,433,613,2,200,319,306,314,484,3,121,136,163,119,129
20221,A,골목상권,3110775,대동초등학교,2205,1172,1033,3,265,305,440,491,701,2,87,154,225,267,437,1,178,151,215,224,264
20221,A,골목상권,3110802,신길동홍어거리,1688,958,730,2,163,356,336,340,491,0,66,161,165,198,368,2,97,195,171,142,123
20221,A,골목상권,3110814,서울지방병무청,7231,4542,2689,9,1277,1559,1449,2091,846,3,648,1005,888,1436,562,6,629,554,561,655,284
20221,A,골목상권,3110791,신풍역 3번,962,409,553,2,107,204,340,219,90,1,55,84,106,98,65,1,52,120,234,121,25
20221,A,골목상권,3110826,장승배기역 4번,1539,717,822,2,208,317,383,327,302,1,88,174,163,145,146,1,120,143,220,182,156
20221,A,골목상권,3110846,남성역 1번,3023,1643,1380,6,279,488,722,688,840,4,110,241,329,370,589,2,169,247,393,318,251
20221,A,골목상권,3110849,이수역 10번,2020,917,1103,9,243,385,555,503,325,3,74,176,237,222,205,6,169,209,318,281,120
20221,A,골목상권,3110904,이수역 5번,7580,3075,4505,27,1481,1942,1814,1328,988,11,481,754,719,541,569,16,1000,1188,1095,787,419
20221,A,골목상권,3110845,사당종합체육관,2216,1328,888,1,343,604,608,487,173,0,142,347,418,296,125,1,201,257,190,191,48
20221,A,골목상권,3110838,상도1동주민센터앞,470,279,191,0,38,134,125,108,65,0,24,64,76,59,56,0,14,70,49,49,9
20221,A,골목상권,3110842,흑리단길,333,124,209,1,42,51,91,88,60,0,9,16,31,31,37,1,33,35,60,57,23
20221,A,골목상권,3110895,샤로수길,9100,5774,3326,22,1457,2643,2011,1949,1018,12,741,1663,1249,1320,789,10,716,980,762,629,229
20221,A,골목상권,3110862,난곡초등학교(난곡동벽화마을),751,369,382,4,90,142,198,179,138,2,33,61,89,89,95,2,57,81,109,90,43
20221,A,골목상권,3110881,구립대학경로당(관악산샘말공원),3491,2506,985,7,487,876,989,802,330,2,285,574,762,628,255,5,202,302,227,174,75
20221,A,골목상권,3110868,남부초등학교,1203,669,534,1,119,222,307,292,262,1,58,121,153,170,166,0,61,101,154,122,96
20221,A,골목상권,3110884,봉천역 4번(봉천110안전센터),2449,1248,1201,5,344,475,517,594,514,2,117,236,287,288,318,3,227,239,230,306,196
20221,A,골목상권,3110945,본마을노인복지센터(서초구립내곡도서관),282,173,109,3,60,68,60,61,30,3,24,39,39,44,24,0,36,29,21,17,6
20221,A,골목상권,3110923,방배역 1번,7685,4925,2760,99,1271,2216,1992,1225,882,30,656,1274,1396,874,695,69,615,942,596,351,187
20221,A,골목상권,3110911,방배배수지체육공원,5174,3320,1854,19,999,1738,1199,574,645,7,472,1151,868,368,454,12,527,587,331,206,191
20221,A,골목상권,3110925,서초중학교,7154,4224,2930,46,1556,2069,1769,1060,654,22,621,1233,1169,687,492,24,935,836,600,373,162
20221,A,골목상권,3110939,양재역 8번(양재동우체국),41563,20436,21127,491,8989,10005,11680,7308,3090,234,4386,5999,4772,2772,2273,257,4603,4006,6908,4536,817
20221,A,골목상권,3110957,언북중학교,19599,10831,8768,50,4379,6251,4791,2651,1477,12,1584,3303,3059,1807,1066,38,2795,2948,1732,844,411
20221,A,골목상권,3110965,언주역 6번,9740,5517,4223,23,2101,3089,2326,1335,866,8,808,1801,1548,764,588,15,1293,1288,778,571,278
20221,A,골목상권,3110989,대치동아우편취급국,11455,6945,4510,30,1728,2699,2466,2216,2316,10,807,1670,1718,1423,1317,20,921,1029,748,793,999
20221,A,골목상권,3110976,언북초등학교,7421,3945,3476,22,1768,2422,1579,974,656,5,662,1328,981,573,396,17,1106,1094,598,401,260
20221,A,골목상권,3111013,송파나루역 1번(송리단길),13204,8353,4851,24,2104,4019,3310,2243,1504,8,1026,2562,2230,1466,1061,16,1078,1457,1080,777,443
20221,A,골목상권,3111009,송파책박물관,1894,1412,482,3,218,363,367,454,489,1,177,296,267,293,378,2,41,67,100,161,111
20221,A,골목상권,3111036,투구봉어린이공원,2144,1386,758,11,342,562,503,501,225,9,231,389,324,276,157,2,111,173,179,225,68
20221,A,골목상권,3111039,벌말어린이공원,2919,1879,1040,10,337,724,752,674,422,9,200,492,489,409,280,1,137,232,263,265,142
20221,A,골목상권,3111063,강동구립 천호도서관,2780,1638,1142,5,183,340,451,548,1253,5,84,173,243,277,856,0,99,167,208,271,397
20221,A,골목상권,3111075,굽은다리역 2번,2417,1284,1133,3,301,474,580,612,447,1,128,269,277,326,283,2,173,205,303,286,164
20221,A,골목상권,3111058,성내중학교,2021,1203,818,3,223,404,536,552,303,1,135,242,295,323,207,2,88,162,241,229,96
20221,A,골목상권,3111055,선사초등학교,1504,437,1067,1,125,210,322,498,348,0,66,114,117,64,76,1,59,96,205,434,272
20221,A,골목상권,3110535,영천시장입구,1407,635,772,2,148,229,338,457,233,2,47,91,151,210,134,0,101,138,187,247,99
20221,A,골목상권,3110009,자하문터널,2236,1348,888,1,463,684,579,375,134,1,207,424,359,259,98,0,256,260,220,116,36
20221,A,골목상권,3110033,창신역 4번,852,441,411,1,111,175,201,230,134,0,33,87,107,143,71,1,78,88,94,87,63
20221,A,골목상권,3110023,서울대병원,2374,1256,1118,7,511,735,518,390,213,2,179,349,299,269,158,5,332,386,219,121,55
20221,A,골목상권,3110022,경신고등학교,5909,2689,3220,26,974,1661,1479,1083,686,19,336,787,696,497,354,7,638,874,783,586,332
20221,A,골목상권,3110280,북정마을,1209,815,394,9,195,326,356,231,92,2,107,241,255,149,61,7,88,85,101,82,31
20221,A,골목상권,3110044,관성묘,34192,15760,18432,442,11564,8837,6437,4830,2082,190,5585,5080,3417,1066,422,252,5979,3757,3020,3764,1660
20221,A,골목상권,3110590,만리재,1137,499,638,0,203,311,256,242,125,0,72,138,121,98,70,0,131,173,135,144,55
20221,A,골목상권,3110538,충정로역 3번,6660,3985,2675,3,1234,1988,1797,1041,597,2,614,1164,1117,687,401,1,620,824,680,354,196
20221,A,골목상권,3110074,서울역 12번,26467,15378,11089,166,9386,8469,5337,2396,713,16,2581,5612,4442,2143,584,150,6805,2857,895,253,129
20221,A,골목상권,3110079,후암동주민센터,23635,17320,6315,25,4338,8442,6036,3464,1330,14,2507,5969,5038,2823,969,11,1831,2473,998,641,361
20221,A,골목상권,3110084,경리단길북측,1137,629,508,2,162,321,292,215,145,0,72,172,152,124,109,2,90,149,140,91,36
20221,A,골목상권,3110081,해방촌 남동측,1004,549,455,0,167,274,244,214,105,0,70,167,133,107,72,0,97,107,111,107,33
20221,A,골목상권,3110071,한강미주맨션아파트,7694,4336,3358,39,937,1689,2729,1822,478,30,410,993,1467,1121,315,9,527,696,1262,701,163
20221,A,골목상권,3110070,용산세무서,4544,2531,2013,7,511,842,1763,1106,315,0,317,511,830,654,219,7,194,331,933,452,96
20221,A,골목상권,3110062,한강로동땡땡거리(은행나무길),6939,4293,2646,11,881,2017,1923,1394,713,7,381,1078,1310,1036,481,4,500,939,613,358,232
20221,A,골목상권,3110101,옥정중학교,7875,6553,1322,8,667,2533,2557,1899,211,4,336,1961,2280,1793,179,4,331,572,277,106,32
20221,A,골목상권,3110102,옥수역 6번,3841,1318,2523,3,1030,1177,844,551,236,0,231,368,353,245,121,3,799,809,491,306,115
20221,A,골목상권,3110142,화양사거리,2804,1663,1141,4,514,723,673,527,363,1,251,457,441,258,255,3,263,266,232,269,108
20221,A,골목상권,3110179,광나루역 1번,5756,3390,2366,160,2246,981,941,998,430,51,1063,679,646,684,267,109,1183,302,295,314,163
20221,A,골목상권,3110180,광진정보도서관,8061,5134,2927,18,2150,2859,1722,920,392,5,1092,1920,1198,611,308,13,1058,939,524,309,84
20221,A,골목상권,3110159,구의역 4번,5367,2836,2531,7,750,1225,1369,1270,746,7,284,550,682,767,546,0,466,675,687,503,200
20221,A,골목상권,3110148,어린이대공원역 3번,1054,772,282,0,83,139,292,374,166,0,39,93,207,287,146,0,44,46,85,87,20
20221,A,골목상권,3110153,중곡1동주민센터,4344,1904,2440,82,1289,748,851,997,377,28,556,394,376,309,241,54,733,354,475,688,136
20221,A,골목상권,3110228,장안근린공원,5579,2983,2596,50,1846,996,988,1029,670,31,967,565,447,513,460,19,879,431,541,516,210
20221,A,골목상권,3110183,한국의류시험연구원,5635,1896,3739,5,941,1338,1052,1352,947,1,284,602,411,281,317,4,657,736,641,1071,630
20221,A,골목상권,3110210,서울시립대,1290,734,556,4,172,214,230,290,380,1,63,119,130,137,284,3,109,95,100,153,96
20221,A,골목상권,3110197,세종대왕기념관교차로,681,441,240,1,42,138,243,179,78,1,22,79,156,117,66,0,20,59,87,62,12
20221,A,골목상권,3110317,종암중학교,856,427,429,0,69,203,291,204,89,0,23,84,143,127,50,0,46,119,148,77,39
20221,A,골목상권,3110269,용마문화복지센터,1193,806,387,1,105,206,253,351,277,0,39,123,168,269,207,1,66,83,85,82,70
20221,A,골목상권,3110262,상봉역 3번,2597,1501,1096,5,405,724,834,459,170,3,233,499,436,209,121,2,172,225,398,250,49
20221,A,골목상권,3110243,중랑노인종합복지관,1280,706,574,2,112,204,300,372,290,1,37,90,161,202,215,1,75,114,139,170,75
20221,A,골목상권,3110252,장안제일시장,1463,895,568,1,172,277,384,342,287,1,77,179,182,215,241,0,95,98,202,127,46
20221,A,골목상권,3110255,상봉역 4번,4054,2483,1571,6,455,886,1164,879,664,1,218,560,648,531,525,5,237,326,516,348,139
20221,A,골목상권,3110259,사가정역 1번,2849,1765,1084,6,311,616,796,665,455,3,137,348,463,463,351,3,174,268,333,202,104
20221,A,골목상권,3110247,먹골역 1번,1727,841,886,0,201,366,470,450,240,0,59,164,206,235,177,0,142,202,264,215,63
20221,A,골목상권,3110244,중화역 4번,2138,1412,726,2,328,556,501,482,269,2,197,350,310,346,207,0,131,206,191,136,62
20221,A,골목상권,3110251,장안중학교,1630,858,772,0,198,364,401,366,301,0,75,156,203,193,231,0,123,208,198,173,70
20221,A,골목상권,3110271,신내역 1번,2482,929,1553,4,592,712,487,573,114,1,121,285,240,223,59,3,471,427,247,350,55
20221,A,골목상권,3110296,성신여대입구역 4번,12695,7697,4998,59,1926,3038,3949,2285,1438,26,872,1766,2632,1690,711,33,1054,1272,1317,595,727
20221,A,골목상권,3110297,경동고등학교,7690,3952,3738,8,907,1939,2285,1889,662,4,314,848,1159,1261,366,4,593,1091,1126,628,296
20221,A,골목상권,3110378,송중동주민센터,1126,533,593,8,114,164,325,277,238,6,49,71,143,123,141,2,65,93,182,154,97
20221,A,골목상권,3110414,장석교회,402,255,147,4,50,79,115,101,53,2,29,47,75,62,40,2,21,32,40,39,13
20221,A,골목상권,3110287,정릉3동주민센터,875,585,290,0,79,170,271,258,97,0,28,91,181,204,81,0,51,79,90,54,16
20221,A,골목상권,3110375,서울북부고용노동지청,845,360,485,1,109,138,239,204,154,0,39,61,79,89,92,1,70,77,160,115,62
20221,A,골목상권,3110399,창2동주민센터,1602,880,722,10,196,366,466,372,192,9,106,227,240,168,130,1,90,139,226,204,62
20221,A,골목상권,3110354,삼각산119안전센터,344,130,214,1,37,80,102,76,48,0,8,21,42,29,30,1,29,59,60,47,18
20221,A,골목상권,3110350,가오리역 2번,1785,1189,596,0,95,235,490,631,334,0,24,137,343,423,262,0,71,98,147,208,72
20221,A,골목상권,3110410,방학역 2번,5184,3020,2164,10,533,1200,1296,1319,826,9,263,670,687,796,595,1,270,530,609,523,231
20221,A,골목상권,3110411,도봉역 3번,1429,925,504,2,98,247,291,426,365,1,28,129,162,293,312,1,70,118,129,133,53
20221,A,골목상권,3110400,도봉구보건소,1846,892,954,4,271,357,453,479,282,3,89,169,210,236,185,1,182,188,243,243,97
20221,A,골목상권,3110409,창동역 2번,5869,3927,1942,2,646,1342,1458,1180,1241,0,365,971,1044,680,867,2,281,371,414,500,374
20221,A,골목상권,3110434,태릉입구역 4번,2447,893,1554,4,239,367,566,692,579,2,84,195,227,195,190,2,155,172,339,497,389
20221,A,골목상권,3110426,상계2동주민센터,2416,1320,1096,14,360,487,625,559,371,11,137,269,322,324,257,3,223,218,303,235,114
20221,A,골목상권,3110465,연신내역 7번,2257,927,1330,9,386,528,559,476,299,5,118,240,230,184,150,4,268,288,329,292,149
20221,A,골목상권,3110490,녹번동근린공원,3783,1923,1860,7,438,883,1034,1016,405,4,202,399,477,577,264,3,236,484,557,439,141
20221,A,골목상권,3110489,불광역 3번,716,357,359,0,96,185,192,137,106,0,35,89,98,60,75,0,61,96,94,77,31
20221,A,골목상권,3110479,연신내역 2번,2576,1321,1255,3,157,300,327,507,1282,1,56,170,162,218,714,2,101,130,165,289,568
20221,A,골목상권,3110493,북가좌초등학교,1809,1358,451,0,58,129,215,372,1035,0,18,54,90,234,962,0,40,75,125,138,73
20221,A,골목상권,3110492,하나고등학교,540,262,278,1,21,104,141,149,124,0,6,75,108,50,23,1,15,29,33,99,101
20221,A,골목상권,3110513,연희파출소,3363,2204,1159,22,567,790,725,790,469,9,272,540,501,544,338,13,295,250,224,246,131
20221,A,골목상권,3110514,서대문우체국,5884,4292,1592,5,831,1136,1085,2109,718,2,601,819,690,1648,532,3,230,317,395,461,186
20221,A,골목상권,3110562,연트럴파크(연남동주민센터),2875,1653,1222,6,493,708,654,605,409,5,216,416,353,352,311,1,277,292,301,253,98
20221,A,골목상권,3110508,서연중학교,4731,2947,1784,65,1080,1249,854,927,556,33,608,915,530,502,359,32,472,334,324,425,197
20221,A,골목상권,3110518,서대문구청,3722,1975,1747,12,546,1034,1058,869,203,9,200,479,568,581,138,3,346,555,490,288,65
20221,A,골목상권,3110525,홍은종합사회복지관,7221,1312,5909,3,183,467,1911,3557,1100,1,69,144,285,391,422,2,114,323,1626,3166,678
20221,A,골목상권,3110515,홍은중학교,1043,706,337,1,143,296,295,199,109,1,75,191,205,147,87,0,68,105,90,52,22
20221,A,골목상권,3110583,공덕래미안3차아파트,6179,4019,2160,25,972,2169,1807,999,207,2,442,1254,1331,841,149,23,530,915,476,158,58
20221,A,골목상권,3110577,용강동주민센터,9059,5496,3563,86,1376,2019,2088,1811,1679,35,752,1266,1421,1058,964,51,624,753,667,753,715
20221,A,골목상권,3110559,성산중학교,3953,2244,1709,15,791,1163,989,658,337,10,291,617,630,448,248,5,500,546,359,210,89
20221,A,골목상권,3110673,뜸부기어린이공원,3925,1626,2299,2,811,1050,872,768,422,1,199,434,404,342,246,1,612,616,468,426,176
20221,A,골목상권,3110593,신월3동주민센터,1762,1006,756,1,186,325,388,471,391,0,75,151,191,286,303,1,111,174,197,185,88
20221,A,골목상권,3110605,목동센트럴아이파크앞,1499,829,670,1,100,208,369,491,330,0,43,115,174,261,236,1,57,93,195,230,94
20221,A,골목상권,3110644,신광명마을,984,638,346,8,82,134,249,286,225,5,35,58,135,196,209,3,47,76,114,90,16
20221,A,골목상권,3110634,송정역 3번,2258,1399,859,4,275,506,610,511,352,1,117,307,373,338,263,3,158,199,237,173,89
20221,A,골목상권,3110637,송정역 2번,2971,1382,1589,8,213,374,533,870,973,1,106,229,321,293,432,7,107,145,212,577,541
20221,A,골목상권,3110717,남구로역 2번,14015,9786,4229,70,2885,4254,3438,2015,1353,55,1641,3012,2557,1417,1104,15,1244,1242,881,598,249
20221,A,골목상권,3110704,고척중학교,2226,1605,621,3,212,447,479,523,562,2,146,303,298,357,499,1,66,144,181,166,63
20221,A,골목상권,3110711,구로초등학교,6053,3126,2927,18,987,1548,1351,1432,717,6,398,756,689,847,430,12,589,792,662,585,287
20221,A,골목상권,3110853,KT구로지사,2641,1608,1033,1,319,772,649,545,355,0,145,461,405,335,262,1,174,311,244,210,93
20221,A,골목상권,3110719,영서중학교,8289,5933,2356,59,1796,2525,2024,1273,612,45,1066,1810,1558,970,484,14,730,715,466,303,128
20221,A,골목상권,3110681,온수역 1번,770,608,162,1,32,106,134,230,267,1,15,68,84,193,247,0,17,38,50,37,20
20221,A,골목상권,3110686,수궁동주민센터,1712,942,770,4,166,281,410,516,335,2,67,147,225,281,220,2,99,134,185,235,115
20221,A,골목상권,3110724,금천구립가산도서관,11383,7546,3837,40,1693,3181,2821,2099,1549,26,938,2131,2094,1485,872,14,755,1050,727,614,677
20221,A,골목상권,3110737,금천세무서,1798,1125,673,11,253,347,446,436,305,2,132,205,256,291,239,9,121,142,190,145,66
20221,A,골목상권,3110751,난곡중학교,4170,2971,1199,5,268,560,768,723,1846,4,152,299,440,412,1664,1,116,261,328,311,182
20221,A,골목상권,3110770,영등포구청역 6번,3743,2293,1450,10,456,798,1009,775,695,8,198,431,610,510,536,2,258,367,399,265,159
20221,A,골목상권,3110774,당산반도유보라팰리스아파트,6057,3990,2067,23,1174,1514,1210,1260,876,16,690,964,811,881,628,7,484,550,399,379,248
20221,A,골목상권,3110784,신대림초등학교,635,358,277,0,52,113,172,193,105,0,17,54,98,114,75,0,35,59,74,79,30
20221,A,골목상권,3110790,대림1동주민센터,1866,1133,733,8,165,442,606,439,206,6,106,276,315,276,154,2,59,166,291,163,52
20221,A,골목상권,3110797,KT대방빌딩,2388,1195,1193,9,744,610,471,373,181,6,202,321,282,247,137,3,542,289,189,126,44
20221,A,골목상권,3110767,도림동주민센터,1986,1301,685,12,195,337,469,452,521,9,94,206,296,293,403,3,101,131,173,159,118
20221,A,골목상권,3110795,도림초등학교,1472,844,628,3,149,235,336,361,388,3,60,124,194,196,267,0,89,111,142,165,121
20221,A,골목상권,3110816,대방역 6번,1738,1058,680,6,221,364,462,314,371,4,113,216,301,190,234,2,108,148,161,124,137
20221,A,골목상권,3110805,신길새마을금고신길4동지점,1023,537,486,1,157,206,259,272,128,0,62,106,133,146,90,1,95,100,126,126,38
20221,A,골목상권,3110760,선유도역 6번,5228,3263,1965,14,772,1203,1346,1246,647,10,420,748,783,769,533,4,352,455,563,477,114
20221,A,골목상권,3110829,장승배기역 5번,1910,1113,797,2,354,419,433,426,276,1,244,230,215,246,177,1,110,189,218,180,99
20221,A,골목상권,3110823,신대방삼거리역 3번,18527,11847,6680,53,3630,3578,3043,4396,3827,29,2845,2902,1956,2093,2022,24,785,676,1087,2303,1805
20221,A,골목상권,3110825,신대방삼거리역 1번,1887,1186,701,4,200,384,537,438,324,2,118,234,332,261,239,2,82,150,205,177,85
20221,A,골목상권,3110902,사당역 4번,4587,2962,1625,5,748,1134,1234,856,610,3,391,730,829,555,454,2,357,404,405,301,156
20221,A,골목상권,3110848,양지어린이공원,2097,1112,985,2,190,322,522,478,583,1,51,160,244,247,409,1,139,162,278,231,174
20221,A,골목상권,3110837,숭실대입구역 1번,7582,3000,4582,54,1016,1317,1684,2308,1203,29,513,708,790,619,341,25,503,609,894,1689,862
20221,A,골목상권,3110869,"신림역 5번(신림동주민센터, 신림동별빛거리)",3655,2148,1507,5,394,824,948,715,769,3,166,460,534,430,555,2,228,364,414,285,214
20221,A,골목상권,3110844,흑석2치안센터,160,91,69,1,22,48,41,25,23,1,12,21,23,16,18,0,10,27,18,9,5
20221,A,골목상권,3110897,서울대입구역 8번,3249,1771,1478,17,519,696,762,756,499,10,216,361,414,426,344,7,303,335,348,330,155
20221,A,골목상권,3110865,남강고등학교(남강중학교),1253,655,598,10,151,251,310,354,177,7,69,139,159,167,114,3,82,112,151,187,63
20221,A,골목상권,3110909,남태령역(서울전자고등학교),640,329,311,2,35,69,132,263,139,2,9,34,62,132,90,0,26,35,70,131,49
20221,A,골목상권,3110887,서울산업정보학교(서울삼성초등학교),1438,924,514,2,150,309,356,436,185,0,51,150,237,337,149,2,99,159,119,99,36
20221,A,골목상권,3110860,호림박물관(성보고등학교),1990,1169,821,6,297,530,482,443,232,2,133,294,297,266,177,4,164,236,185,177,55
20221,A,골목상권,3110883,은천초등학교(은천교앞),3082,1294,1788,17,445,582,703,892,443,2,110,250,330,308,294,15,335,332,373,584,149
20221,A,골목상권,3110877,신림역 8번,2858,1276,1582,5,569,617,591,596,480,1,169,257,289,245,315,4,400,360,302,351,165
20221,A,골목상권,3110894,관악동부센트레빌아파트(은천로35라길),7043,2668,4375,54,994,1207,1567,2169,1052,30,470,649,731,579,209,24,524,558,836,1590,843
20221,A,골목상권,3110946,청계산원터골,162,69,93,0,24,18,42,31,47,0,12,10,25,7,15,0,12,8,17,24,32
20221,A,골목상권,3110924,반포4동주민센터(몽마르뜨공원),77734,71457,6277,26,7647,15682,20670,31194,2515,11,6234,13666,18911,30353,2282,15,1413,2016,1759,841,233
20221,A,골목상권,3110922,내방역 1번,15637,10488,5149,75,3040,4842,3871,2935,874,57,1457,2908,2911,2496,659,18,1583,1934,960,439,215
20221,A,골목상권,3110929,남부터미널역 1번,36239,19956,16283,80,7810,8818,7565,9758,2208,25,2589,4537,4266,6904,1635,55,5221,4281,3299,2854,573
20221,A,골목상권,3110980,개포지구대옆,18101,5325,12776,71,2848,3483,6555,4107,1037,34,1294,1688,1158,625,526,37,1554,1795,5397,3482,511
20221,A,골목상권,3110951,신사은행나무공원,9132,5156,3976,46,2729,2597,1929,1129,702,14,1093,1493,1282,764,510,32,1636,1104,647,365,192
20221,A,골목상권,3111024,경찰병원역 4번(건너말공원),10720,6112,4608,57,1433,2394,2566,2144,2126,27,681,1469,1754,1167,1014,30,752,925,812,977,1112
20221,A,골목상권,3111046,마천역(마천초등학교),2560,1555,1005,5,274,560,700,645,376,1,145,333,390,383,303,4,129,227,310,262,73
20221,A,골목상권,3111044,남천초등학교,1831,923,908,1,191,385,506,486,262,0,87,192,216,220,208,1,104,193,290,266,54
20221,A,골목상권,3111033,문정동성당,32663,26076,6587,11,2622,5719,9448,12913,1950,4,1647,4277,7502,11343,1303,7,975,1442,1946,1570,647
20221,A,골목상권,3111019,한성백제역 3번,15362,8061,7301,39,2405,3433,3255,3668,2562,30,1305,2236,1757,1393,1340,9,1100,1197,1498,2275,1222
20221,A,골목상권,3111007,석촌고분역 4번,4469,2987,1482,9,625,1051,1004,989,791,8,392,705,646,633,603,1,233,346,358,356,188
20221,A,골목상권,3111004,삼전역 1번,11074,7193,3881,42,1623,2462,2544,2663,1740,4,728,1489,1666,1950,1356,38,895,973,878,713,384
20221,A,골목상권,3111051,천호역 6번,3537,1976,1561,10,608,745,821,822,531,4,339,401,414,434,384,6,269,344,407,388,147
20221,A,골목상권,3111018,풍납초등학교(풍납백제문화공원),958,634,324,0,133,194,216,258,157,0,84,122,134,175,119,0,49,72,82,83,38
20221,A,골목상권,3111064,둔촌동역 4번,2203,1364,839,6,236,423,519,533,486,5,121,252,314,340,332,1,115,171,205,193,154
20221,A,골목상권,3111078,굽은다리역 4번,3935,2367,1568,9,362,678,891,1032,963,5,192,427,513,612,618,4,170,251,378,420,345
20221,A,골목상권,3111082,중앙보훈병원,476,316,160,0,30,57,76,119,194,0,18,40,52,73,133,0,12,17,24,46,61
20221,A,골목상권,3111086,한영중고,702,392,310,1,68,159,171,215,88,1,31,67,87,136,70,0,37,92,84,79,18
20221,A,골목상권,3111070,천호초등학교,1434,798,636,6,118,348,397,393,172,1,45,166,221,243,122,5,73,182,176,150,50
20221,A,골목상권,3111057,천호공원(해공체육문화센터),1546,745,801,2,167,228,317,374,458,2,47,73,121,162,340,0,120,155,196,212,118
20223,A,골목상권,3110006,부암동주민센터,773,347,426,0,158,275,203,101,36,0,69,129,83,45,21,0,89,146,120,56,15
20223,A,골목상권,3110018,중앙고등학교,11262,8487,2775,7,1250,3853,3350,2089,713,6,649,2888,2664,1739,541,1,601,965,686,350,172
20223,A,골목상권,3110038,경향신문사,10172,7008,3164,16,1531,3252,3390,1653,330,3,695,2090,2547,1430,243,13,836,1162,843,223,87
20223,A,골목상권,3110012,성곡미술관,27735,18834,8901,37,3819,8129,8256,5229,2265,7,1836,5632,6275,3697,1387,30,1983,2497,1981,1532,878
20223,A,골목상권,3110019,창덕궁,6319,4360,1959,10,1053,2069,1767,953,467,3,559,1386,1342,701,369,7,494,683,425,252,98
20223,A,골목상권,3110052,장충초등학교,5705,3122,2583,6,827,1468,1432,1344,628,3,309,713,830,859,408,3,518,755,602,485,220
20223,A,골목상권,3110589,애오개역 3번,559,265,294,0,108,185,141,80,45,0,38,87,71,42,27,0,70,98,70,38,18
20223,A,골목상권,3110068,남영역 1번,8193,5432,2761,40,1419,2582,2050,1326,776,19,721,1609,1516,1011,556,21,698,973,534,315,220
20223,A,골목상권,3110092,NH농협은행 보광동지점,3281,2252,1029,31,523,841,877,713,296,21,277,569,627,533,225,10,246,272,250,180,71
20223,A,골목상권,3110083,서빙고역 1번,6594,4364,2230,19,1375,1883,1618,1157,542,7,651,1268,1156,865,417,12,724,615,462,292,125
20223,A,골목상권,3110060,효창공원앞역 6번,6789,4650,2139,19,1230,1825,1872,1318,525,10,677,1315,1333,926,389,9,553,510,539,392,136
20223,A,골목상권,3110061,효창동주민센터,5303,3773,1530,6,882,1448,1482,1038,447,4,527,1073,1109,722,338,2,355,375,373,316,109
20223,A,골목상권,3110091,리움미술관,5605,3483,2122,16,1353,2027,1384,612,213,8,579,1155,1049,531,161,8,774,872,335,81,52
20223,A,골목상권,3110122,마장역 2번,1288,844,444,1,128,208,307,373,271,1,73,133,188,246,203,0,55,75,119,127,68
20223,A,골목상권,3110188,용두동신동아아파트,8552,6410,2142,56,940,1775,2007,2538,1236,37,653,1318,1585,1899,918,19,287,457,422,639,318
20223,A,골목상권,3110125,사근동살곶이상점가,304,167,137,2,52,66,90,59,35,2,21,32,48,39,25,0,31,34,42,20,10
20223,A,골목상권,3110147,능동우편취급국,4531,2184,2347,31,1146,862,890,1066,536,19,559,502,431,345,328,12,587,360,459,721,208
20223,A,골목상권,3110217,자동차부품상가,3677,2888,789,21,732,983,868,595,478,20,576,785,687,435,385,1,156,198,181,160,93
20223,A,골목상권,3110178,장로회신학대학교,2404,1638,766,1,341,582,567,559,354,0,195,410,420,386,227,1,146,172,147,173,127
20223,A,골목상권,3110162,군자역 4번,3299,1971,1328,5,497,696,811,692,598,2,300,424,470,362,413,3,197,272,341,330,185
20223,A,골목상권,3110154,광진정말공원,1521,878,643,6,193,294,396,399,233,4,99,168,215,220,172,2,94,126,181,179,61
20223,A,골목상권,3110151,자양한강도서관,2110,1470,640,7,384,424,537,519,239,4,274,300,362,348,182,3,110,124,175,171,57
20223,A,골목상권,3110171,중곡4동주민센터,2069,805,1264,3,502,500,486,436,142,1,84,182,208,224,106,2,418,318,278,212,36
20223,A,골목상권,3110218,답십리사거리,1293,747,546,6,152,258,330,326,221,5,58,132,175,207,170,1,94,126,155,119,51
20223,A,골목상권,3110225,촬영소사거리,1955,992,963,2,123,189,335,525,781,2,67,108,191,252,372,0,56,81,144,273,409
20223,A,골목상권,3110184,용두사거리,3021,1527,1494,5,599,895,617,491,414,2,203,397,289,306,330,3,396,498,328,185,84
20223,A,골목상권,3110213,청량초등학교,2045,619,1426,0,582,702,456,221,84,0,98,228,161,74,58,0,484,474,295,147,26
20223,A,골목상권,3110220,외대앞역 1번,3279,1428,1851,2,649,864,843,597,324,1,120,311,409,369,218,1,529,553,434,228,106
20223,A,골목상권,3110230,장안현대홈타운1차아파트,4180,2588,1592,14,740,1026,1066,899,435,10,450,646,636,535,311,4,290,380,430,364,124
20223,A,골목상권,3110216,전농중학교,1431,725,706,2,194,328,385,371,151,1,84,149,201,194,96,1,110,179,184,177,55
20223,A,골목상권,3110275,하나은행 망우동지점,1321,725,596,10,155,180,250,376,350,0,42,46,116,227,294,10,113,134,134,149,56
20223,A,골목상권,3110276,신내IC북측,132,100,32,0,9,22,38,38,25,0,5,19,26,32,18,0,4,3,12,6,7
20223,A,골목상권,3110240,태릉시장 특화거리,439,231,208,3,63,64,129,98,82,2,24,33,65,48,59,1,39,31,64,50,23
20223,A,골목상권,3110299,정릉역 1번,1824,844,980,4,260,396,436,423,305,0,53,150,161,238,242,4,207,246,275,185,63
20223,A,골목상권,3110302,보문역 8번,5898,4601,1297,6,635,1951,1314,1333,659,2,343,1589,1089,1123,455,4,292,362,225,210,204
20223,A,골목상권,3110333,돌곶이역 5번,2180,1597,583,1,138,180,253,395,1213,0,72,102,152,268,1003,1,66,78,101,127,210
20223,A,골목상권,3110295,정릉우체국,2033,967,1066,2,326,405,505,478,317,0,87,174,207,267,232,2,239,231,298,211,85
20223,A,골목상권,3110290,북한산보국문역 1번,956,503,453,2,85,114,198,295,262,0,23,58,103,167,152,2,62,56,95,128,110
20223,A,골목상권,3110284,정릉북한산국립공원입구,1070,775,295,0,67,166,299,370,168,0,17,93,226,294,145,0,50,73,73,76,23
20223,A,골목상권,3110315,종암아이파크2차,19324,9933,9391,57,1503,4968,7106,5488,202,13,619,1647,3160,4363,131,44,884,3321,3946,1125,71
20223,A,골목상권,3110311,종암아이파크2차후문,18326,9454,8872,55,1387,4748,6804,5254,78,12,582,1562,3010,4226,62,43,805,3186,3794,1028,16
20223,A,골목상권,3110372,강북중학교,2235,1039,1196,1,431,564,556,464,219,1,120,285,281,229,123,0,311,279,275,235,96
20223,A,골목상권,3110355,삼양사거리역 2번,841,465,376,2,75,143,202,215,204,1,21,48,103,134,158,1,54,95,99,81,46
20223,A,골목상권,3110384,문이교,515,242,273,1,67,67,122,148,110,0,18,23,41,80,80,1,49,44,81,68,30
20223,A,골목상권,3110407,도봉역 2번,1737,1230,507,2,79,213,329,569,545,1,27,108,185,426,483,1,52,105,144,143,62
20223,A,골목상권,3110405,방학역 1번,2828,1543,1285,6,280,510,686,856,490,5,158,343,328,348,361,1,122,167,358,508,129
20223,A,골목상권,3110412,창동중학교,926,729,197,1,32,75,129,327,362,1,15,31,69,262,351,0,17,44,60,65,11
20223,A,골목상권,3110394,방학중학교,1009,508,501,1,104,211,274,247,172,1,47,99,125,125,111,0,57,112,149,122,61
20223,A,골목상권,3110388,도봉우체국,1888,873,1015,4,412,414,447,441,170,3,100,202,209,231,128,1,312,212,238,210,42
20223,A,골목상권,3110442,화랑대철도공원,516,235,281,2,52,82,125,173,82,2,27,35,48,69,54,0,25,47,77,104,28
20223,A,골목상권,3110424,상계초등학교,1733,729,1004,5,214,302,436,475,301,5,84,152,179,184,125,0,130,150,257,291,176
20223,A,골목상권,3110431,상계역,1287,621,666,3,148,275,353,314,194,0,43,131,187,139,121,3,105,144,166,175,73
20223,A,골목상권,3110437,당고개역 2번,1939,1463,476,1,93,154,435,765,491,0,35,83,301,619,425,1,58,71,134,146,66
20223,A,골목상권,3110439,당고개역 5번,1564,1295,269,1,57,95,313,641,457,0,18,56,256,564,401,1,39,39,57,77,56
20223,A,골목상권,3110440,상계3동4동주민센터,169,56,113,0,26,25,43,40,35,0,8,5,11,16,16,0,18,20,32,24,19
20223,A,골목상권,3110420,광운대역 1번,1471,830,641,9,301,445,400,204,112,2,145,305,217,102,59,7,156,140,183,102,53
20223,A,골목상권,3110467,은평요양병원,1379,737,642,5,189,335,332,289,229,4,86,184,174,140,149,1,103,151,158,149,80
20223,A,골목상권,3110454,선정중학교,2790,1775,1015,7,272,500,645,930,436,3,129,261,343,687,352,4,143,239,302,243,84
20223,A,골목상권,3110447,구산초등학교,1598,1138,460,2,95,229,339,680,253,0,42,106,199,571,220,2,53,123,140,109,33
20223,A,골목상권,3110466,구산역 2번,1798,899,899,10,243,407,457,413,268,2,80,171,240,218,188,8,163,236,217,195,80
20223,A,골목상권,3110444,수색성당,1892,1313,579,0,137,252,283,320,900,0,54,128,127,184,820,0,83,124,156,136,80
20223,A,골목상권,3110453,신사1동주민센터,1978,1132,846,1,218,408,518,480,353,1,127,200,295,268,241,0,91,208,223,212,112
20223,A,골목상권,3110448,상신초등학교입구,1073,613,460,3,129,216,240,258,227,1,83,123,122,132,152,2,46,93,118,126,75
20223,A,골목상권,3110498,증산역 1번,2535,1338,1197,4,342,517,554,649,469,2,109,293,309,322,303,2,233,224,245,327,166
20223,A,골목상권,3110505,홍남교남측,2126,1435,691,49,700,599,355,283,140,26,407,498,226,172,106,23,293,101,129,111,34
20223,A,골목상권,3110510,홍연시장,2641,1768,873,55,777,683,448,457,221,30,445,554,273,293,173,25,332,129,175,164,48
20223,A,골목상권,3110553,가좌역 2번,1511,856,655,3,170,321,388,384,245,2,77,175,235,224,143,1,93,146,153,160,102
20223,A,골목상권,3110496,모래내우체국,1812,822,990,7,281,445,449,349,281,4,85,208,221,148,156,3,196,237,228,201,125
20223,A,골목상권,3110542,마포구청역 7번,5558,3298,2260,20,707,1052,1202,1656,921,11,378,760,825,770,554,9,329,292,377,886,367
20223,A,골목상권,3110506,연희임광아파트,1391,746,645,2,205,313,340,335,196,2,93,209,169,157,116,0,112,104,171,178,80
20223,A,골목상권,3110529,홍제3동주민센터,1091,564,527,4,122,140,206,257,362,1,44,66,95,138,220,3,78,74,111,119,142
20223,A,골목상권,3110521,홍제역 4번,1109,612,497,3,108,134,316,391,157,1,30,70,168,242,101,2,78,64,148,149,56
20223,A,골목상권,3110561,상수역 4번,2460,1498,962,31,569,746,545,348,221,20,264,444,364,239,167,11,305,302,181,109,54
20223,A,골목상권,3110552,성미산체육관,2995,1818,1177,8,379,652,778,730,448,4,185,366,457,506,300,4,194,286,321,224,148
20223,A,골목상권,3110570,KB국민은행 서강지점,1410,826,584,7,199,376,380,261,187,7,100,222,201,154,142,0,99,154,179,107,45
20223,A,골목상권,3110620,목동보건지소,3652,1851,1801,7,412,863,1018,883,469,5,182,474,447,423,320,2,230,389,571,460,149
20223,A,골목상권,3110624,목동문화체육센터,1670,856,814,1,264,453,486,298,168,1,140,240,200,155,120,0,124,213,286,143,48
20223,A,골목상권,3110626,양화초등학교,3807,2364,1443,4,517,846,1106,938,396,3,219,458,758,652,274,1,298,388,348,286,122
20223,A,골목상권,3110606,신한은행 신월동지점,2588,1783,805,3,138,296,550,822,779,1,58,158,318,568,680,2,80,138,232,254,99
20223,A,골목상권,3110646,푸른들청소년도서관,6554,3939,2615,12,861,1499,1624,1593,965,9,445,957,950,890,688,3,416,542,674,703,277
20223,A,골목상권,3110613,신정네거리역 4번,532,258,274,0,62,116,114,119,121,0,13,47,48,66,84,0,49,69,66,53,37
20223,A,골목상권,3110706,그라운드 고척,2411,1613,798,2,310,586,628,638,247,2,161,381,415,463,191,0,149,205,213,175,56
20223,A,골목상권,3110701,고척동성당,2031,1278,753,7,310,414,454,523,323,1,176,260,284,305,252,6,134,154,170,218,71
20223,A,골목상권,3110657,양천향교역 5번,8471,5307,3164,17,1024,2088,2090,1892,1360,11,513,1206,1353,1162,1062,6,511,882,737,730,298
20223,A,골목상권,3110648,양천향교역 7번,4059,2626,1433,14,469,835,925,929,887,10,238,536,594,535,713,4,231,299,331,394,174
20223,A,골목상권,3110671,등촌1동주민센터,10403,6389,4014,31,1969,2531,2337,1997,1538,18,787,1620,1611,1312,1041,13,1182,911,726,685,497
20223,A,골목상권,3110658,화곡초등학교,3192,1856,1336,2,811,765,628,538,448,0,270,453,376,381,376,2,541,312,252,157,72
20223,A,골목상권,3110668,화곡2동주민센터,3004,1684,1320,10,406,790,822,630,346,7,198,431,436,373,239,3,208,359,386,257,107
20223,A,골목상권,3110721,가리봉파출소,9719,6601,3118,27,1764,3184,2464,1435,845,13,942,2250,1830,926,640,14,822,934,634,509,205
20223,A,골목상권,3110703,개봉역,8618,4789,3829,41,1381,2048,1932,2036,1180,22,796,1309,965,946,751,19,585,739,967,1090,429
20223,A,골목상권,3110693,오류동역 4번,2696,1879,817,4,369,515,637,750,421,3,300,366,437,480,293,1,69,149,200,270,128
20223,A,골목상권,3110709,구로119안전센터,1187,559,628,4,117,165,257,381,263,2,53,88,142,137,137,2,64,77,115,244,126
20223,A,골목상권,3110716,구로나눔길,4822,2652,2170,7,579,1315,1117,1252,552,3,265,697,592,776,319,4,314,618,525,476,233
20223,A,골목상권,3110769,대림차이나타운(대림역 12번),1954,1208,746,5,121,251,393,460,724,3,75,164,232,290,444,2,46,87,161,170,280
20223,A,골목상권,3110761,문래동남성맨션,1158,827,331,2,91,236,304,299,226,1,64,159,218,197,188,1,27,77,86,102,38
20223,A,골목상권,3110741,독산2동주민센터,1504,811,693,3,175,295,351,425,255,2,91,145,170,215,188,1,84,150,181,210,67
20223,A,골목상권,3110859,난향초등학교,512,230,282,1,45,111,154,119,82,0,3,44,63,56,64,1,42,67,91,63,18
20223,A,골목상권,3110789,대림성모병원,3410,1458,1952,2,996,845,702,539,326,2,257,378,363,264,194,0,739,467,339,275,132
20223,A,골목상권,3110780,신길대성유니드아파트,1394,925,469,1,137,277,365,360,254,1,88,167,227,235,207,0,49,110,138,125,47
20223,A,골목상권,3110772,신우어린이공원,1405,839,566,1,221,295,338,329,221,0,93,177,214,205,150,1,128,118,124,124,71
20223,A,골목상권,3110785,영등포푸르지오아파트,2009,1361,648,6,207,449,544,471,332,4,93,298,379,338,249,2,114,151,165,133,83
20223,A,골목상권,3110787,신길3동주민센터,1010,595,415,3,99,199,285,264,160,3,47,107,166,160,112,0,52,92,119,104,48
20223,A,골목상권,3110758,문래소공원,14709,7623,7086,103,3376,3787,3217,3111,1115,31,1541,2760,1604,829,858,72,1835,1027,1613,2282,257
20223,A,골목상권,3110815,공군호텔,3580,1559,2021,5,645,846,827,727,530,0,194,396,377,297,295,5,451,450,450,430,235
20223,A,골목상권,3110808,신길역 1번,1130,445,685,0,100,235,310,302,183,0,32,108,122,98,85,0,68,127,188,204,98
20223,A,골목상권,3110804,신풍역 1번,1741,798,943,1,169,357,520,405,289,0,76,149,168,199,206,1,93,208,352,206,83
20223,A,골목상권,3110832,노량진초등학교,4040,2156,1884,1,568,1114,970,953,434,0,307,514,509,572,254,1,261,600,461,381,180
20223,A,골목상권,3110822,신대방삼거리역 4번(대림초등학교),2751,1560,1191,2,363,614,588,613,571,0,112,362,360,362,364,2,251,252,228,251,207
20223,A,골목상권,3110850,사당역 10번,7894,4180,3714,14,1345,2053,2169,1428,885,5,442,1014,1153,889,677,9,903,1039,1016,539,208
20223,A,골목상권,3110907,방배초등학교,7536,4093,3443,28,1176,1611,1757,1598,1366,16,482,896,974,820,905,12,694,715,783,778,461
20223,A,골목상권,3110886,관악해태어린이공원,1445,959,486,3,127,237,384,457,237,1,51,115,248,345,199,2,76,122,136,112,38
20223,A,골목상권,3110870,신림주공2단지(광신고등학교),926,524,402,2,74,142,244,279,185,0,27,71,123,158,145,2,47,71,121,121,40
20223,A,골목상권,3110888,청룡동주민센터,1962,823,1139,4,400,564,469,301,224,0,83,193,220,164,163,4,317,371,249,137,61
20223,A,골목상권,3110880,신림역 1번,1885,706,1179,2,469,465,373,346,230,1,114,169,180,115,127,1,355,296,193,231,103
20223,A,골목상권,3110896,관악우성아파트,736,263,473,3,103,109,175,206,140,2,34,34,61,79,53,1,69,75,114,127,87
20223,A,골목상권,3110948,헌인가구단지,57,27,30,0,5,24,14,11,3,0,4,12,6,2,3,0,1,12,8,9,0
20223,A,골목상권,3110921,서울프랑스학교,78980,73122,5858,28,7548,16129,20976,31809,2490,12,6231,14222,19329,31052,2276,16,1317,1907,1647,757,214
20223,A,골목상권,3110912,방배동사이길,10864,6872,3992,39,2280,3332,2614,1988,611,11,836,2031,1921,1590,483,28,1444,1301,693,398,128
20223,A,골목상권,3110933,한국상담대학원대학교,5166,2935,2231,17,1332,1552,1139,789,337,4,500,976,763,474,218,13,832,576,376,315,119
20223,A,골목상권,3110935,한전아트센터,15447,13162,2285,22,2512,5659,3695,2968,591,17,1823,4896,3229,2703,494,5,689,763,466,265,97
20223,A,골목상권,3110984,포이초등학교(개포목련어린이공원),3582,2150,1432,4,498,767,882,784,647,1,250,501,486,430,482,3,248,266,396,354,165
20223,A,골목상권,3110978,도곡2동주민센터(대치중학교),9979,6980,2999,40,2087,3214,2294,1200,1144,23,1136,2370,1884,909,658,17,951,844,410,291,486
20223,A,골목상권,3110971,선정릉역 4번,19901,10561,9340,56,4117,6246,4806,2922,1754,20,1411,3453,2772,1734,1171,36,2706,2793,2034,1188,583
20223,A,골목상권,3110974,언주중학교,8256,5430,2826,32,1847,2573,1708,1193,903,20,851,1532,1318,975,734,12,996,1041,390,218,169
20223,A,골목상권,3110975,매봉역 1번,20752,14192,6560,76,4365,5383,5577,4328,1023,51,2288,3472,4126,3439,816,25,2077,1911,1451,889,207
20223,A,골목상권,3111040,거여초등학교,2357,1472,885,10,310,602,594,522,319,9,179,402,365,295,222,1,131,200,229,227,97
20223,A,골목상권,3111026,문정역 2번,5159,3277,1882,8,771,1232,1312,1131,705,3,429,810,876,634,525,5,342,422,436,497,180
20223,A,골목상권,3111017,송파나루역 3번,3628,2432,1196,16,792,796,869,755,400,11,460,537,585,527,312,5,332,259,284,228,88
20223,A,골목상권,3111010,석촌역 7번,7142,5058,2084,9,802,1620,1617,1242,1852,6,441,1150,1102,793,1566,3,361,470,515,449,286
20223,A,골목상권,3111034,오동나무공원(송파레미니스1단지),3543,2415,1128,7,500,770,849,906,511,6,300,543,575,584,407,1,200,227,274,322,104
20223,A,골목상권,3111030,방이역 2번,20738,15418,5320,18,2658,5004,5332,4928,2798,6,1628,3495,4144,4200,1945,12,1030,1509,1188,728,853
20223,A,골목상권,3111085,묘곡초등학교(고덕아이파크아파트),1513,784,729,0,146,290,369,382,326,0,61,149,169,194,211,0,85,141,200,188,115
20223,A,골목상권,3111077,길동주민센터(강동도서관),6406,3327,3079,16,671,1129,1499,1694,1397,9,330,650,809,710,819,7,341,479,690,984,578
20223,A,골목상권,3111076,둔촌2동주민센터,2137,1170,967,3,262,433,458,484,497,1,104,223,250,249,343,2,158,210,208,235,154
20223,A,골목상권,3111080,굽은다리역 3번,1729,778,951,2,186,308,401,447,385,0,66,164,188,178,182,2,120,144,213,269,203
20223,A,골목상권,3110021,성균관대학교,1380,854,526,13,176,218,316,344,313,11,77,113,213,233,207,2,99,105,103,111,106
20223,A,골목상권,3110536,돈의문센트레빌아파트입구,1695,833,862,1,260,434,449,376,175,1,78,212,254,177,111,0,182,222,195,199,64
20223,A,골목상권,3110029,동대문역 1번,1644,738,906,3,231,331,381,390,308,1,67,127,179,186,178,2,164,204,202,204,130
20223,A,골목상권,3110037,신설동역 12번,6845,2610,4235,8,686,1039,1229,1827,2056,0,200,462,558,454,936,8,486,577,671,1373,1120
20223,A,골목상권,3110050,약수역 7번,1836,960,876,2,250,436,467,418,263,2,91,213,281,223,150,0,159,223,186,195,113
20223,A,골목상권,3110056,신당역 3번,2607,1426,1181,6,401,693,647,505,355,6,185,356,340,292,247,0,216,337,307,213,108
20223,A,골목상권,3110042,남산골공원옆,3487,1845,1642,11,347,719,1132,882,396,6,133,341,523,568,274,5,214,378,609,314,122
20223,A,골목상권,3110067,배문고등학교,6040,2831,3209,9,1156,1772,1294,977,832,3,287,644,651,605,641,6,869,1128,643,372,191
20223,A,골목상권,3110090,한국폴리텍대학서울정수캠퍼스,6854,4231,2623,17,1075,2196,2359,934,273,8,504,1107,1684,735,193,9,571,1089,675,199,80
20223,A,골목상권,3110088,오산고등학교,7060,4470,2590,17,1103,2335,2474,899,232,7,558,1213,1793,727,172,10,545,1122,681,172,60
20223,A,골목상권,3110087,이태원엔틱가구거리,3473,1835,1638,14,616,996,784,725,338,11,220,474,424,457,249,3,396,522,360,268,89
20223,A,골목상권,3110063,효창공원앞역 5번,2545,1665,880,15,308,566,692,530,434,12,172,383,458,344,296,3,136,183,234,186,138
20223,A,골목상권,3110058,성심여자고등학교,6811,4886,1925,22,1067,2028,1812,1308,574,7,598,1398,1383,1048,452,15,469,630,429,260,122
20223,A,골목상권,3110098,서울독일학교,19270,15584,3686,22,2331,4742,5464,6112,599,14,1127,3406,4759,5764,514,8,1204,1336,705,348,85
20223,A,골목상권,3110096,한남힐사이드아파트,5546,3662,1884,5,1168,1544,1281,1282,266,3,498,976,912,1046,227,2,670,568,369,236,39
20223,A,골목상권,3110100,옥수동우편취급국,7613,6422,1191,7,609,2450,2479,1864,204,4,305,1915,2241,1784,173,3,304,535,238,80,31
20223,A,골목상권,3110119,마장지하차도,2046,656,1390,1,159,260,428,704,494,0,83,139,167,155,112,1,76,121,261,549,382
20223,A,골목상권,3110118,왕십리역 9번,1141,733,408,1,167,270,301,259,143,0,85,164,189,178,117,1,82,106,112,81,26
20223,A,골목상권,3110131,성수동카페거리,16372,10013,6359,69,3574,4475,3610,2782,1862,39,1790,2879,2348,1642,1315,30,1784,1596,1262,1140,547
20223,A,골목상권,3110134,성수119안전센터,3342,2382,960,73,532,823,835,706,373,34,330,619,609,498,292,39,202,204,226,208,81
20223,A,골목상권,3110139,자양4동주민센터,2367,1870,497,9,270,601,637,559,291,5,194,486,509,441,235,4,76,115,128,118,56
20223,A,골목상권,3110136,경수초등학교,16150,9947,6203,123,3454,3934,3551,3098,1990,71,1698,2541,2333,1900,1404,52,1756,1393,1218,1198,586
20223,A,골목상권,3110155,광진구청,12629,9937,2692,11,781,1849,3528,5069,1391,11,385,1169,2772,4413,1187,0,396,680,756,656,204
20223,A,골목상권,3110176,해오름공원,3579,1917,1662,4,675,798,998,836,268,2,178,374,601,542,220,2,497,424,397,294,48
20223,A,골목상권,3110149,세종대학교,799,452,347,0,93,197,215,179,115,0,44,101,133,91,83,0,49,96,82,88,32
20223,A,골목상권,3110167,용마초등학교,3707,2122,1585,11,501,762,961,828,644,3,272,440,519,426,462,8,229,322,442,402,182
20223,A,골목상권,3110204,간데메공원,1356,905,451,5,205,278,356,322,190,3,135,169,223,225,150,2,70,109,133,97,40
20223,A,골목상권,3110226,장안1동주민센터,5867,3209,2658,15,722,1138,1352,1410,1230,12,347,658,734,772,686,3,375,480,618,638,544
20223,A,골목상권,3110211,전곡마을마당공원,1820,983,837,4,278,348,454,491,245,1,111,192,268,266,145,3,167,156,186,225,100
20223,A,골목상권,3110207,시립대앞사거리,1345,584,761,3,233,270,311,303,225,1,53,120,140,127,143,2,180,150,171,176,82
20223,A,골목상권,3110198,동대문중앙새마을금고본점,361,189,172,0,20,53,86,133,69,0,9,28,50,59,43,0,11,25,36,74,26
20223,A,골목상권,3110200,동대문경찰서,703,390,313,0,77,108,145,182,191,0,37,54,78,85,136,0,40,54,67,97,55
20223,A,골목상권,3110256,면목2동체육관,3260,1961,1299,5,413,680,888,780,494,1,188,448,483,445,396,4,225,232,405,335,98
20223,A,골목상권,3110266,면목동우체국,2501,1548,953,5,244,423,558,704,567,0,78,210,314,502,444,5,166,213,244,202,123
20223,A,골목상권,3110236,신묵초등학교,2212,1481,731,2,311,516,532,603,248,2,174,350,347,432,176,0,137,166,185,171,72
20223,A,골목상권,3110267,망우역 2번,2430,1427,1003,13,334,482,518,637,446,11,202,293,263,329,329,2,132,189,255,308,117
20223,A,골목상권,3110234,중랑역 4번,2773,2036,737,11,275,619,860,768,240,9,142,418,643,647,177,2,133,201,217,121,63
20223,A,골목상권,3110314,종암경찰서,3397,2472,925,6,380,670,726,731,884,0,231,492,518,565,666,6,149,178,208,166,218
20223,A,골목상권,3110421,석계역 1번,1218,593,625,4,119,205,323,328,239,2,49,90,144,169,139,2,70,115,179,159,100
20223,A,골목상권,3110321,동덕여대,1128,697,431,0,75,117,219,296,421,0,24,61,110,162,340,0,51,56,109,134,81
20223,A,골목상권,3110324,월곡역 4번,1184,675,509,5,167,321,341,226,124,1,78,187,188,134,87,4,89,134,153,92,37
20223,A,골목상권,3110298,솔숲어린이공원,1115,539,576,6,144,199,273,276,217,1,36,66,112,152,172,5,108,133,161,124,45
20223,A,골목상권,3110365,미아역 5번,1266,616,650,2,97,152,267,320,428,2,36,63,110,186,219,0,61,89,157,134,209
20223,A,골목상권,3110367,강북구청,3460,1492,1968,10,334,684,730,796,906,8,94,264,328,453,345,2,240,420,402,343,561
20223,A,골목상권,3110368,송천초등학교,981,601,380,1,93,195,242,259,191,1,32,95,129,181,163,0,61,100,113,78,28
20223,A,골목상권,3110352,수유1동주민센터,1291,576,715,0,118,244,368,418,143,0,49,99,154,183,91,0,69,145,214,235,52
20223,A,골목상권,3110349,화계역 2번,641,353,288,0,50,92,172,256,71,0,28,41,97,133,54,0,22,51,75,123,17
20223,A,골목상권,3110346,4.19민주묘지역 2번,605,334,271,0,71,106,179,136,113,0,18,62,103,75,76,0,53,44,76,61,37
20223,A,골목상권,3110339,국립4.19민주묘지,819,555,264,6,104,130,193,232,154,6,50,99,122,143,135,0,54,31,71,89,19
20223,A,골목상권,3110393,국민은행방학지점,749,350,399,3,91,217,207,154,77,2,32,106,101,63,46,1,59,111,106,91,31
20223,A,골목상권,3110395,신한은행 방학동지점,591,318,273,1,73,99,158,142,118,1,38,50,73,83,73,0,35,49,85,59,45
20223,A,골목상권,3110403,방학1동주민센터,1702,974,728,4,211,309,359,482,337,2,94,177,211,286,204,2,117,132,148,196,133
20223,A,골목상권,3110398,쌍문2동우체국,1663,972,691,0,162,244,383,523,351,0,72,129,192,328,251,0,90,115,191,195,100
20223,A,골목상권,3110401,도봉구민회관,1586,856,730,0,181,221,327,460,397,0,78,117,164,255,242,0,103,104,163,205,155
20223,A,골목상권,3110425,계상초등학교,1457,683,774,4,150,232,387,426,258,3,63,143,181,181,112,1,87,89,206,245,146
20223,A,골목상권,3110419,수락산디자인거리,3472,2282,1190,13,387,781,865,882,544,12,226,552,591,566,335,1,161,229,274,316,209
20223,A,골목상권,3110474,세명컴퓨터고등학교,1360,647,713,2,130,295,356,348,229,2,46,137,159,153,150,0,84,158,197,195,79
20223,A,골목상권,3110473,구산역 1번,3155,1679,1476,5,325,617,795,785,628,5,131,352,419,351,421,0,194,265,376,434,207
20223,A,골목상권,3110455,역촌노인복지관,3715,1747,1968,9,658,760,944,829,515,3,247,351,416,367,363,6,411,409,528,462,152
20223,A,골목상권,3110487,불광역 8번,761,291,470,1,73,171,207,181,128,1,23,75,72,60,60,0,50,96,135,121,68
20223,A,골목상권,3110480,연신내역 3번,1023,428,595,6,192,199,279,216,131,2,70,88,121,80,67,4,122,111,158,136,64
20223,A,골목상권,3110482,연신초등학교,359,158,201,0,27,53,117,116,46,0,8,20,39,58,33,0,19,33,78,58,13
20223,A,골목상권,3110470,신진과학기술고등학교,1610,976,634,2,161,266,382,390,409,2,76,145,208,227,318,0,85,121,174,163,91
20223,A,골목상권,3110475,백련산해모로아파트,1745,1026,719,2,202,326,375,357,483,1,91,165,203,202,364,1,111,161,172,155,119
20223,A,골목상권,3110532,아현역 2번,1847,1072,775,2,422,522,371,290,240,1,165,307,218,208,173,1,257,215,153,82,67
20223,A,골목상권,3110534,경기대학교,3370,2048,1322,4,575,933,722,580,556,1,256,531,484,399,377,3,319,402,238,181,179
20223,A,골목상권,3110572,서강대역 1번,7726,3653,4073,68,2565,1977,1384,1231,501,24,960,907,708,748,306,44,1605,1070,676,483,195
20223,A,골목상권,3110575,대흥동주민센터,4172,1903,2269,62,2086,953,452,399,220,20,782,476,212,248,165,42,1304,477,240,151,55
20223,A,골목상권,3110516,정원여중,1299,656,643,0,226,284,343,307,139,0,78,137,188,165,88,0,148,147,155,142,51
20223,A,골목상권,3110569,홍대땡땡거리,3039,1407,1632,7,650,662,678,622,420,3,308,321,302,232,241,4,342,341,376,390,179
20223,A,골목상권,3110517,서대문소방서,2671,1696,975,14,441,700,687,557,272,8,191,471,487,368,171,6,250,229,200,189,101
20223,A,골목상권,3110512,연희지하차도,5089,3101,1988,67,1146,1450,1174,973,279,39,591,926,702,649,194,28,555,524,472,324,85
20223,A,골목상권,3110527,홍제역 2번,1712,867,845,2,169,226,456,564,295,1,44,119,214,314,175,1,125,107,242,250,120
20223,A,골목상권,3110546,양화대교북단,1549,938,611,3,314,420,380,250,182,3,138,208,258,183,148,0,176,212,122,67,34
20223,A,골목상권,3110550,합정역 8번,5374,2859,2515,13,961,1416,1292,955,737,8,367,677,778,563,466,5,594,739,514,392,271
20223,A,골목상권,3110554,망원역 1번,6464,3487,2977,10,913,1410,1559,1192,1380,7,345,648,802,647,1038,3,568,762,757,545,342
20223,A,골목상권,3110547,KB국민은행 망원동지점,6579,4117,2462,11,769,1170,1322,1746,1561,7,405,819,889,860,1137,4,364,351,433,886,424
20223,A,골목상권,3110551,성서초등학교,3102,1803,1299,3,301,471,703,601,1023,3,132,235,314,304,815,0,169,236,389,297,208
20223,A,골목상권,3110619,목4동주민센터,1689,1078,611,4,202,379,491,407,206,1,93,210,315,291,168,3,109,169,176,116,38
20223,A,골목상권,3110600,신월7동주민센터,4248,2844,1404,3,317,496,745,1209,1478,3,179,312,490,845,1015,0,138,184,255,364,463
20223,A,골목상권,3110647,화곡역 5번,3340,1821,1519,8,438,691,768,828,607,5,192,403,428,449,344,3,246,288,340,379,263
20223,A,골목상권,3110607,금빛새마을금고본점,2729,2241,488,2,110,221,394,521,1481,1,64,132,235,385,1424,1,46,89,159,136,57
20223,A,골목상권,3110608,신월2동주민센터,3392,1915,1477,10,282,562,891,941,706,9,134,332,463,486,491,1,148,230,428,455,215
20223,A,골목상권,3110611,신정역 1번,4475,2720,1755,14,895,697,748,814,1307,7,295,382,444,461,1131,7,600,315,304,353,176
20223,A,골목상권,3110594,신월중학교,1144,543,601,7,149,285,301,297,105,4,58,119,141,150,71,3,91,166,160,147,34
20223,A,골목상권,3110602,신월시영아파트중문,3056,2108,948,3,204,356,700,967,826,2,124,226,400,664,692,1,80,130,300,303,134
20223,A,골목상권,3110610,계남근린공원,648,338,310,2,87,129,151,148,131,0,26,50,86,87,89,2,61,79,65,61,42
20223,A,골목상권,3110616,양목초등학교,1359,706,653,2,110,255,266,391,335,1,43,136,132,202,192,1,67,119,134,189,143
20223,A,골목상권,3110635,공항시장역 3번,3727,1849,1878,9,361,571,664,1054,1068,2,153,336,399,431,528,7,208,235,265,623,540
20223,A,골목상권,3110650,우장산힐스테이트,1737,995,742,4,194,325,396,415,403,3,107,202,240,204,239,1,87,123,156,211,164
20224,A,골목상권,3110002,독립문역 1번,616,177,439,7,166,170,151,84,38,6,34,34,51,28,24,1,132,136,100,56,14
20224,A,골목상권,3111072,굽은다리역 1번(십자성마을),2946,1789,1157,8,298,573,759,699,609,3,146,346,440,433,421,5,152,227,319,266,188
20224,A,골목상권,3111084,길동신동아아파트,1097,568,529,2,102,184,201,327,281,2,56,104,100,149,157,0,46,80,101,178,124
20224,A,골목상권,3110017,정독도서관,4793,3571,1222,1,747,1261,1255,1054,475,1,404,870,1019,890,387,0,343,391,236,164,88
20224,A,골목상권,3110004,대신고등학교,402,232,170,6,56,96,96,104,44,5,32,54,54,53,34,1,24,42,42,51,10
20224,A,골목상권,3110031,창신역 1번,499,243,256,2,65,123,115,127,67,0,17,56,56,68,46,2,48,67,59,59,21
20224,A,골목상권,3110181,신설동역 9번,11325,6319,5006,32,1034,2438,3253,2841,1727,17,532,1500,1747,1415,1108,15,502,938,1506,1426,619
20224,A,골목상권,3110025,충신시장옆,2953,1750,1203,6,522,768,705,591,361,1,198,408,447,419,277,5,324,360,258,172,84
20224,A,골목상권,3110291,한성대입구역 3번,2792,1638,1154,3,210,450,857,801,471,1,83,257,522,485,290,2,127,193,335,316,181
20224,A,골목상권,3110026,종로5가역 4번,1316,680,636,4,165,282,370,283,212,1,63,132,176,155,153,3,102,150,194,128,59
20224,A,골목상권,3110016,평창동동측,12725,5785,6940,17,1035,3438,5042,2657,536,8,355,1373,2545,1209,295,9,680,2065,2497,1448,241
20224,A,골목상권,3110020,서울국제고등학교,2158,1200,958,4,389,630,516,385,234,3,162,347,310,219,159,1,227,283,206,166,75
20224,A,골목상권,3110048,장충동주민센터,10743,5949,4794,32,1907,2975,2905,2265,659,5,684,1762,1731,1314,453,27,1223,1213,1174,951,206
20224,A,골목상권,3110046,버티고개,2463,1750,713,3,241,901,673,506,139,0,143,678,502,330,97,3,98,223,171,176,42
20224,A,골목상권,3110047,다산성곽길,5084,2935,2149,11,1086,1445,1154,887,501,3,410,865,765,531,361,8,676,580,389,356,140
20224,A,골목상권,3110539,미근동,12732,7479,5253,42,2010,4180,3436,2242,822,19,832,2371,2093,1519,645,23,1178,1809,1343,723,177
20224,A,골목상권,3110110,상왕십리역 6번,2405,1457,948,12,383,537,534,531,408,3,127,319,375,375,258,9,256,218,159,156,150
20224,A,골목상권,3110066,서울역 15번,4167,2123,2044,9,838,1274,877,641,528,4,288,582,482,374,393,5,550,692,395,267,135
20224,A,골목상권,3110591,충정로역 6번,3780,2155,1625,0,729,1051,1004,652,344,0,358,619,586,387,205,0,371,432,418,265,139
20224,A,골목상권,3110086,이태원역 북측,13166,6107,7059,36,4072,5077,2603,1007,371,14,1114,2293,1610,799,277,22,2958,2784,993,208,94
20224,A,골목상권,3110085,경리단길남측,12274,5390,6884,26,3823,4925,2402,861,237,12,993,2133,1397,675,180,14,2830,2792,1005,186,57
20224,A,골목상권,3110105,금동어린이공원,2664,1110,1554,16,327,830,1025,337,129,1,110,292,450,175,82,15,217,538,575,162,47
20224,A,골목상권,3110116,청계천박물관,6537,4739,1798,43,541,1177,1527,2151,1098,31,326,844,1178,1561,799,12,215,333,349,590,299
20224,A,골목상권,3110128,성원중학교,3542,2310,1232,18,454,892,940,801,437,8,266,660,634,494,248,10,188,232,306,307,189
20224,A,골목상권,3110120,서울숲카페거리,835,506,329,0,85,162,225,202,161,0,41,83,109,130,143,0,44,79,116,72,18
20224,A,골목상권,3110124,뚝섬역교차로,2595,1874,721,12,366,472,586,575,584,10,183,303,387,461,530,2,183,169,199,114,54
20224,A,골목상권,3110129,성원어린이공원,3599,2300,1299,18,579,846,820,729,607,14,311,541,561,470,403,4,268,305,259,259,204
20224,A,골목상권,3110132,성수2가3동주민센터,3491,2130,1361,9,415,835,861,811,560,8,209,510,554,495,354,1,206,325,307,316,206
20224,A,골목상권,3110223,군자초등학교,3357,2271,1086,35,621,967,788,549,397,8,327,680,552,382,322,27,294,287,236,167,75
20224,A,골목상권,3110111,대현산장미원,74,52,22,0,7,13,12,21,21,0,6,5,6,16,19,0,1,8,6,5,2
20224,A,골목상권,3110166,구의1동주민센터,13530,10491,3039,13,880,2121,3757,5357,1402,11,448,1352,2902,4600,1178,2,432,769,855,757,224
20224,A,골목상권,3110160,광진경찰서,1622,1121,501,1,270,514,389,345,103,1,174,364,263,239,80,0,96,150,126,106,23
20224,A,골목상권,3110164,아차산역 5번,2452,1482,970,7,311,484,595,582,473,2,153,274,370,328,355,5,158,210,225,254,118
20224,A,골목상권,3110145,장안초등학교,626,318,308,0,48,90,132,215,141,0,20,45,59,100,94,0,28,45,73,115,47
20224,A,골목상권,3110158,중곡3동주민센터,1689,1085,604,3,201,401,431,405,248,0,113,280,259,259,174,3,88,121,172,146,74
20224,A,골목상권,3110253,중곡초등학교,1551,1093,458,2,104,216,386,589,254,1,47,124,250,474,197,1,57,92,136,115,57
20224,A,골목상권,3110227,답십리공원,3666,2141,1525,43,1527,620,564,543,369,25,873,404,327,274,238,18,654,216,237,269,131
20224,A,골목상권,3110192,동의보감타워,1689,798,891,2,156,273,358,433,467,0,54,114,189,200,241,2,102,159,169,233,226
20224,A,골목상권,3110182,용두희망어린이공원,6164,2634,3530,4,747,1233,1297,1729,1154,0,240,665,668,567,494,4,507,568,629,1162,660
20224,A,골목상권,3110208,시조사삼거리,1810,1056,754,3,255,573,311,351,317,2,120,403,184,193,154,1,135,170,127,158,163
20224,A,골목상권,3110191,고려대역 6번,817,524,293,1,45,155,267,206,143,1,24,76,163,146,114,0,21,79,104,60,29
20224,A,골목상권,3110193,고려대역 4번,827,531,296,1,49,167,287,216,107,1,25,93,176,149,87,0,24,74,111,67,20
20224,A,골목상권,3110274,서일대학교,1874,1209,665,2,153,270,455,529,465,1,54,150,285,380,339,1,99,120,170,149,126
20224,A,골목상권,3110270,혜원여고,1057,631,426,0,86,153,246,300,272,0,32,87,130,187,195,0,54,66,116,113,77
20224,A,골목상권,3110277,러스크서울병원,1417,798,619,5,161,220,285,429,317,1,56,69,143,266,263,4,105,151,142,163,54
20224,A,골목상권,3110249,중화역 1번,2900,1839,1061,1,380,672,715,696,436,1,208,379,410,482,359,0,172,293,305,214,77
20224,A,골목상권,3110250,화랑대역 7번,1016,501,515,5,84,215,300,277,135,1,28,102,135,142,93,4,56,113,165,135,42
20224,A,골목상권,3110235,세화어린이공원,352,192,160,6,86,56,94,66,44,5,50,30,41,35,31,1,36,26,53,31,13
20224,A,골목상권,3110306,미아초등학교,5040,2548,2492,418,2027,1281,681,387,246,176,903,701,375,192,201,242,1124,580,306,195,45
20224,A,골목상권,3110304,보문역 4번,3586,1900,1686,4,465,1014,939,889,275,3,200,485,478,545,189,1,265,529,461,344,86
20224,A,골목상권,3110336,석관고등학교,933,606,327,1,108,181,209,262,172,0,57,97,124,192,136,1,51,84,85,70,36
20224,A,골목상권,3110327,상월곡역 2번,1727,1049,678,4,291,422,476,347,187,1,146,269,289,200,144,3,145,153,187,147,43
20224,A,골목상권,3110330,돌곶이역 1번,785,481,304,1,83,124,161,170,246,0,26,63,88,101,203,1,57,61,73,69,43
20224,A,골목상권,3110335,석계역 7번,2390,1663,727,2,154,218,357,467,1192,0,68,110,204,330,951,2,86,108,153,137,241
20224,A,골목상권,3110332,돌곶이역 3번,2136,1489,647,1,156,186,243,364,1186,0,59,94,136,223,977,1,97,92,107,141,209
20224,A,골목상권,3110389,한일병원,2913,1480,1433,1,556,681,702,645,328,1,161,333,390,368,227,0,395,348,312,277,101
20224,A,골목상권,3110347,구세군강북종합사회복지관,229,109,120,0,29,43,60,41,56,0,5,15,30,21,38,0,24,28,30,20,18
20224,A,골목상권,3110344,화계중학교,765,403,362,0,70,135,208,278,74,0,39,56,106,139,63,0,31,79,102,139,11
20224,A,골목상권,3110353,수유동우체국,2195,1467,728,0,76,117,357,593,1052,0,17,56,240,437,717,0,59,61,117,156,335
20224,A,골목상권,3110387,쌍문초등학교,1023,569,454,0,115,155,279,298,176,0,47,78,125,166,153,0,68,77,154,132,23
20224,A,골목상권,3110337,아카데미하우스,1220,817,403,6,149,254,287,330,194,6,70,184,184,207,166,0,79,70,103,123,28
20224,A,골목상권,3110397,도봉산입구,1081,690,391,0,65,132,223,329,332,0,17,63,112,226,272,0,48,69,111,103,60
20224,A,골목상권,3110406,도봉산역 1번,1282,894,388,0,35,92,248,427,480,0,12,56,183,328,315,0,23,36,65,99,165
20224,A,골목상권,3110415,수락산역 4번,3127,1795,1332,19,436,611,756,776,529,16,238,366,437,450,288,3,198,245,319,326,241
20224,A,골목상권,3110435,서울과학기술대,486,320,166,0,28,85,109,148,116,0,14,37,61,104,104,0,14,48,48,44,12
20224,A,골목상권,3110436,상계제일중학교,1604,823,781,12,185,351,391,391,274,7,70,171,207,186,182,5,115,180,184,205,92
20224,A,골목상권,3110432,대진고등학교,2273,1419,854,3,199,364,570,753,384,2,72,175,325,556,289,1,127,189,245,197,95
20224,A,골목상권,3110483,연천초등학교,1888,990,898,2,87,158,205,289,1147,1,35,83,95,136,640,1,52,75,110,153,507
20224,A,골목상권,3110491,불광중학교,467,194,273,1,38,82,132,139,75,1,13,39,53,48,40,0,25,43,79,91,35
20224,A,골목상권,3110494,증산3교남측,1503,1100,403,0,61,162,176,249,855,0,27,76,66,146,785,0,34,86,110,103,70
20224,A,골목상권,3110452,새절역 3번,1150,767,383,3,83,169,269,341,285,3,52,85,159,216,252,0,31,84,110,125,33
20224,A,골목상권,3110469,응암정보도서관,2593,1307,1286,1,277,517,711,671,416,0,105,249,330,338,285,1,172,268,381,333,131
20224,A,골목상권,3110471,응암동우체국,1068,455,613,2,131,198,295,296,146,1,38,64,109,149,94,1,93,134,186,147,52
20224,A,골목상권,3110497,가좌역 3번,3639,2210,1429,4,227,430,591,916,1471,2,157,288,394,494,875,2,70,142,197,422,596
20224,A,골목상권,3110501,연희어린이공원,1435,806,629,9,204,340,341,335,206,8,95,227,185,158,133,1,109,113,156,177,73
20224,A,골목상권,3110500,남가좌동현대아파트,219,118,101,0,28,30,52,77,32,0,13,18,25,47,15,0,15,12,27,30,17
20224,A,골목상권,3110530,아현역 1번,1285,656,629,2,341,431,249,154,108,1,130,243,133,83,66,1,211,188,116,71,42
20224,A,골목상권,3110509,연희대우아파트앞,3108,1452,1656,10,588,768,762,647,333,7,195,340,413,291,206,3,393,428,349,356,127
20224,A,골목상권,3110564,홍대입구역 3번,3719,2005,1714,13,669,919,827,753,538,9,248,448,456,453,391,4,421,471,371,300,147
20224,A,골목상권,3110524,연희세브란스병원,103,61,42,0,12,14,21,21,35,0,6,7,10,13,25,0,6,7,11,8,10
20224,A,골목상권,3110519,서대문구보건소별관,1507,688,819,1,235,290,399,374,208,1,79,135,203,162,108,0,156,155,196,212,100
20224,A,골목상권,3110576,대흥역 3번,5382,3414,1968,79,939,1223,1169,1147,825,29,466,793,820,754,552,50,473,430,349,393,273
20224,A,골목상권,3110573,신촌역 6번,3658,1638,2020,59,1952,841,356,296,154,19,740,412,168,189,110,40,1212,429,188,107,44
20224,A,골목상권,3110563,상수역 3번,1775,1091,684,20,394,537,380,269,175,14,185,322,259,186,125,6,209,215,121,83,50
20224,A,골목상권,3110621,목동역 5번,6561,3403,3158,13,1373,1658,1558,1218,741,7,459,886,925,658,468,6,914,772,633,560,273
20224,A,골목상권,3110604,신월4동주민센터,2562,1829,733,1,147,307,531,813,763,1,63,163,324,591,687,0,84,144,207,222,76
20224,A,골목상권,3110592,서울금융고등학교,1418,826,592,0,159,268,306,388,297,0,60,114,154,262,236,0,99,154,152,126,61
20224,A,골목상권,3110595,메디힐병원,2673,1506,1167,2,265,534,570,717,585,1,120,277,304,429,375,1,145,257,266,288,210
20224,A,골목상권,3110603,지향초등학교,1491,835,656,3,116,242,379,451,300,0,47,129,201,246,212,3,69,113,178,205,88
20224,A,골목상권,3110625,신정2동주민센터,16198,9820,6378,112,2886,5330,4076,2804,990,78,1380,3276,2623,1819,644,34,1506,2054,1453,985,346
20224,A,골목상권,3110694,세곡초등학교,1785,1047,738,2,177,395,445,464,302,0,103,223,225,258,238,2,74,172,220,206,64
20224,A,골목상권,3110614,목동로데오거리,2417,1098,1319,3,334,528,600,608,344,2,114,230,276,284,192,1,220,298,324,324,152
20224,A,골목상권,3110667,가양역 10번,1800,935,865,11,274,339,420,410,346,3,109,178,245,204,196,8,165,161,175,206,150
20224,A,골목상권,3110643,강서구다솔마을,965,598,367,1,130,245,288,220,81,0,61,147,186,143,61,1,69,98,102,77,20
20224,A,골목상권,3110639,신방화역 8번,2731,1181,1550,7,220,288,413,883,920,4,100,169,211,292,405,3,120,119,202,591,515
20224,A,골목상권,3110663,우장산롯데캐슬아파트앞,5359,3199,2160,30,999,1445,1422,975,488,6,423,940,917,567,346,24,576,505,505,408,142
20224,A,골목상권,3110641,공항고등학교,1128,713,415,5,140,196,275,310,202,4,68,126,151,195,169,1,72,70,124,115,33
20224,A,골목상권,3110633,개화산역 1번,1889,1400,489,5,147,329,613,532,263,3,96,226,475,385,215,2,51,103,138,147,48
20224,A,골목상권,3110642,정곡초등학교,685,546,139,4,37,93,162,180,209,3,26,69,120,144,184,1,11,24,42,36,25
20224,A,골목상권,3110678,염창무학아파트,1394,954,440,1,153,288,345,353,254,1,67,196,230,253,207,0,86,92,115,100,47
20224,A,골목상권,3110653,화곡역 2번,3217,1604,1613,4,830,737,647,610,389,2,234,386,349,374,259,2,596,351,298,236,130
20224,A,골목상권,3110664,강서구청옆,5115,3052,2063,3,737,1589,1285,1162,339,2,325,916,765,801,243,1,412,673,520,361,96
20224,A,골목상권,3110661,강서새말어린이공원,5000,2990,2010,3,614,1412,1299,1279,393,1,264,757,773,902,293,2,350,655,526,377,100
20224,A,골목상권,3110710,남구로역 3번,11294,7278,4016,42,2025,3289,2861,1783,1294,27,997,2122,1963,1237,932,15,1028,1167,898,546,362
20224,A,골목상권,3110683,오류고등학교,947,549,398,2,104,203,251,259,128,0,46,117,149,161,76,2,58,86,102,98,52
20224,A,골목상권,3110687,"천왕역 3번(오류2동주민센터, 서울오류남초등학교)",611,327,284,2,64,145,181,164,55,0,25,67,94,101,40,2,39,78,87,63,15
20224,A,골목상권,3110740,금천해태공원,2272,1221,1051,12,314,449,585,607,305,12,140,242,307,289,231,0,174,207,278,318,74
20224,A,골목상권,3110733,금천어울림복지센터,1394,848,546,6,220,294,309,352,213,6,95,175,196,198,178,0,125,119,113,154,35
20224,A,골목상권,3110739,시흥3동 우편취급국,6057,3396,2661,12,415,798,1378,1593,1861,3,218,521,767,793,1094,9,197,277,611,800,767
20224,A,골목상권,3110794,영동초등학교,6731,4384,2347,7,908,1678,1868,1488,782,4,484,1187,1296,880,533,3,424,491,572,608,249
20224,A,골목상권,3110796,한림대학교한강성심병원,4703,2546,2157,8,1205,1185,1032,730,543,0,356,602,664,496,428,8,849,583,368,234,115
20224,A,골목상권,3110773,당산역 13번,2296,1625,671,5,321,455,469,433,613,2,200,319,306,314,484,3,121,136,163,119,129
20224,A,골목상권,3110775,대동초등학교,2205,1172,1033,3,265,305,440,491,701,2,87,154,225,267,437,1,178,151,215,224,264
20224,A,골목상권,3110802,신길동홍어거리,1688,958,730,2,163,356,336,340,491,0,66,161,165,198,368,2,97,195,171,142,123
20224,A,골목상권,3110814,서울지방병무청,7231,4542,2689,9,1277,1559,1449,2091,846,3,648,1005,888,1436,562,6,629,554,561,655,284
20224,A,골목상권,3110791,신풍역 3번,962,409,553,2,107,204,340,219,90,1,55,84,106,98,65,1,52,120,234,121,25
20224,A,골목상권,3110826,장승배기역 4번,1539,717,822,2,208,317,383,327,302,1,88,174,163,145,146,1,120,143,220,182,156
20224,A,골목상권,3110846,남성역 1번,3023,1643,1380,6,279,488,722,688,840,4,110,241,329,370,589,2,169,247,393,318,251
20224,A,골목상권,3110849,이수역 10번,2020,917,1103,9,243,385,555,503,325,3,74,176,237,222,205,6,169,209,318,281,120
20224,A,골목상권,3110904,이수역 5번,7580,3075,4505,27,1481,1942,1814,1328,988,11,481,754,719,541,569,16,1000,1188,1095,787,419
20224,A,골목상권,3110845,사당종합체육관,2216,1328,888,1,343,604,608,487,173,0,142,347,418,296,125,1,201,257,190,191,48
20224,A,골목상권,3110838,상도1동주민센터앞,470,279,191,0,38,134,125,108,65,0,24,64,76,59,56,0,14,70,49,49,9
20224,A,골목상권,3110842,흑리단길,333,124,209,1,42,51,91,88,60,0,9,16,31,31,37,1,33,35,60,57,23
20224,A,골목상권,3110895,샤로수길,9100,5774,3326,22,1457,2643,2011,1949,1018,12,741,1663,1249,1320,789,10,716,980,762,629,229
20224,A,골목상권,3110862,난곡초등학교(난곡동벽화마을),751,369,382,4,90,142,198,179,138,2,33,61,89,89,95,2,57,81,109,90,43
20224,A,골목상권,3110881,구립대학경로당(관악산샘말공원),3491,2506,985,7,487,876,989,802,330,2,285,574,762,628,255,5,202,302,227,174,75
20224,A,골목상권,3110868,남부초등학교,1203,669,534,1,119,222,307,292,262,1,58,121,153,170,166,0,61,101,154,122,96
20224,A,골목상권,3110884,봉천역 4번(봉천110안전센터),2449,1248,1201,5,344,475,517,594,514,2,117,236,287,288,318,3,227,239,230,306,196
20224,A,골목상권,3110945,본마을노인복지센터(서초구립내곡도서관),282,173,109,3,60,68,60,61,30,3,24,39,39,44,24,0,36,29,21,17,6
20224,A,골목상권,3110923,방배역 1번,7685,4925,2760,99,1271,2216,1992,1225,882,30,656,1274,1396,874,695,69,615,942,596,351,187
20224,A,골목상권,3110911,방배배수지체육공원,5174,3320,1854,19,999,1738,1199,574,645,7,472,1151,868,368,454,12,527,587,331,206,191
20224,A,골목상권,3110925,서초중학교,7154,4224,2930,46,1556,2069,1769,1060,654,22,621,1233,1169,687,492,24,935,836,600,373,162
20224,A,골목상권,3110939,양재역 8번(양재동우체국),41563,20436,21127,491,8989,10005,11680,7308,3090,234,4386,5999,4772,2772,2273,257,4603,4006,6908,4536,817
20224,A,골목상권,3110957,언북중학교,19599,10831,8768,50,4379,6251,4791,2651,1477,12,1584,3303,3059,1807,1066,38,2795,2948,1732,844,411
20224,A,골목상권,3110965,언주역 6번,9740,5517,4223,23,2101,3089,2326,1335,866,8,808,1801,1548,764,588,15,1293,1288,778,571,278
20224,A,골목상권,3110989,대치동아우편취급국,11455,6945,4510,30,1728,2699,2466,2216,2316,10,807,1670,1718,1423,1317,20,921,1029,748,793,999
20224,A,골목상권,3110976,언북초등학교,7421,3945,3476,22,1768,2422,1579,974,656,5,662,1328,981,573,396,17,1106,1094,598,401,260
20224,A,골목상권,3111013,송파나루역 1번(송리단길),13204,8353,4851,24,2104,4019,3310,2243,1504,8,1026,2562,2230,1466,1061,16,1078,1457,1080,777,443
20224,A,골목상권,3111009,송파책박물관,1894,1412,482,3,218,363,367,454,489,1,177,296,267,293,378,2,41,67,100,161,111
20224,A,골목상권,3111036,투구봉어린이공원,2144,1386,758,11,342,562,503,501,225,9,231,389,324,276,157,2,111,173,179,225,68
20224,A,골목상권,3111039,벌말어린이공원,2919,1879,1040,10,337,724,752,674,422,9,200,492,489,409,280,1,137,232,263,265,142
20224,A,골목상권,3111063,강동구립 천호도서관,2780,1638,1142,5,183,340,451,548,1253,5,84,173,243,277,856,0,99,167,208,271,397
20224,A,골목상권,3111075,굽은다리역 2번,2417,1284,1133,3,301,474,580,612,447,1,128,269,277,326,283,2,173,205,303,286,164
20224,A,골목상권,3111058,성내중학교,2021,1203,818,3,223,404,536,552,303,1,135,242,295,323,207,2,88,162,241,229,96
20224,A,골목상권,3111055,선사초등학교,1504,437,1067,1,125,210,322,498,348,0,66,114,117,64,76,1,59,96,205,434,272
20224,A,골목상권,3110535,영천시장입구,1407,635,772,2,148,229,338,457,233,2,47,91,151,210,134,0,101,138,187,247,99
20224,A,골목상권,3110009,자하문터널,2236,1348,888,1,463,684,579,375,134,1,207,424,359,259,98,0,256,260,220,116,36
20224,A,골목상권,3110033,창신역 4번,852,441,411,1,111,175,201,230,134,0,33,87,107,143,71,1,78,88,94,87,63
20224,A,골목상권,3110023,서울대병원,2374,1256,1118,7,511,735,518,390,213,2,179,349,299,269,158,5,332,386,219,121,55
20224,A,골목상권,3110022,경신고등학교,5909,2689,3220,26,974,1661,1479,1083,686,19,336,787,696,497,354,7,638,874,783,586,332
20224,A,골목상권,3110280,북정마을,1209,815,394,9,195,326,356,231,92,2,107,241,255,149,61,7,88,85,101,82,31
20224,A,골목상권,3110044,관성묘,34192,15760,18432,442,11564,8837,6437,4830,2082,190,5585,5080,3417,1066,422,252,5979,3757,3020,3764,1660
20224,A,골목상권,3110590,만리재,1137,499,638,0,203,311,256,242,125,0,72,138,121,98,70,0,131,173,135,144,55
20224,A,골목상권,3110538,충정로역 3번,6660,3985,2675,3,1234,1988,1797,1041,597,2,614,1164,1117,687,401,1,620,824,680,354,196
20224,A,골목상권,3110074,서울역 12번,26467,15378,11089,166,9386,8469,5337,2396,713,16,2581,5612,4442,2143,584,150,6805,2857,895,253,129
20224,A,골목상권,3110079,후암동주민센터,23635,17320,6315,25,4338,8442,6036,3464,1330,14,2507,5969,5038,2823,969,11,1831,2473,998,641,361
20224,A,골목상권,3110084,경리단길북측,1137,629,508,2,162,321,292,215,145,0,72,172,152,124,109,2,90,149,140,91,36
20224,A,골목상권,3110081,해방촌 남동측,1004,549,455,0,167,274,244,214,105,0,70,167,133,107,72,0,97,107,111,107,33
20224,A,골목상권,3110071,한강미주맨션아파트,7694,4336,3358,39,937,1689,2729,1822,478,30,410,993,1467,1121,315,9,527,696,1262,701,163
20224,A,골목상권,3110070,용산세무서,4544,2531,2013,7,511,842,1763,1106,315,0,317,511,830,654,219,7,194,331,933,452,96
20224,A,골목상권,3110062,한강로동땡땡거리(은행나무길),6939,4293,2646,11,881,2017,1923,1394,713,7,381,1078,1310,1036,481,4,500,939,613,358,232
20224,A,골목상권,3110101,옥정중학교,7875,6553,1322,8,667,2533,2557,1899,211,4,336,1961,2280,1793,179,4,331,572,277,106,32
20224,A,골목상권,3110102,옥수역 6번,3841,1318,2523,3,1030,1177,844,551,236,0,231,368,353,245,121,3,799,809,491,306,115
20224,A,골목상권,3110142,화양사거리,2804,1663,1141,4,514,723,673,527,363,1,251,457,441,258,255,3,263,266,232,269,108
20224,A,골목상권,3110179,광나루역 1번,5756,3390,2366,160,2246,981,941,998,430,51,1063,679,646,684,267,109,1183,302,295,314,163
20224,A,골목상권,3110180,광진정보도서관,8061,5134,2927,18,2150,2859,1722,920,392,5,1092,1920,1198,611,308,13,1058,939,524,309,84
20224,A,골목상권,3110159,구의역 4번,5367,2836,2531,7,750,1225,1369,1270,746,7,284,550,682,767,546,0,466,675,687,503,200
20224,A,골목상권,3110148,어린이대공원역 3번,1054,772,282,0,83,139,292,374,166,0,39,93,207,287,146,0,44,46,85,87,20
20224,A,골목상권,3110153,중곡1동주민센터,4344,1904,2440,82,1289,748,851,997,377,28,556,394,376,309,241,54,733,354,475,688,136
20224,A,골목상권,3110228,장안근린공원,5579,2983,2596,50,1846,996,988,1029,670,31,967,565,447,513,460,19,879,431,541,516,210
20224,A,골목상권,3110183,한국의류시험연구원,5635,1896,3739,5,941,1338,1052,1352,947,1,284,602,411,281,317,4,657,736,641,1071,630
20224,A,골목상권,3110210,서울시립대,1290,734,556,4,172,214,230,290,380,1,63,119,130,137,284,3,109,95,100,153,96
20224,A,골목상권,3110197,세종대왕기념관교차로,681,441,240,1,42,138,243,179,78,1,22,79,156,117,66,0,20,59,87,62,12
20224,A,골목상권,3110317,종암중학교,856,427,429,0,69,203,291,204,89,0,23,84,143,127,50,0,46,119,148,77,39
20224,A,골목상권,3110269,용마문화복지센터,1193,806,387,1,105,206,253,351,277,0,39,123,168,269,207,1,66,83,85,82,70
20224,A,골목상권,3110262,상봉역 3번,2597,1501,1096,5,405,724,834,459,170,3,233,499,436,209,121,2,172,225,398,250,49
20224,A,골목상권,3110243,중랑노인종합복지관,1280,706,574,2,112,204,300,372,290,1,37,90,161,202,215,1,75,114,139,170,75
20224,A,골목상권,3110252,장안제일시장,1463,895,568,1,172,277,384,342,287,1,77,179,182,215,241,0,95,98,202,127,46
20224,A,골목상권,3110255,상봉역 4번,4054,2483,1571,6,455,886,1164,879,664,1,218,560,648,531,525,5,237,326,516,348,139
20224,A,골목상권,3110259,사가정역 1번,2849,1765,1084,6,311,616,796,665,455,3,137,348,463,463,351,3,174,268,333,202,104
20224,A,골목상권,3110247,먹골역 1번,1727,841,886,0,201,366,470,450,240,0,59,164,206,235,177,0,142,202,264,215,63
20224,A,골목상권,3110244,중화역 4번,2138,1412,726,2,328,556,501,482,269,2,197,350,310,346,207,0,131,206,191,136,62
20224,A,골목상권,3110251,장안중학교,1630,858,772,0,198,364,401,366,301,0,75,156,203,193,231,0,123,208,198,173,70
20224,A,골목상권,3110271,신내역 1번,2482,929,1553,4,592,712,487,573,114,1,121,285,240,223,59,3,471,427,247,350,55
20224,A,골목상권,3110296,성신여대입구역 4번,12695,7697,4998,59,1926,3038,3949,2285,1438,26,872,1766,2632,1690,711,33,1054,1272,1317,595,727
20224,A,골목상권,3110297,경동고등학교,7690,3952,3738,8,907,1939,2285,1889,662,4,314,848,1159,1261,366,4,593,1091,1126,628,296
20224,A,골목상권,3110378,송중동주민센터,1126,533,593,8,114,164,325,277,238,6,49,71,143,123,141,2,65,93,182,154,97
20224,A,골목상권,3110414,장석교회,402,255,147,4,50,79,115,101,53,2,29,47,75,62,40,2,21,32,40,39,13
20224,A,골목상권,3110287,정릉3동주민센터,875,585,290,0,79,170,271,258,97,0,28,91,181,204,81,0,51,79,90,54,16
20224,A,골목상권,3110375,서울북부고용노동지청,845,360,485,1,109,138,239,204,154,0,39,61,79,89,92,1,70,77,160,115,62
20224,A,골목상권,3110399,창2동주민센터,1602,880,722,10,196,366,466,372,192,9,106,227,240,168,130,1,90,139,226,204,62
20224,A,골목상권,3110354,삼각산119안전센터,344,130,214,1,37,80,102,76,48,0,8,21,42,29,30,1,29,59,60,47,18
20224,A,골목상권,3110350,가오리역 2번,1785,1189,596,0,95,235,490,631,334,0,24,137,343,423,262,0,71,98,147,208,72
20224,A,골목상권,3110410,방학역 2번,5184,3020,2164,10,533,1200,1296,1319,826,9,263,670,687,796,595,1,270,530,609,523,231
20224,A,골목상권,3110411,도봉역 3번,1429,925,504,2,98,247,291,426,365,1,28,129,162,293,312,1,70,118,129,133,53
20224,A,골목상권,3110400,도봉구보건소,1846,892,954,4,271,357,453,479,282,3,89,169,210,236,185,1,182,188,243,243,97
20224,A,골목상권,3110409,창동역 2번,5869,3927,1942,2,646,1342,1458,1180,1241,0,365,971,1044,680,867,2,281,371,414,500,374
20224,A,골목상권,3110434,태릉입구역 4번,2447,893,1554,4,239,367,566,692,579,2,84,195,227,195,190,2,155,172,339,497,389
20224,A,골목상권,3110426,상계2동주민센터,2416,1320,1096,14,360,487,625,559,371,11,137,269,322,324,257,3,223,218,303,235,114
20224,A,골목상권,3110465,연신내역 7번,2257,927,1330,9,386,528,559,476,299,5,118,240,230,184,150,4,268,288,329,292,149
20224,A,골목상권,3110490,녹번동근린공원,3783,1923,1860,7,438,883,1034,1016,405,4,202,399,477,577,264,3,236,484,557,439,141
20224,A,골목상권,3110489,불광역 3번,716,357,359,0,96,185,192,137,106,0,35,89,98,60,75,0,61,96,94,77,31
20224,A,골목상권,3110479,연신내역 2번,2576,1321,1255,3,157,300,327,507,1282,1,56,170,162,218,714,2,101,130,165,289,568
20224,A,골목상권,3110493,북가좌초등학교,1809,1358,451,0,58,129,215,372,1035,0,18,54,90,234,962,0,40,75,125,138,73
20224,A,골목상권,3110492,하나고등학교,540,262,278,1,21,104,141,149,124,0,6,75,108,50,23,1,15,29,33,99,101
20224,A,골목상권,3110513,연희파출소,3363,2204,1159,22,567,790,725,790,469,9,272,540,501,544,338,13,295,250,224,246,131
20224,A,골목상권,3110514,서대문우체국,5884,4292,1592,5,831,1136,1085,2109,718,2,601,819,690,1648,532,3,230,317,395,461,186
20224,A,골목상권,3110562,연트럴파크(연남동주민센터),2875,1653,1222,6,493,708,654,605,409,5,216,416,353,352,311,1,277,292,301,253,98
20224,A,골목상권,3110508,서연중학교,4731,2947,1784,65,1080,1249,854,927,556,33,608,915,530,502,359,32,472,334,324,425,197
20224,A,골목상권,3110518,서대문구청,3722,1975,1747,12,546,1034,1058,869,203,9,200,479,568,581,138,3,346,555,490,288,65
20224,A,골목상권,3110525,홍은종합사회복지관,7221,1312,5909,3,183,467,1911,3557,1100,1,69,144,285,391,422,2,114,323,1626,3166,678
20224,A,골목상권,3110515,홍은중학교,1043,706,337,1,143,296,295,199,109,1,75,191,205,147,87,0,68,105,90,52,22
20224,A,골목상권,3110583,공덕래미안3차아파트,6179,4019,2160,25,972,2169,1807,999,207,2,442,1254,1331,841,149,23,530,915,476,158,58
20224,A,골목상권,3110577,용강동주민센터,9059,5496,3563,86,1376,2019,2088,1811,1679,35,752,1266,1421,1058,964,51,624,753,667,753,715
20224,A,골목상권,3110559,성산중학교,3953,2244,1709,15,791,1163,989,658,337,10,291,617,630,448,248,5,500,546,359,210,89
20224,A,골목상권,3110673,뜸부기어린이공원,3925,1626,2299,2,811,1050,872,768,422,1,199,434,404,342,246,1,612,616,468,426,176
20224,A,골목상권,3110593,신월3동주민센터,1762,1006,756,1,186,325,388,471,391,0,75,151,191,286,303,1,111,174,197,185,88
20224,A,골목상권,3110605,목동센트럴아이파크앞,1499,829,670,1,100,208,369,491,330,0,43,115,174,261,236,1,57,93,195,230,94
20224,A,골목상권,3110644,신광명마을,984,638,346,8,82,134,249,286,225,5,35,58,135,196,209,3,47,76,114,90,16
20224,A,골목상권,3110634,송정역 3번,2258,1399,859,4,275,506,610,511,352,1,117,307,373,338,263,3,158,199,237,173,89
20224,A,골목상권,3110637,송정역 2번,2971,1382,1589,8,213,374,533,870,973,1,106,229,321,293,432,7,107,145,212,577,541
20224,A,골목상권,3110717,남구로역 2번,14015,9786,4229,70,2885,4254,3438,2015,1353,55,1641,3012,2557,1417,1104,15,1244,1242,881,598,249
20224,A,골목상권,3110704,고척중학교,2226,1605,621,3,212,447,479,523,562,2,146,303,298,357,499,1,66,144,181,166,63
20224,A,골목상권,3110711,구로초등학교,6053,3126,2927,18,987,1548,1351,1432,717,6,398,756,689,847,430,12,589,792,662,585,287
20224,A,골목상권,3110853,KT구로지사,2641,1608,1033,1,319,772,649,545,355,0,145,461,405,335,262,1,174,311,244,210,93
20224,A,골목상권,3110719,영서중학교,8289,5933,2356,59,1796,2525,2024,1273,612,45,1066,1810,1558,970,484,14,730,715,466,303,128
20224,A,골목상권,3110681,온수역 1번,770,608,162,1,32,106,134,230,267,1,15,68,84,193,247,0,17,38,50,37,20
20223,A,골목상권,3110638,신방화역 2번,3645,2335,1310,10,416,661,1045,983,530,8,205,404,713,617,388,2,211,257,332,366,142
20223,A,골목상권,3110712,남구로역 5번,1579,913,666,8,183,331,363,324,370,5,99,196,189,176,248,3,84,135,174,148,122
20223,A,골목상권,3110702,개봉초등학교,1569,818,751,1,157,329,420,390,272,1,72,153,202,214,176,0,85,176,218,176,96
20223,A,골목상권,3110699,덕의초등학교,2451,1563,888,9,303,578,623,646,292,7,187,384,391,378,216,2,116,194,232,268,76
20223,A,골목상권,3110720,대림역 2번,2280,1556,724,2,188,387,574,709,420,2,83,218,387,538,328,0,105,169,187,171,92
20223,A,골목상권,3110778,구로디지털단지역 4번,13303,7796,5507,56,2966,4427,3201,1627,1026,23,1254,2669,2063,1065,722,33,1712,1758,1138,562,304
20223,A,골목상권,3110745,독산동정훈단지,1306,773,533,1,137,196,260,372,340,0,71,92,115,221,274,1,66,104,145,151,66
20223,A,골목상권,3110856,미성초등학교,5264,3671,1593,18,465,913,970,948,1950,13,238,541,608,563,1708,5,227,372,362,385,242
20223,A,골목상권,3110855,신대방역 2번,4936,3401,1535,6,709,900,888,794,1639,2,282,540,546,528,1503,4,427,360,342,266,136
20223,A,골목상권,3110755,동일여자고등학교,2033,1040,993,21,274,503,487,453,295,16,131,278,253,192,170,5,143,225,234,261,125
20223,A,골목상권,3110771,대림역 11번,2420,1335,1085,5,268,314,456,542,835,2,91,160,234,316,532,3,177,154,222,226,303
20223,A,골목상권,3110768,도림2동유수지내체육시설,1219,778,441,9,118,206,287,302,297,8,48,126,182,211,203,1,70,80,105,91,94
20223,A,골목상권,3110759,문래예술촌(문래창작촌),65954,51168,14786,61,8786,22706,21719,9637,3045,32,5433,17446,18749,7800,1708,29,3353,5260,2970,1837,1337
20223,A,골목상권,3110818,신대방역 3번,1692,950,742,2,287,451,397,278,277,2,124,277,228,138,181,0,163,174,169,140,96
20223,A,골목상권,3110858,신대방역 1번,2669,2004,665,0,421,756,879,491,122,0,195,575,748,404,82,0,226,181,131,87,40
20223,A,골목상권,3110874,원신초등학교(구세군관악영문교회),732,381,351,8,77,186,200,173,88,2,22,81,122,86,68,6,55,105,78,87,20
20223,A,골목상권,3110879,신림현대아파트,1116,536,580,7,212,210,278,222,187,1,100,99,137,109,90,6,112,111,141,113,97
20223,A,골목상권,3110885,영락고등학교,1746,990,756,7,240,328,434,376,361,1,122,173,232,224,238,6,118,155,202,152,123
20223,A,골목상권,3110872,신림초등학교,689,382,307,5,101,168,168,152,95,3,54,93,102,85,45,2,47,75,66,67,50
20223,A,골목상권,3110947,청계산입구역 2번(내곡동주민센터),182,79,103,0,26,23,46,37,50,0,13,11,28,10,17,0,13,12,18,27,33
20223,A,골목상권,3110913,방현초등학교(방배119안전센터),9674,6057,3617,22,1677,2842,2518,1523,1092,5,797,1829,1720,957,749,17,880,1013,798,566,343
20223,A,골목상권,3110934,우면주공아파트,1489,946,543,6,264,423,395,260,141,5,105,290,271,170,105,1,159,133,124,90,36
20223,A,골목상권,3110937,방아다리근린공원(횃불트리니티신학대학원대학교),14952,9277,5675,329,4835,4416,2991,1697,684,151,2497,2972,2135,1021,501,178,2338,1444,856,676,183
20223,A,골목상권,3110955,논현초등학교,20906,14265,6641,76,4625,6342,4724,3259,1880,45,2535,4372,3537,2430,1346,31,2090,1970,1187,829,534
20223,A,골목상권,3110992,도곡초등학교,8628,4357,4271,50,1508,2156,1880,1719,1315,28,647,1065,939,866,812,22,861,1091,941,853,503
20223,A,골목상권,3110963,역삼월드메르디앙아파트,18186,10655,7531,122,4620,5292,4181,2560,1411,33,1769,3113,2948,1716,1076,89,2851,2179,1233,844,335
20223,A,골목상권,3110972,강남세브란스병원미래의학연구센터,22138,12993,9145,207,6590,6499,5019,2834,989,69,2849,4088,3556,1696,735,138,3741,2411,1463,1138,254
20223,A,골목상권,3110991,삼성중앙역 5번,10374,5378,4996,43,2958,2855,2028,1298,1192,9,932,1472,1304,854,807,34,2026,1383,724,444,385
20223,A,골목상권,3110990,청담역 12번,7833,5477,2356,20,1213,2652,2394,1251,303,9,506,1665,1965,1094,238,11,707,987,429,157,65
20223,A,골목상권,3111000,대왕초등학교(세곡동사거리서남측),156,35,121,1,22,55,43,25,10,0,2,7,12,5,9,1,20,48,31,20,1
20223,A,골목상권,3110999,윗방죽마을공원,408,226,182,3,33,70,73,122,107,1,17,45,46,70,47,2,16,25,27,52,60
20223,A,골목상권,3110969,베르사이유1아파트,29014,17556,11458,73,5335,8726,7783,5424,1673,29,2616,5589,5487,2693,1142,44,2719,3137,2296,2731,531
20223,A,골목상권,3110967,역삼역 8번,24226,18490,5736,23,4422,7830,6561,4334,1056,10,2559,5859,5511,3785,766,13,1863,1971,1050,549,290
20223,A,골목상권,3110985,청담근린공원,9800,6589,3211,34,1729,2898,2625,1790,724,17,815,1972,1966,1323,496,17,914,926,659,467,228
20223,A,골목상권,3111008,석촌고분역 3번,3907,2479,1428,12,490,799,912,951,743,10,289,528,566,545,541,2,201,271,346,406,202
20223,A,골목상권,3111016,송파역 2번,15479,10229,5250,62,2083,3454,3732,3349,2799,44,1020,2251,2780,2219,1915,18,1063,1203,952,1130,884
20223,A,골목상권,3111038,보인중학교,2602,1770,832,14,377,689,649,574,299,13,214,471,461,405,206,1,163,218,188,169,93
20223,A,골목상권,3111021,방이역 4번,11137,8092,3045,38,1448,2300,2854,2754,1743,26,767,1502,2125,2188,1484,12,681,798,729,566,259
20223,A,골목상권,3111015,석촌역 3번,10932,6847,4085,26,1640,2424,2423,2333,2086,11,799,1507,1612,1477,1441,15,841,917,811,856,645
20223,A,골목상권,3111003,삼전역 4번,4568,3024,1544,18,600,1083,1254,905,708,1,324,732,817,598,552,17,276,351,437,307,156
20223,A,골목상권,3111062,둔촌동역 3번(성내3동주민센터),3255,2100,1155,7,480,811,880,607,470,6,266,532,569,389,338,1,214,279,311,218,132
20223,A,골목상권,3111011,잠실나루역,9608,7747,1861,42,1275,3018,2795,2046,432,18,924,2492,2309,1674,330,24,351,526,486,372,102
20223,A,골목상권,3111048,천호역 1번(천호문구완구거리),1608,876,732,7,195,360,372,323,351,4,82,170,209,171,240,3,113,190,163,152,111
20223,A,골목상권,3111088,고덕동성당,1134,951,183,0,35,82,216,447,354,0,9,53,173,388,328,0,26,29,43,59,26
20223,A,골목상권,3111079,둔촌고등학교(둔촌중학교),1407,838,569,2,141,259,315,339,351,2,81,153,184,167,251,0,60,106,131,172,100
20223,A,골목상권,3111052,암사역 3번(천호동자전거거리),1652,885,767,3,192,365,475,387,230,2,74,188,246,218,157,1,118,177,229,169,73
20223,A,골목상권,3111071,천동초등학교,2013,1097,916,2,200,393,515,454,449,1,72,204,289,251,280,1,128,189,226,203,169
20223,A,골목상권,3111069,천호1동주민센터,2143,1118,1025,5,185,409,525,555,464,3,66,183,269,288,309,2,119,226,256,267,155
20223,A,골목상권,3111050,강동구청(강동구청역 2번),6451,4040,2411,30,768,1601,1613,1617,822,12,384,869,987,1154,634,18,384,732,626,463,188
20223,A,골목상권,3111066,암사동성당(효정하나플러스아파트),1710,995,715,5,169,380,394,455,307,1,71,188,219,302,214,4,98,192,175,153,93
20223,A,골목상권,3110003,세검정초등학교,3208,1681,1527,12,383,849,849,655,460,7,132,383,486,370,303,5,251,466,363,285,157
20223,A,골목상권,3110032,수족관거리,1721,729,992,8,316,378,484,355,180,7,101,148,164,183,126,1,215,230,320,172,54
20223,A,골목상권,3110049,장충단 고개,7948,4363,3585,17,1488,2210,1865,1591,777,6,534,1186,1138,986,513,11,954,1024,727,605,264
20223,A,골목상권,3110054,청구역 3번,5615,2963,2652,16,1124,1473,1173,1085,744,5,384,793,702,621,458,11,740,680,471,464,286
20223,A,골목상권,3110041,남산케이블카,5723,3089,2634,10,793,1518,1444,1163,795,7,334,836,819,626,467,3,459,682,625,537,328
20223,A,골목상권,3110533,충정로역 7번,2911,1774,1137,1,433,782,782,547,366,0,223,473,484,349,245,1,210,309,298,198,121
20223,A,골목상권,3110065,남정초등학교,2218,1561,657,13,351,641,535,358,320,11,227,499,376,234,214,2,124,142,159,124,106
20223,A,골목상권,3110080,해방촌예술마을,2226,1456,770,3,252,385,746,672,168,3,84,214,546,496,113,0,168,171,200,176,55
20223,A,골목상권,3110579,마포역 4번,5616,3529,2087,8,1017,1486,1468,1076,561,6,371,893,1024,805,430,2,646,593,444,271,131
20223,A,골목상권,3110123,마장역 3번,1433,884,549,1,176,272,329,389,266,1,78,159,191,253,202,0,98,113,138,136,64
20223,A,골목상권,3110114,왕십리파출소,2346,644,1702,8,434,328,413,711,452,1,142,144,153,139,65,7,292,184,260,572,387
20223,A,골목상권,3110121,한양대역 4번,102,61,41,0,13,22,20,20,27,0,6,11,11,12,21,0,7,11,9,8,6
20223,A,골목상권,3110127,성수1가1동주민센터,3267,2102,1165,10,572,1007,809,584,285,5,303,663,543,374,214,5,269,344,266,210,71
20223,A,골목상권,3110140,건대입구역 6번,3220,2119,1101,14,390,614,754,831,617,10,183,373,498,562,493,4,207,241,256,269,124
20223,A,골목상권,3110141,건대입구역 1번,1987,1285,702,10,275,407,532,461,302,6,137,258,349,297,238,4,138,149,183,164,64
20223,A,골목상권,3110209,답십리 장령당공원,4227,1926,2301,4,629,938,1189,1163,304,1,465,673,394,189,204,3,164,265,795,974,100
20223,A,골목상권,3110174,아차산역 1번,2909,1780,1129,7,346,545,901,765,345,3,151,328,577,479,242,4,195,217,324,286,103
20223,A,골목상권,3110144,어린이대공원역 4번,1502,932,570,0,160,238,383,492,229,0,60,133,242,323,174,0,100,105,141,169,55
20223,A,골목상권,3110152,중곡어린이공원,1671,1070,601,49,338,283,323,400,278,6,137,200,206,286,235,43,201,83,117,114,43
20223,A,골목상권,3110161,중곡역 3번,1960,1296,664,4,150,317,503,672,314,0,67,189,303,504,233,4,83,128,200,168,81
20223,A,골목상권,3110202,전농1동주민센터(전농시장),478,273,205,0,58,96,127,105,92,0,44,55,85,53,36,0,14,41,42,52,56
20223,A,골목상권,3110186,종암초등학교,1751,1308,443,2,179,330,416,475,349,0,82,256,306,362,302,2,97,74,110,113,47
20223,A,골목상권,3110221,의릉,731,443,288,0,69,158,210,196,98,0,28,92,111,132,80,0,41,66,99,64,18
20223,A,골목상권,3110206,텃골근린공원,1126,651,475,2,118,187,312,318,189,1,71,108,193,192,86,1,47,79,119,126,103
20223,A,골목상권,3110219,삼육보건대학교,4329,2321,2008,4,574,869,1055,1098,729,2,178,407,603,643,488,2,396,462,452,455,241
20223,A,골목상권,3110199,홍릉시장,962,521,441,0,76,146,204,306,230,0,34,77,102,142,166,0,42,69,102,164,64
20223,A,골목상권,3110268,망우3동주민센터,981,580,401,0,94,152,205,296,234,0,55,83,101,168,173,0,39,69,104,128,61
20223,A,골목상권,3110264,면목역 2번,1816,1064,752,3,185,354,425,524,325,0,72,184,239,342,227,3,113,170,186,182,98
20223,A,골목상권,3110279,신내역 2번,153,118,35,0,17,28,41,48,19,0,13,24,30,34,17,0,4,4,11,14,2
20223,A,골목상권,3110258,면동초등학교,1659,911,748,2,207,394,460,372,224,1,84,220,233,212,161,1,123,174,227,160,63
20223,A,골목상권,3110237,메가박스 상봉,2944,2064,880,11,293,688,935,821,196,10,142,441,668,655,148,1,151,247,267,166,48
20223,A,골목상권,3110254,오거리공원,1604,894,710,3,171,342,447,427,214,2,70,170,244,256,152,1,101,172,203,171,62
20223,A,골목상권,3110248,먹골파출소,993,487,506,3,102,224,281,230,153,0,31,111,138,105,102,3,71,113,143,125,51
20223,A,골목상권,3110245,KB국민은행 중화동지점,1375,794,581,3,141,276,386,300,269,1,58,154,230,167,184,2,83,122,156,133,85
20223,A,골목상권,3110308,길음역 8번,5558,2775,2783,420,2091,1398,817,515,317,177,921,761,443,234,239,243,1170,637,374,281,78
20223,A,골목상권,3110301,성신여대입구역 7번,2035,1073,962,20,279,387,462,501,386,15,95,170,238,285,270,5,184,217,224,216,116
20223,A,골목상권,3110300,삼선동주민센터,6172,2933,3239,11,709,1579,1872,1508,493,2,213,608,842,960,308,9,496,971,1030,548,185
20223,A,골목상권,3110328,상월곡역 3번,745,414,331,3,111,200,209,158,64,1,47,116,119,84,47,2,64,84,90,74,17
20223,A,골목상권,3110323,상월곡역 1번,2096,1206,890,4,330,425,556,516,265,0,143,247,333,295,188,4,187,178,223,221,77
20223,A,골목상권,3110325,장곡초등학교,1196,710,486,3,130,246,318,285,214,3,60,131,186,172,158,0,70,115,132,113,56
20223,A,골목상권,3110329,우리은행체육관,1168,696,472,8,126,245,281,288,220,4,44,127,158,191,172,4,82,118,123,97,48
20223,A,골목상권,3110418,광운대학교 남단,2395,1300,1095,17,439,649,567,454,269,5,188,388,277,239,203,12,251,261,290,215,66
20223,A,골목상권,3110292,정릉역 2번,1165,443,722,1,229,306,319,217,93,0,57,124,99,95,68,1,172,182,220,122,25
20223,A,골목상권,3110289,북한산보국문역 2번,1565,804,761,0,234,320,398,370,243,0,63,140,184,230,187,0,171,180,214,140,56
20223,A,골목상권,3110320,KB국민은행 종암동지점,1030,585,445,1,84,202,331,295,117,1,23,84,177,219,81,0,61,118,154,76,36
20223,A,골목상권,3110369,성신여대운정그린캠퍼스,1935,860,1075,5,242,321,436,458,473,1,65,112,181,208,293,4,177,209,255,250,180
20223,A,골목상권,3110376,수송초등학교,2101,1069,1032,3,230,420,522,498,428,2,80,208,286,240,253,1,150,212,236,258,175
20223,A,골목상권,3110351,수유북부시장옆,1198,652,546,0,84,147,263,467,237,0,30,65,139,235,183,0,54,82,124,232,54
20223,A,골목상권,3110362,우이천 계성교,961,497,464,1,126,190,258,236,150,0,48,103,126,120,100,1,78,87,132,116,50
20223,A,골목상권,3110356,덕수교,687,389,298,0,56,108,200,172,151,0,20,63,108,94,104,0,36,45,92,78,47
20223,A,골목상권,3110343,무너미어린이공원,1770,1049,721,0,112,212,300,288,858,0,32,122,161,148,586,0,80,90,139,140,272
20223,A,골목상권,3110382,솔밭공원역 1번,391,147,244,1,43,67,98,118,64,0,9,21,28,46,43,1,34,46,70,72,21
20223,A,골목상권,3110413,누원고등학교,568,365,203,0,36,70,115,162,185,0,15,44,66,102,138,0,21,26,49,60,47
20223,A,골목상권,3110422,노원역 9번,1516,697,819,1,187,294,388,390,256,1,71,171,178,157,119,0,116,123,210,233,137
20223,A,골목상권,3110430,중계초등학교,1110,567,543,3,90,168,259,328,262,0,28,66,114,160,199,3,62,102,145,168,63
20223,A,골목상권,3110417,월계역 3번,348,134,214,2,49,63,67,100,67,2,18,35,21,34,24,0,31,28,46,66,43
20223,A,골목상권,3110441,영신여고,1036,451,585,3,105,241,280,305,102,3,45,111,106,125,61,0,60,130,174,180,41
20223,A,골목상권,3110427,노원 을지대학교병원,1752,1176,576,1,156,280,416,577,322,0,59,139,273,460,245,1,97,141,143,117,77
20223,A,골목상권,3110477,은평세무서,2219,1137,1082,6,199,354,531,627,502,2,93,192,270,298,282,4,106,162,261,329,220
20223,A,골목상권,3110476,역촌역 2번,1304,706,598,1,170,308,350,300,175,1,61,154,198,161,131,0,109,154,152,139,44
20223,A,골목상권,3110503,명지대학교교회,3329,2219,1110,30,564,1004,816,642,273,26,345,725,552,388,183,4,219,279,264,254,90
20223,A,골목상권,3110499,연가초등학교,1715,905,810,0,165,359,447,470,274,0,64,203,231,222,185,0,101,156,216,248,89
20223,A,골목상권,3110558,경성고등학교,4895,3051,1844,21,679,1152,1227,1106,710,18,346,676,765,727,519,3,333,476,462,379,191
20223,A,골목상권,3110537,충정로현대아파트,4722,3057,1665,15,800,1434,1132,868,473,9,385,840,810,674,339,6,415,594,322,194,134
20223,A,골목상권,3110541,동교초등학교,1947,1046,901,2,295,400,519,419,312,1,112,214,273,234,212,1,183,186,246,185,100
20223,A,골목상권,3110522,홍제역 3번,1269,694,575,3,128,184,351,436,167,1,37,93,189,254,120,2,91,91,162,182,47
20223,A,골목상권,3110571,신수동주민센터,5389,2967,2422,10,665,1386,1427,1276,625,9,253,623,760,871,451,1,412,763,667,405,174
20223,A,골목상권,3110555,홍익지구대,3611,1855,1756,10,638,968,938,631,426,5,213,449,543,370,275,5,425,519,395,261,151
20223,A,골목상권,3110627,신정롯데캐슬아파트,12409,6926,5483,66,2312,4020,3158,2183,670,31,900,2143,1942,1409,501,35,1412,1877,1216,774,169
20223,A,골목상권,3110628,신목동역,2125,1374,751,4,260,583,583,460,235,2,128,352,393,345,154,2,132,231,190,115,81
20223,A,골목상권,3110679,염창역 2번,2730,2023,707,4,276,584,863,682,321,3,134,413,667,544,262,1,142,171,196,138,59
20223,A,골목상권,3110612,신정역 5번,4440,2606,1834,12,892,682,723,821,1310,5,273,329,389,473,1137,7,619,353,334,348,173
20223,A,골목상권,3110629,송정역 4번,923,553,370,1,104,171,216,231,200,1,47,114,124,142,125,0,57,57,92,89,75
20223,A,골목상권,3110669,화곡보람2차아파트,4693,2768,1925,4,1133,1316,897,642,701,3,357,873,675,396,464,1,776,443,222,246,237
20223,A,골목상권,3110649,우장산역 1번,1340,739,601,2,254,249,320,285,230,0,111,132,152,166,178,2,143,117,168,119,52
20223,A,골목상권,3110670,신곡초등학교,1600,1036,564,8,185,409,399,404,195,5,114,286,251,246,134,3,71,123,148,158,61
20223,A,골목상권,3110666,KC대학교,2132,1568,564,4,303,715,531,460,119,2,205,564,385,312,100,2,98,151,146,148,19
20223,A,골목상권,3110725,가산동주민센터,1841,864,977,4,142,241,320,390,744,2,70,130,189,193,280,2,72,111,131,197,464
20223,A,골목상권,3110700,고척초등학교,5750,4109,1641,10,516,1259,1605,1791,569,7,268,901,1181,1363,389,3,248,358,424,428,180
20223,A,골목상권,3110689,오류동역 3번,4517,2899,1618,15,569,864,1106,1262,701,8,405,556,678,764,488,7,164,308,428,498,213
20223,A,골목상권,3110690,오류2동버들시장,2262,1291,971,1,225,460,530,550,496,0,85,257,277,318,354,1,140,203,253,232,142
20223,A,골목상권,3110766,대림역 5번,5601,3708,1893,16,432,998,1379,1285,1491,5,258,730,1005,825,885,11,174,268,374,460,606
20223,A,골목상권,3110735,말미고개,2955,1738,1217,9,360,595,662,815,514,5,187,340,372,445,389,4,173,255,290,370,125
20223,A,골목상권,3110736,독산119안전센터,2709,1626,1083,4,307,444,561,745,648,2,174,271,330,427,422,2,133,173,231,318,226
20223,A,골목상권,3110746,금천금빛공원(은행나무사거리서측),971,444,527,1,93,156,237,270,214,1,36,71,105,122,109,0,57,85,132,148,105
20223,A,골목상권,3110783,영등포시장역 1번,2418,1654,764,5,411,700,493,528,281,3,259,492,345,391,164,2,152,208,148,137,117
20223,A,골목상권,3110793,대림썬프라자,1502,904,598,6,139,384,505,343,125,5,85,243,259,219,93,1,54,141,246,124,32
20223,A,골목상권,3110799,영등포본동주민센터,524,336,188,5,69,90,131,119,110,3,34,56,85,77,81,2,35,34,46,42,29
20223,A,골목상권,3110777,구로세무서,5825,3399,2426,22,1229,1703,1556,963,352,10,493,985,1009,609,293,12,736,718,547,354,59
20223,A,골목상권,3110821,보라매역 2번,19310,12435,6875,51,3710,3777,3102,4534,4136,27,2841,3091,2036,2222,2218,24,869,686,1066,2312,1918
20223,A,골목상권,3110788,영등포시장역 3번,924,604,320,3,106,166,286,224,139,1,58,113,202,145,85,2,48,53,84,79,54
20223,A,골목상권,3110840,중앙대학교,417,214,203,1,67,68,111,97,73,0,25,31,63,47,48,1,42,37,48,50,25
20223,A,골목상권,3110836,상도역 5번,4431,2490,1941,12,805,1182,1020,914,498,2,328,680,619,553,308,10,477,502,401,361,190
20223,A,골목상권,3110893,관악소방서(문영여고),1814,1409,405,2,342,557,398,425,90,1,237,436,304,357,74,1,105,121,94,68,16
20223,A,골목상권,3110878,미림여고,694,367,327,6,72,190,185,152,89,1,25,91,112,75,63,5,47,99,73,77,26
20223,A,골목상권,3110861,관악구신사동주민센터,4975,3397,1578,4,758,1388,1398,981,446,2,354,958,1075,707,301,2,404,430,323,274,145
20223,A,골목상권,3110890,봉천역 1번(관악초등학교),2071,803,1268,4,374,519,473,347,354,0,67,152,208,174,202,4,307,367,265,173,152
20223,A,골목상권,3110960,은광여고,20267,15455,4812,50,2314,4244,5292,6237,2130,36,1372,3182,4359,5022,1484,14,942,1062,933,1215,646
20223,A,골목상권,3110954,국기원,7043,3734,3309,24,2010,2434,1352,626,597,8,648,1239,953,450,436,16,1362,1195,399,176,161
20223,A,골목상권,3110936,더케이호텔(양재리본타워2단지아파트),1540,1105,435,14,246,433,389,311,147,10,159,288,286,247,115,4,87,145,103,64,32
20223,A,골목상권,3110940,양재근린공원(양재2동주민센터),6573,4578,1995,36,1029,1761,1701,1243,803,22,601,1228,1211,872,644,14,428,533,490,371,159
20223,A,골목상권,3110950,논현역 7번,14453,8508,5945,36,3283,4779,3414,1982,959,15,1326,2815,2305,1346,701,21,1957,1964,1109,636,258
20223,A,골목상권,3110949,한남IC,8417,5196,3221,28,1675,2570,2221,1300,623,15,760,1654,1435,852,480,13,915,916,786,448,143
20223,A,골목상권,3110993,개포지하차도 북측,142,86,56,0,14,21,31,45,31,0,4,14,19,28,21,0,10,7,12,17,10
20223,A,골목상권,3110983,국립국악고등학교,3034,1919,1115,12,544,819,737,554,368,2,245,512,476,373,311,10,299,307,261,181,57
20223,A,골목상권,3110964,싸리고개근린공원,8566,5556,3010,26,1611,2345,2176,1418,990,12,704,1538,1503,1014,785,14,907,807,673,404,205
20223,A,골목상권,3110995,봉은사역 4번,25206,19697,5509,27,4263,7944,7350,4403,1219,8,2756,6028,6191,3798,916,19,1507,1916,1159,605,303
20223,A,골목상권,3111001,아래방죽마을공원(율현초등학교),219,110,109,0,13,33,35,73,65,0,7,22,21,34,26,0,6,11,14,39,39
20223,A,골목상권,3110998,은곡마을(은곡마을공원),32,21,11,1,2,11,8,6,4,0,0,5,7,6,3,1,2,6,1,0,1
20223,A,골목상권,3110959,신구중학교,10232,5500,4732,112,2286,2945,2031,1596,1262,41,1015,1708,1395,759,582,71,1271,1237,636,837,680
20223,A,골목상권,3110962,도산공원북측,5103,2987,2116,21,1320,1864,1050,603,245,7,552,1132,729,415,152,14,768,732,321,188,93
20223,A,골목상권,3110997,대청초등학교,11645,4219,7426,31,3352,3686,2392,1435,749,3,709,1330,968,683,526,28,2643,2356,1424,752,223
20223,A,골목상권,3110979,청담초등학교,13513,6688,6825,34,3681,4952,2707,1503,636,14,1248,2542,1596,814,474,20,2433,2410,1111,689,162
20223,A,골목상권,3111027,문정초등학교,37078,28582,8496,20,3311,6648,10483,13841,2775,8,1965,4804,8129,11835,1841,12,1346,1844,2354,2006,934
20223,A,골목상권,3111020,방이동고분군(방산고등학교),4863,2790,2073,7,576,1242,1105,1165,768,4,274,719,681,609,503,3,302,523,424,556,265
20223,A,골목상권,3111032,방이역 1번,21842,16091,5751,28,2688,5066,5500,5171,3389,14,1606,3510,4215,4282,2464,14,1082,1556,1285,889,925
20223,A,골목상권,3111005,삼전역 3번,5492,3680,1812,15,836,1398,1269,1121,853,5,485,996,882,696,616,10,351,402,387,425,237
20223,A,골목상권,3111037,Sh수협은행 오금동금융센터(아랫말어린이공원),1645,894,751,0,186,380,425,449,205,0,97,235,228,207,127,0,89,145,197,242,78
20223,A,골목상권,3111089,상일여고(상일초등학교),858,553,305,0,66,157,203,261,171,0,37,92,135,164,125,0,29,65,68,97,46
20223,A,골목상권,3111067,강동구립성내도서관,5641,2901,2740,16,1009,1238,1344,1086,948,11,337,615,758,580,600,5,672,623,586,506,348
20223,A,골목상권,3111081,둔촌푸르지오아파트,986,603,383,2,117,183,200,251,233,1,58,108,117,139,180,1,59,75,83,112,53
20223,A,골목상권,3111059,강동역 4번(강풀만화거리),6849,3822,3027,10,1115,1236,1379,1299,1810,5,483,642,758,760,1174,5,632,594,621,539,636
20223,A,골목상권,3110005,세검정,2126,1089,1037,8,301,565,557,474,221,3,123,271,287,262,143,5,178,294,270,212,78
20223,A,골목상권,3110008,배화여자대학교(박노수미술관),3476,1938,1538,39,627,808,767,729,506,0,227,405,439,476,391,39,400,403,328,253,115
20223,A,골목상권,3110015,청와대사랑채,2312,1284,1028,37,513,765,497,301,199,0,191,422,324,192,155,37,322,343,173,109,44
20223,A,골목상권,3110035,동묘앞역 2번,3390,1775,1615,3,258,367,549,741,1472,0,87,183,285,341,879,3,171,184,264,400,593
20223,A,골목상권,3110055,황학동벼룩시장,2333,1280,1053,28,821,479,422,378,205,15,352,239,270,253,151,13,469,240,152,125,54
20223,A,골목상권,3110027,혜화역 1번,3124,1658,1466,9,394,650,865,728,478,5,112,253,479,462,347,4,282,397,386,266,131
20223,A,골목상권,3110030,동대문역 3번,1126,461,665,0,92,206,371,274,183,0,28,77,108,117,131,0,64,129,263,157,52
20223,A,골목상권,3110011,청운초등학교,1873,802,1071,13,318,482,437,339,284,2,65,197,195,159,184,11,253,285,242,180,100
20223,A,골목상권,3110024,혜회동주민센터,4244,1855,2389,27,697,1078,959,887,596,17,228,488,437,385,300,10,469,590,522,502,296
20223,A,골목상권,3110043,충무초등학교,6397,3882,2515,33,1241,1562,1628,1186,747,16,534,903,1084,808,537,17,707,659,544,378,210
20223,A,골목상권,3110082,용산구청,2532,1305,1227,13,448,730,571,554,216,10,162,304,295,368,166,3,286,426,276,186,50
20223,A,골목상권,3110045,동대문역사문화공원역 5번,40455,19049,21406,468,12792,10627,8138,6043,2387,192,5994,6220,4414,1662,567,276,6798,4407,3724,4381,1820
20223,A,골목상권,3110057,황학코아루아파트,1699,938,761,4,273,439,448,319,216,3,142,252,209,171,161,1,131,187,239,148,55
20223,A,골목상권,3110078,이촌동점보아파트,4727,2990,1737,17,766,1262,1193,1032,457,3,410,782,806,673,316,14,356,480,387,359,141
20223,A,골목상권,3110588,한겨레신문사,1133,567,566,1,166,237,297,284,148,1,73,129,147,128,89,0,93,108,150,156,59
20223,A,골목상권,3110073,삼각지역 3번,21368,6873,14495,123,6007,7127,5572,1957,582,50,2112,2306,1403,668,334,73,3895,4821,4169,1289,248
20223,A,골목상권,3110076,삼각지역 14번,2654,1645,1009,1,399,738,689,600,227,1,224,455,468,356,141,0,175,283,221,244,86
20223,A,골목상권,3110099,유엔빌리지길,21963,17803,4160,47,2625,5547,6288,6683,773,36,1322,4089,5454,6255,647,11,1303,1458,834,428,126
20223,A,골목상권,3110107,금호사거리,2695,1164,1531,16,307,810,1020,361,181,1,105,274,437,205,142,15,202,536,583,156,39
20223,A,골목상권,3110117,성동구보건소,3042,1046,1996,9,527,459,593,877,577,2,180,225,258,242,139,7,347,234,335,635,438
20223,A,골목상권,3110112,행당역 2번,1354,720,634,1,163,289,360,364,177,0,63,131,193,205,128,1,100,158,167,159,49
20223,A,골목상권,3110229,장평중학교,4729,3089,1640,10,521,877,975,1057,1289,6,275,555,639,696,918,4,246,322,336,361,371
20223,A,골목상권,3110113,응봉산,260,138,122,1,39,45,77,52,46,0,10,23,38,26,41,1,29,22,39,26,5
20223,A,골목상권,3110169,성동초등학교,4265,2889,1376,14,444,930,1078,1032,767,2,248,611,726,722,580,12,196,319,352,310,187
20223,A,골목상권,3110156,군자역 5번,3040,1883,1157,7,484,700,775,587,487,3,263,406,480,355,376,4,221,294,295,232,111
20223,A,골목상권,3110157,자양동우체국,1846,1325,521,14,427,408,437,359,201,10,335,309,286,227,158,4,92,99,151,132,43
20223,A,골목상권,3110163,성자초등학교,1358,679,679,1,136,233,372,407,209,1,60,112,160,197,149,0,76,121,212,210,60
20223,A,골목상권,3110168,대원고등학교,1985,1153,832,0,192,440,482,552,319,0,76,207,253,351,266,0,116,233,229,201,53
20223,A,골목상권,3110212,답십리초등학교,3380,2234,1146,24,681,841,827,639,368,21,491,622,488,363,249,3,190,219,339,276,119
20223,A,골목상권,3110187,제기동역 6번,5909,3849,2060,18,1010,1530,1329,1085,937,8,568,966,887,742,678,10,442,564,442,343,259
20223,A,골목상권,3110309,대광초등학교,2784,1954,830,10,336,612,722,679,425,4,187,423,511,486,343,6,149,189,211,193,82
20223,A,골목상권,3110231,장안교,728,483,245,0,55,125,159,208,181,0,22,52,89,162,158,0,33,73,70,46,23
20223,A,골목상권,3110203,떡전교사거리,1653,740,913,2,227,282,322,365,455,2,66,119,144,167,242,0,161,163,178,198,213
20223,A,골목상권,3110194,홍파초등학교,1028,599,429,1,94,200,292,318,123,0,58,123,168,168,82,1,36,77,124,150,41
20223,A,골목상권,3110278,망우본동주민센터,1851,1277,574,3,136,243,393,562,514,1,62,113,218,409,474,2,74,130,175,153,40
20223,A,골목상권,3110242,면목5동주민센터,867,570,297,0,78,153,226,199,211,0,36,99,119,132,184,0,42,54,107,67,27
20223,A,골목상권,3110246,월드순복음교회,1402,769,633,4,139,280,360,346,273,1,42,139,213,197,177,3,97,141,147,149,96
20223,A,골목상권,3110261,사가정역 4번,1640,972,668,5,175,265,434,463,298,4,62,125,253,303,225,1,113,140,181,160,73
20223,A,골목상권,3110241,먹골역 5번,2166,1475,691,1,315,530,524,571,225,1,183,366,341,415,169,0,132,164,183,156,56
20223,A,골목상권,3110233,중랑역 1번,893,461,432,6,154,146,204,200,183,4,65,61,89,121,121,2,89,85,115,79,62
20223,A,골목상권,3110318,KT월곡지사,3595,2540,1055,4,306,612,723,786,1164,2,171,405,460,571,931,2,135,207,263,215,233
20223,A,골목상권,3110377,미아사거리역 3번,694,331,363,7,98,129,184,169,107,6,42,61,75,80,67,1,56,68,109,89,40
20223,A,골목상권,3110281,길상사,16413,13694,2719,22,1927,3775,4747,5449,493,3,1165,2821,4173,5180,352,19,762,954,574,269,141
20223,A,골목상권,3110373,수유역 2번,2772,1558,1214,6,358,532,544,703,629,4,150,310,293,432,369,2,208,222,251,271,260
20223,A,골목상권,3110379,KT&G 북부지사,623,302,321,2,67,85,155,224,90,0,26,30,63,131,52,2,41,55,92,93,38
20223,A,골목상권,3110348,강북문화예술회관,2983,2155,828,0,93,237,630,911,1112,0,20,143,489,717,786,0,73,94,141,194,326
20223,A,골목상권,3110383,덕성여대시반거리,437,131,306,0,77,73,112,105,70,0,9,16,36,28,42,0,68,57,76,77,28
20223,A,골목상권,3110345,솔밭공원역 2번,708,263,445,1,82,141,166,188,130,0,15,41,54,71,82,1,67,100,112,117,48
20223,A,골목상권,3110342,국립재활원,1911,1168,743,0,163,409,566,562,211,0,54,205,383,372,154,0,109,204,183,190,57
20223,A,골목상권,3110338,인수초등학교,1029,648,381,3,137,254,247,265,123,3,70,171,149,154,101,0,67,83,98,111,22
20223,A,골목상권,3110402,도봉구 정병원,1673,968,705,5,226,351,392,442,257,4,101,216,235,250,162,1,125,135,157,192,95
20223,A,골목상권,3110392,발바닥공원,590,396,194,3,85,182,168,101,51,2,37,113,135,71,38,1,48,69,33,30,13
20223,A,골목상권,3110416,노원초등학교,1205,552,653,8,124,241,275,314,243,6,45,126,116,149,110,2,79,115,159,165,133
20223,A,골목상권,3110428,상계5동주민센터,1874,914,960,5,133,226,324,460,726,1,48,116,138,200,411,4,85,110,186,260,315
20223,A,골목상권,3110464,연신내역 5번,1985,1122,863,7,199,380,509,459,431,5,83,205,246,266,317,2,116,175,263,193,114
20224,A,골목상권,3110686,수궁동주민센터,1712,942,770,4,166,281,410,516,335,2,67,147,225,281,220,2,99,134,185,235,115
20224,A,골목상권,3110724,금천구립가산도서관,11383,7546,3837,40,1693,3181,2821,2099,1549,26,938,2131,2094,1485,872,14,755,1050,727,614,677
20224,A,골목상권,3110737,금천세무서,1798,1125,673,11,253,347,446,436,305,2,132,205,256,291,239,9,121,142,190,145,66
20224,A,골목상권,3110751,난곡중학교,4170,2971,1199,5,268,560,768,723,1846,4,152,299,440,412,1664,1,116,261,328,311,182
20224,A,골목상권,3110770,영등포구청역 6번,3743,2293,1450,10,456,798,1009,775,695,8,198,431,610,510,536,2,258,367,399,265,159
20224,A,골목상권,3110774,당산반도유보라팰리스아파트,6057,3990,2067,23,1174,1514,1210,1260,876,16,690,964,811,881,628,7,484,550,399,379,248
20224,A,골목상권,3110784,신대림초등학교,635,358,277,0,52,113,172,193,105,0,17,54,98,114,75,0,35,59,74,79,30
20224,A,골목상권,3110790,대림1동주민센터,1866,1133,733,8,165,442,606,439,206,6,106,276,315,276,154,2,59,166,291,163,52
20224,A,골목상권,3110797,KT대방빌딩,2388,1195,1193,9,744,610,471,373,181,6,202,321,282,247,137,3,542,289,189,126,44
20224,A,골목상권,3110767,도림동주민센터,1986,1301,685,12,195,337,469,452,521,9,94,206,296,293,403,3,101,131,173,159,118
20224,A,골목상권,3110795,도림초등학교,1472,844,628,3,149,235,336,361,388,3,60,124,194,196,267,0,89,111,142,165,121
20224,A,골목상권,3110816,대방역 6번,1738,1058,680,6,221,364,462,314,371,4,113,216,301,190,234,2,108,148,161,124,137
20224,A,골목상권,3110805,신길새마을금고신길4동지점,1023,537,486,1,157,206,259,272,128,0,62,106,133,146,90,1,95,100,126,126,38
20224,A,골목상권,3110760,선유도역 6번,5228,3263,1965,14,772,1203,1346,1246,647,10,420,748,783,769,533,4,352,455,563,477,114
20224,A,골목상권,3110829,장승배기역 5번,1910,1113,797,2,354,419,433,426,276,1,244,230,215,246,177,1,110,189,218,180,99
20224,A,골목상권,3110823,신대방삼거리역 3번,18527,11847,6680,53,3630,3578,3043,4396,3827,29,2845,2902,1956,2093,2022,24,785,676,1087,2303,1805
20224,A,골목상권,3110825,신대방삼거리역 1번,1887,1186,701,4,200,384,537,438,324,2,118,234,332,261,239,2,82,150,205,177,85
20224,A,골목상권,3110902,사당역 4번,4587,2962,1625,5,748,1134,1234,856,610,3,391,730,829,555,454,2,357,404,405,301,156
20224,A,골목상권,3110848,양지어린이공원,2097,1112,985,2,190,322,522,478,583,1,51,160,244,247,409,1,139,162,278,231,174
20224,A,골목상권,3110837,숭실대입구역 1번,7582,3000,4582,54,1016,1317,1684,2308,1203,29,513,708,790,619,341,25,503,609,894,1689,862
20224,A,골목상권,3110869,"신림역 5번(신림동주민센터, 신림동별빛거리)",3655,2148,1507,5,394,824,948,715,769,3,166,460,534,430,555,2,228,364,414,285,214
20224,A,골목상권,3110844,흑석2치안센터,160,91,69,1,22,48,41,25,23,1,12,21,23,16,18,0,10,27,18,9,5
20224,A,골목상권,3110897,서울대입구역 8번,3249,1771,1478,17,519,696,762,756,499,10,216,361,414,426,344,7,303,335,348,330,155
20224,A,골목상권,3110865,남강고등학교(남강중학교),1253,655,598,10,151,251,310,354,177,7,69,139,159,167,114,3,82,112,151,187,63
20224,A,골목상권,3110909,남태령역(서울전자고등학교),640,329,311,2,35,69,132,263,139,2,9,34,62,132,90,0,26,35,70,131,49
20224,A,골목상권,3110887,서울산업정보학교(서울삼성초등학교),1438,924,514,2,150,309,356,436,185,0,51,150,237,337,149,2,99,159,119,99,36
20224,A,골목상권,3110860,호림박물관(성보고등학교),1990,1169,821,6,297,530,482,443,232,2,133,294,297,266,177,4,164,236,185,177,55
20224,A,골목상권,3110883,은천초등학교(은천교앞),3082,1294,1788,17,445,582,703,892,443,2,110,250,330,308,294,15,335,332,373,584,149
20224,A,골목상권,3110877,신림역 8번,2858,1276,1582,5,569,617,591,596,480,1,169,257,289,245,315,4,400,360,302,351,165
20224,A,골목상권,3110894,관악동부센트레빌아파트(은천로35라길),7043,2668,4375,54,994,1207,1567,2169,1052,30,470,649,731,579,209,24,524,558,836,1590,843
20224,A,골목상권,3110946,청계산원터골,162,69,93,0,24,18,42,31,47,0,12,10,25,7,15,0,12,8,17,24,32
20224,A,골목상권,3110924,반포4동주민센터(몽마르뜨공원),77734,71457,6277,26,7647,15682,20670,31194,2515,11,6234,13666,18911,30353,2282,15,1413,2016,1759,841,233
20224,A,골목상권,3110922,내방역 1번,15637,10488,5149,75,3040,4842,3871,2935,874,57,1457,2908,2911,2496,659,18,1583,1934,960,439,215
20224,A,골목상권,3110929,남부터미널역 1번,36239,19956,16283,80,7810,8818,7565,9758,2208,25,2589,4537,4266,6904,1635,55,5221,4281,3299,2854,573
20224,A,골목상권,3110980,개포지구대옆,18101,5325,12776,71,2848,3483,6555,4107,1037,34,1294,1688,1158,625,526,37,1554,1795,5397,3482,511
20224,A,골목상권,3110951,신사은행나무공원,9132,5156,3976,46,2729,2597,1929,1129,702,14,1093,1493,1282,764,510,32,1636,1104,647,365,192
20224,A,골목상권,3111024,경찰병원역 4번(건너말공원),10720,6112,4608,57,1433,2394,2566,2144,2126,27,681,1469,1754,1167,1014,30,752,925,812,977,1112
20224,A,골목상권,3111046,마천역(마천초등학교),2560,1555,1005,5,274,560,700,645,376,1,145,333,390,383,303,4,129,227,310,262,73
20224,A,골목상권,3111044,남천초등학교,1831,923,908,1,191,385,506,486,262,0,87,192,216,220,208,1,104,193,290,266,54
20224,A,골목상권,3111033,문정동성당,32663,26076,6587,11,2622,5719,9448,12913,1950,4,1647,4277,7502,11343,1303,7,975,1442,1946,1570,647
20224,A,골목상권,3111019,한성백제역 3번,15362,8061,7301,39,2405,3433,3255,3668,2562,30,1305,2236,1757,1393,1340,9,1100,1197,1498,2275,1222
20224,A,골목상권,3111007,석촌고분역 4번,4469,2987,1482,9,625,1051,1004,989,791,8,392,705,646,633,603,1,233,346,358,356,188
20224,A,골목상권,3111004,삼전역 1번,11074,7193,3881,42,1623,2462,2544,2663,1740,4,728,1489,1666,1950,1356,38,895,973,878,713,384
20224,A,골목상권,3111051,천호역 6번,3537,1976,1561,10,608,745,821,822,531,4,339,401,414,434,384,6,269,344,407,388,147
20224,A,골목상권,3111018,풍납초등학교(풍납백제문화공원),958,634,324,0,133,194,216,258,157,0,84,122,134,175,119,0,49,72,82,83,38
20224,A,골목상권,3111070,천호초등학교,1434,798,636,6,118,348,397,393,172,1,45,166,221,243,122,5,73,182,176,150,50
20224,A,골목상권,3111078,굽은다리역 4번,3935,2367,1568,9,362,678,891,1032,963,5,192,427,513,612,618,4,170,251,378,420,345
20224,A,골목상권,3111082,중앙보훈병원,476,316,160,0,30,57,76,119,194,0,18,40,52,73,133,0,12,17,24,46,61
20224,A,골목상권,3111086,한영중고,702,392,310,1,68,159,171,215,88,1,31,67,87,136,70,0,37,92,84,79,18
20224,A,골목상권,3111064,둔촌동역 4번,2203,1364,839,6,236,423,519,533,486,5,121,252,314,340,332,1,115,171,205,193,154
20224,A,골목상권,3111057,천호공원(해공체육문화센터),1546,745,801,2,167,228,317,374,458,2,47,73,121,162,340,0,120,155,196,212,118
20224,A,골목상권,3110006,부암동주민센터,773,347,426,0,158,275,203,101,36,0,69,129,83,45,21,0,89,146,120,56,15
20224,A,골목상권,3110018,중앙고등학교,11262,8487,2775,7,1250,3853,3350,2089,713,6,649,2888,2664,1739,541,1,601,965,686,350,172
20224,A,골목상권,3110038,경향신문사,10172,7008,3164,16,1531,3252,3390,1653,330,3,695,2090,2547,1430,243,13,836,1162,843,223,87
20224,A,골목상권,3110012,성곡미술관,27735,18834,8901,37,3819,8129,8256,5229,2265,7,1836,5632,6275,3697,1387,30,1983,2497,1981,1532,878
20224,A,골목상권,3110019,창덕궁,6319,4360,1959,10,1053,2069,1767,953,467,3,559,1386,1342,701,369,7,494,683,425,252,98
20224,A,골목상권,3110052,장충초등학교,5705,3122,2583,6,827,1468,1432,1344,628,3,309,713,830,859,408,3,518,755,602,485,220
20224,A,골목상권,3110589,애오개역 3번,559,265,294,0,108,185,141,80,45,0,38,87,71,42,27,0,70,98,70,38,18
20224,A,골목상권,3110068,남영역 1번,8193,5432,2761,40,1419,2582,2050,1326,776,19,721,1609,1516,1011,556,21,698,973,534,315,220
20224,A,골목상권,3110092,NH농협은행 보광동지점,3281,2252,1029,31,523,841,877,713,296,21,277,569,627,533,225,10,246,272,250,180,71
20224,A,골목상권,3110083,서빙고역 1번,6594,4364,2230,19,1375,1883,1618,1157,542,7,651,1268,1156,865,417,12,724,615,462,292,125
20224,A,골목상권,3110060,효창공원앞역 6번,6789,4650,2139,19,1230,1825,1872,1318,525,10,677,1315,1333,926,389,9,553,510,539,392,136
20224,A,골목상권,3110061,효창동주민센터,5303,3773,1530,6,882,1448,1482,1038,447,4,527,1073,1109,722,338,2,355,375,373,316,109
20224,A,골목상권,3110091,리움미술관,5605,3483,2122,16,1353,2027,1384,612,213,8,579,1155,1049,531,161,8,774,872,335,81,52
20224,A,골목상권,3110122,마장역 2번,1288,844,444,1,128,208,307,373,271,1,73,133,188,246,203,0,55,75,119,127,68
20224,A,골목상권,3110188,용두동신동아아파트,8552,6410,2142,56,940,1775,2007,2538,1236,37,653,1318,1585,1899,918,19,287,457,422,639,318
20224,A,골목상권,3110125,사근동살곶이상점가,304,167,137,2,52,66,90,59,35,2,21,32,48,39,25,0,31,34,42,20,10
20224,A,골목상권,3110147,능동우편취급국,4531,2184,2347,31,1146,862,890,1066,536,19,559,502,431,345,328,12,587,360,459,721,208
20224,A,골목상권,3110217,자동차부품상가,3677,2888,789,21,732,983,868,595,478,20,576,785,687,435,385,1,156,198,181,160,93
20224,A,골목상권,3110178,장로회신학대학교,2404,1638,766,1,341,582,567,559,354,0,195,410,420,386,227,1,146,172,147,173,127
20224,A,골목상권,3110162,군자역 4번,3299,1971,1328,5,497,696,811,692,598,2,300,424,470,362,413,3,197,272,341,330,185
20224,A,골목상권,3110154,광진정말공원,1521,878,643,6,193,294,396,399,233,4,99,168,215,220,172,2,94,126,181,179,61
20224,A,골목상권,3110151,자양한강도서관,2110,1470,640,7,384,424,537,519,239,4,274,300,362,348,182,3,110,124,175,171,57
20224,A,골목상권,3110171,중곡4동주민센터,2069,805,1264,3,502,500,486,436,142,1,84,182,208,224,106,2,418,318,278,212,36
20224,A,골목상권,3110218,답십리사거리,1293,747,546,6,152,258,330,326,221,5,58,132,175,207,170,1,94,126,155,119,51
20224,A,골목상권,3110225,촬영소사거리,1955,992,963,2,123,189,335,525,781,2,67,108,191,252,372,0,56,81,144,273,409
20224,A,골목상권,3110184,용두사거리,3021,1527,1494,5,599,895,617,491,414,2,203,397,289,306,330,3,396,498,328,185,84
20224,A,골목상권,3110213,청량초등학교,2045,619,1426,0,582,702,456,221,84,0,98,228,161,74,58,0,484,474,295,147,26
20224,A,골목상권,3110220,외대앞역 1번,3279,1428,1851,2,649,864,843,597,324,1,120,311,409,369,218,1,529,553,434,228,106
20224,A,골목상권,3110230,장안현대홈타운1차아파트,4180,2588,1592,14,740,1026,1066,899,435,10,450,646,636,535,311,4,290,380,430,364,124
20224,A,골목상권,3110216,전농중학교,1431,725,706,2,194,328,385,371,151,1,84,149,201,194,96,1,110,179,184,177,55
20224,A,골목상권,3110275,하나은행 망우동지점,1321,725,596,10,155,180,250,376,350,0,42,46,116,227,294,10,113,134,134,149,56
20224,A,골목상권,3110276,신내IC북측,132,100,32,0,9,22,38,38,25,0,5,19,26,32,18,0,4,3,12,6,7
20224,A,골목상권,3110240,태릉시장 특화거리,439,231,208,3,63,64,129,98,82,2,24,33,65,48,59,1,39,31,64,50,23
20224,A,골목상권,3110299,정릉역 1번,1824,844,980,4,260,396,436,423,305,0,53,150,161,238,242,4,207,246,275,185,63
20224,A,골목상권,3110302,보문역 8번,5898,4601,1297,6,635,1951,1314,1333,659,2,343,1589,1089,1123,455,4,292,362,225,210,204
20224,A,골목상권,3110333,돌곶이역 5번,2180,1597,583,1,138,180,253,395,1213,0,72,102,152,268,1003,1,66,78,101,127,210
20224,A,골목상권,3110295,정릉우체국,2033,967,1066,2,326,405,505,478,317,0,87,174,207,267,232,2,239,231,298,211,85
20224,A,골목상권,3110290,북한산보국문역 1번,956,503,453,2,85,114,198,295,262,0,23,58,103,167,152,2,62,56,95,128,110
20224,A,골목상권,3110284,정릉북한산국립공원입구,1070,775,295,0,67,166,299,370,168,0,17,93,226,294,145,0,50,73,73,76,23
20224,A,골목상권,3110315,종암아이파크2차,19324,9933,9391,57,1503,4968,7106,5488,202,13,619,1647,3160,4363,131,44,884,3321,3946,1125,71
20224,A,골목상권,3110311,종암아이파크2차후문,18326,9454,8872,55,1387,4748,6804,5254,78,12,582,1562,3010,4226,62,43,805,3186,3794,1028,16
20224,A,골목상권,3110372,강북중학교,2235,1039,1196,1,431,564,556,464,219,1,120,285,281,229,123,0,311,279,275,235,96
20224,A,골목상권,3110355,삼양사거리역 2번,841,465,376,2,75,143,202,215,204,1,21,48,103,134,158,1,54,95,99,81,46
20224,A,골목상권,3110384,문이교,515,242,273,1,67,67,122,148,110,0,18,23,41,80,80,1,49,44,81,68,30
20224,A,골목상권,3110407,도봉역 2번,1737,1230,507,2,79,213,329,569,545,1,27,108,185,426,483,1,52,105,144,143,62
20224,A,골목상권,3110405,방학역 1번,2828,1543,1285,6,280,510,686,856,490,5,158,343,328,348,361,1,122,167,358,508,129
20224,A,골목상권,3110412,창동중학교,926,729,197,1,32,75,129,327,362,1,15,31,69,262,351,0,17,44,60,65,11
20224,A,골목상권,3110394,방학중학교,1009,508,501,1,104,211,274,247,172,1,47,99,125,125,111,0,57,112,149,122,61
20224,A,골목상권,3110388,도봉우체국,1888,873,1015,4,412,414,447,441,170,3,100,202,209,231,128,1,312,212,238,210,42
20224,A,골목상권,3110442,화랑대철도공원,516,235,281,2,52,82,125,173,82,2,27,35,48,69,54,0,25,47,77,104,28
20224,A,골목상권,3110424,상계초등학교,1733,729,1004,5,214,302,436,475,301,5,84,152,179,184,125,0,130,150,257,291,176
20224,A,골목상권,3110431,상계역,1287,621,666,3,148,275,353,314,194,0,43,131,187,139,121,3,105,144,166,175,73
20224,A,골목상권,3110437,당고개역 2번,1939,1463,476,1,93,154,435,765,491,0,35,83,301,619,425,1,58,71,134,146,66
20224,A,골목상권,3110439,당고개역 5번,1564,1295,269,1,57,95,313,641,457,0,18,56,256,564,401,1,39,39,57,77,56
20224,A,골목상권,3110440,상계3동4동주민센터,169,56,113,0,26,25,43,40,35,0,8,5,11,16,16,0,18,20,32,24,19
20224,A,골목상권,3110420,광운대역 1번,1471,830,641,9,301,445,400,204,112,2,145,305,217,102,59,7,156,140,183,102,53
20224,A,골목상권,3110467,은평요양병원,1379,737,642,5,189,335,332,289,229,4,86,184,174,140,149,1,103,151,158,149,80
20224,A,골목상권,3110454,선정중학교,2790,1775,1015,7,272,500,645,930,436,3,129,261,343,687,352,4,143,239,302,243,84
20224,A,골목상권,3110447,구산초등학교,1598,1138,460,2,95,229,339,680,253,0,42,106,199,571,220,2,53,123,140,109,33
20224,A,골목상권,3110466,구산역 2번,1798,899,899,10,243,407,457,413,268,2,80,171,240,218,188,8,163,236,217,195,80
20224,A,골목상권,3110444,수색성당,1892,1313,579,0,137,252,283,320,900,0,54,128,127,184,820,0,83,124,156,136,80
20224,A,골목상권,3110453,신사1동주민센터,1978,1132,846,1,218,408,518,480,353,1,127,200,295,268,241,0,91,208,223,212,112
20224,A,골목상권,3110448,상신초등학교입구,1073,613,460,3,129,216,240,258,227,1,83,123,122,132,152,2,46,93,118,126,75
20224,A,골목상권,3110498,증산역 1번,2535,1338,1197,4,342,517,554,649,469,2,109,293,309,322,303,2,233,224,245,327,166
20224,A,골목상권,3110505,홍남교남측,2126,1435,691,49,700,599,355,283,140,26,407,498,226,172,106,23,293,101,129,111,34
20224,A,골목상권,3110510,홍연시장,2641,1768,873,55,777,683,448,457,221,30,445,554,273,293,173,25,332,129,175,164,48
20224,A,골목상권,3110553,가좌역 2번,1511,856,655,3,170,321,388,384,245,2,77,175,235,224,143,1,93,146,153,160,102
20224,A,골목상권,3110496,모래내우체국,1812,822,990,7,281,445,449,349,281,4,85,208,221,148,156,3,196,237,228,201,125
20224,A,골목상권,3110542,마포구청역 7번,5558,3298,2260,20,707,1052,1202,1656,921,11,378,760,825,770,554,9,329,292,377,886,367
20224,A,골목상권,3110506,연희임광아파트,1391,746,645,2,205,313,340,335,196,2,93,209,169,157,116,0,112,104,171,178,80
20224,A,골목상권,3110529,홍제3동주민센터,1091,564,527,4,122,140,206,257,362,1,44,66,95,138,220,3,78,74,111,119,142
20224,A,골목상권,3110521,홍제역 4번,1109,612,497,3,108,134,316,391,157,1,30,70,168,242,101,2,78,64,148,149,56
20224,A,골목상권,3110561,상수역 4번,2460,1498,962,31,569,746,545,348,221,20,264,444,364,239,167,11,305,302,181,109,54
20224,A,골목상권,3110552,성미산체육관,2995,1818,1177,8,379,652,778,730,448,4,185,366,457,506,300,4,194,286,321,224,148
20224,A,골목상권,3110570,KB국민은행 서강지점,1410,826,584,7,199,376,380,261,187,7,100,222,201,154,142,0,99,154,179,107,45
20224,A,골목상권,3110620,목동보건지소,3652,1851,1801,7,412,863,1018,883,469,5,182,474,447,423,320,2,230,389,571,460,149
20224,A,골목상권,3110624,목동문화체육센터,1670,856,814,1,264,453,486,298,168,1,140,240,200,155,120,0,124,213,286,143,48
20224,A,골목상권,3110626,양화초등학교,3807,2364,1443,4,517,846,1106,938,396,3,219,458,758,652,274,1,298,388,348,286,122
20224,A,골목상권,3110606,신한은행 신월동지점,2588,1783,805,3,138,296,550,822,779,1,58,158,318,568,680,2,80,138,232,254,99
20224,A,골목상권,3110646,푸른들청소년도서관,6554,3939,2615,12,861,1499,1624,1593,965,9,445,957,950,890,688,3,416,542,674,703,277
20224,A,골목상권,3110613,신정네거리역 4번,532,258,274,0,62,116,114,119,121,0,13,47,48,66,84,0,49,69,66,53,37
20224,A,골목상권,3110706,그라운드 고척,2411,1613,798,2,310,586,628,638,247,2,161,381,415,463,191,0,149,205,213,175,56
20224,A,골목상권,3110701,고척동성당,2031,1278,753,7,310,414,454,523,323,1,176,260,284,305,252,6,134,154,170,218,71
20224,A,골목상권,3110657,양천향교역 5번,8471,5307,3164,17,1024,2088,2090,1892,1360,11,513,1206,1353,1162,1062,6,511,882,737,730,298
20224,A,골목상권,3110648,양천향교역 7번,4059,2626,1433,14,469,835,925,929,887,10,238,536,594,535,713,4,231,299,331,394,174
20224,A,골목상권,3110671,등촌1동주민센터,10403,6389,4014,31,1969,2531,2337,1997,1538,18,787,1620,1611,1312,1041,13,1182,911,726,685,497
20224,A,골목상권,3110658,화곡초등학교,3192,1856,1336,2,811,765,628,538,448,0,270,453,376,381,376,2,541,312,252,157,72
20224,A,골목상권,3110668,화곡2동주민센터,3004,1684,1320,10,406,790,822,630,346,7,198,431,436,373,239,3,208,359,386,257,107
20224,A,골목상권,3110721,가리봉파출소,9719,6601,3118,27,1764,3184,2464,1435,845,13,942,2250,1830,926,640,14,822,934,634,509,205
20224,A,골목상권,3110703,개봉역,8618,4789,3829,41,1381,2048,1932,2036,1180,22,796,1309,965,946,751,19,585,739,967,1090,429
20224,A,골목상권,3110693,오류동역 4번,2696,1879,817,4,369,515,637,750,421,3,300,366,437,480,293,1,69,149,200,270,128
20224,A,골목상권,3110709,구로119안전센터,1187,559,628,4,117,165,257,381,263,2,53,88,142,137,137,2,64,77,115,244,126
20224,A,골목상권,3110716,구로나눔길,4822,2652,2170,7,579,1315,1117,1252,552,3,265,697,592,776,319,4,314,618,525,476,233
20224,A,골목상권,3110769,대림차이나타운(대림역 12번),1954,1208,746,5,121,251,393,460,724,3,75,164,232,290,444,2,46,87,161,170,280
20224,A,골목상권,3110761,문래동남성맨션,1158,827,331,2,91,236,304,299,226,1,64,159,218,197,188,1,27,77,86,102,38
20224,A,골목상권,3110741,독산2동주민센터,1504,811,693,3,175,295,351,425,255,2,91,145,170,215,188,1,84,150,181,210,67
20224,A,골목상권,3110859,난향초등학교,512,230,282,1,45,111,154,119,82,0,3,44,63,56,64,1,42,67,91,63,18
20224,A,골목상권,3110789,대림성모병원,3410,1458,1952,2,996,845,702,539,326,2,257,378,363,264,194,0,739,467,339,275,132
20224,A,골목상권,3110780,신길대성유니드아파트,1394,925,469,1,137,277,365,360,254,1,88,167,227,235,207,0,49,110,138,125,47
20224,A,골목상권,3110772,신우어린이공원,1405,839,566,1,221,295,338,329,221,0,93,177,214,205,150,1,128,118,124,124,71
20224,A,골목상권,3110785,영등포푸르지오아파트,2009,1361,648,6,207,449,544,471,332,4,93,298,379,338,249,2,114,151,165,133,83
20224,A,골목상권,3110787,신길3동주민센터,1010,595,415,3,99,199,285,264,160,3,47,107,166,160,112,0,52,92,119,104,48
20224,A,골목상권,3110758,문래소공원,14709,7623,7086,103,3376,3787,3217,3111,1115,31,1541,2760,1604,829,858,72,1835,1027,1613,2282,257
20224,A,골목상권,3110815,공군호텔,3580,1559,2021,5,645,846,827,727,530,0,194,396,377,297,295,5,451,450,450,430,235
20224,A,골목상권,3110808,신길역 1번,1130,445,685,0,100,235,310,302,183,0,32,108,122,98,85,0,68,127,188,204,98
20224,A,골목상권,3110804,신풍역 1번,1741,798,943,1,169,357,520,405,289,0,76,149,168,199,206,1,93,208,352,206,83
20224,A,골목상권,3110832,노량진초등학교,4040,2156,1884,1,568,1114,970,953,434,0,307,514,509,572,254,1,261,600,461,381,180
20224,A,골목상권,3110096,한남힐사이드아파트,5546,3662,1884,5,1168,1544,1281,1282,266,3,498,976,912,1046,227,2,670,568,369,236,39
20224,A,골목상권,3110822,신대방삼거리역 4번(대림초등학교),2751,1560,1191,2,363,614,588,613,571,0,112,362,360,362,364,2,251,252,228,251,207
20224,A,골목상권,3110850,사당역 10번,7894,4180,3714,14,1345,2053,2169,1428,885,5,442,1014,1153,889,677,9,903,1039,1016,539,208
20224,A,골목상권,3110907,방배초등학교,7536,4093,3443,28,1176,1611,1757,1598,1366,16,482,896,974,820,905,12,694,715,783,778,461
20224,A,골목상권,3110886,관악해태어린이공원,1445,959,486,3,127,237,384,457,237,1,51,115,248,345,199,2,76,122,136,112,38
20224,A,골목상권,3110870,신림주공2단지(광신고등학교),926,524,402,2,74,142,244,279,185,0,27,71,123,158,145,2,47,71,121,121,40
20224,A,골목상권,3110888,청룡동주민센터,1962,823,1139,4,400,564,469,301,224,0,83,193,220,164,163,4,317,371,249,137,61
20224,A,골목상권,3110880,신림역 1번,1885,706,1179,2,469,465,373,346,230,1,114,169,180,115,127,1,355,296,193,231,103
20224,A,골목상권,3110896,관악우성아파트,736,263,473,3,103,109,175,206,140,2,34,34,61,79,53,1,69,75,114,127,87
20224,A,골목상권,3110948,헌인가구단지,57,27,30,0,5,24,14,11,3,0,4,12,6,2,3,0,1,12,8,9,0
20224,A,골목상권,3110921,서울프랑스학교,78980,73122,5858,28,7548,16129,20976,31809,2490,12,6231,14222,19329,31052,2276,16,1317,1907,1647,757,214
20224,A,골목상권,3110912,방배동사이길,10864,6872,3992,39,2280,3332,2614,1988,611,11,836,2031,1921,1590,483,28,1444,1301,693,398,128
20224,A,골목상권,3110933,한국상담대학원대학교,5166,2935,2231,17,1332,1552,1139,789,337,4,500,976,763,474,218,13,832,576,376,315,119
20224,A,골목상권,3110935,한전아트센터,15447,13162,2285,22,2512,5659,3695,2968,591,17,1823,4896,3229,2703,494,5,689,763,466,265,97
20224,A,골목상권,3110984,포이초등학교(개포목련어린이공원),3582,2150,1432,4,498,767,882,784,647,1,250,501,486,430,482,3,248,266,396,354,165
20224,A,골목상권,3110978,도곡2동주민센터(대치중학교),9979,6980,2999,40,2087,3214,2294,1200,1144,23,1136,2370,1884,909,658,17,951,844,410,291,486
20224,A,골목상권,3110971,선정릉역 4번,19901,10561,9340,56,4117,6246,4806,2922,1754,20,1411,3453,2772,1734,1171,36,2706,2793,2034,1188,583
20224,A,골목상권,3110974,언주중학교,8256,5430,2826,32,1847,2573,1708,1193,903,20,851,1532,1318,975,734,12,996,1041,390,218,169
20224,A,골목상권,3110975,매봉역 1번,20752,14192,6560,76,4365,5383,5577,4328,1023,51,2288,3472,4126,3439,816,25,2077,1911,1451,889,207
20224,A,골목상권,3111040,거여초등학교,2357,1472,885,10,310,602,594,522,319,9,179,402,365,295,222,1,131,200,229,227,97
20224,A,골목상권,3111026,문정역 2번,5159,3277,1882,8,771,1232,1312,1131,705,3,429,810,876,634,525,5,342,422,436,497,180
20224,A,골목상권,3111017,송파나루역 3번,3628,2432,1196,16,792,796,869,755,400,11,460,537,585,527,312,5,332,259,284,228,88
20224,A,골목상권,3111010,석촌역 7번,7142,5058,2084,9,802,1620,1617,1242,1852,6,441,1150,1102,793,1566,3,361,470,515,449,286
20224,A,골목상권,3111034,오동나무공원(송파레미니스1단지),3543,2415,1128,7,500,770,849,906,511,6,300,543,575,584,407,1,200,227,274,322,104
20224,A,골목상권,3111030,방이역 2번,20738,15418,5320,18,2658,5004,5332,4928,2798,6,1628,3495,4144,4200,1945,12,1030,1509,1188,728,853
20224,A,골목상권,3111085,묘곡초등학교(고덕아이파크아파트),1513,784,729,0,146,290,369,382,326,0,61,149,169,194,211,0,85,141,200,188,115
20224,A,골목상권,3111077,길동주민센터(강동도서관),6406,3327,3079,16,671,1129,1499,1694,1397,9,330,650,809,710,819,7,341,479,690,984,578
20224,A,골목상권,3111076,둔촌2동주민센터,2137,1170,967,3,262,433,458,484,497,1,104,223,250,249,343,2,158,210,208,235,154
20224,A,골목상권,3111080,굽은다리역 3번,1729,778,951,2,186,308,401,447,385,0,66,164,188,178,182,2,120,144,213,269,203
20224,A,골목상권,3110021,성균관대학교,1380,854,526,13,176,218,316,344,313,11,77,113,213,233,207,2,99,105,103,111,106
20224,A,골목상권,3110536,돈의문센트레빌아파트입구,1695,833,862,1,260,434,449,376,175,1,78,212,254,177,111,0,182,222,195,199,64
20224,A,골목상권,3110029,동대문역 1번,1644,738,906,3,231,331,381,390,308,1,67,127,179,186,178,2,164,204,202,204,130
20224,A,골목상권,3110037,신설동역 12번,6845,2610,4235,8,686,1039,1229,1827,2056,0,200,462,558,454,936,8,486,577,671,1373,1120
20224,A,골목상권,3110050,약수역 7번,1836,960,876,2,250,436,467,418,263,2,91,213,281,223,150,0,159,223,186,195,113
20224,A,골목상권,3110056,신당역 3번,2607,1426,1181,6,401,693,647,505,355,6,185,356,340,292,247,0,216,337,307,213,108
20224,A,골목상권,3110042,남산골공원옆,3487,1845,1642,11,347,719,1132,882,396,6,133,341,523,568,274,5,214,378,609,314,122
20224,A,골목상권,3110067,배문고등학교,6040,2831,3209,9,1156,1772,1294,977,832,3,287,644,651,605,641,6,869,1128,643,372,191
20224,A,골목상권,3110090,한국폴리텍대학서울정수캠퍼스,6854,4231,2623,17,1075,2196,2359,934,273,8,504,1107,1684,735,193,9,571,1089,675,199,80
20224,A,골목상권,3110088,오산고등학교,7060,4470,2590,17,1103,2335,2474,899,232,7,558,1213,1793,727,172,10,545,1122,681,172,60
20224,A,골목상권,3110087,이태원엔틱가구거리,3473,1835,1638,14,616,996,784,725,338,11,220,474,424,457,249,3,396,522,360,268,89
20224,A,골목상권,3110063,효창공원앞역 5번,2545,1665,880,15,308,566,692,530,434,12,172,383,458,344,296,3,136,183,234,186,138
20224,A,골목상권,3110058,성심여자고등학교,6811,4886,1925,22,1067,2028,1812,1308,574,7,598,1398,1383,1048,452,15,469,630,429,260,122
20224,A,골목상권,3110098,서울독일학교,19270,15584,3686,22,2331,4742,5464,6112,599,14,1127,3406,4759,5764,514,8,1204,1336,705,348,85
20224,A,골목상권,3110100,옥수동우편취급국,7613,6422,1191,7,609,2450,2479,1864,204,4,305,1915,2241,1784,173,3,304,535,238,80,31
20224,A,골목상권,3110119,마장지하차도,2046,656,1390,1,159,260,428,704,494,0,83,139,167,155,112,1,76,121,261,549,382
20224,A,골목상권,3110118,왕십리역 9번,1141,733,408,1,167,270,301,259,143,0,85,164,189,178,117,1,82,106,112,81,26
20224,A,골목상권,3110131,성수동카페거리,16372,10013,6359,69,3574,4475,3610,2782,1862,39,1790,2879,2348,1642,1315,30,1784,1596,1262,1140,547
20224,A,골목상권,3110134,성수119안전센터,3342,2382,960,73,532,823,835,706,373,34,330,619,609,498,292,39,202,204,226,208,81
20224,A,골목상권,3110139,자양4동주민센터,2367,1870,497,9,270,601,637,559,291,5,194,486,509,441,235,4,76,115,128,118,56
20224,A,골목상권,3110136,경수초등학교,16150,9947,6203,123,3454,3934,3551,3098,1990,71,1698,2541,2333,1900,1404,52,1756,1393,1218,1198,586
20224,A,골목상권,3110155,광진구청,12629,9937,2692,11,781,1849,3528,5069,1391,11,385,1169,2772,4413,1187,0,396,680,756,656,204
20224,A,골목상권,3110176,해오름공원,3579,1917,1662,4,675,798,998,836,268,2,178,374,601,542,220,2,497,424,397,294,48
20224,A,골목상권,3110149,세종대학교,799,452,347,0,93,197,215,179,115,0,44,101,133,91,83,0,49,96,82,88,32
20224,A,골목상권,3110167,용마초등학교,3707,2122,1585,11,501,762,961,828,644,3,272,440,519,426,462,8,229,322,442,402,182
20224,A,골목상권,3110204,간데메공원,1356,905,451,5,205,278,356,322,190,3,135,169,223,225,150,2,70,109,133,97,40
20224,A,골목상권,3110226,장안1동주민센터,5867,3209,2658,15,722,1138,1352,1410,1230,12,347,658,734,772,686,3,375,480,618,638,544
20224,A,골목상권,3110211,전곡마을마당공원,1820,983,837,4,278,348,454,491,245,1,111,192,268,266,145,3,167,156,186,225,100
20224,A,골목상권,3110207,시립대앞사거리,1345,584,761,3,233,270,311,303,225,1,53,120,140,127,143,2,180,150,171,176,82
20224,A,골목상권,3110198,동대문중앙새마을금고본점,361,189,172,0,20,53,86,133,69,0,9,28,50,59,43,0,11,25,36,74,26
20224,A,골목상권,3110200,동대문경찰서,703,390,313,0,77,108,145,182,191,0,37,54,78,85,136,0,40,54,67,97,55
20224,A,골목상권,3110256,면목2동체육관,3260,1961,1299,5,413,680,888,780,494,1,188,448,483,445,396,4,225,232,405,335,98
20224,A,골목상권,3110266,면목동우체국,2501,1548,953,5,244,423,558,704,567,0,78,210,314,502,444,5,166,213,244,202,123
20224,A,골목상권,3110236,신묵초등학교,2212,1481,731,2,311,516,532,603,248,2,174,350,347,432,176,0,137,166,185,171,72
20224,A,골목상권,3110267,망우역 2번,2430,1427,1003,13,334,482,518,637,446,11,202,293,263,329,329,2,132,189,255,308,117
20224,A,골목상권,3110234,중랑역 4번,2773,2036,737,11,275,619,860,768,240,9,142,418,643,647,177,2,133,201,217,121,63
20224,A,골목상권,3110314,종암경찰서,3397,2472,925,6,380,670,726,731,884,0,231,492,518,565,666,6,149,178,208,166,218
20224,A,골목상권,3110421,석계역 1번,1218,593,625,4,119,205,323,328,239,2,49,90,144,169,139,2,70,115,179,159,100
20224,A,골목상권,3110321,동덕여대,1128,697,431,0,75,117,219,296,421,0,24,61,110,162,340,0,51,56,109,134,81
20224,A,골목상권,3110324,월곡역 4번,1184,675,509,5,167,321,341,226,124,1,78,187,188,134,87,4,89,134,153,92,37
20223,A,골목상권,3110457,예일여고,3334,1823,1511,11,339,504,700,1175,605,2,131,234,342,705,409,9,208,270,358,470,196
20223,A,골목상권,3110488,우리은행응암동지점,3399,1825,1574,8,407,862,868,872,382,5,208,429,423,511,249,3,199,433,445,361,133
20223,A,골목상권,3110485,연신내우체국,2037,1061,976,2,103,180,239,350,1163,1,45,107,106,143,659,1,58,73,133,207,504
20223,A,골목상권,3110449,증산역 3번,2851,1858,993,1,398,704,743,668,337,0,156,480,515,477,230,1,242,224,228,191,107
20223,A,골목상권,3110523,홍제성원아파트,259,109,150,1,36,55,62,74,31,0,14,19,28,27,21,1,22,36,34,47,10
20223,A,골목상권,3110586,서울서부지방법원,11593,7273,4320,37,2044,3389,3339,2245,539,5,959,1962,2248,1752,347,32,1085,1427,1091,493,192
20223,A,골목상권,3110540,망원나들목체육관,1899,1092,807,8,639,591,325,211,125,1,387,316,158,136,94,7,252,275,167,75,31
20223,A,골목상권,3110567,광흥창역 6번,510,261,249,0,80,126,127,118,59,0,35,61,66,62,37,0,45,65,61,56,22
20223,A,골목상권,3110565,홍익대,4319,2959,1360,13,708,1013,1064,875,646,7,389,669,759,621,514,6,319,344,305,254,132
20223,A,골목상권,3110560,마포FM,4675,2819,1856,11,653,1106,1054,998,853,9,292,695,738,584,501,2,361,411,316,414,352
20223,A,골목상권,3110549,새터산,2447,1476,971,6,323,490,622,631,375,4,169,276,370,408,249,2,154,214,252,223,126
20223,A,골목상권,3110581,염리초등학교,8998,5077,3921,16,1305,2124,2079,1885,1589,7,628,1198,1340,989,915,9,677,926,739,896,674
20223,A,골목상권,3110617,등촌역 4번,2496,1419,1077,2,330,561,641,599,363,0,156,350,350,329,234,2,174,211,291,270,129
20223,A,골목상권,3110676,등촌역 7번,2587,1617,970,12,360,533,656,601,425,6,154,333,395,389,340,6,206,200,261,212,85
20223,A,골목상권,3110656,까치산역 3번,3071,1778,1293,17,286,570,813,925,460,15,146,353,484,505,275,2,140,217,329,420,185
20223,A,골목상권,3110654,까치산역 4번,3556,2235,1321,15,324,625,928,1128,536,13,164,373,533,736,416,2,160,252,395,392,120
20223,A,골목상권,3110597,신월1동주민센터,2472,1402,1070,4,249,481,521,657,560,1,110,252,269,403,367,3,139,229,252,254,193
20223,A,골목상권,3110665,곰달래도서관,2356,1305,1051,4,236,435,587,666,428,4,101,243,325,344,288,0,135,192,262,322,140
20223,A,골목상권,3110615,신서초등학교,848,519,329,2,79,148,152,220,247,1,36,81,84,146,171,1,43,67,68,74,76
20223,A,골목상권,3110674,강서구청가양동별관,2810,1867,943,13,484,647,757,564,345,8,334,446,510,346,223,5,150,201,247,218,122
20223,A,골목상권,3110677,등촌역 1번,3921,2407,1514,15,590,925,884,897,610,12,265,549,522,592,467,3,325,376,362,305,143
20223,A,골목상권,3110631,방화초등학교,2022,1206,816,5,282,386,462,504,383,5,137,222,260,288,294,0,145,164,202,216,89
20223,A,골목상권,3110636,방화역 2번,2261,1548,713,6,180,387,715,586,387,4,92,216,507,418,311,2,88,171,208,168,76
20223,A,골목상권,3110691,개봉중학교,2121,1250,871,6,243,460,510,560,342,1,134,278,283,301,253,5,109,182,227,259,89
20223,A,골목상권,3110662,까치산역 1번,3644,2133,1511,8,464,871,961,872,468,6,214,496,504,566,347,2,250,375,457,306,121
20223,A,골목상권,3110732,가산초등학교(세일중학교),2697,1734,963,13,406,604,664,616,394,4,232,369,400,410,319,9,174,235,264,206,75
20223,A,골목상권,3110729,가산동우체국,3002,1566,1436,10,310,527,627,607,921,6,171,294,365,336,394,4,139,233,262,271,527
20223,A,골목상권,3110723,가산디지털단지역 1번 출입구,6364,4269,2095,13,1161,2024,1564,904,698,8,553,1337,1145,699,527,5,608,687,419,205,171
20223,A,골목상권,3110705,고산초등학교,2324,1523,801,3,295,489,490,507,540,2,148,292,274,324,483,1,147,197,216,183,57
20223,A,골목상권,3110680,온수역 5번(온수산업단지),1651,1405,246,18,174,252,303,480,424,18,138,209,238,407,395,0,36,43,65,73,29
20223,A,골목상권,3110685,금강수목원아파트,1014,749,265,2,60,190,279,274,209,1,35,123,189,214,187,1,25,67,90,60,22
20223,A,골목상권,3110854,조원동주민센터,3686,2722,964,3,494,609,555,569,1456,1,220,390,345,394,1372,2,274,219,210,175,84
20223,A,골목상권,3110742,KT금천빌딩(금천구시설관리공단),1604,1021,583,0,211,338,390,400,265,0,133,223,244,230,191,0,78,115,146,170,74
20223,A,골목상권,3110748,백산초등학교,1088,584,504,0,104,213,289,304,178,0,44,118,147,162,113,0,60,95,142,142,65
20223,A,골목상권,3110750,시흥4동주민센터(서울신흥초등학교),1125,636,489,9,163,218,324,281,130,8,89,133,186,127,93,1,74,85,138,154,37
20223,A,골목상권,3110749,금산초등학교(금천고등학교),7714,4555,3159,13,568,1109,1786,2003,2235,4,300,718,1027,1087,1419,9,268,391,759,916,816
20223,A,골목상권,3110763,영등포구청역 2번,7998,3926,4072,23,1606,2127,1491,1555,1196,12,684,1112,819,673,626,11,922,1015,672,882,570
20223,A,골목상권,3110786,당산역 8번,7202,5111,2091,19,1007,1783,1914,1612,867,6,490,1180,1444,1314,677,13,517,603,470,298,190
20223,A,골목상권,3110762,선유도역 1번,6490,4189,2301,17,859,1406,1594,1541,1073,11,470,902,970,975,861,6,389,504,624,566,212
20223,A,골목상권,3110803,신길2동우편취급국,2306,1308,998,6,226,496,505,482,591,3,103,233,253,261,455,3,123,263,252,221,136
20223,A,골목상권,3110757,양평역 2번,2594,1895,699,3,271,581,643,581,515,2,144,438,483,429,399,1,127,143,160,152,116
20223,A,골목상권,3110817,대방역 4번,3279,1548,1731,9,625,746,811,579,509,4,208,342,403,284,307,5,417,404,408,295,202
20223,A,골목상권,3110807,신길역 3번,994,401,593,5,113,194,247,269,166,2,40,84,97,101,77,3,73,110,150,168,89
20223,A,골목상권,3110847,예술인마을,2033,1270,763,3,284,468,518,409,351,3,131,269,312,253,302,0,153,199,206,156,49
20223,A,골목상권,3110903,방배아이파크아파트,13318,6720,6598,17,2219,3034,3683,2226,2139,5,678,1278,1774,1240,1745,12,1541,1756,1909,986,394
20223,A,골목상권,3110843,사당5동주민센터,856,499,357,1,74,130,224,245,182,0,30,57,123,154,135,1,44,73,101,91,47
20223,A,골목상권,3110898,청림동주민센터(상도중학교),3140,1745,1395,2,453,1024,1007,483,171,1,197,571,572,281,123,1,256,453,435,202,48
20223,A,골목상권,3110835,상도역 1번,1284,685,599,4,217,336,311,268,148,2,91,204,169,124,95,2,126,132,142,144,53
20223,A,골목상권,3110830,상도초등학교,1099,508,591,0,192,255,269,254,129,0,84,114,104,127,79,0,108,141,165,127,50
20223,A,골목상권,3110863,난우초등학교,1274,596,678,21,162,252,274,330,235,16,65,112,116,144,143,5,97,140,158,186,92
20223,A,골목상권,3110882,신성초등학교,1461,843,618,4,181,268,423,344,241,1,87,139,232,207,177,3,94,129,191,137,64
20223,A,골목상권,3110867,국제신학대학원대학교(남서울중학교),1284,802,482,3,150,289,290,284,268,1,93,193,167,179,169,2,57,96,123,105,99
20223,A,골목상권,3110871,신원동주민센터,1221,662,559,5,110,197,235,300,374,0,62,122,135,146,197,5,48,75,100,154,177
20223,A,골목상권,3110864,신림우방아파트,3078,2254,824,2,485,863,972,582,174,2,229,637,794,472,120,0,256,226,178,110,54
20223,A,골목상권,3110917,서초소방서,10472,8160,2312,29,1128,2908,2901,2625,881,18,710,2263,2404,2117,648,11,418,645,497,508,233
20223,A,골목상권,3110927,잠원역,3312,2219,1093,5,550,1142,865,499,251,3,321,787,627,322,159,2,229,355,238,177,92
20223,A,골목상권,3110915,서래초등학교,89045,79397,9648,58,9613,19204,23591,33698,2881,23,6991,15974,21216,32574,2619,35,2622,3230,2375,1124,262
20223,A,골목상권,3110918,방배역 3번,7950,4877,3073,25,1436,1942,1884,1479,1184,9,623,1168,1279,916,882,16,813,774,605,563,302
20223,A,골목상권,3110926,신중초등학교,18935,13842,5093,26,2537,6187,5342,3491,1352,11,1323,4503,4347,2701,957,15,1214,1684,995,790,395
20223,A,골목상권,3110928,서초우방유쉘아파트,8601,5394,3207,32,1319,2349,2192,1755,954,20,686,1554,1461,1019,654,12,633,795,731,736,300
20223,A,골목상권,3110941,언남고등학교,3148,2001,1147,15,501,854,828,599,351,13,285,552,530,367,254,2,216,302,298,232,97
20223,A,골목상권,3110977,논현로18길,8768,6092,2676,17,1345,2688,2352,1426,940,7,731,1839,1812,1000,703,10,614,849,540,426,237
20223,A,골목상권,3110956,언주역 8번,10460,6708,3752,44,2484,3229,2399,1398,906,30,1284,2052,1709,952,681,14,1200,1177,690,446,225
20223,A,골목상권,3110961,언주역 3번,19048,12835,6213,40,3657,5606,4187,2889,2669,10,1697,3702,3162,2277,1987,30,1960,1904,1025,612,682
20223,A,골목상권,3110970,학동초등학교,8274,4686,3588,35,1750,2524,1972,1193,800,17,746,1341,1253,767,562,18,1004,1183,719,426,238
20223,A,골목상권,3110986,삼성중앙역 7번,7054,4250,2804,39,1478,2059,1499,883,1096,9,622,1271,1051,561,736,30,856,788,448,322,360
20223,A,골목상권,3110958,역삼역 4번,13145,7672,5473,25,2620,4104,3148,1957,1291,13,968,2265,2168,1344,914,12,1652,1839,980,613,377
20223,A,골목상권,3111025,경찰병원역 3번,9858,5487,4371,53,1071,1688,1733,1768,3545,24,506,1023,1074,799,2061,29,565,665,659,969,1484
20223,A,골목상권,3111029,오금역 4번,6170,4510,1660,14,1076,1905,1533,1053,589,8,670,1374,1159,778,521,6,406,531,374,275,68
20223,A,골목상권,3111023,문정역 1번,3188,1943,1245,5,559,689,779,662,494,2,274,426,517,382,342,3,285,263,262,280,152
20223,A,골목상권,3111042,거여역 1번(거여공원),4647,2955,1692,20,677,1102,1208,1011,629,16,473,746,745,568,407,4,204,356,463,443,222
20223,A,골목상권,3111006,석촌고분역 1번,13231,9393,3838,32,1634,2684,3221,2686,2974,27,996,1913,2319,1807,2331,5,638,771,902,879,643
20223,A,골목상권,3111090,강일동주민센터,199,120,79,0,24,45,67,44,19,0,9,25,41,30,15,0,15,20,26,14,4
20223,A,골목상권,3111068,강동성심병원,3440,1771,1669,8,770,842,809,570,441,5,225,389,495,352,305,3,545,453,314,218,136
20223,A,골목상권,3111065,천일초등학교,1242,677,565,2,112,177,234,284,433,2,39,75,105,131,325,0,73,102,129,153,108
20223,A,골목상권,3111060,암사역 2번(서울강동초등학교),3038,1600,1438,3,337,620,746,749,583,2,117,297,376,407,401,1,220,323,370,342,182
20223,A,골목상권,3111054,암사역 4번(삼성광나루아파트),3175,1255,1920,2,329,487,578,782,997,2,142,257,245,207,402,0,187,230,333,575,595
20223,A,골목상권,3111049,천호지구대(천호동자전거거리),1795,986,809,7,217,342,414,400,415,3,102,177,213,206,285,4,115,165,201,194,130
20223,A,골목상권,3110007,사직공원(한국사회과학도서관),2261,1151,1110,4,393,616,566,444,238,2,142,279,306,251,171,2,251,337,260,193,67
20223,A,골목상권,3110531,홍지문,828,402,426,2,118,219,178,187,124,0,39,117,90,81,75,2,79,102,88,106,49
20223,A,골목상권,3110010,평창동서측,8863,4827,4036,16,958,2387,3264,1811,427,1,407,1007,1802,1306,304,15,551,1380,1462,505,123
20223,A,골목상권,3110013,체부동홍종문가옥,1116,630,486,4,122,231,265,248,246,0,42,116,139,143,190,4,80,115,126,105,56
20223,A,골목상권,3110051,한양공고앞 교차로,1270,665,605,0,194,259,304,324,189,0,76,137,166,173,113,0,118,122,138,151,76
20223,A,골목상권,3110587,공덕동주민센터,4777,2727,2050,20,903,1328,1318,886,322,3,450,775,774,531,194,17,453,553,544,355,128
20223,A,골목상권,3110075,숙대입구역 1번,11721,3647,8074,164,6494,2357,1245,865,596,15,739,1093,761,587,452,149,5755,1264,484,278,144
20223,A,골목상권,3110094,오산중학교,293,171,122,0,19,48,84,96,46,0,8,24,50,58,31,0,11,24,34,38,15
20223,A,골목상권,3110093,우사단길,5722,3218,2504,28,1105,1870,1447,876,396,11,353,986,985,650,233,17,752,884,462,226,163
20223,A,골목상권,3110089,서빙고동주민센터,1027,643,384,1,125,313,300,153,135,0,47,186,191,106,113,1,78,127,109,47,22
20223,A,골목상권,3110064,효창공원앞역 2번,3452,2255,1197,8,448,903,911,799,383,7,272,598,596,522,260,1,176,305,315,277,123
20223,A,골목상권,3110109,금호삼성래미안아파트,2637,1124,1513,17,315,812,1046,338,109,1,116,291,459,171,86,16,199,521,587,167,23
20223,A,골목상권,3110126,서울숲역 1번,3085,1944,1141,11,616,755,648,538,517,5,355,479,400,356,349,6,261,276,248,182,168
20223,A,골목상권,3110108,성동구립금호도서관,186,90,96,0,24,35,54,55,18,0,12,20,24,19,15,0,12,15,30,36,3
20223,A,골목상권,3110104,신금호역 4번,732,398,334,0,85,142,175,168,162,0,25,62,94,95,122,0,60,80,81,73,40
20223,A,골목상권,3110115,상왕십리역 3번,4711,2086,2625,18,803,828,947,1248,867,3,269,473,519,510,312,15,534,355,428,738,555
20223,A,골목상권,3110135,성동세무서,6003,3797,2206,7,862,1512,1538,1291,793,5,450,954,1006,780,602,2,412,558,532,511,191
20223,A,골목상권,3110133,서울교통공사,4981,3435,1546,23,1308,1313,957,778,602,20,760,917,708,550,480,3,548,396,249,228,122
20223,A,골목상권,3110130,답십리역 6번,5008,2174,2834,4,714,1041,1495,1390,364,2,492,707,504,247,222,2,222,334,991,1143,142
20223,A,골목상권,3110170,동대부여고,1909,989,920,3,252,420,535,456,243,1,90,195,287,248,168,2,162,225,248,208,75
20223,A,골목상권,3110172,광진초등학교,2650,1482,1168,56,464,506,558,636,430,25,237,266,298,348,308,31,227,240,260,288,122
20223,A,골목상권,3110173,구남초등학교,6227,3640,2587,15,457,1113,1646,2007,989,4,265,728,1023,979,641,11,192,385,623,1028,348
20223,A,골목상권,3110143,뚝섬유원지역 1번,1815,1480,335,4,196,506,523,433,153,1,151,416,440,351,121,3,45,90,83,82,32
20223,A,골목상권,3110165,국립정신건강센터,2364,1365,999,3,223,480,601,647,410,0,85,228,319,404,329,3,138,252,282,243,81
20223,A,골목상권,3110185,용두초등학교,8144,4248,3896,8,666,1891,2614,2141,824,3,322,1123,1308,948,544,5,344,768,1306,1193,280
20223,A,골목상권,3110313,안암역 3번,4007,2603,1404,7,479,974,1134,933,480,3,232,606,749,655,358,4,247,368,385,278,122
20223,A,골목상권,3110205,경희대삼거리,2042,1155,887,3,307,699,408,383,242,2,146,461,194,203,149,1,161,238,214,180,93
20223,A,골목상권,3110263,면목역 1번,2374,1295,1079,3,342,596,740,505,188,0,167,400,365,229,134,3,175,196,375,276,54
20223,A,골목상권,3110265,망우역 1번,2560,1588,972,13,240,367,540,748,652,2,93,155,261,513,564,11,147,212,279,235,88
20223,A,골목상권,3110272,신내1동주민센터,3286,2011,1275,4,411,585,632,841,813,4,214,329,339,496,629,0,197,256,293,345,184
20223,A,골목상권,3110429,공릉동 국수거리,4838,2587,2251,6,483,668,995,1400,1286,2,224,366,498,716,781,4,259,302,497,684,505
20223,A,골목상권,3110307,길음역 7번,2161,758,1403,9,665,611,420,293,163,0,120,232,163,133,110,9,545,379,257,160,53
20223,A,골목상권,3110310,길음역 10번,1961,875,1086,9,604,603,400,252,93,0,140,299,228,141,67,9,464,304,172,111,26
20223,A,골목상권,3110288,동구여중,1859,769,1090,6,181,454,656,400,162,0,55,184,238,173,119,6,126,270,418,227,43
20223,A,골목상권,3110326,장위동성당,1271,741,530,3,141,245,334,297,251,3,57,121,191,187,182,0,84,124,143,110,69
20223,A,골목상권,3110282,국민대학교앞,1906,1357,549,15,321,599,445,311,215,14,185,437,349,245,127,1,136,162,96,66,88
20223,A,골목상권,3110358,인수동 우편취급국,1765,939,826,2,170,270,351,489,483,0,51,121,160,260,347,2,119,149,191,229,136
20223,A,골목상권,3110404,신창초등학교,1553,862,691,11,174,258,430,465,215,8,68,144,234,271,137,3,106,114,196,194,78
20223,A,골목상권,3110380,강북문화정보도서관,592,293,299,0,63,86,106,169,168,0,17,49,52,80,95,0,46,37,54,89,73
20223,A,골목상권,3110370,도봉세무서,1155,642,513,7,84,180,290,317,277,6,25,81,136,177,217,1,59,99,154,140,60
20223,A,골목상권,3110359,수유시장옆,1979,746,1233,2,174,251,355,450,747,0,62,112,146,178,248,2,112,139,209,272,499
20223,A,골목상권,3110366,광산사거리,1102,553,549,2,152,230,302,260,156,0,71,120,146,119,97,2,81,110,156,141,59
20223,A,골목상권,3110391,샘말어린이공원,1105,495,610,0,95,176,215,283,336,0,30,73,100,108,184,0,65,103,115,175,152
20223,A,골목상권,3110386,연산군묘,898,534,364,0,132,210,207,211,138,0,60,118,124,120,112,0,72,92,83,91,26
20223,A,골목상권,3110385,효문고등학교,492,210,282,0,72,109,138,115,58,0,15,34,51,62,48,0,57,75,87,53,10
20223,A,골목상권,3110396,쌍문역1번(쌍리단길),873,388,485,4,110,167,201,233,158,1,36,63,88,108,92,3,74,104,113,125,66
20223,A,골목상권,3110438,경춘선숲길 우측,1262,670,592,2,165,313,395,265,122,1,79,159,202,145,84,1,86,154,193,120,38
20223,A,골목상권,3110472,연신내역 4번,2101,1115,986,9,291,420,561,452,368,4,112,235,265,229,270,5,179,185,296,223,98
20223,A,골목상권,3110458,선일여고,1561,717,844,5,204,370,371,412,199,2,85,168,169,166,127,3,119,202,202,246,72
20223,A,골목상권,3110460,구산역 4번,4098,2463,1635,10,303,617,938,1372,858,6,136,347,489,872,613,4,167,270,449,500,245
20223,A,골목상권,3110450,시립서북병원,3765,1891,1874,8,699,863,827,786,582,2,293,433,413,369,381,6,406,430,414,417,201
20223,A,골목상권,3110456,구산보건지소,2822,1445,1377,11,571,580,644,581,435,3,244,277,308,315,298,8,327,303,336,266,137
20223,A,골목상권,3110486,은평구청,3565,1859,1706,8,390,827,963,954,423,5,183,376,460,548,287,3,207,451,503,406,136
20223,A,골목상권,3110484,역촌역 3번,1849,903,946,7,208,399,493,442,300,5,86,179,219,212,202,2,122,220,274,230,98
20223,A,골목상권,3110461,새절역 2번,927,505,422,2,86,134,215,259,231,1,30,51,97,146,180,1,56,83,118,113,51
20223,A,골목상권,3110445,덕산중학교,1113,537,576,5,235,253,205,221,194,0,73,130,116,94,124,5,162,123,89,127,70
20223,A,골목상권,3110451,증산역 4번,2598,1818,780,3,354,592,647,619,383,2,156,421,488,450,301,1,198,171,159,169,82
20223,A,골목상권,3110446,내를건너서숲으로도서관,760,517,243,0,100,159,174,187,140,0,83,108,97,110,119,0,17,51,77,77,21
20223,A,골목상권,3110504,명지전문대,601,306,295,1,61,72,145,194,128,0,30,29,70,105,72,1,31,43,75,89,56
20223,A,골목상권,3110502,남가좌파출소,820,489,331,0,68,121,216,264,151,0,31,62,124,166,106,0,37,59,92,98,45
20223,A,골목상권,3110543,중암중학교,668,466,202,0,37,70,115,223,223,0,16,35,56,145,214,0,21,35,59,78,9
20223,A,골목상권,3110582,이대역 5번,907,344,563,2,105,192,252,226,130,1,24,52,78,110,79,1,81,140,174,116,51
20223,A,골목상권,3110520,경의중앙 신촌역,1500,752,748,8,322,367,324,282,197,5,111,177,147,168,144,3,211,190,177,114,53
20223,A,골목상권,3110566,경의선책거리,7387,4414,2973,27,1465,1717,1712,1423,1043,16,758,1040,1073,796,731,11,707,677,639,627,312
20223,A,골목상권,3110511,연희초등학교,5789,4486,1303,7,719,1297,1142,1990,634,1,495,983,811,1677,519,6,224,314,331,313,115
20223,A,골목상권,3110526,봉원사,367,217,150,1,22,70,135,80,59,1,9,35,92,46,34,0,13,35,43,34,25
20223,A,골목상권,3110585,마포경찰서,3239,2093,1146,1,420,1126,934,559,199,0,226,683,634,427,123,1,194,443,300,132,76
20223,A,골목상권,3110578,대흥역 2번,4903,3185,1718,78,872,1109,1037,1047,760,28,453,737,756,701,510,50,419,372,281,346,250
20223,A,골목상권,3110574,서강대학교,896,599,297,4,117,204,240,201,130,2,74,135,174,124,90,2,43,69,66,77,40
20223,A,골목상권,3110544,망리단길,6222,3617,2605,17,1248,1421,1318,976,1242,8,640,721,675,587,986,9,608,700,643,389,256
20223,A,골목상권,3110548,마포구청역 4번,5895,3452,2443,18,764,1118,1304,1728,963,10,390,797,862,809,584,8,374,321,442,919,379
20223,A,골목상권,3110557,홍대부속여중고앞,5872,3326,2546,15,903,1543,1632,1119,660,15,389,832,977,651,462,0,514,711,655,468,198
20223,A,골목상권,3110618,강서고등학교,3661,1791,1870,7,785,1002,801,724,342,3,195,468,416,435,274,4,590,534,385,289,68
20223,A,골목상권,3110596,서서울호수공원,2036,1321,715,5,229,365,459,585,393,2,117,220,272,383,327,3,112,145,187,202,66
20223,A,골목상권,3110599,신월1파출소,1680,1078,602,4,158,295,421,566,236,2,93,182,259,368,174,2,65,113,162,198,62
20223,A,골목상권,3110651,화원중학교,2712,1532,1180,8,300,556,660,686,502,6,148,340,365,391,282,2,152,216,295,295,220
20223,A,골목상권,3110623,갈산공원,1473,855,618,6,162,331,380,329,265,4,90,177,200,190,194,2,72,154,180,139,71
20223,A,골목상권,3110632,방화역 3번,3801,2575,1226,6,332,705,1119,1071,568,4,193,413,783,737,445,2,139,292,336,334,123
20223,A,골목상권,3110659,화곡역 4번,3626,1901,1725,18,457,804,957,853,537,15,183,460,522,422,299,3,274,344,435,431,238
20223,A,골목상권,3110722,G타워,19389,12310,7079,60,3607,6404,5129,2626,1563,29,1836,4264,3348,1661,1172,31,1771,2140,1781,965,391
20223,A,골목상권,3110682,온수역 8번,361,283,78,0,13,52,95,107,94,0,11,34,65,83,90,0,2,18,30,24,4
20223,A,골목상권,3110696,오류동역 1번,3475,2139,1336,33,914,1147,671,456,254,17,516,814,390,225,177,16,398,333,281,231,77
20223,A,골목상권,3110698,개웅초등학교(개웅중학교),2757,1234,1523,7,405,493,704,774,374,5,210,265,264,263,227,2,195,228,440,511,147
20223,A,골목상권,3110697,개봉3동주민센터,1101,686,415,1,168,226,252,244,210,1,77,141,156,157,154,0,91,85,96,87,56
20223,A,골목상권,3110688,오류지구대,1309,724,585,5,130,240,332,393,209,4,56,137,187,212,128,1,74,103,145,181,81
20223,A,골목상권,3110684,서울공연예술고등학교,980,521,459,4,124,208,238,273,133,2,54,118,122,154,71,2,70,90,116,119,62
20223,A,골목상권,3110728,두산초등학교,7779,4797,2982,17,403,805,1036,1484,4034,15,223,510,611,873,2565,2,180,295,425,611,1469
20223,A,골목상권,3110731,금천구청역 1번 출입구,4469,2258,2211,11,672,1215,1026,1039,506,6,276,550,486,608,332,5,396,665,540,431,174
20223,A,골목상권,3110730,서울축산농협 독산역지점(독산파출소),7158,4528,2630,15,350,639,810,1307,4037,13,197,420,491,801,2606,2,153,219,319,506,1431
20223,A,골목상권,3110752,한울중학교,2059,1251,808,13,294,388,526,539,299,10,181,248,303,289,220,3,113,140,223,250,79
20223,A,골목상권,3110753,시흥동 은행나무사거리,1767,985,782,8,199,364,416,443,337,7,105,218,220,235,200,1,94,146,196,208,137
20223,A,골목상권,3110743,시흥초등학교(시흥1동우체국),1901,835,1066,7,317,358,467,487,265,6,126,168,210,183,142,1,191,190,257,304,123
20223,A,골목상권,3110764,문래역 3번,3153,1905,1248,2,407,744,863,599,538,2,173,425,526,380,399,0,234,319,337,219,139
20223,A,골목상권,3110782,영등포시장역 4번,1839,1063,776,5,208,345,454,439,388,3,97,205,292,249,217,2,111,140,162,190,171
20223,A,골목상권,3110779,대림갑을명가아파트,800,491,309,1,87,130,177,235,170,0,44,84,105,135,123,1,43,46,72,100,47
20223,A,골목상권,3110765,문래동사거리,2020,1394,626,4,169,352,494,465,536,2,82,219,333,315,443,2,87,133,161,150,93
20223,A,골목상권,3110810,영신초등학교,2994,1643,1351,2,368,625,659,659,681,0,176,353,376,324,414,2,192,272,283,335,267
20223,A,골목상권,3110809,장훈고등학교,1484,885,599,1,203,345,302,292,341,0,102,180,180,183,240,1,101,165,122,109,101
20223,A,골목상권,3110824,대방역 3번,2129,1361,768,5,292,552,582,381,317,4,165,378,384,224,206,1,127,174,198,157,111
20223,A,골목상권,3110813,보라매역 6번,5419,3837,1582,9,1033,1296,1111,1526,444,6,590,941,791,1194,315,3,443,355,320,332,129
20223,A,골목상권,3110834,동작구자원봉사센터,2564,1472,1092,14,261,540,690,627,432,11,135,308,409,356,253,3,126,232,281,271,179
20223,A,골목상권,3110828,노량진역 6번,7261,4126,3135,15,905,2214,1977,1542,608,3,417,1160,1187,977,382,12,488,1054,790,565,226
20223,A,골목상권,3110827,NH농협은행 상도동지점,1082,439,643,2,105,183,271,274,247,1,38,79,104,103,114,1,67,104,167,171,133
20223,A,골목상권,3110852,이수역 9번,2529,1175,1354,5,473,620,696,447,288,1,132,264,309,240,229,4,341,356,387,207,59
20223,A,골목상권,3110905,방배노인종합복지관(이수중학교),5242,2054,3188,12,1165,1458,1271,885,451,1,334,540,486,427,266,11,831,918,785,458,185
20223,A,골목상권,3110851,경문고등학교(동작동성당),3368,1773,1595,14,635,1032,934,524,229,8,236,520,595,291,123,6,399,512,339,233,106
20223,A,골목상권,3110899,낙성대역 5번(관악중학교),4614,3107,1507,19,916,1345,1018,737,579,11,468,959,710,495,464,8,448,386,308,242,115
20223,A,골목상권,3110831,상도4동주민센터,1928,1233,695,2,251,423,419,532,301,2,136,263,284,407,141,0,115,160,135,125,160
20223,A,골목상권,3110873,당곡중학교,2525,1427,1098,7,341,547,627,540,463,4,156,299,352,290,326,3,185,248,275,250,137
20223,A,골목상권,3110841,중대부중,360,156,204,0,43,52,85,105,75,0,14,21,31,46,44,0,29,31,54,59,31
20223,A,골목상권,3110900,낙성대역 1번(관악구민 종합체육센터),4337,2627,1710,15,852,1276,966,653,575,7,368,802,610,388,452,8,484,474,356,265,123
20223,A,골목상권,3110892,관악구 중앙길,4005,1888,2117,12,627,825,985,859,697,7,212,389,474,444,362,5,415,436,511,415,335
20223,A,골목상권,3110866,난우중학교,1102,622,480,0,111,196,289,322,184,0,50,105,148,183,136,0,61,91,141,139,48
20223,A,골목상권,3110857,미성동주민센터,1238,578,660,17,154,236,276,322,233,13,73,114,121,124,133,4,81,122,155,198,100
20223,A,골목상권,3110875,보라매동주민센터(당곡고등학교),940,526,414,2,104,162,206,235,231,0,48,85,103,128,162,2,56,77,103,107,69
20223,A,골목상권,3110891,구암초등학교,1342,607,735,0,232,374,420,224,92,0,68,168,205,117,49,0,164,206,215,107,43
20223,A,골목상권,3110944,서울나래학교(염곡어린이공원),1156,798,358,10,148,272,221,240,265,8,109,212,164,151,154,2,39,60,57,89,111
20223,A,골목상권,3110942,염곡동 구룡사(포이동성당),13415,8394,5021,55,2287,3724,3222,2573,1554,26,1169,2292,2042,1698,1167,29,1118,1432,1180,875,387
20223,A,골목상권,3110920,방배역 2번(백석예술대학교),5016,3055,1961,91,1042,1259,931,793,900,26,459,731,622,507,710,65,583,528,309,286,190
20223,A,골목상권,3110910,내방역 5번,6436,3785,2651,20,1118,1455,1481,1224,1138,10,430,857,865,759,864,10,688,598,616,465,274
20223,A,골목상권,3110906,서문여고,11702,5247,6455,16,2248,2996,3566,2017,859,4,688,1244,1668,1074,569,12,1560,1752,1898,943,290
20223,A,골목상권,3110932,서울시인재개발원,4209,2306,1903,8,1038,1226,942,667,328,6,350,687,621,424,218,2,688,539,321,243,110
20223,A,골목상권,3110930,서초동성당,32660,17166,15494,63,6180,7719,7177,9753,1768,35,2030,3676,3572,6555,1298,28,4150,4043,3605,3198,470
20223,A,골목상권,3110931,삼성전자서울R&D(서울우면초등학교),211,106,105,0,53,63,49,28,18,0,20,37,22,17,10,0,33,26,27,11,8
20223,A,골목상권,3110938,바우뫼공원,4722,3197,1525,17,814,1339,1276,836,440,8,422,921,904,581,361,9,392,418,372,255,79
20223,A,골목상권,3110943,법제교육센터(버들어린이공원),5935,3672,2263,18,851,1433,1538,1193,902,10,470,907,945,696,644,8,381,526,593,497,258
20223,A,골목상권,3110994,개포고등학교,4345,2839,1506,57,867,1222,970,768,461,24,505,806,631,503,370,33,362,416,339,265,91
20223,A,골목상권,3110988,청담역 3번,14773,6151,8622,65,3286,4402,3877,2145,998,27,1018,1851,1536,1027,692,38,2268,2551,2341,1118,306
20223,A,골목상권,3111012,석촌역 6번,3563,1857,1706,6,341,717,926,795,778,4,123,380,473,406,471,2,218,337,453,389,307
20223,A,골목상권,3111043,마천공원,1725,1113,612,1,183,389,411,423,318,0,112,251,235,271,244,1,71,138,176,152,74
20223,A,골목상권,3111045,개미어린이공원,1629,952,677,8,240,270,383,466,262,2,144,178,243,239,146,6,96,92,140,227,116
20223,A,골목상권,3111047,마천1치안센터,1130,680,450,1,120,251,299,266,193,1,60,143,171,153,152,0,60,108,128,113,41
20223,A,골목상권,3111028,문현중학교(장지역 1번),2770,1677,1093,9,489,714,682,541,335,5,271,467,421,262,251,4,218,247,261,279,84
20223,A,골목상권,3111035,오금공원(오주중학교),2277,1464,813,2,256,487,582,635,315,1,148,328,395,374,218,1,108,159,187,261,97
20223,A,골목상권,3111053,성내천어린이공원(하니사랑길),13219,9342,3877,40,1620,2605,2692,3224,3038,16,990,1785,1878,2342,2331,24,630,820,814,882,707
20223,A,골목상권,3111087,고덕중학교(고덕2동주민센터),472,171,301,0,46,83,108,137,98,0,8,31,45,43,44,0,38,52,63,94,54
20223,A,골목상권,3111083,GS강동자이아파트,2192,1281,911,3,253,379,423,595,539,3,145,235,242,299,357,0,108,144,181,296,182
20223,A,골목상권,3111074,명일역 1번,1560,927,633,3,195,368,374,356,264,2,96,213,197,225,194,1,99,155,177,131,70
20223,A,골목상권,3111056,천호태영아파트,2371,1291,1080,1,166,256,372,396,1180,0,61,99,164,203,764,1,105,157,208,193,416
20223,A,골목상권,3111061,암사역 1번,3505,1543,1962,2,374,555,668,876,1030,1,150,309,306,294,483,1,224,246,362,582,547
20223,A,골목상권,3110036,동묘앞역 3번,1190,660,530,2,181,238,291,276,202,0,47,113,169,190,141,2,134,125,122,86,61
20223,A,골목상권,3110034,창신1동주민센터,1885,871,1014,8,319,394,521,412,231,7,104,157,206,228,169,1,215,237,315,184,62
20223,A,골목상권,3110028,이화달팽이길,3695,2004,1691,7,657,966,880,710,475,3,229,479,515,444,334,4,428,487,365,266,141
20223,A,골목상권,3110014,경복고등학교,1637,871,766,2,154,436,502,373,170,2,50,215,274,204,126,0,104,221,228,169,44
20223,A,골목상권,3110001,이북5도청사,3311,2335,976,10,598,774,665,978,286,6,331,504,493,810,191,4,267,270,172,168,95
20223,A,골목상권,3110286,한성대입구역 5번,4861,2170,2691,20,736,1306,1268,999,532,9,240,613,591,455,262,11,496,693,677,544,270
20223,A,골목상권,3110283,성북초등학교앞,2067,1295,772,12,288,580,641,380,166,8,150,391,427,218,101,4,138,189,214,162,65
20224,A,골목상권,3110298,솔숲어린이공원,1115,539,576,6,144,199,273,276,217,1,36,66,112,152,172,5,108,133,161,124,45
20224,A,골목상권,3110365,미아역 5번,1266,616,650,2,97,152,267,320,428,2,36,63,110,186,219,0,61,89,157,134,209
20224,A,골목상권,3110367,강북구청,3460,1492,1968,10,334,684,730,796,906,8,94,264,328,453,345,2,240,420,402,343,561
20224,A,골목상권,3110368,송천초등학교,981,601,380,1,93,195,242,259,191,1,32,95,129,181,163,0,61,100,113,78,28
20224,A,골목상권,3110352,수유1동주민센터,1291,576,715,0,118,244,368,418,143,0,49,99,154,183,91,0,69,145,214,235,52
20224,A,골목상권,3110349,화계역 2번,641,353,288,0,50,92,172,256,71,0,28,41,97,133,54,0,22,51,75,123,17
20224,A,골목상권,3110346,4.19민주묘지역 2번,605,334,271,0,71,106,179,136,113,0,18,62,103,75,76,0,53,44,76,61,37
20224,A,골목상권,3110339,국립4.19민주묘지,819,555,264,6,104,130,193,232,154,6,50,99,122,143,135,0,54,31,71,89,19
20224,A,골목상권,3110393,국민은행방학지점,749,350,399,3,91,217,207,154,77,2,32,106,101,63,46,1,59,111,106,91,31
20224,A,골목상권,3110395,신한은행 방학동지점,591,318,273,1,73,99,158,142,118,1,38,50,73,83,73,0,35,49,85,59,45
20224,A,골목상권,3110403,방학1동주민센터,1702,974,728,4,211,309,359,482,337,2,94,177,211,286,204,2,117,132,148,196,133
20224,A,골목상권,3110398,쌍문2동우체국,1663,972,691,0,162,244,383,523,351,0,72,129,192,328,251,0,90,115,191,195,100
20224,A,골목상권,3110401,도봉구민회관,1586,856,730,0,181,221,327,460,397,0,78,117,164,255,242,0,103,104,163,205,155
20224,A,골목상권,3110425,계상초등학교,1457,683,774,4,150,232,387,426,258,3,63,143,181,181,112,1,87,89,206,245,146
20224,A,골목상권,3110419,수락산디자인거리,3472,2282,1190,13,387,781,865,882,544,12,226,552,591,566,335,1,161,229,274,316,209
20224,A,골목상권,3110474,세명컴퓨터고등학교,1360,647,713,2,130,295,356,348,229,2,46,137,159,153,150,0,84,158,197,195,79
20224,A,골목상권,3110473,구산역 1번,3155,1679,1476,5,325,617,795,785,628,5,131,352,419,351,421,0,194,265,376,434,207
20224,A,골목상권,3110455,역촌노인복지관,3715,1747,1968,9,658,760,944,829,515,3,247,351,416,367,363,6,411,409,528,462,152
20224,A,골목상권,3110487,불광역 8번,761,291,470,1,73,171,207,181,128,1,23,75,72,60,60,0,50,96,135,121,68
20224,A,골목상권,3110480,연신내역 3번,1023,428,595,6,192,199,279,216,131,2,70,88,121,80,67,4,122,111,158,136,64
20224,A,골목상권,3110482,연신초등학교,359,158,201,0,27,53,117,116,46,0,8,20,39,58,33,0,19,33,78,58,13
20224,A,골목상권,3110470,신진과학기술고등학교,1610,976,634,2,161,266,382,390,409,2,76,145,208,227,318,0,85,121,174,163,91
20224,A,골목상권,3110475,백련산해모로아파트,1745,1026,719,2,202,326,375,357,483,1,91,165,203,202,364,1,111,161,172,155,119
20224,A,골목상권,3110532,아현역 2번,1847,1072,775,2,422,522,371,290,240,1,165,307,218,208,173,1,257,215,153,82,67
20224,A,골목상권,3110534,경기대학교,3370,2048,1322,4,575,933,722,580,556,1,256,531,484,399,377,3,319,402,238,181,179
20224,A,골목상권,3110572,서강대역 1번,7726,3653,4073,68,2565,1977,1384,1231,501,24,960,907,708,748,306,44,1605,1070,676,483,195
20224,A,골목상권,3110575,대흥동주민센터,4172,1903,2269,62,2086,953,452,399,220,20,782,476,212,248,165,42,1304,477,240,151,55
20224,A,골목상권,3110527,홍제역 2번,1712,867,845,2,169,226,456,564,295,1,44,119,214,314,175,1,125,107,242,250,120
20224,A,골목상권,3110569,홍대땡땡거리,3039,1407,1632,7,650,662,678,622,420,3,308,321,302,232,241,4,342,341,376,390,179
20224,A,골목상권,3110517,서대문소방서,2671,1696,975,14,441,700,687,557,272,8,191,471,487,368,171,6,250,229,200,189,101
20224,A,골목상권,3110512,연희지하차도,5089,3101,1988,67,1146,1450,1174,973,279,39,591,926,702,649,194,28,555,524,472,324,85
20224,A,골목상권,3110516,정원여중,1299,656,643,0,226,284,343,307,139,0,78,137,188,165,88,0,148,147,155,142,51
20224,A,골목상권,3110546,양화대교북단,1549,938,611,3,314,420,380,250,182,3,138,208,258,183,148,0,176,212,122,67,34
20224,A,골목상권,3110550,합정역 8번,5374,2859,2515,13,961,1416,1292,955,737,8,367,677,778,563,466,5,594,739,514,392,271
20224,A,골목상권,3110554,망원역 1번,6464,3487,2977,10,913,1410,1559,1192,1380,7,345,648,802,647,1038,3,568,762,757,545,342
20224,A,골목상권,3110547,KB국민은행 망원동지점,6579,4117,2462,11,769,1170,1322,1746,1561,7,405,819,889,860,1137,4,364,351,433,886,424
20224,A,골목상권,3110551,성서초등학교,3102,1803,1299,3,301,471,703,601,1023,3,132,235,314,304,815,0,169,236,389,297,208
20224,A,골목상권,3110619,목4동주민센터,1689,1078,611,4,202,379,491,407,206,1,93,210,315,291,168,3,109,169,176,116,38
20224,A,골목상권,3110600,신월7동주민센터,4248,2844,1404,3,317,496,745,1209,1478,3,179,312,490,845,1015,0,138,184,255,364,463
20224,A,골목상권,3110647,화곡역 5번,3340,1821,1519,8,438,691,768,828,607,5,192,403,428,449,344,3,246,288,340,379,263
20224,A,골목상권,3110607,금빛새마을금고본점,2729,2241,488,2,110,221,394,521,1481,1,64,132,235,385,1424,1,46,89,159,136,57
20224,A,골목상권,3110608,신월2동주민센터,3392,1915,1477,10,282,562,891,941,706,9,134,332,463,486,491,1,148,230,428,455,215
20224,A,골목상권,3110611,신정역 1번,4475,2720,1755,14,895,697,748,814,1307,7,295,382,444,461,1131,7,600,315,304,353,176
20224,A,골목상권,3110594,신월중학교,1144,543,601,7,149,285,301,297,105,4,58,119,141,150,71,3,91,166,160,147,34
20224,A,골목상권,3110602,신월시영아파트중문,3056,2108,948,3,204,356,700,967,826,2,124,226,400,664,692,1,80,130,300,303,134
20224,A,골목상권,3110610,계남근린공원,648,338,310,2,87,129,151,148,131,0,26,50,86,87,89,2,61,79,65,61,42
20224,A,골목상권,3110616,양목초등학교,1359,706,653,2,110,255,266,391,335,1,43,136,132,202,192,1,67,119,134,189,143
20224,A,골목상권,3110635,공항시장역 3번,3727,1849,1878,9,361,571,664,1054,1068,2,153,336,399,431,528,7,208,235,265,623,540
20224,A,골목상권,3110650,우장산힐스테이트,1737,995,742,4,194,325,396,415,403,3,107,202,240,204,239,1,87,123,156,211,164
20224,A,골목상권,3110638,신방화역 2번,3645,2335,1310,10,416,661,1045,983,530,8,205,404,713,617,388,2,211,257,332,366,142
20224,A,골목상권,3110712,남구로역 5번,1579,913,666,8,183,331,363,324,370,5,99,196,189,176,248,3,84,135,174,148,122
20224,A,골목상권,3110702,개봉초등학교,1569,818,751,1,157,329,420,390,272,1,72,153,202,214,176,0,85,176,218,176,96
20224,A,골목상권,3110699,덕의초등학교,2451,1563,888,9,303,578,623,646,292,7,187,384,391,378,216,2,116,194,232,268,76
20224,A,골목상권,3110720,대림역 2번,2280,1556,724,2,188,387,574,709,420,2,83,218,387,538,328,0,105,169,187,171,92
20224,A,골목상권,3110778,구로디지털단지역 4번,13303,7796,5507,56,2966,4427,3201,1627,1026,23,1254,2669,2063,1065,722,33,1712,1758,1138,562,304
20224,A,골목상권,3110745,독산동정훈단지,1306,773,533,1,137,196,260,372,340,0,71,92,115,221,274,1,66,104,145,151,66
20224,A,골목상권,3110856,미성초등학교,5264,3671,1593,18,465,913,970,948,1950,13,238,541,608,563,1708,5,227,372,362,385,242
20224,A,골목상권,3110855,신대방역 2번,4936,3401,1535,6,709,900,888,794,1639,2,282,540,546,528,1503,4,427,360,342,266,136
20224,A,골목상권,3110755,동일여자고등학교,2033,1040,993,21,274,503,487,453,295,16,131,278,253,192,170,5,143,225,234,261,125
20224,A,골목상권,3110771,대림역 11번,2420,1335,1085,5,268,314,456,542,835,2,91,160,234,316,532,3,177,154,222,226,303
20224,A,골목상권,3110768,도림2동유수지내체육시설,1219,778,441,9,118,206,287,302,297,8,48,126,182,211,203,1,70,80,105,91,94
20224,A,골목상권,3110759,문래예술촌(문래창작촌),65954,51168,14786,61,8786,22706,21719,9637,3045,32,5433,17446,18749,7800,1708,29,3353,5260,2970,1837,1337
20224,A,골목상권,3110818,신대방역 3번,1692,950,742,2,287,451,397,278,277,2,124,277,228,138,181,0,163,174,169,140,96
20224,A,골목상권,3110858,신대방역 1번,2669,2004,665,0,421,756,879,491,122,0,195,575,748,404,82,0,226,181,131,87,40
20224,A,골목상권,3110874,원신초등학교(구세군관악영문교회),732,381,351,8,77,186,200,173,88,2,22,81,122,86,68,6,55,105,78,87,20
20224,A,골목상권,3110879,신림현대아파트,1116,536,580,7,212,210,278,222,187,1,100,99,137,109,90,6,112,111,141,113,97
20224,A,골목상권,3110885,영락고등학교,1746,990,756,7,240,328,434,376,361,1,122,173,232,224,238,6,118,155,202,152,123
20224,A,골목상권,3110872,신림초등학교,689,382,307,5,101,168,168,152,95,3,54,93,102,85,45,2,47,75,66,67,50
20224,A,골목상권,3110947,청계산입구역 2번(내곡동주민센터),182,79,103,0,26,23,46,37,50,0,13,11,28,10,17,0,13,12,18,27,33
20224,A,골목상권,3110913,방현초등학교(방배119안전센터),9674,6057,3617,22,1677,2842,2518,1523,1092,5,797,1829,1720,957,749,17,880,1013,798,566,343
20224,A,골목상권,3110934,우면주공아파트,1489,946,543,6,264,423,395,260,141,5,105,290,271,170,105,1,159,133,124,90,36
20224,A,골목상권,3110937,방아다리근린공원(횃불트리니티신학대학원대학교),14952,9277,5675,329,4835,4416,2991,1697,684,151,2497,2972,2135,1021,501,178,2338,1444,856,676,183
20224,A,골목상권,3110955,논현초등학교,20906,14265,6641,76,4625,6342,4724,3259,1880,45,2535,4372,3537,2430,1346,31,2090,1970,1187,829,534
20224,A,골목상권,3110992,도곡초등학교,8628,4357,4271,50,1508,2156,1880,1719,1315,28,647,1065,939,866,812,22,861,1091,941,853,503
20224,A,골목상권,3110963,역삼월드메르디앙아파트,18186,10655,7531,122,4620,5292,4181,2560,1411,33,1769,3113,2948,1716,1076,89,2851,2179,1233,844,335
20224,A,골목상권,3110972,강남세브란스병원미래의학연구센터,22138,12993,9145,207,6590,6499,5019,2834,989,69,2849,4088,3556,1696,735,138,3741,2411,1463,1138,254
20224,A,골목상권,3110991,삼성중앙역 5번,10374,5378,4996,43,2958,2855,2028,1298,1192,9,932,1472,1304,854,807,34,2026,1383,724,444,385
20224,A,골목상권,3110990,청담역 12번,7833,5477,2356,20,1213,2652,2394,1251,303,9,506,1665,1965,1094,238,11,707,987,429,157,65
20224,A,골목상권,3111000,대왕초등학교(세곡동사거리서남측),156,35,121,1,22,55,43,25,10,0,2,7,12,5,9,1,20,48,31,20,1
20224,A,골목상권,3110999,윗방죽마을공원,408,226,182,3,33,70,73,122,107,1,17,45,46,70,47,2,16,25,27,52,60
20224,A,골목상권,3110969,베르사이유1아파트,29014,17556,11458,73,5335,8726,7783,5424,1673,29,2616,5589,5487,2693,1142,44,2719,3137,2296,2731,531
20224,A,골목상권,3110967,역삼역 8번,24226,18490,5736,23,4422,7830,6561,4334,1056,10,2559,5859,5511,3785,766,13,1863,1971,1050,549,290
20224,A,골목상권,3110985,청담근린공원,9800,6589,3211,34,1729,2898,2625,1790,724,17,815,1972,1966,1323,496,17,914,926,659,467,228
20224,A,골목상권,3111008,석촌고분역 3번,3907,2479,1428,12,490,799,912,951,743,10,289,528,566,545,541,2,201,271,346,406,202
20224,A,골목상권,3111016,송파역 2번,15479,10229,5250,62,2083,3454,3732,3349,2799,44,1020,2251,2780,2219,1915,18,1063,1203,952,1130,884
20224,A,골목상권,3111038,보인중학교,2602,1770,832,14,377,689,649,574,299,13,214,471,461,405,206,1,163,218,188,169,93
20224,A,골목상권,3111021,방이역 4번,11137,8092,3045,38,1448,2300,2854,2754,1743,26,767,1502,2125,2188,1484,12,681,798,729,566,259
20224,A,골목상권,3111015,석촌역 3번,10932,6847,4085,26,1640,2424,2423,2333,2086,11,799,1507,1612,1477,1441,15,841,917,811,856,645
20224,A,골목상권,3111003,삼전역 4번,4568,3024,1544,18,600,1083,1254,905,708,1,324,732,817,598,552,17,276,351,437,307,156
20224,A,골목상권,3111062,둔촌동역 3번(성내3동주민센터),3255,2100,1155,7,480,811,880,607,470,6,266,532,569,389,338,1,214,279,311,218,132
20224,A,골목상권,3111011,잠실나루역,9608,7747,1861,42,1275,3018,2795,2046,432,18,924,2492,2309,1674,330,24,351,526,486,372,102
20224,A,골목상권,3111048,천호역 1번(천호문구완구거리),1608,876,732,7,195,360,372,323,351,4,82,170,209,171,240,3,113,190,163,152,111
20224,A,골목상권,3111088,고덕동성당,1134,951,183,0,35,82,216,447,354,0,9,53,173,388,328,0,26,29,43,59,26
20224,A,골목상권,3111079,둔촌고등학교(둔촌중학교),1407,838,569,2,141,259,315,339,351,2,81,153,184,167,251,0,60,106,131,172,100
20224,A,골목상권,3111066,암사동성당(효정하나플러스아파트),1710,995,715,5,169,380,394,455,307,1,71,188,219,302,214,4,98,192,175,153,93
20224,A,골목상권,3111071,천동초등학교,2013,1097,916,2,200,393,515,454,449,1,72,204,289,251,280,1,128,189,226,203,169
20224,A,골목상권,3111069,천호1동주민센터,2143,1118,1025,5,185,409,525,555,464,3,66,183,269,288,309,2,119,226,256,267,155
20224,A,골목상권,3111050,강동구청(강동구청역 2번),6451,4040,2411,30,768,1601,1613,1617,822,12,384,869,987,1154,634,18,384,732,626,463,188
20224,A,골목상권,3111052,암사역 3번(천호동자전거거리),1652,885,767,3,192,365,475,387,230,2,74,188,246,218,157,1,118,177,229,169,73
20224,A,골목상권,3110003,세검정초등학교,3208,1681,1527,12,383,849,849,655,460,7,132,383,486,370,303,5,251,466,363,285,157
20224,A,골목상권,3110032,수족관거리,1721,729,992,8,316,378,484,355,180,7,101,148,164,183,126,1,215,230,320,172,54
20224,A,골목상권,3110049,장충단 고개,7948,4363,3585,17,1488,2210,1865,1591,777,6,534,1186,1138,986,513,11,954,1024,727,605,264
20224,A,골목상권,3110054,청구역 3번,5615,2963,2652,16,1124,1473,1173,1085,744,5,384,793,702,621,458,11,740,680,471,464,286
20224,A,골목상권,3110041,남산케이블카,5723,3089,2634,10,793,1518,1444,1163,795,7,334,836,819,626,467,3,459,682,625,537,328
20224,A,골목상권,3110533,충정로역 7번,2911,1774,1137,1,433,782,782,547,366,0,223,473,484,349,245,1,210,309,298,198,121
20224,A,골목상권,3110065,남정초등학교,2218,1561,657,13,351,641,535,358,320,11,227,499,376,234,214,2,124,142,159,124,106
20224,A,골목상권,3110080,해방촌예술마을,2226,1456,770,3,252,385,746,672,168,3,84,214,546,496,113,0,168,171,200,176,55
20224,A,골목상권,3110579,마포역 4번,5616,3529,2087,8,1017,1486,1468,1076,561,6,371,893,1024,805,430,2,646,593,444,271,131
20224,A,골목상권,3110123,마장역 3번,1433,884,549,1,176,272,329,389,266,1,78,159,191,253,202,0,98,113,138,136,64
20224,A,골목상권,3110114,왕십리파출소,2346,644,1702,8,434,328,413,711,452,1,142,144,153,139,65,7,292,184,260,572,387
20224,A,골목상권,3110121,한양대역 4번,102,61,41,0,13,22,20,20,27,0,6,11,11,12,21,0,7,11,9,8,6
20224,A,골목상권,3110127,성수1가1동주민센터,3267,2102,1165,10,572,1007,809,584,285,5,303,663,543,374,214,5,269,344,266,210,71
20224,A,골목상권,3110140,건대입구역 6번,3220,2119,1101,14,390,614,754,831,617,10,183,373,498,562,493,4,207,241,256,269,124
20224,A,골목상권,3110141,건대입구역 1번,1987,1285,702,10,275,407,532,461,302,6,137,258,349,297,238,4,138,149,183,164,64
20224,A,골목상권,3110209,답십리 장령당공원,4227,1926,2301,4,629,938,1189,1163,304,1,465,673,394,189,204,3,164,265,795,974,100
20224,A,골목상권,3110174,아차산역 1번,2909,1780,1129,7,346,545,901,765,345,3,151,328,577,479,242,4,195,217,324,286,103
20224,A,골목상권,3110144,어린이대공원역 4번,1502,932,570,0,160,238,383,492,229,0,60,133,242,323,174,0,100,105,141,169,55
20224,A,골목상권,3110152,중곡어린이공원,1671,1070,601,49,338,283,323,400,278,6,137,200,206,286,235,43,201,83,117,114,43
20224,A,골목상권,3110161,중곡역 3번,1960,1296,664,4,150,317,503,672,314,0,67,189,303,504,233,4,83,128,200,168,81
20224,A,골목상권,3110202,전농1동주민센터(전농시장),478,273,205,0,58,96,127,105,92,0,44,55,85,53,36,0,14,41,42,52,56
20224,A,골목상권,3110186,종암초등학교,1751,1308,443,2,179,330,416,475,349,0,82,256,306,362,302,2,97,74,110,113,47
20224,A,골목상권,3110221,의릉,731,443,288,0,69,158,210,196,98,0,28,92,111,132,80,0,41,66,99,64,18
20224,A,골목상권,3110206,텃골근린공원,1126,651,475,2,118,187,312,318,189,1,71,108,193,192,86,1,47,79,119,126,103
20224,A,골목상권,3110219,삼육보건대학교,4329,2321,2008,4,574,869,1055,1098,729,2,178,407,603,643,488,2,396,462,452,455,241
20224,A,골목상권,3110199,홍릉시장,962,521,441,0,76,146,204,306,230,0,34,77,102,142,166,0,42,69,102,164,64
20224,A,골목상권,3110268,망우3동주민센터,981,580,401,0,94,152,205,296,234,0,55,83,101,168,173,0,39,69,104,128,61
20224,A,골목상권,3110264,면목역 2번,1816,1064,752,3,185,354,425,524,325,0,72,184,239,342,227,3,113,170,186,182,98
20224,A,골목상권,3110279,신내역 2번,153,118,35,0,17,28,41,48,19,0,13,24,30,34,17,0,4,4,11,14,2
20224,A,골목상권,3110258,면동초등학교,1659,911,748,2,207,394,460,372,224,1,84,220,233,212,161,1,123,174,227,160,63
20224,A,골목상권,3110237,메가박스 상봉,2944,2064,880,11,293,688,935,821,196,10,142,441,668,655,148,1,151,247,267,166,48
20224,A,골목상권,3110254,오거리공원,1604,894,710,3,171,342,447,427,214,2,70,170,244,256,152,1,101,172,203,171,62
20224,A,골목상권,3110248,먹골파출소,993,487,506,3,102,224,281,230,153,0,31,111,138,105,102,3,71,113,143,125,51
20224,A,골목상권,3110245,KB국민은행 중화동지점,1375,794,581,3,141,276,386,300,269,1,58,154,230,167,184,2,83,122,156,133,85
20224,A,골목상권,3110308,길음역 8번,5558,2775,2783,420,2091,1398,817,515,317,177,921,761,443,234,239,243,1170,637,374,281,78
20224,A,골목상권,3110301,성신여대입구역 7번,2035,1073,962,20,279,387,462,501,386,15,95,170,238,285,270,5,184,217,224,216,116
20224,A,골목상권,3110300,삼선동주민센터,6172,2933,3239,11,709,1579,1872,1508,493,2,213,608,842,960,308,9,496,971,1030,548,185
20224,A,골목상권,3110328,상월곡역 3번,745,414,331,3,111,200,209,158,64,1,47,116,119,84,47,2,64,84,90,74,17
20224,A,골목상권,3110323,상월곡역 1번,2096,1206,890,4,330,425,556,516,265,0,143,247,333,295,188,4,187,178,223,221,77
20224,A,골목상권,3110325,장곡초등학교,1196,710,486,3,130,246,318,285,214,3,60,131,186,172,158,0,70,115,132,113,56
20224,A,골목상권,3110329,우리은행체육관,1168,696,472,8,126,245,281,288,220,4,44,127,158,191,172,4,82,118,123,97,48
20224,A,골목상권,3110418,광운대학교 남단,2395,1300,1095,17,439,649,567,454,269,5,188,388,277,239,203,12,251,261,290,215,66
20224,A,골목상권,3110292,정릉역 2번,1165,443,722,1,229,306,319,217,93,0,57,124,99,95,68,1,172,182,220,122,25
20224,A,골목상권,3110289,북한산보국문역 2번,1565,804,761,0,234,320,398,370,243,0,63,140,184,230,187,0,171,180,214,140,56
20224,A,골목상권,3110320,KB국민은행 종암동지점,1030,585,445,1,84,202,331,295,117,1,23,84,177,219,81,0,61,118,154,76,36
20224,A,골목상권,3110369,성신여대운정그린캠퍼스,1935,860,1075,5,242,321,436,458,473,1,65,112,181,208,293,4,177,209,255,250,180
20224,A,골목상권,3110376,수송초등학교,2101,1069,1032,3,230,420,522,498,428,2,80,208,286,240,253,1,150,212,236,258,175
20224,A,골목상권,3110351,수유북부시장옆,1198,652,546,0,84,147,263,467,237,0,30,65,139,235,183,0,54,82,124,232,54
20224,A,골목상권,3110362,우이천 계성교,961,497,464,1,126,190,258,236,150,0,48,103,126,120,100,1,78,87,132,116,50
20224,A,골목상권,3110356,덕수교,687,389,298,0,56,108,200,172,151,0,20,63,108,94,104,0,36,45,92,78,47
20224,A,골목상권,3110343,무너미어린이공원,1770,1049,721,0,112,212,300,288,858,0,32,122,161,148,586,0,80,90,139,140,272
20224,A,골목상권,3110382,솔밭공원역 1번,391,147,244,1,43,67,98,118,64,0,9,21,28,46,43,1,34,46,70,72,21
20224,A,골목상권,3110413,누원고등학교,568,365,203,0,36,70,115,162,185,0,15,44,66,102,138,0,21,26,49,60,47
20224,A,골목상권,3110422,노원역 9번,1516,697,819,1,187,294,388,390,256,1,71,171,178,157,119,0,116,123,210,233,137
20224,A,골목상권,3110430,중계초등학교,1110,567,543,3,90,168,259,328,262,0,28,66,114,160,199,3,62,102,145,168,63
20224,A,골목상권,3110417,월계역 3번,348,134,214,2,49,63,67,100,67,2,18,35,21,34,24,0,31,28,46,66,43
20224,A,골목상권,3110441,영신여고,1036,451,585,3,105,241,280,305,102,3,45,111,106,125,61,0,60,130,174,180,41
20224,A,골목상권,3110427,노원 을지대학교병원,1752,1176,576,1,156,280,416,577,322,0,59,139,273,460,245,1,97,141,143,117,77
20224,A,골목상권,3110477,은평세무서,2219,1137,1082,6,199,354,531,627,502,2,93,192,270,298,282,4,106,162,261,329,220
20224,A,골목상권,3110476,역촌역 2번,1304,706,598,1,170,308,350,300,175,1,61,154,198,161,131,0,109,154,152,139,44
20224,A,골목상권,3110503,명지대학교교회,3329,2219,1110,30,564,1004,816,642,273,26,345,725,552,388,183,4,219,279,264,254,90
20224,A,골목상권,3110499,연가초등학교,1715,905,810,0,165,359,447,470,274,0,64,203,231,222,185,0,101,156,216,248,89
20224,A,골목상권,3110558,경성고등학교,4895,3051,1844,21,679,1152,1227,1106,710,18,346,676,765,727,519,3,333,476,462,379,191
20224,A,골목상권,3110537,충정로현대아파트,4722,3057,1665,15,800,1434,1132,868,473,9,385,840,810,674,339,6,415,594,322,194,134
20224,A,골목상권,3110541,동교초등학교,1947,1046,901,2,295,400,519,419,312,1,112,214,273,234,212,1,183,186,246,185,100
20224,A,골목상권,3110522,홍제역 3번,1269,694,575,3,128,184,351,436,167,1,37,93,189,254,120,2,91,91,162,182,47
20224,A,골목상권,3110571,신수동주민센터,5389,2967,2422,10,665,1386,1427,1276,625,9,253,623,760,871,451,1,412,763,667,405,174
20224,A,골목상권,3110555,홍익지구대,3611,1855,1756,10,638,968,938,631,426,5,213,449,543,370,275,5,425,519,395,261,151
20224,A,골목상권,3110627,신정롯데캐슬아파트,12409,6926,5483,66,2312,4020,3158,2183,670,31,900,2143,1942,1409,501,35,1412,1877,1216,774,169
20224,A,골목상권,3110628,신목동역,2125,1374,751,4,260,583,583,460,235,2,128,352,393,345,154,2,132,231,190,115,81
20224,A,골목상권,3110679,염창역 2번,2730,2023,707,4,276,584,863,682,321,3,134,413,667,544,262,1,142,171,196,138,59
20224,A,골목상권,3110612,신정역 5번,4440,2606,1834,12,892,682,723,821,1310,5,273,329,389,473,1137,7,619,353,334,348,173
20224,A,골목상권,3110629,송정역 4번,923,553,370,1,104,171,216,231,200,1,47,114,124,142,125,0,57,57,92,89,75
20224,A,골목상권,3110669,화곡보람2차아파트,4693,2768,1925,4,1133,1316,897,642,701,3,357,873,675,396,464,1,776,443,222,246,237
20224,A,골목상권,3110649,우장산역 1번,1340,739,601,2,254,249,320,285,230,0,111,132,152,166,178,2,143,117,168,119,52
20224,A,골목상권,3110670,신곡초등학교,1600,1036,564,8,185,409,399,404,195,5,114,286,251,246,134,3,71,123,148,158,61
20224,A,골목상권,3110666,KC대학교,2132,1568,564,4,303,715,531,460,119,2,205,564,385,312,100,2,98,151,146,148,19
20224,A,골목상권,3110725,가산동주민센터,1841,864,977,4,142,241,320,390,744,2,70,130,189,193,280,2,72,111,131,197,464
20224,A,골목상권,3110700,고척초등학교,5750,4109,1641,10,516,1259,1605,1791,569,7,268,901,1181,1363,389,3,248,358,424,428,180
20224,A,골목상권,3110689,오류동역 3번,4517,2899,1618,15,569,864,1106,1262,701,8,405,556,678,764,488,7,164,308,428,498,213
20224,A,골목상권,3110690,오류2동버들시장,2262,1291,971,1,225,460,530,550,496,0,85,257,277,318,354,1,140,203,253,232,142
20224,A,골목상권,3110766,대림역 5번,5601,3708,1893,16,432,998,1379,1285,1491,5,258,730,1005,825,885,11,174,268,374,460,606
20224,A,골목상권,3110735,말미고개,2955,1738,1217,9,360,595,662,815,514,5,187,340,372,445,389,4,173,255,290,370,125
20224,A,골목상권,3110736,독산119안전센터,2709,1626,1083,4,307,444,561,745,648,2,174,271,330,427,422,2,133,173,231,318,226
20224,A,골목상권,3110746,금천금빛공원(은행나무사거리서측),971,444,527,1,93,156,237,270,214,1,36,71,105,122,109,0,57,85,132,148,105
20224,A,골목상권,3110783,영등포시장역 1번,2418,1654,764,5,411,700,493,528,281,3,259,492,345,391,164,2,152,208,148,137,117
20224,A,골목상권,3110793,대림썬프라자,1502,904,598,6,139,384,505,343,125,5,85,243,259,219,93,1,54,141,246,124,32
20224,A,골목상권,3110799,영등포본동주민센터,524,336,188,5,69,90,131,119,110,3,34,56,85,77,81,2,35,34,46,42,29
20224,A,골목상권,3110777,구로세무서,5825,3399,2426,22,1229,1703,1556,963,352,10,493,985,1009,609,293,12,736,718,547,354,59
20224,A,골목상권,3110821,보라매역 2번,19310,12435,6875,51,3710,3777,3102,4534,4136,27,2841,3091,2036,2222,2218,24,869,686,1066,2312,1918
20224,A,골목상권,3110788,영등포시장역 3번,924,604,320,3,106,166,286,224,139,1,58,113,202,145,85,2,48,53,84,79,54
20224,A,골목상권,3110840,중앙대학교,417,214,203,1,67,68,111,97,73,0,25,31,63,47,48,1,42,37,48,50,25
20224,A,골목상권,3110836,상도역 5번,4431,2490,1941,12,805,1182,1020,914,498,2,328,680,619,553,308,10,477,502,401,361,190
20224,A,골목상권,3110893,관악소방서(문영여고),1814,1409,405,2,342,557,398,425,90,1,237,436,304,357,74,1,105,121,94,68,16
20224,A,골목상권,3110878,미림여고,694,367,327,6,72,190,185,152,89,1,25,91,112,75,63,5,47,99,73,77,26
20224,A,골목상권,3110861,관악구신사동주민센터,4975,3397,1578,4,758,1388,1398,981,446,2,354,958,1075,707,301,2,404,430,323,274,145
20224,A,골목상권,3110890,봉천역 1번(관악초등학교),2071,803,1268,4,374,519,473,347,354,0,67,152,208,174,202,4,307,367,265,173,152
20224,A,골목상권,3110960,은광여고,20267,15455,4812,50,2314,4244,5292,6237,2130,36,1372,3182,4359,5022,1484,14,942,1062,933,1215,646
20224,A,골목상권,3110954,국기원,7043,3734,3309,24,2010,2434,1352,626,597,8,648,1239,953,450,436,16,1362,1195,399,176,161
20224,A,골목상권,3110936,더케이호텔(양재리본타워2단지아파트),1540,1105,435,14,246,433,389,311,147,10,159,288,286,247,115,4,87,145,103,64,32
20224,A,골목상권,3110940,양재근린공원(양재2동주민센터),6573,4578,1995,36,1029,1761,1701,1243,803,22,601,1228,1211,872,644,14,428,533,490,371,159
20224,A,골목상권,3110950,논현역 7번,14453,8508,5945,36,3283,4779,3414,1982,959,15,1326,2815,2305,1346,701,21,1957,1964,1109,636,258
20224,A,골목상권,3110949,한남IC,8417,5196,3221,28,1675,2570,2221,1300,623,15,760,1654,1435,852,480,13,915,916,786,448,143
20224,A,골목상권,3110993,개포지하차도 북측,142,86,56,0,14,21,31,45,31,0,4,14,19,28,21,0,10,7,12,17,10
20224,A,골목상권,3110983,국립국악고등학교,3034,1919,1115,12,544,819,737,554,368,2,245,512,476,373,311,10,299,307,261,181,57
20224,A,골목상권,3110964,싸리고개근린공원,8566,5556,3010,26,1611,2345,2176,1418,990,12,704,1538,1503,1014,785,14,907,807,673,404,205
20224,A,골목상권,3110995,봉은사역 4번,25206,19697,5509,27,4263,7944,7350,4403,1219,8,2756,6028,6191,3798,916,19,1507,1916,1159,605,303
20224,A,골목상권,3111001,아래방죽마을공원(율현초등학교),219,110,109,0,13,33,35,73,65,0,7,22,21,34,26,0,6,11,14,39,39
20224,A,골목상권,3110998,은곡마을(은곡마을공원),32,21,11,1,2,11,8,6,4,0,0,5,7,6,3,1,2,6,1,0,1
20224,A,골목상권,3110959,신구중학교,10232,5500,4732,112,2286,2945,2031,1596,1262,41,1015,1708,1395,759,582,71,1271,1237,636,837,680
20224,A,골목상권,3110962,도산공원북측,5103,2987,2116,21,1320,1864,1050,603,245,7,552,1132,729,415,152,14,768,732,321,188,93
20224,A,골목상권,3110997,대청초등학교,11645,4219,7426,31,3352,3686,2392,1435,749,3,709,1330,968,683,526,28,2643,2356,1424,752,223
20224,A,골목상권,3110979,청담초등학교,13513,6688,6825,34,3681,4952,2707,1503,636,14,1248,2542,1596,814,474,20,2433,2410,1111,689,162
20224,A,골목상권,3111027,문정초등학교,37078,28582,8496,20,3311,6648,10483,13841,2775,8,1965,4804,8129,11835,1841,12,1346,1844,2354,2006,934
20224,A,골목상권,3111020,방이동고분군(방산고등학교),4863,2790,2073,7,576,1242,1105,1165,768,4,274,719,681,609,503,3,302,523,424,556,265
20224,A,골목상권,3111032,방이역 1번,21842,16091,5751,28,2688,5066,5500,5171,3389,14,1606,3510,4215,4282,2464,14,1082,1556,1285,889,925
20224,A,골목상권,3111005,삼전역 3번,5492,3680,1812,15,836,1398,1269,1121,853,5,485,996,882,696,616,10,351,402,387,425,237
20224,A,골목상권,3111037,Sh수협은행 오금동금융센터(아랫말어린이공원),1645,894,751,0,186,380,425,449,205,0,97,235,228,207,127,0,89,145,197,242,78
20224,A,골목상권,3111089,상일여고(상일초등학교),858,553,305,0,66,157,203,261,171,0,37,92,135,164,125,0,29,65,68,97,46
20224,A,골목상권,3111067,강동구립성내도서관,5641,2901,2740,16,1009,1238,1344,1086,948,11,337,615,758,580,600,5,672,623,586,506,348
20224,A,골목상권,3111081,둔촌푸르지오아파트,986,603,383,2,117,183,200,251,233,1,58,108,117,139,180,1,59,75,83,112,53
20224,A,골목상권,3111059,강동역 4번(강풀만화거리),6849,3822,3027,10,1115,1236,1379,1299,1810,5,483,642,758,760,1174,5,632,594,621,539,636
20224,A,골목상권,3110005,세검정,2126,1089,1037,8,301,565,557,474,221,3,123,271,287,262,143,5,178,294,270,212,78
20224,A,골목상권,3110008,배화여자대학교(박노수미술관),3476,1938,1538,39,627,808,767,729,506,0,227,405,439,476,391,39,400,403,328,253,115
20224,A,골목상권,3110015,청와대사랑채,2312,1284,1028,37,513,765,497,301,199,0,191,422,324,192,155,37,322,343,173,109,44
20224,A,골목상권,3110035,동묘앞역 2번,3390,1775,1615,3,258,367,549,741,1472,0,87,183,285,341,879,3,171,184,264,400,593
20224,A,골목상권,3110055,황학동벼룩시장,2333,1280,1053,28,821,479,422,378,205,15,352,239,270,253,151,13,469,240,152,125,54
20224,A,골목상권,3110027,혜화역 1번,3124,1658,1466,9,394,650,865,728,478,5,112,253,479,462,347,4,282,397,386,266,131
20223,A,골목상권,3110069,숙대입구,5692,2925,2767,14,842,1738,1501,985,612,6,238,745,833,646,457,8,604,993,668,339,155
20223,A,골목상권,3110285,홍대부중,2796,1807,989,11,479,748,779,536,243,6,237,471,486,420,187,5,242,277,293,116,56
20223,A,골목상권,3110053,청구역 1번,1887,973,914,1,292,413,473,444,264,0,94,203,258,251,167,1,198,210,215,193,97
20223,A,골목상권,3110040,중구회현체육센터(정화예술대남산캠퍼스),15872,7161,8711,64,2309,4970,5377,2758,394,8,703,2069,2118,2073,190,56,1606,2901,3259,685,204
20223,A,골목상권,3110039,회현역 1번,23622,11623,11999,133,4395,7509,7184,3821,580,38,1547,3599,3487,2668,284,95,2848,3910,3697,1153,296
20223,A,골목상권,3110077,삼광초등학교,1617,1102,515,8,162,358,490,381,218,7,93,234,360,254,154,1,69,124,130,127,64
20223,A,골목상권,3110072,열정도,1822,1125,697,9,264,375,438,367,369,3,123,236,278,230,255,6,141,139,160,137,114
20223,A,골목상권,3110059,새남터성지,2836,1935,901,8,404,789,837,608,190,3,181,500,636,477,138,5,223,289,201,131,52
20223,A,골목상권,3110095,한강진역 3번,5622,3227,2395,35,1349,2001,1256,664,317,20,544,1116,858,496,193,15,805,885,398,168,124
20223,A,골목상권,3110097,한남초등학교,5721,3746,1975,12,1028,2374,1313,590,404,7,478,1484,985,454,338,5,550,890,328,136,66
20223,A,골목상권,3110106,금북초등학교,123,49,74,0,15,25,38,29,16,0,2,11,13,12,11,0,13,14,25,17,5
20223,A,골목상권,3110103,옥수터널,545,284,261,1,45,141,155,157,46,0,17,64,87,85,31,1,28,77,68,72,15
20223,A,골목상권,3110137,성수초등학교,14338,9448,4890,60,2205,3717,3817,2875,1664,46,1146,2457,2601,1900,1298,14,1059,1260,1216,975,366
20223,A,골목상권,3110138,송정체육공원,2546,1233,1313,1,395,634,646,528,342,0,147,319,328,219,220,1,248,315,318,309,122
20223,A,골목상권,3110150,중곡1동 마을마당,5687,2821,2866,84,1470,1113,1132,1310,578,30,642,611,577,542,419,54,828,502,555,768,159
20223,A,골목상권,3110175,푸른동산공원,7435,3844,3591,8,711,1236,1667,2238,1575,4,374,802,970,930,764,4,337,434,697,1308,811
20223,A,골목상권,3110177,동의초등학교,1191,614,577,1,140,224,315,322,189,0,46,118,168,160,122,1,94,106,147,162,67
20223,A,골목상권,3110146,신자초등학교,2819,2113,706,7,317,659,835,751,250,3,224,506,625,563,192,4,93,153,210,188,58
20223,A,골목상권,3110195,동대문구청,3806,1797,2009,5,412,804,896,1082,607,3,155,327,374,598,340,2,257,477,522,484,267
20223,A,골목상권,3110201,전농119안전센터,669,454,215,0,93,145,215,139,77,0,61,94,144,99,56,0,32,51,71,40,21
20223,A,골목상권,3110189,제기동역 1번,4287,2552,1735,8,675,1174,895,684,851,2,252,688,568,412,630,6,423,486,327,272,221
20223,A,골목상권,3110215,회기역 1번,2285,799,1486,3,612,739,515,282,134,1,114,254,199,124,107,2,498,485,316,158,27
20223,A,골목상권,3110224,외대앞역 2번,1271,746,525,3,119,240,371,332,206,1,48,142,229,232,94,2,71,98,142,100,112
20223,A,골목상권,3110214,경희대후문,3212,1375,1837,1,688,904,837,553,229,1,133,324,406,334,177,0,555,580,431,219,52
20223,A,골목상권,3110334,석관중앙교회,1188,720,468,0,136,249,282,330,191,0,69,127,145,232,147,0,67,122,137,98,44
20223,A,골목상권,3110232,동대부고,2450,1295,1155,3,270,438,601,702,436,1,110,219,302,355,308,2,160,219,299,347,128
20223,A,골목상권,3110190,고대앞사거리,2811,1514,1297,5,408,813,812,528,245,2,171,410,436,326,169,3,237,403,376,202,76
20223,A,골목상권,3110196,홍릉근린공원,813,501,312,1,63,163,273,228,85,1,32,79,174,139,76,0,31,84,99,89,9
20223,A,골목상권,3110312,안암역 2번,1646,844,802,1,199,449,557,333,107,0,70,193,307,200,74,1,129,256,250,133,33
20223,A,골목상권,3110222,회기역 2번,2106,1033,1073,1,371,448,535,549,202,0,86,231,303,298,115,1,285,217,232,251,87
20223,A,골목상권,3110273,장스여성병원,1451,933,518,9,121,171,256,458,436,1,29,69,134,320,380,8,92,102,122,138,56
20223,A,골목상권,3110260,면목역 3번,2350,1372,978,3,344,558,668,508,269,0,147,374,336,286,229,3,197,184,332,222,40
20223,A,골목상권,3110238,배꽃어린이공원,1298,1025,273,1,203,312,289,312,181,1,146,248,219,268,143,0,57,64,70,44,38
20223,A,골목상권,3110257,상봉역 7번,1447,1068,379,2,86,174,301,412,472,1,40,93,179,332,423,1,46,81,122,80,49
20223,A,골목상권,3110239,중랑역 2번,478,213,265,1,58,81,106,116,116,0,23,34,39,50,67,1,35,47,67,66,49
20223,A,골목상권,3110294,서경대학교,1909,1071,838,1,218,284,476,532,398,0,68,128,255,335,285,1,150,156,221,197,113
20223,A,골목상권,3110316,숭곡초등학교,3255,1971,1284,7,264,440,671,666,1207,6,113,208,325,382,937,1,151,232,346,284,270
20223,A,골목상권,3110303,성신여대입구역 1번,1418,675,743,8,188,301,315,361,245,3,62,134,147,190,139,5,126,167,168,171,106
20223,A,골목상권,3110293,삼선중학교,15384,8771,6613,60,2292,3733,4993,2745,1561,27,1049,2116,3024,1840,715,33,1243,1617,1969,905,846
20223,A,골목상권,3110305,보문역 5번,6037,4718,1319,11,742,2042,1228,1245,769,5,463,1703,1006,1012,529,6,279,339,222,233,240
20223,A,골목상권,3110331,돌곶이역 8번,1135,748,387,4,137,251,271,224,248,0,50,166,174,147,211,4,87,85,97,77,37
20223,A,골목상권,3110423,석계역 2번,1311,574,737,4,152,235,386,321,213,2,65,110,173,127,97,2,87,125,213,194,116
20223,A,골목상권,3110319,종암동주민센터,1893,933,960,3,270,388,460,529,243,1,103,217,229,277,106,2,167,171,231,252,137
20223,A,골목상권,3110322,장위1동주민센터,871,527,344,2,161,181,190,183,154,1,77,118,116,111,104,1,84,63,74,72,50
20223,A,골목상권,3110361,삼양사거리역 1번,993,499,494,2,47,112,177,256,399,1,14,50,90,149,195,1,33,62,87,107,204
20223,A,골목상권,3110364,미아역 8번,1531,881,650,2,169,302,433,416,209,1,79,160,252,251,138,1,90,142,181,165,71
20223,A,골목상권,3110360,수유초등학교,2034,877,1157,5,275,331,439,521,463,1,65,139,157,219,296,4,210,192,282,302,167
20223,A,골목상권,3110381,번동주공2단지,791,418,373,5,81,172,201,218,114,4,26,69,100,134,85,1,55,103,101,84,29
20223,A,골목상권,3110363,송천동주민센터,409,210,199,2,30,68,123,98,88,1,8,30,50,50,71,1,22,38,73,48,17
20223,A,골목상권,3110371,삼양입구사거리,930,529,401,1,86,197,218,253,175,1,33,94,108,159,134,0,53,103,110,94,41
20223,A,골목상권,3110374,송중초등학교,1719,817,902,7,155,286,471,442,358,6,44,101,191,221,254,1,111,185,280,221,104
20223,A,골목상권,3110357,가오리역 1번,2168,1460,708,1,94,117,339,588,1029,0,22,54,236,446,702,1,72,63,103,142,327
20223,A,골목상권,3110340,인수중학교,1210,779,431,6,158,254,272,328,192,6,80,172,168,192,161,0,78,82,104,136,31
20223,A,골목상권,3110341,북한산우이역 2번,566,439,127,0,22,43,96,273,132,0,5,15,59,245,115,0,17,28,37,28,17
20223,A,골목상권,3110390,방학초등학교,1597,753,844,3,167,399,387,400,241,2,55,196,185,170,145,1,112,203,202,230,96
20223,A,골목상권,3110408,가인초등학교,5003,3437,1566,5,529,1188,1209,961,1111,3,315,894,903,569,753,2,214,294,306,392,358
20223,A,골목상권,3110433,공릉역 2번,3355,1631,1724,8,286,413,725,1012,911,3,111,214,339,463,501,5,175,199,386,549,410
20223,A,골목상권,3110462,갈현건영아파트,1644,949,695,7,239,380,374,357,287,5,127,224,218,183,192,2,112,156,156,174,95
20223,A,골목상권,3110468,응암역 3번,3641,1667,1974,6,385,681,1020,975,574,1,133,299,452,447,335,5,252,382,568,528,239
20223,A,골목상권,3110478,응암1동주민센터,2441,1361,1080,5,214,382,537,597,706,3,104,189,272,292,501,2,110,193,265,305,205
20223,A,골목상권,3110481,불광역 7번,1180,586,594,2,144,250,312,287,185,2,57,126,153,135,113,0,87,124,159,152,72
20223,A,골목상권,3110443,수색역 1번,216,134,82,0,17,25,57,64,53,0,8,14,33,40,39,0,9,11,24,24,14
20223,A,골목상권,3110463,응암3동주민센터,974,399,575,1,102,172,257,281,161,0,35,51,90,125,98,1,67,121,167,156,63
20223,A,골목상권,3110459,응암역 2번,3086,1443,1643,3,303,575,877,817,511,0,113,267,388,352,323,3,190,308,489,465,188
20223,A,골목상권,3110495,북가좌2동주민센터,3425,1703,1722,7,515,851,808,729,515,3,154,458,454,363,271,4,361,393,354,366,244
20223,A,골목상권,3110507,명지대학교,3062,2160,902,30,511,879,694,667,281,27,328,632,494,452,227,3,183,247,200,215,54
20223,A,골목상권,3110584,아현역 4번,1154,595,559,2,327,402,209,121,93,1,129,232,107,64,62,1,198,170,102,57,31
20223,A,골목상권,3110528,서울여자간호대학교,7567,1522,6045,6,217,511,2006,3643,1184,1,75,158,342,456,490,5,142,353,1664,3187,694
20223,A,골목상권,3110556,절두산순교성지,1036,634,402,3,129,274,296,242,92,3,52,152,183,174,70,0,77,122,113,68,22
20223,A,골목상권,3110580,양원초등학교,498,212,286,1,65,95,130,125,82,0,16,34,56,63,43,1,49,61,74,62,39
20223,A,골목상권,3110545,마포구청역 1번,2002,1003,999,13,262,386,532,510,299,6,101,203,265,254,174,7,161,183,267,256,125
20223,A,골목상권,3110568,광흥창역 1번,1865,940,925,2,319,532,473,379,160,0,93,278,268,220,81,2,226,254,205,159,79
20223,A,골목상권,3110622,달마을공원,3703,2251,1452,3,469,828,1090,957,356,2,224,483,702,584,256,1,245,345,388,373,100
20223,A,골목상권,3110675,화곡4동주민센터,2797,1278,1519,5,643,758,578,544,269,4,133,328,273,318,222,1,510,430,305,226,47
20223,A,골목상권,3110672,백석중학교,3412,1929,1483,2,392,661,820,891,646,1,172,329,509,533,385,1,220,332,311,358,261
20223,A,골목상권,3110601,신월1동우편취급국,2705,1819,886,9,277,464,638,855,462,4,152,304,424,572,363,5,125,160,214,283,99
20223,A,골목상권,3110609,신정네거리역 2번,3128,2387,741,7,203,302,527,602,1487,2,96,167,286,425,1411,5,107,135,241,177,76
20223,A,골목상권,3110598,신월문화체육센터,3588,2130,1458,4,271,421,690,983,1219,3,154,260,389,589,735,1,117,161,301,394,484
20223,A,골목상권,3110655,발산역 5번,4161,1917,2244,5,419,692,805,852,1388,3,173,359,411,358,613,2,246,333,394,494,775
20223,A,골목상권,3110652,양천향교역 2번,5355,3360,1995,14,588,1103,1158,1394,1098,8,298,697,700,851,806,6,290,406,458,543,292
20223,A,골목상권,3110630,공항시장역 1번,3398,1986,1412,9,371,571,654,788,1005,3,149,321,407,512,594,6,222,250,247,276,411
20223,A,골목상권,3110660,등촌3동주민센터,10361,5421,4940,46,1465,2249,2361,2354,1886,16,655,1444,1390,1025,891,30,810,805,971,1329,995
20223,A,골목상권,3110645,우장산역 4번,6211,3689,2522,11,755,1459,1633,1576,777,7,408,941,907,852,574,4,347,518,726,724,203
20223,A,골목상권,3110640,방화역 1번,4330,2746,1584,7,432,979,1112,1131,669,5,222,521,675,783,540,2,210,458,437,348,129
20223,A,골목상권,3110695,개봉1동주민센터,2132,1220,912,8,180,491,579,523,351,7,99,290,309,285,230,1,81,201,270,238,121
20223,A,골목상권,3110692,큰굴다리,3257,2221,1036,5,464,656,827,912,393,4,364,453,539,571,290,1,100,203,288,341,103
20223,A,골목상권,3110714,구로4동주민센터,3993,2731,1262,7,467,935,917,1103,564,4,223,587,636,850,431,3,244,348,281,253,133
20223,A,골목상권,3110715,구로구민회관,4993,2481,2512,4,601,1291,1353,1189,555,2,225,636,658,644,316,2,376,655,695,545,239
20223,A,골목상권,3110708,화원어린이공원,1274,488,786,6,311,266,296,208,187,1,66,71,108,97,145,5,245,195,188,111,42
20223,A,골목상권,3110713,구로보건소,7675,4823,2852,13,1134,1919,2115,1590,904,6,626,1277,1358,961,595,7,508,642,757,629,309
20223,A,골목상권,3110718,한국SGI본부,6477,4079,2398,33,1087,1712,1798,1241,606,26,598,1087,1157,798,413,7,489,625,641,443,193
20223,A,골목상권,3110707,구로창업지원센터,5470,4040,1430,11,555,1651,1506,1116,631,9,302,1244,1178,827,480,2,253,407,328,289,151
20223,A,골목상권,3110727,독산역 1번 출입구,3120,2126,994,18,378,675,804,825,420,18,221,481,534,577,295,0,157,194,270,248,125
20223,A,골목상권,3110726,금천철쭉어린이공원(금하마을),1222,795,427,13,185,229,245,307,243,11,116,157,160,167,184,2,69,72,85,140,59
20223,A,골목상권,3110738,문성초등학교,2470,1462,1008,12,359,479,571,602,447,3,208,314,345,327,265,9,151,165,226,275,182
20223,A,골목상권,3110744,독산동성당,2100,1247,853,1,190,325,415,592,577,0,116,185,232,327,387,1,74,140,183,265,190
20223,A,골목상권,3110754,삼성산자연공원(서울금천초등학교),1854,1031,823,19,228,370,484,441,312,12,101,240,284,208,186,7,127,130,200,233,126
20223,A,골목상권,3110734,금천파출소,1807,760,1047,8,475,533,360,289,142,3,200,263,141,92,61,5,275,270,219,197,81
20223,A,골목상권,3110747,석수역 1번 출입구,1082,802,280,4,73,141,239,286,339,4,48,101,156,202,291,0,25,40,83,84,48
20223,A,골목상권,3110819,신대방역 4번,5159,3199,1960,20,841,1350,1310,962,676,14,426,897,852,558,452,6,415,453,458,404,224
20223,A,골목상권,3110781,대림한신아파트,2145,1183,962,3,313,387,472,543,427,0,106,213,256,304,304,3,207,174,216,239,123
20223,A,골목상권,3110776,도신초등학교,4342,3047,1295,14,543,1061,1275,922,527,5,283,767,959,627,406,9,260,294,316,295,121
20223,A,골목상권,3110798,신풍역 2번,1786,1078,708,7,160,456,560,380,223,6,95,279,287,241,170,1,65,177,273,139,53
20223,A,골목상권,3110792,영등포역 2번,4524,2496,2028,35,680,1023,1028,1131,627,16,283,485,583,698,431,19,397,538,445,433,196
20223,A,골목상권,3110756,문래중학교,1572,1015,557,2,185,356,383,362,284,0,97,271,248,213,186,2,88,85,135,149,98
20223,A,골목상권,3110801,신풍역 6번(신길6동공영주차장),245,84,161,1,32,37,52,64,59,0,1,12,15,24,32,1,31,25,37,40,27
20223,A,골목상권,3110812,신길6동주민센터,2401,1555,846,4,382,558,565,498,394,3,189,346,367,345,305,1,193,212,198,153,89
20223,A,골목상권,3110811,보라매역 4번,1485,937,548,4,212,413,375,284,197,3,100,268,233,183,150,1,112,145,142,101,47
20223,A,골목상권,3110820,성남고등학교,4803,3512,1291,4,807,999,907,1587,499,3,498,725,655,1252,379,1,309,274,252,335,120
20223,A,골목상권,3110800,영등포동성당,4742,2638,2104,14,1219,1149,1000,824,536,6,385,590,637,579,441,8,834,559,363,245,95
20223,A,골목상권,3110806,서울시립영등포장애인복지관,2220,1555,665,16,339,498,524,501,342,8,181,328,388,376,274,8,158,170,136,125,68
20223,A,골목상권,3110839,숭실대입구역 4번,3303,2046,1257,2,371,954,1107,622,247,1,177,536,682,434,216,1,194,418,425,188,31
20223,A,골목상권,3110833,상도역 2번,1336,685,651,6,207,356,332,277,158,2,88,215,184,115,81,4,119,141,148,162,77
20223,A,골목상권,3110876,서원동주민센터(신관중학교),1010,458,552,0,95,206,235,294,180,0,31,95,124,113,95,0,64,111,111,181,85
20223,A,골목상권,3110889,봉천역 6번,1263,796,467,1,114,181,251,361,355,0,57,94,152,270,223,1,57,87,99,91,132
20223,A,골목상권,3110901,인헌고등학교(인헌중학교),1830,934,896,7,276,482,543,370,152,4,127,251,267,170,115,3,149,231,276,200,37
20223,A,골목상권,3110919,내방역 8번,17656,12077,5579,47,2980,5187,5004,3205,1233,19,1390,3288,3826,2627,927,28,1590,1899,1178,578,306
20223,A,골목상권,3110908,구반포역,8972,4814,4158,21,1548,2263,2440,2159,541,21,607,1187,1452,1153,394,0,941,1076,988,1006,147
20223,A,골목상권,3110916,내방역 4번,9127,6122,3005,73,1885,2725,2144,1385,915,60,1124,1946,1492,851,649,13,761,779,652,534,266
20223,A,골목상권,3110914,내방역 6번,6099,3888,2211,13,1069,1570,1366,1162,919,9,527,958,903,780,711,4,542,612,463,382,208
20223,A,골목상권,3110981,국악고교사거리,4814,3009,1805,11,674,1061,1231,1002,835,3,342,675,767,584,638,8,332,386,464,418,197
20223,A,골목상권,3110952,논현목련공원,6619,4360,2259,19,1063,1760,1774,1271,732,13,616,1186,1215,839,491,6,447,574,559,432,241
20223,A,골목상권,3110953,학동근린공원,21063,12969,8094,82,5828,6708,4428,2577,1440,26,2619,4180,3209,1850,1085,56,3209,2528,1219,727,355
20223,A,골목상권,3110968,강남구청역 2번,13705,8449,5256,49,2620,3694,3410,2525,1407,16,1163,2112,2388,1751,1019,33,1457,1582,1022,774,388
20223,A,골목상권,3110966,논현2동주민센터,18787,11747,7040,55,3807,5812,4775,2774,1564,16,1620,3352,3408,2154,1197,39,2187,2460,1367,620,367
20223,A,골목상권,3110973,강남구청역 4번,10030,5790,4240,39,1911,2711,2341,1849,1179,16,845,1639,1467,1073,750,23,1066,1072,874,776,429
20223,A,골목상권,3110996,대치2동주민센터,35867,16914,18953,262,6657,8765,8045,7435,4703,105,3082,5222,4330,2505,1670,157,3575,3543,3715,4930,3033
20223,A,골목상권,3110982,강남구보훈회관,4003,2221,1782,8,984,1036,920,571,484,5,350,614,590,298,364,3,634,422,330,273,120
20223,A,골목상권,3111002,한국교통안전공단 강남자동차검사소,409,194,215,0,27,74,87,129,92,0,8,39,41,58,48,0,19,35,46,71,44
20223,A,골목상권,3110987,영동대교남단,6140,4147,1993,37,1147,1773,1594,1067,522,17,553,1233,1221,750,373,20,594,540,373,317,149
20223,A,골목상권,3111022,석촌중학교(방이육교),7523,4484,3039,23,1128,1955,1970,1642,805,9,549,1248,1293,845,540,14,579,707,677,797,265
20223,A,골목상권,3111041,거여역 8번,2127,1468,659,8,544,521,474,308,272,6,288,381,370,220,203,2,256,140,104,88,69
20223,A,골목상권,3111031,장지동주민센터(한림연예예술고교),34991,27580,7411,16,3048,6307,10062,13354,2204,7,1885,4657,7895,11621,1515,9,1163,1650,2167,1733,689
20223,A,골목상권,3111014,송파나루역 2번,9836,5551,4285,11,1370,2414,2283,2319,1439,5,597,1499,1467,1202,781,6,773,915,816,1117,658
20223,A,골목상권,3111073,둔촌동역 1번(한산중학교),3288,1796,1492,11,429,739,851,706,552,8,165,384,502,371,366,3,264,355,349,335,186
20223,A,골목상권,3110004,대신고등학교,402,232,170,6,56,96,96,104,44,5,32,54,54,53,34,1,24,42,42,51,10
20223,A,골목상권,3111072,굽은다리역 1번(십자성마을),2946,1789,1157,8,298,573,759,699,609,3,146,346,440,433,421,5,152,227,319,266,188
20223,A,골목상권,3111084,길동신동아아파트,1097,568,529,2,102,184,201,327,281,2,56,104,100,149,157,0,46,80,101,178,124
20223,A,골목상권,3110017,정독도서관,4793,3571,1222,1,747,1261,1255,1054,475,1,404,870,1019,890,387,0,343,391,236,164,88
20223,A,골목상권,3110002,독립문역 1번,616,177,439,7,166,170,151,84,38,6,34,34,51,28,24,1,132,136,100,56,14
20223,A,골목상권,3110031,창신역 1번,499,243,256,2,65,123,115,127,67,0,17,56,56,68,46,2,48,67,59,59,21
20223,A,골목상권,3110181,신설동역 9번,11325,6319,5006,32,1034,2438,3253,2841,1727,17,532,1500,1747,1415,1108,15,502,938,1506,1426,619
20223,A,골목상권,3110025,충신시장옆,2953,1750,1203,6,522,768,705,591,361,1,198,408,447,419,277,5,324,360,258,172,84
20223,A,골목상권,3110291,한성대입구역 3번,2792,1638,1154,3,210,450,857,801,471,1,83,257,522,485,290,2,127,193,335,316,181
20223,A,골목상권,3110026,종로5가역 4번,1316,680,636,4,165,282,370,283,212,1,63,132,176,155,153,3,102,150,194,128,59
20223,A,골목상권,3110016,평창동동측,12725,5785,6940,17,1035,3438,5042,2657,536,8,355,1373,2545,1209,295,9,680,2065,2497,1448,241
20223,A,골목상권,3110020,서울국제고등학교,2158,1200,958,4,389,630,516,385,234,3,162,347,310,219,159,1,227,283,206,166,75
20223,A,골목상권,3110048,장충동주민센터,10743,5949,4794,32,1907,2975,2905,2265,659,5,684,1762,1731,1314,453,27,1223,1213,1174,951,206
20223,A,골목상권,3110046,버티고개,2463,1750,713,3,241,901,673,506,139,0,143,678,502,330,97,3,98,223,171,176,42
20223,A,골목상권,3110047,다산성곽길,5084,2935,2149,11,1086,1445,1154,887,501,3,410,865,765,531,361,8,676,580,389,356,140
20223,A,골목상권,3110539,미근동,12732,7479,5253,42,2010,4180,3436,2242,822,19,832,2371,2093,1519,645,23,1178,1809,1343,723,177
20223,A,골목상권,3110110,상왕십리역 6번,2405,1457,948,12,383,537,534,531,408,3,127,319,375,375,258,9,256,218,159,156,150
20223,A,골목상권,3110066,서울역 15번,4167,2123,2044,9,838,1274,877,641,528,4,288,582,482,374,393,5,550,692,395,267,135
20223,A,골목상권,3110591,충정로역 6번,3780,2155,1625,0,729,1051,1004,652,344,0,358,619,586,387,205,0,371,432,418,265,139
20223,A,골목상권,3110086,이태원역 북측,13166,6107,7059,36,4072,5077,2603,1007,371,14,1114,2293,1610,799,277,22,2958,2784,993,208,94
20223,A,골목상권,3110085,경리단길남측,12274,5390,6884,26,3823,4925,2402,861,237,12,993,2133,1397,675,180,14,2830,2792,1005,186,57
20223,A,골목상권,3110105,금동어린이공원,2664,1110,1554,16,327,830,1025,337,129,1,110,292,450,175,82,15,217,538,575,162,47
20223,A,골목상권,3110116,청계천박물관,6537,4739,1798,43,541,1177,1527,2151,1098,31,326,844,1178,1561,799,12,215,333,349,590,299
20223,A,골목상권,3110128,성원중학교,3542,2310,1232,18,454,892,940,801,437,8,266,660,634,494,248,10,188,232,306,307,189
20223,A,골목상권,3110120,서울숲카페거리,835,506,329,0,85,162,225,202,161,0,41,83,109,130,143,0,44,79,116,72,18
20223,A,골목상권,3110124,뚝섬역교차로,2595,1874,721,12,366,472,586,575,584,10,183,303,387,461,530,2,183,169,199,114,54
20223,A,골목상권,3110129,성원어린이공원,3599,2300,1299,18,579,846,820,729,607,14,311,541,561,470,403,4,268,305,259,259,204
20223,A,골목상권,3110132,성수2가3동주민센터,3491,2130,1361,9,415,835,861,811,560,8,209,510,554,495,354,1,206,325,307,316,206
20223,A,골목상권,3110223,군자초등학교,3357,2271,1086,35,621,967,788,549,397,8,327,680,552,382,322,27,294,287,236,167,75
20223,A,골목상권,3110111,대현산장미원,74,52,22,0,7,13,12,21,21,0,6,5,6,16,19,0,1,8,6,5,2
20223,A,골목상권,3110166,구의1동주민센터,13530,10491,3039,13,880,2121,3757,5357,1402,11,448,1352,2902,4600,1178,2,432,769,855,757,224
20223,A,골목상권,3110160,광진경찰서,1622,1121,501,1,270,514,389,345,103,1,174,364,263,239,80,0,96,150,126,106,23
20223,A,골목상권,3110164,아차산역 5번,2452,1482,970,7,311,484,595,582,473,2,153,274,370,328,355,5,158,210,225,254,118
20223,A,골목상권,3110145,장안초등학교,626,318,308,0,48,90,132,215,141,0,20,45,59,100,94,0,28,45,73,115,47
20223,A,골목상권,3110158,중곡3동주민센터,1689,1085,604,3,201,401,431,405,248,0,113,280,259,259,174,3,88,121,172,146,74
20223,A,골목상권,3110253,중곡초등학교,1551,1093,458,2,104,216,386,589,254,1,47,124,250,474,197,1,57,92,136,115,57
20223,A,골목상권,3110227,답십리공원,3666,2141,1525,43,1527,620,564,543,369,25,873,404,327,274,238,18,654,216,237,269,131
20223,A,골목상권,3110192,동의보감타워,1689,798,891,2,156,273,358,433,467,0,54,114,189,200,241,2,102,159,169,233,226
20223,A,골목상권,3110182,용두희망어린이공원,6164,2634,3530,4,747,1233,1297,1729,1154,0,240,665,668,567,494,4,507,568,629,1162,660
20223,A,골목상권,3110208,시조사삼거리,1810,1056,754,3,255,573,311,351,317,2,120,403,184,193,154,1,135,170,127,158,163
20223,A,골목상권,3110191,고려대역 6번,817,524,293,1,45,155,267,206,143,1,24,76,163,146,114,0,21,79,104,60,29
20223,A,골목상권,3110193,고려대역 4번,827,531,296,1,49,167,287,216,107,1,25,93,176,149,87,0,24,74,111,67,20
20223,A,골목상권,3110274,서일대학교,1874,1209,665,2,153,270,455,529,465,1,54,150,285,380,339,1,99,120,170,149,126
20223,A,골목상권,3110270,혜원여고,1057,631,426,0,86,153,246,300,272,0,32,87,130,187,195,0,54,66,116,113,77
20223,A,골목상권,3110277,러스크서울병원,1417,798,619,5,161,220,285,429,317,1,56,69,143,266,263,4,105,151,142,163,54
20223,A,골목상권,3110249,중화역 1번,2900,1839,1061,1,380,672,715,696,436,1,208,379,410,482,359,0,172,293,305,214,77
20223,A,골목상권,3110250,화랑대역 7번,1016,501,515,5,84,215,300,277,135,1,28,102,135,142,93,4,56,113,165,135,42
20223,A,골목상권,3110235,세화어린이공원,352,192,160,6,86,56,94,66,44,5,50,30,41,35,31,1,36,26,53,31,13
20223,A,골목상권,3110306,미아초등학교,5040,2548,2492,418,2027,1281,681,387,246,176,903,701,375,192,201,242,1124,580,306,195,45
20223,A,골목상권,3110304,보문역 4번,3586,1900,1686,4,465,1014,939,889,275,3,200,485,478,545,189,1,265,529,461,344,86
20223,A,골목상권,3110336,석관고등학교,933,606,327,1,108,181,209,262,172,0,57,97,124,192,136,1,51,84,85,70,36
20223,A,골목상권,3110327,상월곡역 2번,1727,1049,678,4,291,422,476,347,187,1,146,269,289,200,144,3,145,153,187,147,43
20223,A,골목상권,3110330,돌곶이역 1번,785,481,304,1,83,124,161,170,246,0,26,63,88,101,203,1,57,61,73,69,43
20223,A,골목상권,3110335,석계역 7번,2390,1663,727,2,154,218,357,467,1192,0,68,110,204,330,951,2,86,108,153,137,241
20223,A,골목상권,3110332,돌곶이역 3번,2136,1489,647,1,156,186,243,364,1186,0,59,94,136,223,977,1,97,92,107,141,209
20223,A,골목상권,3110389,한일병원,2913,1480,1433,1,556,681,702,645,328,1,161,333,390,368,227,0,395,348,312,277,101
20223,A,골목상권,3110347,구세군강북종합사회복지관,229,109,120,0,29,43,60,41,56,0,5,15,30,21,38,0,24,28,30,20,18
20223,A,골목상권,3110344,화계중학교,765,403,362,0,70,135,208,278,74,0,39,56,106,139,63,0,31,79,102,139,11
20223,A,골목상권,3110353,수유동우체국,2195,1467,728,0,76,117,357,593,1052,0,17,56,240,437,717,0,59,61,117,156,335
20223,A,골목상권,3110387,쌍문초등학교,1023,569,454,0,115,155,279,298,176,0,47,78,125,166,153,0,68,77,154,132,23
20223,A,골목상권,3110337,아카데미하우스,1220,817,403,6,149,254,287,330,194,6,70,184,184,207,166,0,79,70,103,123,28
20223,A,골목상권,3110397,도봉산입구,1081,690,391,0,65,132,223,329,332,0,17,63,112,226,272,0,48,69,111,103,60
20223,A,골목상권,3110406,도봉산역 1번,1282,894,388,0,35,92,248,427,480,0,12,56,183,328,315,0,23,36,65,99,165
20223,A,골목상권,3110415,수락산역 4번,3127,1795,1332,19,436,611,756,776,529,16,238,366,437,450,288,3,198,245,319,326,241
20223,A,골목상권,3110435,서울과학기술대,486,320,166,0,28,85,109,148,116,0,14,37,61,104,104,0,14,48,48,44,12
20223,A,골목상권,3110436,상계제일중학교,1604,823,781,12,185,351,391,391,274,7,70,171,207,186,182,5,115,180,184,205,92
20223,A,골목상권,3110432,대진고등학교,2273,1419,854,3,199,364,570,753,384,2,72,175,325,556,289,1,127,189,245,197,95
20223,A,골목상권,3110483,연천초등학교,1888,990,898,2,87,158,205,289,1147,1,35,83,95,136,640,1,52,75,110,153,507
20223,A,골목상권,3110491,불광중학교,467,194,273,1,38,82,132,139,75,1,13,39,53,48,40,0,25,43,79,91,35
20223,A,골목상권,3110494,증산3교남측,1503,1100,403,0,61,162,176,249,855,0,27,76,66,146,785,0,34,86,110,103,70
20223,A,골목상권,3110452,새절역 3번,1150,767,383,3,83,169,269,341,285,3,52,85,159,216,252,0,31,84,110,125,33
20223,A,골목상권,3110469,응암정보도서관,2593,1307,1286,1,277,517,711,671,416,0,105,249,330,338,285,1,172,268,381,333,131
20223,A,골목상권,3110471,응암동우체국,1068,455,613,2,131,198,295,296,146,1,38,64,109,149,94,1,93,134,186,147,52
20223,A,골목상권,3110497,가좌역 3번,3639,2210,1429,4,227,430,591,916,1471,2,157,288,394,494,875,2,70,142,197,422,596
20223,A,골목상권,3110501,연희어린이공원,1435,806,629,9,204,340,341,335,206,8,95,227,185,158,133,1,109,113,156,177,73
20223,A,골목상권,3110500,남가좌동현대아파트,219,118,101,0,28,30,52,77,32,0,13,18,25,47,15,0,15,12,27,30,17
20223,A,골목상권,3110530,아현역 1번,1285,656,629,2,341,431,249,154,108,1,130,243,133,83,66,1,211,188,116,71,42
20223,A,골목상권,3110509,연희대우아파트앞,3108,1452,1656,10,588,768,762,647,333,7,195,340,413,291,206,3,393,428,349,356,127
20223,A,골목상권,3110564,홍대입구역 3번,3719,2005,1714,13,669,919,827,753,538,9,248,448,456,453,391,4,421,471,371,300,147
20223,A,골목상권,3110524,연희세브란스병원,103,61,42,0,12,14,21,21,35,0,6,7,10,13,25,0,6,7,11,8,10
20223,A,골목상권,3110519,서대문구보건소별관,1507,688,819,1,235,290,399,374,208,1,79,135,203,162,108,0,156,155,196,212,100
20223,A,골목상권,3110576,대흥역 3번,5382,3414,1968,79,939,1223,1169,1147,825,29,466,793,820,754,552,50,473,430,349,393,273
20223,A,골목상권,3110573,신촌역 6번,3658,1638,2020,59,1952,841,356,296,154,19,740,412,168,189,110,40,1212,429,188,107,44
20223,A,골목상권,3110563,상수역 3번,1775,1091,684,20,394,537,380,269,175,14,185,322,259,186,125,6,209,215,121,83,50
20223,A,골목상권,3110621,목동역 5번,6561,3403,3158,13,1373,1658,1558,1218,741,7,459,886,925,658,468,6,914,772,633,560,273
20223,A,골목상권,3110604,신월4동주민센터,2562,1829,733,1,147,307,531,813,763,1,63,163,324,591,687,0,84,144,207,222,76
20223,A,골목상권,3110592,서울금융고등학교,1418,826,592,0,159,268,306,388,297,0,60,114,154,262,236,0,99,154,152,126,61
20223,A,골목상권,3110595,메디힐병원,2673,1506,1167,2,265,534,570,717,585,1,120,277,304,429,375,1,145,257,266,288,210
20223,A,골목상권,3110603,지향초등학교,1491,835,656,3,116,242,379,451,300,0,47,129,201,246,212,3,69,113,178,205,88
20223,A,골목상권,3110625,신정2동주민센터,16198,9820,6378,112,2886,5330,4076,2804,990,78,1380,3276,2623,1819,644,34,1506,2054,1453,985,346
20223,A,골목상권,3110694,세곡초등학교,1785,1047,738,2,177,395,445,464,302,0,103,223,225,258,238,2,74,172,220,206,64
20223,A,골목상권,3110614,목동로데오거리,2417,1098,1319,3,334,528,600,608,344,2,114,230,276,284,192,1,220,298,324,324,152
20223,A,골목상권,3110667,가양역 10번,1800,935,865,11,274,339,420,410,346,3,109,178,245,204,196,8,165,161,175,206,150
20223,A,골목상권,3110643,강서구다솔마을,965,598,367,1,130,245,288,220,81,0,61,147,186,143,61,1,69,98,102,77,20
20223,A,골목상권,3110639,신방화역 8번,2731,1181,1550,7,220,288,413,883,920,4,100,169,211,292,405,3,120,119,202,591,515
20223,A,골목상권,3110663,우장산롯데캐슬아파트앞,5359,3199,2160,30,999,1445,1422,975,488,6,423,940,917,567,346,24,576,505,505,408,142
20223,A,골목상권,3110641,공항고등학교,1128,713,415,5,140,196,275,310,202,4,68,126,151,195,169,1,72,70,124,115,33
20223,A,골목상권,3110633,개화산역 1번,1889,1400,489,5,147,329,613,532,263,3,96,226,475,385,215,2,51,103,138,147,48
20223,A,골목상권,3110642,정곡초등학교,685,546,139,4,37,93,162,180,209,3,26,69,120,144,184,1,11,24,42,36,25
20223,A,골목상권,3110678,염창무학아파트,1394,954,440,1,153,288,345,353,254,1,67,196,230,253,207,0,86,92,115,100,47
20223,A,골목상권,3110653,화곡역 2번,3217,1604,1613,4,830,737,647,610,389,2,234,386,349,374,259,2,596,351,298,236,130
20223,A,골목상권,3110664,강서구청옆,5115,3052,2063,3,737,1589,1285,1162,339,2,325,916,765,801,243,1,412,673,520,361,96
20223,A,골목상권,3110661,강서새말어린이공원,5000,2990,2010,3,614,1412,1299,1279,393,1,264,757,773,902,293,2,350,655,526,377,100
20223,A,골목상권,3110710,남구로역 3번,11294,7278,4016,42,2025,3289,2861,1783,1294,27,997,2122,1963,1237,932,15,1028,1167,898,546,362
20223,A,골목상권,3110683,오류고등학교,947,549,398,2,104,203,251,259,128,0,46,117,149,161,76,2,58,86,102,98,52
20223,A,골목상권,3110687,"천왕역 3번(오류2동주민센터, 서울오류남초등학교)",611,327,284,2,64,145,181,164,55,0,25,67,94,101,40,2,39,78,87,63,15
20223,A,골목상권,3110740,금천해태공원,2272,1221,1051,12,314,449,585,607,305,12,140,242,307,289,231,0,174,207,278,318,74
20223,A,골목상권,3110733,금천어울림복지센터,1394,848,546,6,220,294,309,352,213,6,95,175,196,198,178,0,125,119,113,154,35
20223,A,골목상권,3110739,시흥3동 우편취급국,6057,3396,2661,12,415,798,1378,1593,1861,3,218,521,767,793,1094,9,197,277,611,800,767
20223,A,골목상권,3110794,영동초등학교,6731,4384,2347,7,908,1678,1868,1488,782,4,484,1187,1296,880,533,3,424,491,572,608,249
20223,A,골목상권,3110796,한림대학교한강성심병원,4703,2546,2157,8,1205,1185,1032,730,543,0,356,602,664,496,428,8,849,583,368,234,115
20223,A,골목상권,3110773,당산역 13번,2296,1625,671,5,321,455,469,433,613,2,200,319,306,314,484,3,121,136,163,119,129
20223,A,골목상권,3110775,대동초등학교,2205,1172,1033,3,265,305,440,491,701,2,87,154,225,267,437,1,178,151,215,224,264
20223,A,골목상권,3110802,신길동홍어거리,1688,958,730,2,163,356,336,340,491,0,66,161,165,198,368,2,97,195,171,142,123
20223,A,골목상권,3110814,서울지방병무청,7231,4542,2689,9,1277,1559,1449,2091,846,3,648,1005,888,1436,562,6,629,554,561,655,284
20223,A,골목상권,3110791,신풍역 3번,962,409,553,2,107,204,340,219,90,1,55,84,106,98,65,1,52,120,234,121,25
20223,A,골목상권,3110826,장승배기역 4번,1539,717,822,2,208,317,383,327,302,1,88,174,163,145,146,1,120,143,220,182,156
20223,A,골목상권,3110846,남성역 1번,3023,1643,1380,6,279,488,722,688,840,4,110,241,329,370,589,2,169,247,393,318,251
20223,A,골목상권,3110849,이수역 10번,2020,917,1103,9,243,385,555,503,325,3,74,176,237,222,205,6,169,209,318,281,120
20223,A,골목상권,3110904,이수역 5번,7580,3075,4505,27,1481,1942,1814,1328,988,11,481,754,719,541,569,16,1000,1188,1095,787,419
20223,A,골목상권,3110845,사당종합체육관,2216,1328,888,1,343,604,608,487,173,0,142,347,418,296,125,1,201,257,190,191,48
20223,A,골목상권,3110838,상도1동주민센터앞,470,279,191,0,38,134,125,108,65,0,24,64,76,59,56,0,14,70,49,49,9
20223,A,골목상권,3110842,흑리단길,333,124,209,1,42,51,91,88,60,0,9,16,31,31,37,1,33,35,60,57,23
20223,A,골목상권,3110895,샤로수길,9100,5774,3326,22,1457,2643,2011,1949,1018,12,741,1663,1249,1320,789,10,716,980,762,629,229
20223,A,골목상권,3110862,난곡초등학교(난곡동벽화마을),751,369,382,4,90,142,198,179,138,2,33,61,89,89,95,2,57,81,109,90,43
20223,A,골목상권,3110881,구립대학경로당(관악산샘말공원),3491,2506,985,7,487,876,989,802,330,2,285,574,762,628,255,5,202,302,227,174,75
20223,A,골목상권,3110868,남부초등학교,1203,669,534,1,119,222,307,292,262,1,58,121,153,170,166,0,61,101,154,122,96
20223,A,골목상권,3110884,봉천역 4번(봉천110안전센터),2449,1248,1201,5,344,475,517,594,514,2,117,236,287,288,318,3,227,239,230,306,196
20223,A,골목상권,3110945,본마을노인복지센터(서초구립내곡도서관),282,173,109,3,60,68,60,61,30,3,24,39,39,44,24,0,36,29,21,17,6
20223,A,골목상권,3110923,방배역 1번,7685,4925,2760,99,1271,2216,1992,1225,882,30,656,1274,1396,874,695,69,615,942,596,351,187
20223,A,골목상권,3110911,방배배수지체육공원,5174,3320,1854,19,999,1738,1199,574,645,7,472,1151,868,368,454,12,527,587,331,206,191
20223,A,골목상권,3110925,서초중학교,7154,4224,2930,46,1556,2069,1769,1060,654,22,621,1233,1169,687,492,24,935,836,600,373,162
20223,A,골목상권,3110939,양재역 8번(양재동우체국),41563,20436,21127,491,8989,10005,11680,7308,3090,234,4386,5999,4772,2772,2273,257,4603,4006,6908,4536,817
20223,A,골목상권,3110957,언북중학교,19599,10831,8768,50,4379,6251,4791,2651,1477,12,1584,3303,3059,1807,1066,38,2795,2948,1732,844,411
20223,A,골목상권,3110965,언주역 6번,9740,5517,4223,23,2101,3089,2326,1335,866,8,808,1801,1548,764,588,15,1293,1288,778,571,278
20223,A,골목상권,3110989,대치동아우편취급국,11455,6945,4510,30,1728,2699,2466,2216,2316,10,807,1670,1718,1423,1317,20,921,1029,748,793,999
20223,A,골목상권,3110976,언북초등학교,7421,3945,3476,22,1768,2422,1579,974,656,5,662,1328,981,573,396,17,1106,1094,598,401,260
20223,A,골목상권,3111013,송파나루역 1번(송리단길),13204,8353,4851,24,2104,4019,3310,2243,1504,8,1026,2562,2230,1466,1061,16,1078,1457,1080,777,443
20223,A,골목상권,3111009,송파책박물관,1894,1412,482,3,218,363,367,454,489,1,177,296,267,293,378,2,41,67,100,161,111
20223,A,골목상권,3111036,투구봉어린이공원,2144,1386,758,11,342,562,503,501,225,9,231,389,324,276,157,2,111,173,179,225,68
20223,A,골목상권,3111039,벌말어린이공원,2919,1879,1040,10,337,724,752,674,422,9,200,492,489,409,280,1,137,232,263,265,142
20223,A,골목상권,3111063,강동구립 천호도서관,2780,1638,1142,5,183,340,451,548,1253,5,84,173,243,277,856,0,99,167,208,271,397
20223,A,골목상권,3111075,굽은다리역 2번,2417,1284,1133,3,301,474,580,612,447,1,128,269,277,326,283,2,173,205,303,286,164
20223,A,골목상권,3111058,성내중학교,2021,1203,818,3,223,404,536,552,303,1,135,242,295,323,207,2,88,162,241,229,96
20223,A,골목상권,3111055,선사초등학교,1504,437,1067,1,125,210,322,498,348,0,66,114,117,64,76,1,59,96,205,434,272
20223,A,골목상권,3110535,영천시장입구,1407,635,772,2,148,229,338,457,233,2,47,91,151,210,134,0,101,138,187,247,99
20223,A,골목상권,3110009,자하문터널,2236,1348,888,1,463,684,579,375,134,1,207,424,359,259,98,0,256,260,220,116,36
20223,A,골목상권,3110033,창신역 4번,852,441,411,1,111,175,201,230,134,0,33,87,107,143,71,1,78,88,94,87,63
20223,A,골목상권,3110023,서울대병원,2374,1256,1118,7,511,735,518,390,213,2,179,349,299,269,158,5,332,386,219,121,55
20223,A,골목상권,3110022,경신고등학교,5909,2689,3220,26,974,1661,1479,1083,686,19,336,787,696,497,354,7,638,874,783,586,332
20223,A,골목상권,3110280,북정마을,1209,815,394,9,195,326,356,231,92,2,107,241,255,149,61,7,88,85,101,82,31
20223,A,골목상권,3110044,관성묘,34192,15760,18432,442,11564,8837,6437,4830,2082,190,5585,5080,3417,1066,422,252,5979,3757,3020,3764,1660
20223,A,골목상권,3110590,만리재,1137,499,638,0,203,311,256,242,125,0,72,138,121,98,70,0,131,173,135,144,55
20223,A,골목상권,3110538,충정로역 3번,6660,3985,2675,3,1234,1988,1797,1041,597,2,614,1164,1117,687,401,1,620,824,680,354,196
20223,A,골목상권,3110074,서울역 12번,26467,15378,11089,166,9386,8469,5337,2396,713,16,2581,5612,4442,2143,584,150,6805,2857,895,253,129
20223,A,골목상권,3110079,후암동주민센터,23635,17320,6315,25,4338,8442,6036,3464,1330,14,2507,5969,5038,2823,969,11,1831,2473,998,641,361
20223,A,골목상권,3110084,경리단길북측,1137,629,508,2,162,321,292,215,145,0,72,172,152,124,109,2,90,149,140,91,36
20223,A,골목상권,3110081,해방촌 남동측,1004,549,455,0,167,274,244,214,105,0,70,167,133,107,72,0,97,107,111,107,33
20223,A,골목상권,3110071,한강미주맨션아파트,7694,4336,3358,39,937,1689,2729,1822,478,30,410,993,1467,1121,315,9,527,696,1262,701,163
20223,A,골목상권,3110070,용산세무서,4544,2531,2013,7,511,842,1763,1106,315,0,317,511,830,654,219,7,194,331,933,452,96
20223,A,골목상권,3110062,한강로동땡땡거리(은행나무길),6939,4293,2646,11,881,2017,1923,1394,713,7,381,1078,1310,1036,481,4,500,939,613,358,232
20223,A,골목상권,3110101,옥정중학교,7875,6553,1322,8,667,2533,2557,1899,211,4,336,1961,2280,1793,179,4,331,572,277,106,32
20223,A,골목상권,3110102,옥수역 6번,3841,1318,2523,3,1030,1177,844,551,236,0,231,368,353,245,121,3,799,809,491,306,115
20223,A,골목상권,3110142,화양사거리,2804,1663,1141,4,514,723,673,527,363,1,251,457,441,258,255,3,263,266,232,269,108
20223,A,골목상권,3110179,광나루역 1번,5756,3390,2366,160,2246,981,941,998,430,51,1063,679,646,684,267,109,1183,302,295,314,163
20223,A,골목상권,3110180,광진정보도서관,8061,5134,2927,18,2150,2859,1722,920,392,5,1092,1920,1198,611,308,13,1058,939,524,309,84
20223,A,골목상권,3110159,구의역 4번,5367,2836,2531,7,750,1225,1369,1270,746,7,284,550,682,767,546,0,466,675,687,503,200
20223,A,골목상권,3110148,어린이대공원역 3번,1054,772,282,0,83,139,292,374,166,0,39,93,207,287,146,0,44,46,85,87,20
20223,A,골목상권,3110153,중곡1동주민센터,4344,1904,2440,82,1289,748,851,997,377,28,556,394,376,309,241,54,733,354,475,688,136
20223,A,골목상권,3110228,장안근린공원,5579,2983,2596,50,1846,996,988,1029,670,31,967,565,447,513,460,19,879,431,541,516,210
20223,A,골목상권,3110183,한국의류시험연구원,5635,1896,3739,5,941,1338,1052,1352,947,1,284,602,411,281,317,4,657,736,641,1071,630
20223,A,골목상권,3110210,서울시립대,1290,734,556,4,172,214,230,290,380,1,63,119,130,137,284,3,109,95,100,153,96
20223,A,골목상권,3110197,세종대왕기념관교차로,681,441,240,1,42,138,243,179,78,1,22,79,156,117,66,0,20,59,87,62,12
20223,A,골목상권,3110317,종암중학교,856,427,429,0,69,203,291,204,89,0,23,84,143,127,50,0,46,119,148,77,39
20223,A,골목상권,3110269,용마문화복지센터,1193,806,387,1,105,206,253,351,277,0,39,123,168,269,207,1,66,83,85,82,70
20223,A,골목상권,3110262,상봉역 3번,2597,1501,1096,5,405,724,834,459,170,3,233,499,436,209,121,2,172,225,398,250,49
20223,A,골목상권,3110243,중랑노인종합복지관,1280,706,574,2,112,204,300,372,290,1,37,90,161,202,215,1,75,114,139,170,75
20223,A,골목상권,3110252,장안제일시장,1463,895,568,1,172,277,384,342,287,1,77,179,182,215,241,0,95,98,202,127,46
20223,A,골목상권,3110255,상봉역 4번,4054,2483,1571,6,455,886,1164,879,664,1,218,560,648,531,525,5,237,326,516,348,139
20223,A,골목상권,3110259,사가정역 1번,2849,1765,1084,6,311,616,796,665,455,3,137,348,463,463,351,3,174,268,333,202,104
20223,A,골목상권,3110247,먹골역 1번,1727,841,886,0,201,366,470,450,240,0,59,164,206,235,177,0,142,202,264,215,63
20223,A,골목상권,3110244,중화역 4번,2138,1412,726,2,328,556,501,482,269,2,197,350,310,346,207,0,131,206,191,136,62
20223,A,골목상권,3110251,장안중학교,1630,858,772,0,198,364,401,366,301,0,75,156,203,193,231,0,123,208,198,173,70
20223,A,골목상권,3110271,신내역 1번,2482,929,1553,4,592,712,487,573,114,1,121,285,240,223,59,3,471,427,247,350,55
20223,A,골목상권,3110296,성신여대입구역 4번,12695,7697,4998,59,1926,3038,3949,2285,1438,26,872,1766,2632,1690,711,33,1054,1272,1317,595,727
20223,A,골목상권,3110297,경동고등학교,7690,3952,3738,8,907,1939,2285,1889,662,4,314,848,1159,1261,366,4,593,1091,1126,628,296
20223,A,골목상권,3110378,송중동주민센터,1126,533,593,8,114,164,325,277,238,6,49,71,143,123,141,2,65,93,182,154,97
20223,A,골목상권,3110414,장석교회,402,255,147,4,50,79,115,101,53,2,29,47,75,62,40,2,21,32,40,39,13
20223,A,골목상권,3110287,정릉3동주민센터,875,585,290,0,79,170,271,258,97,0,28,91,181,204,81,0,51,79,90,54,16
20223,A,골목상권,3110375,서울북부고용노동지청,845,360,485,1,109,138,239,204,154,0,39,61,79,89,92,1,70,77,160,115,62
20223,A,골목상권,3110399,창2동주민센터,1602,880,722,10,196,366,466,372,192,9,106,227,240,168,130,1,90,139,226,204,62
20223,A,골목상권,3110354,삼각산119안전센터,344,130,214,1,37,80,102,76,48,0,8,21,42,29,30,1,29,59,60,47,18
20223,A,골목상권,3110350,가오리역 2번,1785,1189,596,0,95,235,490,631,334,0,24,137,343,423,262,0,71,98,147,208,72
20223,A,골목상권,3110410,방학역 2번,5184,3020,2164,10,533,1200,1296,1319,826,9,263,670,687,796,595,1,270,530,609,523,231
20223,A,골목상권,3110411,도봉역 3번,1429,925,504,2,98,247,291,426,365,1,28,129,162,293,312,1,70,118,129,133,53
20223,A,골목상권,3110400,도봉구보건소,1846,892,954,4,271,357,453,479,282,3,89,169,210,236,185,1,182,188,243,243,97
20223,A,골목상권,3110409,창동역 2번,5869,3927,1942,2,646,1342,1458,1180,1241,0,365,971,1044,680,867,2,281,371,414,500,374
20223,A,골목상권,3110434,태릉입구역 4번,2447,893,1554,4,239,367,566,692,579,2,84,195,227,195,190,2,155,172,339,497,389
20223,A,골목상권,3110426,상계2동주민센터,2416,1320,1096,14,360,487,625,559,371,11,137,269,322,324,257,3,223,218,303,235,114
20223,A,골목상권,3110465,연신내역 7번,2257,927,1330,9,386,528,559,476,299,5,118,240,230,184,150,4,268,288,329,292,149
20223,A,골목상권,3110490,녹번동근린공원,3783,1923,1860,7,438,883,1034,1016,405,4,202,399,477,577,264,3,236,484,557,439,141
20223,A,골목상권,3110489,불광역 3번,716,357,359,0,96,185,192,137,106,0,35,89,98,60,75,0,61,96,94,77,31
20223,A,골목상권,3110479,연신내역 2번,2576,1321,1255,3,157,300,327,507,1282,1,56,170,162,218,714,2,101,130,165,289,568
20223,A,골목상권,3110493,북가좌초등학교,1809,1358,451,0,58,129,215,372,1035,0,18,54,90,234,962,0,40,75,125,138,73
20223,A,골목상권,3110492,하나고등학교,540,262,278,1,21,104,141,149,124,0,6,75,108,50,23,1,15,29,33,99,101
20223,A,골목상권,3110513,연희파출소,3363,2204,1159,22,567,790,725,790,469,9,272,540,501,544,338,13,295,250,224,246,131
20223,A,골목상권,3110514,서대문우체국,5884,4292,1592,5,831,1136,1085,2109,718,2,601,819,690,1648,532,3,230,317,395,461,186
20223,A,골목상권,3110562,연트럴파크(연남동주민센터),2875,1653,1222,6,493,708,654,605,409,5,216,416,353,352,311,1,277,292,301,253,98
20223,A,골목상권,3110508,서연중학교,4731,2947,1784,65,1080,1249,854,927,556,33,608,915,530,502,359,32,472,334,324,425,197
20223,A,골목상권,3110518,서대문구청,3722,1975,1747,12,546,1034,1058,869,203,9,200,479,568,581,138,3,346,555,490,288,65
20223,A,골목상권,3110525,홍은종합사회복지관,7221,1312,5909,3,183,467,1911,3557,1100,1,69,144,285,391,422,2,114,323,1626,3166,678
20223,A,골목상권,3110515,홍은중학교,1043,706,337,1,143,296,295,199,109,1,75,191,205,147,87,0,68,105,90,52,22
20223,A,골목상권,3110583,공덕래미안3차아파트,6179,4019,2160,25,972,2169,1807,999,207,2,442,1254,1331,841,149,23,530,915,476,158,58
20223,A,골목상권,3110577,용강동주민센터,9059,5496,3563,86,1376,2019,2088,1811,1679,35,752,1266,1421,1058,964,51,624,753,667,753,715
20223,A,골목상권,3110559,성산중학교,3953,2244,1709,15,791,1163,989,658,337,10,291,617,630,448,248,5,500,546,359,210,89
20223,A,골목상권,3110673,뜸부기어린이공원,3925,1626,2299,2,811,1050,872,768,422,1,199,434,404,342,246,1,612,616,468,426,176
20223,A,골목상권,3110593,신월3동주민센터,1762,1006,756,1,186,325,388,471,391,0,75,151,191,286,303,1,111,174,197,185,88
20223,A,골목상권,3110605,목동센트럴아이파크앞,1499,829,670,1,100,208,369,491,330,0,43,115,174,261,236,1,57,93,195,230,94
20223,A,골목상권,3110644,신광명마을,984,638,346,8,82,134,249,286,225,5,35,58,135,196,209,3,47,76,114,90,16
20223,A,골목상권,3110634,송정역 3번,2258,1399,859,4,275,506,610,511,352,1,117,307,373,338,263,3,158,199,237,173,89
20223,A,골목상권,3110637,송정역 2번,2971,1382,1589,8,213,374,533,870,973,1,106,229,321,293,432,7,107,145,212,577,541
20223,A,골목상권,3110717,남구로역 2번,14015,9786,4229,70,2885,4254,3438,2015,1353,55,1641,3012,2557,1417,1104,15,1244,1242,881,598,249
20223,A,골목상권,3110704,고척중학교,2226,1605,621,3,212,447,479,523,562,2,146,303,298,357,499,1,66,144,181,166,63
20223,A,골목상권,3110711,구로초등학교,6053,3126,2927,18,987,1548,1351,1432,717,6,398,756,689,847,430,12,589,792,662,585,287
20223,A,골목상권,3110853,KT구로지사,2641,1608,1033,1,319,772,649,545,355,0,145,461,405,335,262,1,174,311,244,210,93
20223,A,골목상권,3110719,영서중학교,8289,5933,2356,59,1796,2525,2024,1273,612,45,1066,1810,1558,970,484,14,730,715,466,303,128
20223,A,골목상권,3110681,온수역 1번,770,608,162,1,32,106,134,230,267,1,15,68,84,193,247,0,17,38,50,37,20
20223,A,골목상권,3110686,수궁동주민센터,1712,942,770,4,166,281,410,516,335,2,67,147,225,281,220,2,99,134,185,235,115
20223,A,골목상권,3110724,금천구립가산도서관,11383,7546,3837,40,1693,3181,2821,2099,1549,26,938,2131,2094,1485,872,14,755,1050,727,614,677
20223,A,골목상권,3110737,금천세무서,1798,1125,673,11,253,347,446,436,305,2,132,205,256,291,239,9,121,142,190,145,66
20223,A,골목상권,3110751,난곡중학교,4170,2971,1199,5,268,560,768,723,1846,4,152,299,440,412,1664,1,116,261,328,311,182
20223,A,골목상권,3110770,영등포구청역 6번,3743,2293,1450,10,456,798,1009,775,695,8,198,431,610,510,536,2,258,367,399,265,159
20223,A,골목상권,3110774,당산반도유보라팰리스아파트,6057,3990,2067,23,1174,1514,1210,1260,876,16,690,964,811,881,628,7,484,550,399,379,248
20223,A,골목상권,3110784,신대림초등학교,635,358,277,0,52,113,172,193,105,0,17,54,98,114,75,0,35,59,74,79,30
20223,A,골목상권,3110790,대림1동주민센터,1866,1133,733,8,165,442,606,439,206,6,106,276,315,276,154,2,59,166,291,163,52
20223,A,골목상권,3110797,KT대방빌딩,2388,1195,1193,9,744,610,471,373,181,6,202,321,282,247,137,3,542,289,189,126,44
20223,A,골목상권,3110767,도림동주민센터,1986,1301,685,12,195,337,469,452,521,9,94,206,296,293,403,3,101,131,173,159,118
20223,A,골목상권,3110795,도림초등학교,1472,844,628,3,149,235,336,361,388,3,60,124,194,196,267,0,89,111,142,165,121
20223,A,골목상권,3110816,대방역 6번,1738,1058,680,6,221,364,462,314,371,4,113,216,301,190,234,2,108,148,161,124,137
20223,A,골목상권,3110805,신길새마을금고신길4동지점,1023,537,486,1,157,206,259,272,128,0,62,106,133,146,90,1,95,100,126,126,38
20223,A,골목상권,3110760,선유도역 6번,5228,3263,1965,14,772,1203,1346,1246,647,10,420,748,783,769,533,4,352,455,563,477,114
20223,A,골목상권,3110829,장승배기역 5번,1910,1113,797,2,354,419,433,426,276,1,244,230,215,246,177,1,110,189,218,180,99
20223,A,골목상권,3110823,신대방삼거리역 3번,18527,11847,6680,53,3630,3578,3043,4396,3827,29,2845,2902,1956,2093,2022,24,785,676,1087,2303,1805
20223,A,골목상권,3110825,신대방삼거리역 1번,1887,1186,701,4,200,384,537,438,324,2,118,234,332,261,239,2,82,150,205,177,85
20223,A,골목상권,3110902,사당역 4번,4587,2962,1625,5,748,1134,1234,856,610,3,391,730,829,555,454,2,357,404,405,301,156
20223,A,골목상권,3110848,양지어린이공원,2097,1112,985,2,190,322,522,478,583,1,51,160,244,247,409,1,139,162,278,231,174
20223,A,골목상권,3110837,숭실대입구역 1번,7582,3000,4582,54,1016,1317,1684,2308,1203,29,513,708,790,619,341,25,503,609,894,1689,862
20223,A,골목상권,3110869,"신림역 5번(신림동주민센터, 신림동별빛거리)",3655,2148,1507,5,394,824,948,715,769,3,166,460,534,430,555,2,228,364,414,285,214
20223,A,골목상권,3110844,흑석2치안센터,160,91,69,1,22,48,41,25,23,1,12,21,23,16,18,0,10,27,18,9,5
20223,A,골목상권,3110897,서울대입구역 8번,3249,1771,1478,17,519,696,762,756,499,10,216,361,414,426,344,7,303,335,348,330,155
20223,A,골목상권,3110865,남강고등학교(남강중학교),1253,655,598,10,151,251,310,354,177,7,69,139,159,167,114,3,82,112,151,187,63
20223,A,골목상권,3110909,남태령역(서울전자고등학교),640,329,311,2,35,69,132,263,139,2,9,34,62,132,90,0,26,35,70,131,49
20223,A,골목상권,3110887,서울산업정보학교(서울삼성초등학교),1438,924,514,2,150,309,356,436,185,0,51,150,237,337,149,2,99,159,119,99,36
20223,A,골목상권,3110860,호림박물관(성보고등학교),1990,1169,821,6,297,530,482,443,232,2,133,294,297,266,177,4,164,236,185,177,55
20223,A,골목상권,3110883,은천초등학교(은천교앞),3082,1294,1788,17,445,582,703,892,443,2,110,250,330,308,294,15,335,332,373,584,149
20223,A,골목상권,3110877,신림역 8번,2858,1276,1582,5,569,617,591,596,480,1,169,257,289,245,315,4,400,360,302,351,165
20223,A,골목상권,3110894,관악동부센트레빌아파트(은천로35라길),7043,2668,4375,54,994,1207,1567,2169,1052,30,470,649,731,579,209,24,524,558,836,1590,843
20223,A,골목상권,3110946,청계산원터골,162,69,93,0,24,18,42,31,47,0,12,10,25,7,15,0,12,8,17,24,32
20223,A,골목상권,3110924,반포4동주민센터(몽마르뜨공원),77734,71457,6277,26,7647,15682,20670,31194,2515,11,6234,13666,18911,30353,2282,15,1413,2016,1759,841,233
20223,A,골목상권,3110922,내방역 1번,15637,10488,5149,75,3040,4842,3871,2935,874,57,1457,2908,2911,2496,659,18,1583,1934,960,439,215
20223,A,골목상권,3110929,남부터미널역 1번,36239,19956,16283,80,7810,8818,7565,9758,2208,25,2589,4537,4266,6904,1635,55,5221,4281,3299,2854,573
20223,A,골목상권,3110980,개포지구대옆,18101,5325,12776,71,2848,3483,6555,4107,1037,34,1294,1688,1158,625,526,37,1554,1795,5397,3482,511
20223,A,골목상권,3110951,신사은행나무공원,9132,5156,3976,46,2729,2597,1929,1129,702,14,1093,1493,1282,764,510,32,1636,1104,647,365,192
20223,A,골목상권,3111024,경찰병원역 4번(건너말공원),10720,6112,4608,57,1433,2394,2566,2144,2126,27,681,1469,1754,1167,1014,30,752,925,812,977,1112
20223,A,골목상권,3111046,마천역(마천초등학교),2560,1555,1005,5,274,560,700,645,376,1,145,333,390,383,303,4,129,227,310,262,73
20223,A,골목상권,3111044,남천초등학교,1831,923,908,1,191,385,506,486,262,0,87,192,216,220,208,1,104,193,290,266,54
20223,A,골목상권,3111033,문정동성당,32663,26076,6587,11,2622,5719,9448,12913,1950,4,1647,4277,7502,11343,1303,7,975,1442,1946,1570,647
20223,A,골목상권,3111019,한성백제역 3번,15362,8061,7301,39,2405,3433,3255,3668,2562,30,1305,2236,1757,1393,1340,9,1100,1197,1498,2275,1222
20223,A,골목상권,3111007,석촌고분역 4번,4469,2987,1482,9,625,1051,1004,989,791,8,392,705,646,633,603,1,233,346,358,356,188
20223,A,골목상권,3111004,삼전역 1번,11074,7193,3881,42,1623,2462,2544,2663,1740,4,728,1489,1666,1950,1356,38,895,973,878,713,384
20223,A,골목상권,3111051,천호역 6번,3537,1976,1561,10,608,745,821,822,531,4,339,401,414,434,384,6,269,344,407,388,147
20223,A,골목상권,3111018,풍납초등학교(풍납백제문화공원),958,634,324,0,133,194,216,258,157,0,84,122,134,175,119,0,49,72,82,83,38
20223,A,골목상권,3111064,둔촌동역 4번,2203,1364,839,6,236,423,519,533,486,5,121,252,314,340,332,1,115,171,205,193,154
20223,A,골목상권,3111078,굽은다리역 4번,3935,2367,1568,9,362,678,891,1032,963,5,192,427,513,612,618,4,170,251,378,420,345
20223,A,골목상권,3111082,중앙보훈병원,476,316,160,0,30,57,76,119,194,0,18,40,52,73,133,0,12,17,24,46,61
20223,A,골목상권,3111086,한영중고,702,392,310,1,68,159,171,215,88,1,31,67,87,136,70,0,37,92,84,79,18
20223,A,골목상권,3111070,천호초등학교,1434,798,636,6,118,348,397,393,172,1,45,166,221,243,122,5,73,182,176,150,50
20223,A,골목상권,3111057,천호공원(해공체육문화센터),1546,745,801,2,167,228,317,374,458,2,47,73,121,162,340,0,120,155,196,212,118
20224,A,골목상권,3110030,동대문역 3번,1126,461,665,0,92,206,371,274,183,0,28,77,108,117,131,0,64,129,263,157,52
20224,A,골목상권,3110011,청운초등학교,1873,802,1071,13,318,482,437,339,284,2,65,197,195,159,184,11,253,285,242,180,100
20224,A,골목상권,3110024,혜회동주민센터,4244,1855,2389,27,697,1078,959,887,596,17,228,488,437,385,300,10,469,590,522,502,296
20224,A,골목상권,3110043,충무초등학교,6397,3882,2515,33,1241,1562,1628,1186,747,16,534,903,1084,808,537,17,707,659,544,378,210
20224,A,골목상권,3110082,용산구청,2532,1305,1227,13,448,730,571,554,216,10,162,304,295,368,166,3,286,426,276,186,50
20224,A,골목상권,3110045,동대문역사문화공원역 5번,40455,19049,21406,468,12792,10627,8138,6043,2387,192,5994,6220,4414,1662,567,276,6798,4407,3724,4381,1820
20224,A,골목상권,3110057,황학코아루아파트,1699,938,761,4,273,439,448,319,216,3,142,252,209,171,161,1,131,187,239,148,55
20224,A,골목상권,3110078,이촌동점보아파트,4727,2990,1737,17,766,1262,1193,1032,457,3,410,782,806,673,316,14,356,480,387,359,141
20224,A,골목상권,3110588,한겨레신문사,1133,567,566,1,166,237,297,284,148,1,73,129,147,128,89,0,93,108,150,156,59
20224,A,골목상권,3110073,삼각지역 3번,21368,6873,14495,123,6007,7127,5572,1957,582,50,2112,2306,1403,668,334,73,3895,4821,4169,1289,248
20224,A,골목상권,3110076,삼각지역 14번,2654,1645,1009,1,399,738,689,600,227,1,224,455,468,356,141,0,175,283,221,244,86
20224,A,골목상권,3110099,유엔빌리지길,21963,17803,4160,47,2625,5547,6288,6683,773,36,1322,4089,5454,6255,647,11,1303,1458,834,428,126
20224,A,골목상권,3110107,금호사거리,2695,1164,1531,16,307,810,1020,361,181,1,105,274,437,205,142,15,202,536,583,156,39
20224,A,골목상권,3110117,성동구보건소,3042,1046,1996,9,527,459,593,877,577,2,180,225,258,242,139,7,347,234,335,635,438
20224,A,골목상권,3110112,행당역 2번,1354,720,634,1,163,289,360,364,177,0,63,131,193,205,128,1,100,158,167,159,49
20224,A,골목상권,3110229,장평중학교,4729,3089,1640,10,521,877,975,1057,1289,6,275,555,639,696,918,4,246,322,336,361,371
20224,A,골목상권,3110113,응봉산,260,138,122,1,39,45,77,52,46,0,10,23,38,26,41,1,29,22,39,26,5
20224,A,골목상권,3110169,성동초등학교,4265,2889,1376,14,444,930,1078,1032,767,2,248,611,726,722,580,12,196,319,352,310,187
20224,A,골목상권,3110156,군자역 5번,3040,1883,1157,7,484,700,775,587,487,3,263,406,480,355,376,4,221,294,295,232,111
20224,A,골목상권,3110157,자양동우체국,1846,1325,521,14,427,408,437,359,201,10,335,309,286,227,158,4,92,99,151,132,43
20224,A,골목상권,3110163,성자초등학교,1358,679,679,1,136,233,372,407,209,1,60,112,160,197,149,0,76,121,212,210,60
20224,A,골목상권,3110168,대원고등학교,1985,1153,832,0,192,440,482,552,319,0,76,207,253,351,266,0,116,233,229,201,53
20224,A,골목상권,3110212,답십리초등학교,3380,2234,1146,24,681,841,827,639,368,21,491,622,488,363,249,3,190,219,339,276,119
20224,A,골목상권,3110187,제기동역 6번,5909,3849,2060,18,1010,1530,1329,1085,937,8,568,966,887,742,678,10,442,564,442,343,259
20224,A,골목상권,3110309,대광초등학교,2784,1954,830,10,336,612,722,679,425,4,187,423,511,486,343,6,149,189,211,193,82
20224,A,골목상권,3110231,장안교,728,483,245,0,55,125,159,208,181,0,22,52,89,162,158,0,33,73,70,46,23
20224,A,골목상권,3110203,떡전교사거리,1653,740,913,2,227,282,322,365,455,2,66,119,144,167,242,0,161,163,178,198,213
20224,A,골목상권,3110194,홍파초등학교,1028,599,429,1,94,200,292,318,123,0,58,123,168,168,82,1,36,77,124,150,41
20224,A,골목상권,3110278,망우본동주민센터,1851,1277,574,3,136,243,393,562,514,1,62,113,218,409,474,2,74,130,175,153,40
20224,A,골목상권,3110242,면목5동주민센터,867,570,297,0,78,153,226,199,211,0,36,99,119,132,184,0,42,54,107,67,27
20224,A,골목상권,3110246,월드순복음교회,1402,769,633,4,139,280,360,346,273,1,42,139,213,197,177,3,97,141,147,149,96
20224,A,골목상권,3110261,사가정역 4번,1640,972,668,5,175,265,434,463,298,4,62,125,253,303,225,1,113,140,181,160,73
20224,A,골목상권,3110241,먹골역 5번,2166,1475,691,1,315,530,524,571,225,1,183,366,341,415,169,0,132,164,183,156,56
20224,A,골목상권,3110233,중랑역 1번,893,461,432,6,154,146,204,200,183,4,65,61,89,121,121,2,89,85,115,79,62
20224,A,골목상권,3110318,KT월곡지사,3595,2540,1055,4,306,612,723,786,1164,2,171,405,460,571,931,2,135,207,263,215,233
20224,A,골목상권,3110377,미아사거리역 3번,694,331,363,7,98,129,184,169,107,6,42,61,75,80,67,1,56,68,109,89,40
20224,A,골목상권,3110281,길상사,16413,13694,2719,22,1927,3775,4747,5449,493,3,1165,2821,4173,5180,352,19,762,954,574,269,141
20224,A,골목상권,3110373,수유역 2번,2772,1558,1214,6,358,532,544,703,629,4,150,310,293,432,369,2,208,222,251,271,260
20224,A,골목상권,3110379,KT&G 북부지사,623,302,321,2,67,85,155,224,90,0,26,30,63,131,52,2,41,55,92,93,38
20224,A,골목상권,3110348,강북문화예술회관,2983,2155,828,0,93,237,630,911,1112,0,20,143,489,717,786,0,73,94,141,194,326
20224,A,골목상권,3110383,덕성여대시반거리,437,131,306,0,77,73,112,105,70,0,9,16,36,28,42,0,68,57,76,77,28
20224,A,골목상권,3110345,솔밭공원역 2번,708,263,445,1,82,141,166,188,130,0,15,41,54,71,82,1,67,100,112,117,48
20224,A,골목상권,3110342,국립재활원,1911,1168,743,0,163,409,566,562,211,0,54,205,383,372,154,0,109,204,183,190,57
20224,A,골목상권,3110338,인수초등학교,1029,648,381,3,137,254,247,265,123,3,70,171,149,154,101,0,67,83,98,111,22
20224,A,골목상권,3110402,도봉구 정병원,1673,968,705,5,226,351,392,442,257,4,101,216,235,250,162,1,125,135,157,192,95
20224,A,골목상권,3110392,발바닥공원,590,396,194,3,85,182,168,101,51,2,37,113,135,71,38,1,48,69,33,30,13
20224,A,골목상권,3110416,노원초등학교,1205,552,653,8,124,241,275,314,243,6,45,126,116,149,110,2,79,115,159,165,133
20224,A,골목상권,3110428,상계5동주민센터,1874,914,960,5,133,226,324,460,726,1,48,116,138,200,411,4,85,110,186,260,315
20224,A,골목상권,3110464,연신내역 5번,1985,1122,863,7,199,380,509,459,431,5,83,205,246,266,317,2,116,175,263,193,114
20224,A,골목상권,3110457,예일여고,3334,1823,1511,11,339,504,700,1175,605,2,131,234,342,705,409,9,208,270,358,470,196
20224,A,골목상권,3110488,우리은행응암동지점,3399,1825,1574,8,407,862,868,872,382,5,208,429,423,511,249,3,199,433,445,361,133
20224,A,골목상권,3110485,연신내우체국,2037,1061,976,2,103,180,239,350,1163,1,45,107,106,143,659,1,58,73,133,207,504
20224,A,골목상권,3110449,증산역 3번,2851,1858,993,1,398,704,743,668,337,0,156,480,515,477,230,1,242,224,228,191,107
20224,A,골목상권,3110523,홍제성원아파트,259,109,150,1,36,55,62,74,31,0,14,19,28,27,21,1,22,36,34,47,10
20224,A,골목상권,3110586,서울서부지방법원,11593,7273,4320,37,2044,3389,3339,2245,539,5,959,1962,2248,1752,347,32,1085,1427,1091,493,192
20224,A,골목상권,3110540,망원나들목체육관,1899,1092,807,8,639,591,325,211,125,1,387,316,158,136,94,7,252,275,167,75,31
20224,A,골목상권,3110567,광흥창역 6번,510,261,249,0,80,126,127,118,59,0,35,61,66,62,37,0,45,65,61,56,22
20224,A,골목상권,3110565,홍익대,4319,2959,1360,13,708,1013,1064,875,646,7,389,669,759,621,514,6,319,344,305,254,132
20224,A,골목상권,3110560,마포FM,4675,2819,1856,11,653,1106,1054,998,853,9,292,695,738,584,501,2,361,411,316,414,352
20224,A,골목상권,3110549,새터산,2447,1476,971,6,323,490,622,631,375,4,169,276,370,408,249,2,154,214,252,223,126
20224,A,골목상권,3110581,염리초등학교,8998,5077,3921,16,1305,2124,2079,1885,1589,7,628,1198,1340,989,915,9,677,926,739,896,674
20224,A,골목상권,3110617,등촌역 4번,2496,1419,1077,2,330,561,641,599,363,0,156,350,350,329,234,2,174,211,291,270,129
20224,A,골목상권,3110676,등촌역 7번,2587,1617,970,12,360,533,656,601,425,6,154,333,395,389,340,6,206,200,261,212,85
20224,A,골목상권,3110656,까치산역 3번,3071,1778,1293,17,286,570,813,925,460,15,146,353,484,505,275,2,140,217,329,420,185
20224,A,골목상권,3110654,까치산역 4번,3556,2235,1321,15,324,625,928,1128,536,13,164,373,533,736,416,2,160,252,395,392,120
20224,A,골목상권,3110597,신월1동주민센터,2472,1402,1070,4,249,481,521,657,560,1,110,252,269,403,367,3,139,229,252,254,193
20224,A,골목상권,3110665,곰달래도서관,2356,1305,1051,4,236,435,587,666,428,4,101,243,325,344,288,0,135,192,262,322,140
20224,A,골목상권,3110615,신서초등학교,848,519,329,2,79,148,152,220,247,1,36,81,84,146,171,1,43,67,68,74,76
20224,A,골목상권,3110674,강서구청가양동별관,2810,1867,943,13,484,647,757,564,345,8,334,446,510,346,223,5,150,201,247,218,122
20224,A,골목상권,3110677,등촌역 1번,3921,2407,1514,15,590,925,884,897,610,12,265,549,522,592,467,3,325,376,362,305,143
20224,A,골목상권,3110631,방화초등학교,2022,1206,816,5,282,386,462,504,383,5,137,222,260,288,294,0,145,164,202,216,89
20224,A,골목상권,3110636,방화역 2번,2261,1548,713,6,180,387,715,586,387,4,92,216,507,418,311,2,88,171,208,168,76
20224,A,골목상권,3110723,가산디지털단지역 1번 출입구,6364,4269,2095,13,1161,2024,1564,904,698,8,553,1337,1145,699,527,5,608,687,419,205,171
20224,A,골목상권,3110662,까치산역 1번,3644,2133,1511,8,464,871,961,872,468,6,214,496,504,566,347,2,250,375,457,306,121
20224,A,골목상권,3110732,가산초등학교(세일중학교),2697,1734,963,13,406,604,664,616,394,4,232,369,400,410,319,9,174,235,264,206,75
20224,A,골목상권,3110729,가산동우체국,3002,1566,1436,10,310,527,627,607,921,6,171,294,365,336,394,4,139,233,262,271,527
20224,A,골목상권,3110691,개봉중학교,2121,1250,871,6,243,460,510,560,342,1,134,278,283,301,253,5,109,182,227,259,89
20224,A,골목상권,3110705,고산초등학교,2324,1523,801,3,295,489,490,507,540,2,148,292,274,324,483,1,147,197,216,183,57
20224,A,골목상권,3110680,온수역 5번(온수산업단지),1651,1405,246,18,174,252,303,480,424,18,138,209,238,407,395,0,36,43,65,73,29
20224,A,골목상권,3110685,금강수목원아파트,1014,749,265,2,60,190,279,274,209,1,35,123,189,214,187,1,25,67,90,60,22
20224,A,골목상권,3110854,조원동주민센터,3686,2722,964,3,494,609,555,569,1456,1,220,390,345,394,1372,2,274,219,210,175,84
20224,A,골목상권,3110742,KT금천빌딩(금천구시설관리공단),1604,1021,583,0,211,338,390,400,265,0,133,223,244,230,191,0,78,115,146,170,74
20224,A,골목상권,3110748,백산초등학교,1088,584,504,0,104,213,289,304,178,0,44,118,147,162,113,0,60,95,142,142,65
20224,A,골목상권,3110750,시흥4동주민센터(서울신흥초등학교),1125,636,489,9,163,218,324,281,130,8,89,133,186,127,93,1,74,85,138,154,37
20224,A,골목상권,3110749,금산초등학교(금천고등학교),7714,4555,3159,13,568,1109,1786,2003,2235,4,300,718,1027,1087,1419,9,268,391,759,916,816
20224,A,골목상권,3110763,영등포구청역 2번,7998,3926,4072,23,1606,2127,1491,1555,1196,12,684,1112,819,673,626,11,922,1015,672,882,570
20224,A,골목상권,3110786,당산역 8번,7202,5111,2091,19,1007,1783,1914,1612,867,6,490,1180,1444,1314,677,13,517,603,470,298,190
20224,A,골목상권,3110762,선유도역 1번,6490,4189,2301,17,859,1406,1594,1541,1073,11,470,902,970,975,861,6,389,504,624,566,212
20224,A,골목상권,3110803,신길2동우편취급국,2306,1308,998,6,226,496,505,482,591,3,103,233,253,261,455,3,123,263,252,221,136
20224,A,골목상권,3110757,양평역 2번,2594,1895,699,3,271,581,643,581,515,2,144,438,483,429,399,1,127,143,160,152,116
20224,A,골목상권,3110817,대방역 4번,3279,1548,1731,9,625,746,811,579,509,4,208,342,403,284,307,5,417,404,408,295,202
20224,A,골목상권,3110807,신길역 3번,994,401,593,5,113,194,247,269,166,2,40,84,97,101,77,3,73,110,150,168,89
20224,A,골목상권,3110847,예술인마을,2033,1270,763,3,284,468,518,409,351,3,131,269,312,253,302,0,153,199,206,156,49
20224,A,골목상권,3110903,방배아이파크아파트,13318,6720,6598,17,2219,3034,3683,2226,2139,5,678,1278,1774,1240,1745,12,1541,1756,1909,986,394
20224,A,골목상권,3110843,사당5동주민센터,856,499,357,1,74,130,224,245,182,0,30,57,123,154,135,1,44,73,101,91,47
20224,A,골목상권,3110898,청림동주민센터(상도중학교),3140,1745,1395,2,453,1024,1007,483,171,1,197,571,572,281,123,1,256,453,435,202,48
20224,A,골목상권,3110835,상도역 1번,1284,685,599,4,217,336,311,268,148,2,91,204,169,124,95,2,126,132,142,144,53
20224,A,골목상권,3110830,상도초등학교,1099,508,591,0,192,255,269,254,129,0,84,114,104,127,79,0,108,141,165,127,50
20224,A,골목상권,3110863,난우초등학교,1274,596,678,21,162,252,274,330,235,16,65,112,116,144,143,5,97,140,158,186,92
20224,A,골목상권,3110882,신성초등학교,1461,843,618,4,181,268,423,344,241,1,87,139,232,207,177,3,94,129,191,137,64
20224,A,골목상권,3110867,국제신학대학원대학교(남서울중학교),1284,802,482,3,150,289,290,284,268,1,93,193,167,179,169,2,57,96,123,105,99
20224,A,골목상권,3110871,신원동주민센터,1221,662,559,5,110,197,235,300,374,0,62,122,135,146,197,5,48,75,100,154,177
20224,A,골목상권,3110864,신림우방아파트,3078,2254,824,2,485,863,972,582,174,2,229,637,794,472,120,0,256,226,178,110,54
20224,A,골목상권,3110917,서초소방서,10472,8160,2312,29,1128,2908,2901,2625,881,18,710,2263,2404,2117,648,11,418,645,497,508,233
20224,A,골목상권,3110927,잠원역,3312,2219,1093,5,550,1142,865,499,251,3,321,787,627,322,159,2,229,355,238,177,92
20224,A,골목상권,3110915,서래초등학교,89045,79397,9648,58,9613,19204,23591,33698,2881,23,6991,15974,21216,32574,2619,35,2622,3230,2375,1124,262
20224,A,골목상권,3110918,방배역 3번,7950,4877,3073,25,1436,1942,1884,1479,1184,9,623,1168,1279,916,882,16,813,774,605,563,302
20224,A,골목상권,3110926,신중초등학교,18935,13842,5093,26,2537,6187,5342,3491,1352,11,1323,4503,4347,2701,957,15,1214,1684,995,790,395
20224,A,골목상권,3110928,서초우방유쉘아파트,8601,5394,3207,32,1319,2349,2192,1755,954,20,686,1554,1461,1019,654,12,633,795,731,736,300
20224,A,골목상권,3110941,언남고등학교,3148,2001,1147,15,501,854,828,599,351,13,285,552,530,367,254,2,216,302,298,232,97
20224,A,골목상권,3110977,논현로18길,8768,6092,2676,17,1345,2688,2352,1426,940,7,731,1839,1812,1000,703,10,614,849,540,426,237
20224,A,골목상권,3110956,언주역 8번,10460,6708,3752,44,2484,3229,2399,1398,906,30,1284,2052,1709,952,681,14,1200,1177,690,446,225
20224,A,골목상권,3110961,언주역 3번,19048,12835,6213,40,3657,5606,4187,2889,2669,10,1697,3702,3162,2277,1987,30,1960,1904,1025,612,682
20224,A,골목상권,3110970,학동초등학교,8274,4686,3588,35,1750,2524,1972,1193,800,17,746,1341,1253,767,562,18,1004,1183,719,426,238
20224,A,골목상권,3110986,삼성중앙역 7번,7054,4250,2804,39,1478,2059,1499,883,1096,9,622,1271,1051,561,736,30,856,788,448,322,360
20224,A,골목상권,3110958,역삼역 4번,13145,7672,5473,25,2620,4104,3148,1957,1291,13,968,2265,2168,1344,914,12,1652,1839,980,613,377
20224,A,골목상권,3111025,경찰병원역 3번,9858,5487,4371,53,1071,1688,1733,1768,3545,24,506,1023,1074,799,2061,29,565,665,659,969,1484
20224,A,골목상권,3111029,오금역 4번,6170,4510,1660,14,1076,1905,1533,1053,589,8,670,1374,1159,778,521,6,406,531,374,275,68
20224,A,골목상권,3111023,문정역 1번,3188,1943,1245,5,559,689,779,662,494,2,274,426,517,382,342,3,285,263,262,280,152
20224,A,골목상권,3111042,거여역 1번(거여공원),4647,2955,1692,20,677,1102,1208,1011,629,16,473,746,745,568,407,4,204,356,463,443,222
20224,A,골목상권,3111006,석촌고분역 1번,13231,9393,3838,32,1634,2684,3221,2686,2974,27,996,1913,2319,1807,2331,5,638,771,902,879,643
20224,A,골목상권,3111090,강일동주민센터,199,120,79,0,24,45,67,44,19,0,9,25,41,30,15,0,15,20,26,14,4
20224,A,골목상권,3111068,강동성심병원,3440,1771,1669,8,770,842,809,570,441,5,225,389,495,352,305,3,545,453,314,218,136
20224,A,골목상권,3111065,천일초등학교,1242,677,565,2,112,177,234,284,433,2,39,75,105,131,325,0,73,102,129,153,108
20224,A,골목상권,3111060,암사역 2번(서울강동초등학교),3038,1600,1438,3,337,620,746,749,583,2,117,297,376,407,401,1,220,323,370,342,182
20224,A,골목상권,3111054,암사역 4번(삼성광나루아파트),3175,1255,1920,2,329,487,578,782,997,2,142,257,245,207,402,0,187,230,333,575,595
20224,A,골목상권,3111049,천호지구대(천호동자전거거리),1795,986,809,7,217,342,414,400,415,3,102,177,213,206,285,4,115,165,201,194,130
20224,A,골목상권,3110007,사직공원(한국사회과학도서관),2261,1151,1110,4,393,616,566,444,238,2,142,279,306,251,171,2,251,337,260,193,67
20224,A,골목상권,3110531,홍지문,828,402,426,2,118,219,178,187,124,0,39,117,90,81,75,2,79,102,88,106,49
20224,A,골목상권,3110010,평창동서측,8863,4827,4036,16,958,2387,3264,1811,427,1,407,1007,1802,1306,304,15,551,1380,1462,505,123
20224,A,골목상권,3110013,체부동홍종문가옥,1116,630,486,4,122,231,265,248,246,0,42,116,139,143,190,4,80,115,126,105,56
20224,A,골목상권,3110051,한양공고앞 교차로,1270,665,605,0,194,259,304,324,189,0,76,137,166,173,113,0,118,122,138,151,76
20224,A,골목상권,3110587,공덕동주민센터,4777,2727,2050,20,903,1328,1318,886,322,3,450,775,774,531,194,17,453,553,544,355,128
20224,A,골목상권,3110075,숙대입구역 1번,11721,3647,8074,164,6494,2357,1245,865,596,15,739,1093,761,587,452,149,5755,1264,484,278,144
20224,A,골목상권,3110094,오산중학교,293,171,122,0,19,48,84,96,46,0,8,24,50,58,31,0,11,24,34,38,15
20224,A,골목상권,3110093,우사단길,5722,3218,2504,28,1105,1870,1447,876,396,11,353,986,985,650,233,17,752,884,462,226,163
20224,A,골목상권,3110089,서빙고동주민센터,1027,643,384,1,125,313,300,153,135,0,47,186,191,106,113,1,78,127,109,47,22
20224,A,골목상권,3110064,효창공원앞역 2번,3452,2255,1197,8,448,903,911,799,383,7,272,598,596,522,260,1,176,305,315,277,123
20224,A,골목상권,3110109,금호삼성래미안아파트,2637,1124,1513,17,315,812,1046,338,109,1,116,291,459,171,86,16,199,521,587,167,23
20224,A,골목상권,3110126,서울숲역 1번,3085,1944,1141,11,616,755,648,538,517,5,355,479,400,356,349,6,261,276,248,182,168
20224,A,골목상권,3110108,성동구립금호도서관,186,90,96,0,24,35,54,55,18,0,12,20,24,19,15,0,12,15,30,36,3
20224,A,골목상권,3110104,신금호역 4번,732,398,334,0,85,142,175,168,162,0,25,62,94,95,122,0,60,80,81,73,40
20224,A,골목상권,3110115,상왕십리역 3번,4711,2086,2625,18,803,828,947,1248,867,3,269,473,519,510,312,15,534,355,428,738,555
20224,A,골목상권,3110135,성동세무서,6003,3797,2206,7,862,1512,1538,1291,793,5,450,954,1006,780,602,2,412,558,532,511,191
20224,A,골목상권,3110133,서울교통공사,4981,3435,1546,23,1308,1313,957,778,602,20,760,917,708,550,480,3,548,396,249,228,122
20224,A,골목상권,3110130,답십리역 6번,5008,2174,2834,4,714,1041,1495,1390,364,2,492,707,504,247,222,2,222,334,991,1143,142
20224,A,골목상권,3110170,동대부여고,1909,989,920,3,252,420,535,456,243,1,90,195,287,248,168,2,162,225,248,208,75
20224,A,골목상권,3110172,광진초등학교,2650,1482,1168,56,464,506,558,636,430,25,237,266,298,348,308,31,227,240,260,288,122
20224,A,골목상권,3110173,구남초등학교,6227,3640,2587,15,457,1113,1646,2007,989,4,265,728,1023,979,641,11,192,385,623,1028,348
20224,A,골목상권,3110143,뚝섬유원지역 1번,1815,1480,335,4,196,506,523,433,153,1,151,416,440,351,121,3,45,90,83,82,32
20224,A,골목상권,3110165,국립정신건강센터,2364,1365,999,3,223,480,601,647,410,0,85,228,319,404,329,3,138,252,282,243,81
20224,A,골목상권,3110185,용두초등학교,8144,4248,3896,8,666,1891,2614,2141,824,3,322,1123,1308,948,544,5,344,768,1306,1193,280
20224,A,골목상권,3110313,안암역 3번,4007,2603,1404,7,479,974,1134,933,480,3,232,606,749,655,358,4,247,368,385,278,122
20224,A,골목상권,3110205,경희대삼거리,2042,1155,887,3,307,699,408,383,242,2,146,461,194,203,149,1,161,238,214,180,93
20224,A,골목상권,3110263,면목역 1번,2374,1295,1079,3,342,596,740,505,188,0,167,400,365,229,134,3,175,196,375,276,54
20224,A,골목상권,3110265,망우역 1번,2560,1588,972,13,240,367,540,748,652,2,93,155,261,513,564,11,147,212,279,235,88
20224,A,골목상권,3110272,신내1동주민센터,3286,2011,1275,4,411,585,632,841,813,4,214,329,339,496,629,0,197,256,293,345,184
20224,A,골목상권,3110429,공릉동 국수거리,4838,2587,2251,6,483,668,995,1400,1286,2,224,366,498,716,781,4,259,302,497,684,505
20224,A,골목상권,3110307,길음역 7번,2161,758,1403,9,665,611,420,293,163,0,120,232,163,133,110,9,545,379,257,160,53
20224,A,골목상권,3110310,길음역 10번,1961,875,1086,9,604,603,400,252,93,0,140,299,228,141,67,9,464,304,172,111,26
20224,A,골목상권,3110288,동구여중,1859,769,1090,6,181,454,656,400,162,0,55,184,238,173,119,6,126,270,418,227,43
20224,A,골목상권,3110326,장위동성당,1271,741,530,3,141,245,334,297,251,3,57,121,191,187,182,0,84,124,143,110,69
20224,A,골목상권,3110282,국민대학교앞,1906,1357,549,15,321,599,445,311,215,14,185,437,349,245,127,1,136,162,96,66,88
20224,A,골목상권,3110358,인수동 우편취급국,1765,939,826,2,170,270,351,489,483,0,51,121,160,260,347,2,119,149,191,229,136
20224,A,골목상권,3110404,신창초등학교,1553,862,691,11,174,258,430,465,215,8,68,144,234,271,137,3,106,114,196,194,78
20224,A,골목상권,3110380,강북문화정보도서관,592,293,299,0,63,86,106,169,168,0,17,49,52,80,95,0,46,37,54,89,73
20224,A,골목상권,3110370,도봉세무서,1155,642,513,7,84,180,290,317,277,6,25,81,136,177,217,1,59,99,154,140,60
20224,A,골목상권,3110359,수유시장옆,1979,746,1233,2,174,251,355,450,747,0,62,112,146,178,248,2,112,139,209,272,499
20224,A,골목상권,3110366,광산사거리,1102,553,549,2,152,230,302,260,156,0,71,120,146,119,97,2,81,110,156,141,59
20224,A,골목상권,3110391,샘말어린이공원,1105,495,610,0,95,176,215,283,336,0,30,73,100,108,184,0,65,103,115,175,152
20224,A,골목상권,3110386,연산군묘,898,534,364,0,132,210,207,211,138,0,60,118,124,120,112,0,72,92,83,91,26
20224,A,골목상권,3110385,효문고등학교,492,210,282,0,72,109,138,115,58,0,15,34,51,62,48,0,57,75,87,53,10
20224,A,골목상권,3110396,쌍문역1번(쌍리단길),873,388,485,4,110,167,201,233,158,1,36,63,88,108,92,3,74,104,113,125,66
20224,A,골목상권,3110438,경춘선숲길 우측,1262,670,592,2,165,313,395,265,122,1,79,159,202,145,84,1,86,154,193,120,38
20224,A,골목상권,3110472,연신내역 4번,2101,1115,986,9,291,420,561,452,368,4,112,235,265,229,270,5,179,185,296,223,98
20224,A,골목상권,3110458,선일여고,1561,717,844,5,204,370,371,412,199,2,85,168,169,166,127,3,119,202,202,246,72
20224,A,골목상권,3110460,구산역 4번,4098,2463,1635,10,303,617,938,1372,858,6,136,347,489,872,613,4,167,270,449,500,245
20224,A,골목상권,3110450,시립서북병원,3765,1891,1874,8,699,863,827,786,582,2,293,433,413,369,381,6,406,430,414,417,201
20224,A,골목상권,3110456,구산보건지소,2822,1445,1377,11,571,580,644,581,435,3,244,277,308,315,298,8,327,303,336,266,137
20224,A,골목상권,3110486,은평구청,3565,1859,1706,8,390,827,963,954,423,5,183,376,460,548,287,3,207,451,503,406,136
20224,A,골목상권,3110484,역촌역 3번,1849,903,946,7,208,399,493,442,300,5,86,179,219,212,202,2,122,220,274,230,98
20224,A,골목상권,3110461,새절역 2번,927,505,422,2,86,134,215,259,231,1,30,51,97,146,180,1,56,83,118,113,51
20224,A,골목상권,3110445,덕산중학교,1113,537,576,5,235,253,205,221,194,0,73,130,116,94,124,5,162,123,89,127,70
20224,A,골목상권,3110451,증산역 4번,2598,1818,780,3,354,592,647,619,383,2,156,421,488,450,301,1,198,171,159,169,82
20224,A,골목상권,3110446,내를건너서숲으로도서관,760,517,243,0,100,159,174,187,140,0,83,108,97,110,119,0,17,51,77,77,21
20224,A,골목상권,3110504,명지전문대,601,306,295,1,61,72,145,194,128,0,30,29,70,105,72,1,31,43,75,89,56
20224,A,골목상권,3110502,남가좌파출소,820,489,331,0,68,121,216,264,151,0,31,62,124,166,106,0,37,59,92,98,45
20224,A,골목상권,3110543,중암중학교,668,466,202,0,37,70,115,223,223,0,16,35,56,145,214,0,21,35,59,78,9
20224,A,골목상권,3110582,이대역 5번,907,344,563,2,105,192,252,226,130,1,24,52,78,110,79,1,81,140,174,116,51
20224,A,골목상권,3110520,경의중앙 신촌역,1500,752,748,8,322,367,324,282,197,5,111,177,147,168,144,3,211,190,177,114,53
20224,A,골목상권,3110566,경의선책거리,7387,4414,2973,27,1465,1717,1712,1423,1043,16,758,1040,1073,796,731,11,707,677,639,627,312
20224,A,골목상권,3110511,연희초등학교,5789,4486,1303,7,719,1297,1142,1990,634,1,495,983,811,1677,519,6,224,314,331,313,115
20224,A,골목상권,3110526,봉원사,367,217,150,1,22,70,135,80,59,1,9,35,92,46,34,0,13,35,43,34,25
20224,A,골목상권,3110585,마포경찰서,3239,2093,1146,1,420,1126,934,559,199,0,226,683,634,427,123,1,194,443,300,132,76
20224,A,골목상권,3110578,대흥역 2번,4903,3185,1718,78,872,1109,1037,1047,760,28,453,737,756,701,510,50,419,372,281,346,250
20224,A,골목상권,3110574,서강대학교,896,599,297,4,117,204,240,201,130,2,74,135,174,124,90,2,43,69,66,77,40
20224,A,골목상권,3110544,망리단길,6222,3617,2605,17,1248,1421,1318,976,1242,8,640,721,675,587,986,9,608,700,643,389,256
20224,A,골목상권,3110548,마포구청역 4번,5895,3452,2443,18,764,1118,1304,1728,963,10,390,797,862,809,584,8,374,321,442,919,379
20224,A,골목상권,3110557,홍대부속여중고앞,5872,3326,2546,15,903,1543,1632,1119,660,15,389,832,977,651,462,0,514,711,655,468,198
20224,A,골목상권,3110618,강서고등학교,3661,1791,1870,7,785,1002,801,724,342,3,195,468,416,435,274,4,590,534,385,289,68
20224,A,골목상권,3110596,서서울호수공원,2036,1321,715,5,229,365,459,585,393,2,117,220,272,383,327,3,112,145,187,202,66
20224,A,골목상권,3110599,신월1파출소,1680,1078,602,4,158,295,421,566,236,2,93,182,259,368,174,2,65,113,162,198,62
20224,A,골목상권,3110651,화원중학교,2712,1532,1180,8,300,556,660,686,502,6,148,340,365,391,282,2,152,216,295,295,220
20224,A,골목상권,3110623,갈산공원,1473,855,618,6,162,331,380,329,265,4,90,177,200,190,194,2,72,154,180,139,71
20224,A,골목상권,3110632,방화역 3번,3801,2575,1226,6,332,705,1119,1071,568,4,193,413,783,737,445,2,139,292,336,334,123
20224,A,골목상권,3110659,화곡역 4번,3626,1901,1725,18,457,804,957,853,537,15,183,460,522,422,299,3,274,344,435,431,238
20224,A,골목상권,3110722,G타워,19389,12310,7079,60,3607,6404,5129,2626,1563,29,1836,4264,3348,1661,1172,31,1771,2140,1781,965,391
20224,A,골목상권,3110682,온수역 8번,361,283,78,0,13,52,95,107,94,0,11,34,65,83,90,0,2,18,30,24,4
20224,A,골목상권,3110696,오류동역 1번,3475,2139,1336,33,914,1147,671,456,254,17,516,814,390,225,177,16,398,333,281,231,77
20224,A,골목상권,3110698,개웅초등학교(개웅중학교),2757,1234,1523,7,405,493,704,774,374,5,210,265,264,263,227,2,195,228,440,511,147
20224,A,골목상권,3110697,개봉3동주민센터,1101,686,415,1,168,226,252,244,210,1,77,141,156,157,154,0,91,85,96,87,56
20224,A,골목상권,3110688,오류지구대,1309,724,585,5,130,240,332,393,209,4,56,137,187,212,128,1,74,103,145,181,81
20224,A,골목상권,3110684,서울공연예술고등학교,980,521,459,4,124,208,238,273,133,2,54,118,122,154,71,2,70,90,116,119,62
20224,A,골목상권,3110728,두산초등학교,7779,4797,2982,17,403,805,1036,1484,4034,15,223,510,611,873,2565,2,180,295,425,611,1469
20224,A,골목상권,3110731,금천구청역 1번 출입구,4469,2258,2211,11,672,1215,1026,1039,506,6,276,550,486,608,332,5,396,665,540,431,174
20224,A,골목상권,3110730,서울축산농협 독산역지점(독산파출소),7158,4528,2630,15,350,639,810,1307,4037,13,197,420,491,801,2606,2,153,219,319,506,1431
20224,A,골목상권,3110752,한울중학교,2059,1251,808,13,294,388,526,539,299,10,181,248,303,289,220,3,113,140,223,250,79
20224,A,골목상권,3110753,시흥동 은행나무사거리,1767,985,782,8,199,364,416,443,337,7,105,218,220,235,200,1,94,146,196,208,137
20224,A,골목상권,3110743,시흥초등학교(시흥1동우체국),1901,835,1066,7,317,358,467,487,265,6,126,168,210,183,142,1,191,190,257,304,123
20224,A,골목상권,3110764,문래역 3번,3153,1905,1248,2,407,744,863,599,538,2,173,425,526,380,399,0,234,319,337,219,139
20224,A,골목상권,3110782,영등포시장역 4번,1839,1063,776,5,208,345,454,439,388,3,97,205,292,249,217,2,111,140,162,190,171
20224,A,골목상권,3110779,대림갑을명가아파트,800,491,309,1,87,130,177,235,170,0,44,84,105,135,123,1,43,46,72,100,47
20224,A,골목상권,3110765,문래동사거리,2020,1394,626,4,169,352,494,465,536,2,82,219,333,315,443,2,87,133,161,150,93
20224,A,골목상권,3110810,영신초등학교,2994,1643,1351,2,368,625,659,659,681,0,176,353,376,324,414,2,192,272,283,335,267
20224,A,골목상권,3110809,장훈고등학교,1484,885,599,1,203,345,302,292,341,0,102,180,180,183,240,1,101,165,122,109,101
20224,A,골목상권,3110824,대방역 3번,2129,1361,768,5,292,552,582,381,317,4,165,378,384,224,206,1,127,174,198,157,111
20224,A,골목상권,3110813,보라매역 6번,5419,3837,1582,9,1033,1296,1111,1526,444,6,590,941,791,1194,315,3,443,355,320,332,129
20224,A,골목상권,3110834,동작구자원봉사센터,2564,1472,1092,14,261,540,690,627,432,11,135,308,409,356,253,3,126,232,281,271,179
20224,A,골목상권,3110828,노량진역 6번,7261,4126,3135,15,905,2214,1977,1542,608,3,417,1160,1187,977,382,12,488,1054,790,565,226
20224,A,골목상권,3110827,NH농협은행 상도동지점,1082,439,643,2,105,183,271,274,247,1,38,79,104,103,114,1,67,104,167,171,133
20224,A,골목상권,3110852,이수역 9번,2529,1175,1354,5,473,620,696,447,288,1,132,264,309,240,229,4,341,356,387,207,59
20224,A,골목상권,3110905,방배노인종합복지관(이수중학교),5242,2054,3188,12,1165,1458,1271,885,451,1,334,540,486,427,266,11,831,918,785,458,185
20224,A,골목상권,3110851,경문고등학교(동작동성당),3368,1773,1595,14,635,1032,934,524,229,8,236,520,595,291,123,6,399,512,339,233,106
20224,A,골목상권,3110899,낙성대역 5번(관악중학교),4614,3107,1507,19,916,1345,1018,737,579,11,468,959,710,495,464,8,448,386,308,242,115
20224,A,골목상권,3110831,상도4동주민센터,1928,1233,695,2,251,423,419,532,301,2,136,263,284,407,141,0,115,160,135,125,160
20224,A,골목상권,3110873,당곡중학교,2525,1427,1098,7,341,547,627,540,463,4,156,299,352,290,326,3,185,248,275,250,137
20224,A,골목상권,3110841,중대부중,360,156,204,0,43,52,85,105,75,0,14,21,31,46,44,0,29,31,54,59,31
20224,A,골목상권,3110900,낙성대역 1번(관악구민 종합체육센터),4337,2627,1710,15,852,1276,966,653,575,7,368,802,610,388,452,8,484,474,356,265,123
20224,A,골목상권,3110892,관악구 중앙길,4005,1888,2117,12,627,825,985,859,697,7,212,389,474,444,362,5,415,436,511,415,335
20224,A,골목상권,3110866,난우중학교,1102,622,480,0,111,196,289,322,184,0,50,105,148,183,136,0,61,91,141,139,48
20224,A,골목상권,3110857,미성동주민센터,1238,578,660,17,154,236,276,322,233,13,73,114,121,124,133,4,81,122,155,198,100
20224,A,골목상권,3110875,보라매동주민센터(당곡고등학교),940,526,414,2,104,162,206,235,231,0,48,85,103,128,162,2,56,77,103,107,69
20224,A,골목상권,3110891,구암초등학교,1342,607,735,0,232,374,420,224,92,0,68,168,205,117,49,0,164,206,215,107,43
20224,A,골목상권,3110944,서울나래학교(염곡어린이공원),1156,798,358,10,148,272,221,240,265,8,109,212,164,151,154,2,39,60,57,89,111
20224,A,골목상권,3110942,염곡동 구룡사(포이동성당),13415,8394,5021,55,2287,3724,3222,2573,1554,26,1169,2292,2042,1698,1167,29,1118,1432,1180,875,387
20224,A,골목상권,3110920,방배역 2번(백석예술대학교),5016,3055,1961,91,1042,1259,931,793,900,26,459,731,622,507,710,65,583,528,309,286,190
20224,A,골목상권,3110910,내방역 5번,6436,3785,2651,20,1118,1455,1481,1224,1138,10,430,857,865,759,864,10,688,598,616,465,274
20224,A,골목상권,3110906,서문여고,11702,5247,6455,16,2248,2996,3566,2017,859,4,688,1244,1668,1074,569,12,1560,1752,1898,943,290
20224,A,골목상권,3110932,서울시인재개발원,4209,2306,1903,8,1038,1226,942,667,328,6,350,687,621,424,218,2,688,539,321,243,110
20224,A,골목상권,3110930,서초동성당,32660,17166,15494,63,6180,7719,7177,9753,1768,35,2030,3676,3572,6555,1298,28,4150,4043,3605,3198,470
20224,A,골목상권,3110931,삼성전자서울R&D(서울우면초등학교),211,106,105,0,53,63,49,28,18,0,20,37,22,17,10,0,33,26,27,11,8
20224,A,골목상권,3110938,바우뫼공원,4722,3197,1525,17,814,1339,1276,836,440,8,422,921,904,581,361,9,392,418,372,255,79
20224,A,골목상권,3110943,법제교육센터(버들어린이공원),5935,3672,2263,18,851,1433,1538,1193,902,10,470,907,945,696,644,8,381,526,593,497,258
20224,A,골목상권,3110994,개포고등학교,4345,2839,1506,57,867,1222,970,768,461,24,505,806,631,503,370,33,362,416,339,265,91
20224,A,골목상권,3110988,청담역 3번,14773,6151,8622,65,3286,4402,3877,2145,998,27,1018,1851,1536,1027,692,38,2268,2551,2341,1118,306
20224,A,골목상권,3111012,석촌역 6번,3563,1857,1706,6,341,717,926,795,778,4,123,380,473,406,471,2,218,337,453,389,307
20224,A,골목상권,3111043,마천공원,1725,1113,612,1,183,389,411,423,318,0,112,251,235,271,244,1,71,138,176,152,74
20224,A,골목상권,3111045,개미어린이공원,1629,952,677,8,240,270,383,466,262,2,144,178,243,239,146,6,96,92,140,227,116
20224,A,골목상권,3111047,마천1치안센터,1130,680,450,1,120,251,299,266,193,1,60,143,171,153,152,0,60,108,128,113,41
20224,A,골목상권,3111028,문현중학교(장지역 1번),2770,1677,1093,9,489,714,682,541,335,5,271,467,421,262,251,4,218,247,261,279,84
20224,A,골목상권,3111035,오금공원(오주중학교),2277,1464,813,2,256,487,582,635,315,1,148,328,395,374,218,1,108,159,187,261,97
20224,A,골목상권,3111053,성내천어린이공원(하니사랑길),13219,9342,3877,40,1620,2605,2692,3224,3038,16,990,1785,1878,2342,2331,24,630,820,814,882,707
20224,A,골목상권,3111087,고덕중학교(고덕2동주민센터),472,171,301,0,46,83,108,137,98,0,8,31,45,43,44,0,38,52,63,94,54
20224,A,골목상권,3111083,GS강동자이아파트,2192,1281,911,3,253,379,423,595,539,3,145,235,242,299,357,0,108,144,181,296,182
20224,A,골목상권,3111074,명일역 1번,1560,927,633,3,195,368,374,356,264,2,96,213,197,225,194,1,99,155,177,131,70
20224,A,골목상권,3111056,천호태영아파트,2371,1291,1080,1,166,256,372,396,1180,0,61,99,164,203,764,1,105,157,208,193,416
20224,A,골목상권,3111061,암사역 1번,3505,1543,1962,2,374,555,668,876,1030,1,150,309,306,294,483,1,224,246,362,582,547
20224,A,골목상권,3110036,동묘앞역 3번,1190,660,530,2,181,238,291,276,202,0,47,113,169,190,141,2,134,125,122,86,61
20224,A,골목상권,3110034,창신1동주민센터,1885,871,1014,8,319,394,521,412,231,7,104,157,206,228,169,1,215,237,315,184,62
20224,A,골목상권,3110028,이화달팽이길,3695,2004,1691,7,657,966,880,710,475,3,229,479,515,444,334,4,428,487,365,266,141
20224,A,골목상권,3110014,경복고등학교,1637,871,766,2,154,436,502,373,170,2,50,215,274,204,126,0,104,221,228,169,44
20224,A,골목상권,3110001,이북5도청사,3311,2335,976,10,598,774,665,978,286,6,331,504,493,810,191,4,267,270,172,168,95
20224,A,골목상권,3110286,한성대입구역 5번,4861,2170,2691,20,736,1306,1268,999,532,9,240,613,591,455,262,11,496,693,677,544,270
20224,A,골목상권,3110283,성북초등학교앞,2067,1295,772,12,288,580,641,380,166,8,150,391,427,218,101,4,138,189,214,162,65
20224,A,골목상권,3110039,회현역 1번,23622,11623,11999,133,4395,7509,7184,3821,580,38,1547,3599,3487,2668,284,95,2848,3910,3697,1153,296
20224,A,골목상권,3110285,홍대부중,2796,1807,989,11,479,748,779,536,243,6,237,471,486,420,187,5,242,277,293,116,56
20224,A,골목상권,3110053,청구역 1번,1887,973,914,1,292,413,473,444,264,0,94,203,258,251,167,1,198,210,215,193,97
20224,A,골목상권,3110040,중구회현체육센터(정화예술대남산캠퍼스),15872,7161,8711,64,2309,4970,5377,2758,394,8,703,2069,2118,2073,190,56,1606,2901,3259,685,204
20224,A,골목상권,3110069,숙대입구,5692,2925,2767,14,842,1738,1501,985,612,6,238,745,833,646,457,8,604,993,668,339,155
20224,A,골목상권,3110077,삼광초등학교,1617,1102,515,8,162,358,490,381,218,7,93,234,360,254,154,1,69,124,130,127,64
20224,A,골목상권,3110072,열정도,1822,1125,697,9,264,375,438,367,369,3,123,236,278,230,255,6,141,139,160,137,114
20224,A,골목상권,3110059,새남터성지,2836,1935,901,8,404,789,837,608,190,3,181,500,636,477,138,5,223,289,201,131,52
20224,A,골목상권,3110095,한강진역 3번,5622,3227,2395,35,1349,2001,1256,664,317,20,544,1116,858,496,193,15,805,885,398,168,124
20224,A,골목상권,3110097,한남초등학교,5721,3746,1975,12,1028,2374,1313,590,404,7,478,1484,985,454,338,5,550,890,328,136,66
20224,A,골목상권,3110106,금북초등학교,123,49,74,0,15,25,38,29,16,0,2,11,13,12,11,0,13,14,25,17,5
20224,A,골목상권,3110103,옥수터널,545,284,261,1,45,141,155,157,46,0,17,64,87,85,31,1,28,77,68,72,15
20224,A,골목상권,3110137,성수초등학교,14338,9448,4890,60,2205,3717,3817,2875,1664,46,1146,2457,2601,1900,1298,14,1059,1260,1216,975,366
20224,A,골목상권,3110138,송정체육공원,2546,1233,1313,1,395,634,646,528,342,0,147,319,328,219,220,1,248,315,318,309,122
20224,A,골목상권,3110150,중곡1동 마을마당,5687,2821,2866,84,1470,1113,1132,1310,578,30,642,611,577,542,419,54,828,502,555,768,159
20224,A,골목상권,3110175,푸른동산공원,7435,3844,3591,8,711,1236,1667,2238,1575,4,374,802,970,930,764,4,337,434,697,1308,811
20224,A,골목상권,3110177,동의초등학교,1191,614,577,1,140,224,315,322,189,0,46,118,168,160,122,1,94,106,147,162,67
20224,A,골목상권,3110146,신자초등학교,2819,2113,706,7,317,659,835,751,250,3,224,506,625,563,192,4,93,153,210,188,58
20224,A,골목상권,3110195,동대문구청,3806,1797,2009,5,412,804,896,1082,607,3,155,327,374,598,340,2,257,477,522,484,267
20224,A,골목상권,3110201,전농119안전센터,669,454,215,0,93,145,215,139,77,0,61,94,144,99,56,0,32,51,71,40,21
20224,A,골목상권,3110189,제기동역 1번,4287,2552,1735,8,675,1174,895,684,851,2,252,688,568,412,630,6,423,486,327,272,221
20224,A,골목상권,3110215,회기역 1번,2285,799,1486,3,612,739,515,282,134,1,114,254,199,124,107,2,498,485,316,158,27
20224,A,골목상권,3110224,외대앞역 2번,1271,746,525,3,119,240,371,332,206,1,48,142,229,232,94,2,71,98,142,100,112
20224,A,골목상권,3110214,경희대후문,3212,1375,1837,1,688,904,837,553,229,1,133,324,406,334,177,0,555,580,431,219,52
20224,A,골목상권,3110334,석관중앙교회,1188,720,468,0,136,249,282,330,191,0,69,127,145,232,147,0,67,122,137,98,44
20224,A,골목상권,3110232,동대부고,2450,1295,1155,3,270,438,601,702,436,1,110,219,302,355,308,2,160,219,299,347,128
20224,A,골목상권,3110190,고대앞사거리,2811,1514,1297,5,408,813,812,528,245,2,171,410,436,326,169,3,237,403,376,202,76
20224,A,골목상권,3110196,홍릉근린공원,813,501,312,1,63,163,273,228,85,1,32,79,174,139,76,0,31,84,99,89,9
20224,A,골목상권,3110312,안암역 2번,1646,844,802,1,199,449,557,333,107,0,70,193,307,200,74,1,129,256,250,133,33
20224,A,골목상권,3110222,회기역 2번,2106,1033,1073,1,371,448,535,549,202,0,86,231,303,298,115,1,285,217,232,251,87
20224,A,골목상권,3110273,장스여성병원,1451,933,518,9,121,171,256,458,436,1,29,69,134,320,380,8,92,102,122,138,56
20224,A,골목상권,3110260,면목역 3번,2350,1372,978,3,344,558,668,508,269,0,147,374,336,286,229,3,197,184,332,222,40
20224,A,골목상권,3110238,배꽃어린이공원,1298,1025,273,1,203,312,289,312,181,1,146,248,219,268,143,0,57,64,70,44,38
20224,A,골목상권,3110257,상봉역 7번,1447,1068,379,2,86,174,301,412,472,1,40,93,179,332,423,1,46,81,122,80,49
20224,A,골목상권,3110239,중랑역 2번,478,213,265,1,58,81,106,116,116,0,23,34,39,50,67,1,35,47,67,66,49
20224,A,골목상권,3110294,서경대학교,1909,1071,838,1,218,284,476,532,398,0,68,128,255,335,285,1,150,156,221,197,113
20224,A,골목상권,3110316,숭곡초등학교,3255,1971,1284,7,264,440,671,666,1207,6,113,208,325,382,937,1,151,232,346,284,270
20224,A,골목상권,3110303,성신여대입구역 1번,1418,675,743,8,188,301,315,361,245,3,62,134,147,190,139,5,126,167,168,171,106
20224,A,골목상권,3110293,삼선중학교,15384,8771,6613,60,2292,3733,4993,2745,1561,27,1049,2116,3024,1840,715,33,1243,1617,1969,905,846
20224,A,골목상권,3110305,보문역 5번,6037,4718,1319,11,742,2042,1228,1245,769,5,463,1703,1006,1012,529,6,279,339,222,233,240
20224,A,골목상권,3110331,돌곶이역 8번,1135,748,387,4,137,251,271,224,248,0,50,166,174,147,211,4,87,85,97,77,37
20224,A,골목상권,3110423,석계역 2번,1311,574,737,4,152,235,386,321,213,2,65,110,173,127,97,2,87,125,213,194,116
20224,A,골목상권,3110319,종암동주민센터,1893,933,960,3,270,388,460,529,243,1,103,217,229,277,106,2,167,171,231,252,137
20224,A,골목상권,3110322,장위1동주민센터,871,527,344,2,161,181,190,183,154,1,77,118,116,111,104,1,84,63,74,72,50
20224,A,골목상권,3110361,삼양사거리역 1번,993,499,494,2,47,112,177,256,399,1,14,50,90,149,195,1,33,62,87,107,204
20224,A,골목상권,3110364,미아역 8번,1531,881,650,2,169,302,433,416,209,1,79,160,252,251,138,1,90,142,181,165,71
20224,A,골목상권,3110360,수유초등학교,2034,877,1157,5,275,331,439,521,463,1,65,139,157,219,296,4,210,192,282,302,167
20224,A,골목상권,3110381,번동주공2단지,791,418,373,5,81,172,201,218,114,4,26,69,100,134,85,1,55,103,101,84,29
20224,A,골목상권,3110363,송천동주민센터,409,210,199,2,30,68,123,98,88,1,8,30,50,50,71,1,22,38,73,48,17
20224,A,골목상권,3110371,삼양입구사거리,930,529,401,1,86,197,218,253,175,1,33,94,108,159,134,0,53,103,110,94,41
20224,A,골목상권,3110374,송중초등학교,1719,817,902,7,155,286,471,442,358,6,44,101,191,221,254,1,111,185,280,221,104
20224,A,골목상권,3110357,가오리역 1번,2168,1460,708,1,94,117,339,588,1029,0,22,54,236,446,702,1,72,63,103,142,327
20224,A,골목상권,3110340,인수중학교,1210,779,431,6,158,254,272,328,192,6,80,172,168,192,161,0,78,82,104,136,31
20224,A,골목상권,3110341,북한산우이역 2번,566,439,127,0,22,43,96,273,132,0,5,15,59,245,115,0,17,28,37,28,17
20224,A,골목상권,3110390,방학초등학교,1597,753,844,3,167,399,387,400,241,2,55,196,185,170,145,1,112,203,202,230,96
20224,A,골목상권,3110408,가인초등학교,5003,3437,1566,5,529,1188,1209,961,1111,3,315,894,903,569,753,2,214,294,306,392,358
20224,A,골목상권,3110433,공릉역 2번,3355,1631,1724,8,286,413,725,1012,911,3,111,214,339,463,501,5,175,199,386,549,410
20224,A,골목상권,3110462,갈현건영아파트,1644,949,695,7,239,380,374,357,287,5,127,224,218,183,192,2,112,156,156,174,95
20224,A,골목상권,3110468,응암역 3번,3641,1667,1974,6,385,681,1020,975,574,1,133,299,452,447,335,5,252,382,568,528,239
20224,A,골목상권,3110478,응암1동주민센터,2441,1361,1080,5,214,382,537,597,706,3,104,189,272,292,501,2,110,193,265,305,205
20224,A,골목상권,3110481,불광역 7번,1180,586,594,2,144,250,312,287,185,2,57,126,153,135,113,0,87,124,159,152,72
20224,A,골목상권,3110443,수색역 1번,216,134,82,0,17,25,57,64,53,0,8,14,33,40,39,0,9,11,24,24,14
20224,A,골목상권,3110463,응암3동주민센터,974,399,575,1,102,172,257,281,161,0,35,51,90,125,98,1,67,121,167,156,63
20224,A,골목상권,3110459,응암역 2번,3086,1443,1643,3,303,575,877,817,511,0,113,267,388,352,323,3,190,308,489,465,188
20224,A,골목상권,3110495,북가좌2동주민센터,3425,1703,1722,7,515,851,808,729,515,3,154,458,454,363,271,4,361,393,354,366,244
20224,A,골목상권,3110507,명지대학교,3062,2160,902,30,511,879,694,667,281,27,328,632,494,452,227,3,183,247,200,215,54
20224,A,골목상권,3110584,아현역 4번,1154,595,559,2,327,402,209,121,93,1,129,232,107,64,62,1,198,170,102,57,31
20224,A,골목상권,3110528,서울여자간호대학교,7567,1522,6045,6,217,511,2006,3643,1184,1,75,158,342,456,490,5,142,353,1664,3187,694
20224,A,골목상권,3110556,절두산순교성지,1036,634,402,3,129,274,296,242,92,3,52,152,183,174,70,0,77,122,113,68,22
20224,A,골목상권,3110580,양원초등학교,498,212,286,1,65,95,130,125,82,0,16,34,56,63,43,1,49,61,74,62,39
20224,A,골목상권,3110545,마포구청역 1번,2002,1003,999,13,262,386,532,510,299,6,101,203,265,254,174,7,161,183,267,256,125
20224,A,골목상권,3110568,광흥창역 1번,1865,940,925,2,319,532,473,379,160,0,93,278,268,220,81,2,226,254,205,159,79
20224,A,골목상권,3110622,달마을공원,3703,2251,1452,3,469,828,1090,957,356,2,224,483,702,584,256,1,245,345,388,373,100
20224,A,골목상권,3110675,화곡4동주민센터,2797,1278,1519,5,643,758,578,544,269,4,133,328,273,318,222,1,510,430,305,226,47
20224,A,골목상권,3110672,백석중학교,3412,1929,1483,2,392,661,820,891,646,1,172,329,509,533,385,1,220,332,311,358,261
20224,A,골목상권,3110601,신월1동우편취급국,2705,1819,886,9,277,464,638,855,462,4,152,304,424,572,363,5,125,160,214,283,99
20224,A,골목상권,3110609,신정네거리역 2번,3128,2387,741,7,203,302,527,602,1487,2,96,167,286,425,1411,5,107,135,241,177,76
20224,A,골목상권,3110598,신월문화체육센터,3588,2130,1458,4,271,421,690,983,1219,3,154,260,389,589,735,1,117,161,301,394,484
20224,A,골목상권,3110655,발산역 5번,4161,1917,2244,5,419,692,805,852,1388,3,173,359,411,358,613,2,246,333,394,494,775
20224,A,골목상권,3110652,양천향교역 2번,5355,3360,1995,14,588,1103,1158,1394,1098,8,298,697,700,851,806,6,290,406,458,543,292
20224,A,골목상권,3110630,공항시장역 1번,3398,1986,1412,9,371,571,654,788,1005,3,149,321,407,512,594,6,222,250,247,276,411
20224,A,골목상권,3110660,등촌3동주민센터,10361,5421,4940,46,1465,2249,2361,2354,1886,16,655,1444,1390,1025,891,30,810,805,971,1329,995
20224,A,골목상권,3110645,우장산역 4번,6211,3689,2522,11,755,1459,1633,1576,777,7,408,941,907,852,574,4,347,518,726,724,203
20224,A,골목상권,3110640,방화역 1번,4330,2746,1584,7,432,979,1112,1131,669,5,222,521,675,783,540,2,210,458,437,348,129
20224,A,골목상권,3110695,개봉1동주민센터,2132,1220,912,8,180,491,579,523,351,7,99,290,309,285,230,1,81,201,270,238,121
20224,A,골목상권,3110692,큰굴다리,3257,2221,1036,5,464,656,827,912,393,4,364,453,539,571,290,1,100,203,288,341,103
20224,A,골목상권,3110714,구로4동주민센터,3993,2731,1262,7,467,935,917,1103,564,4,223,587,636,850,431,3,244,348,281,253,133
20224,A,골목상권,3110715,구로구민회관,4993,2481,2512,4,601,1291,1353,1189,555,2,225,636,658,644,316,2,376,655,695,545,239
20224,A,골목상권,3110708,화원어린이공원,1274,488,786,6,311,266,296,208,187,1,66,71,108,97,145,5,245,195,188,111,42
20224,A,골목상권,3110713,구로보건소,7675,4823,2852,13,1134,1919,2115,1590,904,6,626,1277,1358,961,595,7,508,642,757,629,309
20224,A,골목상권,3110718,한국SGI본부,6477,4079,2398,33,1087,1712,1798,1241,606,26,598,1087,1157,798,413,7,489,625,641,443,193
20224,A,골목상권,3110707,구로창업지원센터,5470,4040,1430,11,555,1651,1506,1116,631,9,302,1244,1178,827,480,2,253,407,328,289,151
20224,A,골목상권,3110727,독산역 1번 출입구,3120,2126,994,18,378,675,804,825,420,18,221,481,534,577,295,0,157,194,270,248,125
20224,A,골목상권,3110726,금천철쭉어린이공원(금하마을),1222,795,427,13,185,229,245,307,243,11,116,157,160,167,184,2,69,72,85,140,59
20224,A,골목상권,3110738,문성초등학교,2470,1462,1008,12,359,479,571,602,447,3,208,314,345,327,265,9,151,165,226,275,182
20224,A,골목상권,3110744,독산동성당,2100,1247,853,1,190,325,415,592,577,0,116,185,232,327,387,1,74,140,183,265,190
20224,A,골목상권,3110754,삼성산자연공원(서울금천초등학교),1854,1031,823,19,228,370,484,441,312,12,101,240,284,208,186,7,127,130,200,233,126
20224,A,골목상권,3110734,금천파출소,1807,760,1047,8,475,533,360,289,142,3,200,263,141,92,61,5,275,270,219,197,81
20224,A,골목상권,3110747,석수역 1번 출입구,1082,802,280,4,73,141,239,286,339,4,48,101,156,202,291,0,25,40,83,84,48
20224,A,골목상권,3110819,신대방역 4번,5159,3199,1960,20,841,1350,1310,962,676,14,426,897,852,558,452,6,415,453,458,404,224
20224,A,골목상권,3110781,대림한신아파트,2145,1183,962,3,313,387,472,543,427,0,106,213,256,304,304,3,207,174,216,239,123
20224,A,골목상권,3110776,도신초등학교,4342,3047,1295,14,543,1061,1275,922,527,5,283,767,959,627,406,9,260,294,316,295,121
20224,A,골목상권,3110798,신풍역 2번,1786,1078,708,7,160,456,560,380,223,6,95,279,287,241,170,1,65,177,273,139,53
20224,A,골목상권,3110792,영등포역 2번,4524,2496,2028,35,680,1023,1028,1131,627,16,283,485,583,698,431,19,397,538,445,433,196
20224,A,골목상권,3110756,문래중학교,1572,1015,557,2,185,356,383,362,284,0,97,271,248,213,186,2,88,85,135,149,98
20224,A,골목상권,3110801,신풍역 6번(신길6동공영주차장),245,84,161,1,32,37,52,64,59,0,1,12,15,24,32,1,31,25,37,40,27
20224,A,골목상권,3110812,신길6동주민센터,2401,1555,846,4,382,558,565,498,394,3,189,346,367,345,305,1,193,212,198,153,89
20224,A,골목상권,3110811,보라매역 4번,1485,937,548,4,212,413,375,284,197,3,100,268,233,183,150,1,112,145,142,101,47
20224,A,골목상권,3110820,성남고등학교,4803,3512,1291,4,807,999,907,1587,499,3,498,725,655,1252,379,1,309,274,252,335,120
20224,A,골목상권,3110800,영등포동성당,4742,2638,2104,14,1219,1149,1000,824,536,6,385,590,637,579,441,8,834,559,363,245,95
20224,A,골목상권,3110806,서울시립영등포장애인복지관,2220,1555,665,16,339,498,524,501,342,8,181,328,388,376,274,8,158,170,136,125,68
20224,A,골목상권,3110839,숭실대입구역 4번,3303,2046,1257,2,371,954,1107,622,247,1,177,536,682,434,216,1,194,418,425,188,31
20224,A,골목상권,3110833,상도역 2번,1336,685,651,6,207,356,332,277,158,2,88,215,184,115,81,4,119,141,148,162,77
20224,A,골목상권,3110876,서원동주민센터(신관중학교),1010,458,552,0,95,206,235,294,180,0,31,95,124,113,95,0,64,111,111,181,85
20224,A,골목상권,3110889,봉천역 6번,1263,796,467,1,114,181,251,361,355,0,57,94,152,270,223,1,57,87,99,91,132
20224,A,골목상권,3110901,인헌고등학교(인헌중학교),1830,934,896,7,276,482,543,370,152,4,127,251,267,170,115,3,149,231,276,200,37
20224,A,골목상권,3110919,내방역 8번,17656,12077,5579,47,2980,5187,5004,3205,1233,19,1390,3288,3826,2627,927,28,1590,1899,1178,578,306
20224,A,골목상권,3110908,구반포역,8972,4814,4158,21,1548,2263,2440,2159,541,21,607,1187,1452,1153,394,0,941,1076,988,1006,147
20224,A,골목상권,3110916,내방역 4번,9127,6122,3005,73,1885,2725,2144,1385,915,60,1124,1946,1492,851,649,13,761,779,652,534,266
20224,A,골목상권,3110914,내방역 6번,6099,3888,2211,13,1069,1570,1366,1162,919,9,527,958,903,780,711,4,542,612,463,382,208
20224,A,골목상권,3110981,국악고교사거리,4814,3009,1805,11,674,1061,1231,1002,835,3,342,675,767,584,638,8,332,386,464,418,197
20224,A,골목상권,3110952,논현목련공원,6619,4360,2259,19,1063,1760,1774,1271,732,13,616,1186,1215,839,491,6,447,574,559,432,241
20224,A,골목상권,3110953,학동근린공원,21063,12969,8094,82,5828,6708,4428,2577,1440,26,2619,4180,3209,1850,1085,56,3209,2528,1219,727,355
20224,A,골목상권,3110968,강남구청역 2번,13705,8449,5256,49,2620,3694,3410,2525,1407,16,1163,2112,2388,1751,1019,33,1457,1582,1022,774,388
20224,A,골목상권,3110966,논현2동주민센터,18787,11747,7040,55,3807,5812,4775,2774,1564,16,1620,3352,3408,2154,1197,39,2187,2460,1367,620,367
20224,A,골목상권,3110973,강남구청역 4번,10030,5790,4240,39,1911,2711,2341,1849,1179,16,845,1639,1467,1073,750,23,1066,1072,874,776,429
20224,A,골목상권,3110996,대치2동주민센터,35867,16914,18953,262,6657,8765,8045,7435,4703,105,3082,5222,4330,2505,1670,157,3575,3543,3715,4930,3033
20224,A,골목상권,3110982,강남구보훈회관,4003,2221,1782,8,984,1036,920,571,484,5,350,614,590,298,364,3,634,422,330,273,120
20224,A,골목상권,3111002,한국교통안전공단 강남자동차검사소,409,194,215,0,27,74,87,129,92,0,8,39,41,58,48,0,19,35,46,71,44
20224,A,골목상권,3110987,영동대교남단,6140,4147,1993,37,1147,1773,1594,1067,522,17,553,1233,1221,750,373,20,594,540,373,317,149
20224,A,골목상권,3111022,석촌중학교(방이육교),7523,4484,3039,23,1128,1955,1970,1642,805,9,549,1248,1293,845,540,14,579,707,677,797,265
20224,A,골목상권,3111041,거여역 8번,2127,1468,659,8,544,521,474,308,272,6,288,381,370,220,203,2,256,140,104,88,69
20224,A,골목상권,3111031,장지동주민센터(한림연예예술고교),34991,27580,7411,16,3048,6307,10062,13354,2204,7,1885,4657,7895,11621,1515,9,1163,1650,2167,1733,689
20224,A,골목상권,3111014,송파나루역 2번,9836,5551,4285,11,1370,2414,2283,2319,1439,5,597,1499,1467,1202,781,6,773,915,816,1117,658
20224,A,골목상권,3111073,둔촌동역 1번(한산중학교),3288,1796,1492,11,429,739,851,706,552,8,165,384,502,371,366,3,264,355,349,335,186
20233,A,골목상권,3110217,자동차부품상가,3677,2888,789,21,732,983,868,595,478,20,576,785,687,435,385,1,156,198,181,160,93
20233,A,골목상권,3110178,장로회신학대학교,2404,1638,766,1,341,582,567,559,354,0,195,410,420,386,227,1,146,172,147,173,127
20232,A,골목상권,3110422,노원역 9번,1516,697,819,1,187,294,388,390,256,1,71,171,178,157,119,0,116,123,210,233,137
20233,A,골목상권,3110162,군자역 4번,3299,1971,1328,5,497,696,811,692,598,2,300,424,470,362,413,3,197,272,341,330,185
20233,A,골목상권,3110154,광진정말공원,1521,878,643,6,193,294,396,399,233,4,99,168,215,220,172,2,94,126,181,179,61
20233,A,골목상권,3110006,부암동주민센터,773,347,426,0,158,275,203,101,36,0,69,129,83,45,21,0,89,146,120,56,15
20233,A,골목상권,3110018,중앙고등학교,11262,8487,2775,7,1250,3853,3350,2089,713,6,649,2888,2664,1739,541,1,601,965,686,350,172
20233,A,골목상권,3110038,경향신문사,10172,7008,3164,16,1531,3252,3390,1653,330,3,695,2090,2547,1430,243,13,836,1162,843,223,87
20233,A,골목상권,3110012,성곡미술관,27735,18834,8901,37,3819,8129,8256,5229,2265,7,1836,5632,6275,3697,1387,30,1983,2497,1981,1532,878
20233,A,골목상권,3110019,창덕궁,6319,4360,1959,10,1053,2069,1767,953,467,3,559,1386,1342,701,369,7,494,683,425,252,98
20233,A,골목상권,3110052,장충초등학교,5705,3122,2583,6,827,1468,1432,1344,628,3,309,713,830,859,408,3,518,755,602,485,220
20233,A,골목상권,3110589,애오개역 3번,559,265,294,0,108,185,141,80,45,0,38,87,71,42,27,0,70,98,70,38,18
20233,A,골목상권,3110068,남영역 1번,8193,5432,2761,40,1419,2582,2050,1326,776,19,721,1609,1516,1011,556,21,698,973,534,315,220
20233,A,골목상권,3110092,NH농협은행 보광동지점,3281,2252,1029,31,523,841,877,713,296,21,277,569,627,533,225,10,246,272,250,180,71
20233,A,골목상권,3110151,자양한강도서관,2110,1470,640,7,384,424,537,519,239,4,274,300,362,348,182,3,110,124,175,171,57
20233,A,골목상권,3110171,중곡4동주민센터,2069,805,1264,3,502,500,486,436,142,1,84,182,208,224,106,2,418,318,278,212,36
20233,A,골목상권,3110218,답십리사거리,1293,747,546,6,152,258,330,326,221,5,58,132,175,207,170,1,94,126,155,119,51
20233,A,골목상권,3110225,촬영소사거리,1955,992,963,2,123,189,335,525,781,2,67,108,191,252,372,0,56,81,144,273,409
20233,A,골목상권,3110184,용두사거리,3021,1527,1494,5,599,895,617,491,414,2,203,397,289,306,330,3,396,498,328,185,84
20233,A,골목상권,3110213,청량초등학교,2045,619,1426,0,582,702,456,221,84,0,98,228,161,74,58,0,484,474,295,147,26
20233,A,골목상권,3110220,외대앞역 1번,3279,1428,1851,2,649,864,843,597,324,1,120,311,409,369,218,1,529,553,434,228,106
20233,A,골목상권,3110230,장안현대홈타운1차아파트,4180,2588,1592,14,740,1026,1066,899,435,10,450,646,636,535,311,4,290,380,430,364,124
20233,A,골목상권,3110216,전농중학교,1431,725,706,2,194,328,385,371,151,1,84,149,201,194,96,1,110,179,184,177,55
20233,A,골목상권,3110275,하나은행 망우동지점,1321,725,596,10,155,180,250,376,350,0,42,46,116,227,294,10,113,134,134,149,56
20233,A,골목상권,3110276,신내IC북측,132,100,32,0,9,22,38,38,25,0,5,19,26,32,18,0,4,3,12,6,7
20233,A,골목상권,3110240,태릉시장 특화거리,439,231,208,3,63,64,129,98,82,2,24,33,65,48,59,1,39,31,64,50,23
20233,A,골목상권,3110299,정릉역 1번,1824,844,980,4,260,396,436,423,305,0,53,150,161,238,242,4,207,246,275,185,63
20233,A,골목상권,3110302,보문역 8번,5898,4601,1297,6,635,1951,1314,1333,659,2,343,1589,1089,1123,455,4,292,362,225,210,204
20233,A,골목상권,3110083,서빙고역 1번,6594,4364,2230,19,1375,1883,1618,1157,542,7,651,1268,1156,865,417,12,724,615,462,292,125
20233,A,골목상권,3110060,효창공원앞역 6번,6789,4650,2139,19,1230,1825,1872,1318,525,10,677,1315,1333,926,389,9,553,510,539,392,136
20233,A,골목상권,3110061,효창동주민센터,5303,3773,1530,6,882,1448,1482,1038,447,4,527,1073,1109,722,338,2,355,375,373,316,109
20233,A,골목상권,3110091,리움미술관,5605,3483,2122,16,1353,2027,1384,612,213,8,579,1155,1049,531,161,8,774,872,335,81,52
20233,A,골목상권,3110122,마장역 2번,1288,844,444,1,128,208,307,373,271,1,73,133,188,246,203,0,55,75,119,127,68
20233,A,골목상권,3110188,용두동신동아아파트,8552,6410,2142,56,940,1775,2007,2538,1236,37,653,1318,1585,1899,918,19,287,457,422,639,318
20233,A,골목상권,3110333,돌곶이역 5번,2180,1597,583,1,138,180,253,395,1213,0,72,102,152,268,1003,1,66,78,101,127,210
20233,A,골목상권,3110295,정릉우체국,2033,967,1066,2,326,405,505,478,317,0,87,174,207,267,232,2,239,231,298,211,85
20233,A,골목상권,3110290,북한산보국문역 1번,956,503,453,2,85,114,198,295,262,0,23,58,103,167,152,2,62,56,95,128,110
20233,A,골목상권,3110284,정릉북한산국립공원입구,1070,775,295,0,67,166,299,370,168,0,17,93,226,294,145,0,50,73,73,76,23
20233,A,골목상권,3110315,종암아이파크2차,19324,9933,9391,57,1503,4968,7106,5488,202,13,619,1647,3160,4363,131,44,884,3321,3946,1125,71
20233,A,골목상권,3110311,종암아이파크2차후문,18326,9454,8872,55,1387,4748,6804,5254,78,12,582,1562,3010,4226,62,43,805,3186,3794,1028,16
20233,A,골목상권,3110372,강북중학교,2235,1039,1196,1,431,564,556,464,219,1,120,285,281,229,123,0,311,279,275,235,96
20233,A,골목상권,3110355,삼양사거리역 2번,841,465,376,2,75,143,202,215,204,1,21,48,103,134,158,1,54,95,99,81,46
20233,A,골목상권,3110384,문이교,515,242,273,1,67,67,122,148,110,0,18,23,41,80,80,1,49,44,81,68,30
20233,A,골목상권,3110407,도봉역 2번,1737,1230,507,2,79,213,329,569,545,1,27,108,185,426,483,1,52,105,144,143,62
20233,A,골목상권,3110405,방학역 1번,2828,1543,1285,6,280,510,686,856,490,5,158,343,328,348,361,1,122,167,358,508,129
20233,A,골목상권,3110412,창동중학교,926,729,197,1,32,75,129,327,362,1,15,31,69,262,351,0,17,44,60,65,11
20233,A,골목상권,3110394,방학중학교,1009,508,501,1,104,211,274,247,172,1,47,99,125,125,111,0,57,112,149,122,61
20233,A,골목상권,3110388,도봉우체국,1888,873,1015,4,412,414,447,441,170,3,100,202,209,231,128,1,312,212,238,210,42
20233,A,골목상권,3110442,화랑대철도공원,516,235,281,2,52,82,125,173,82,2,27,35,48,69,54,0,25,47,77,104,28
20233,A,골목상권,3110424,상계초등학교,1733,729,1004,5,214,302,436,475,301,5,84,152,179,184,125,0,130,150,257,291,176
20233,A,골목상권,3110431,상계역,1287,621,666,3,148,275,353,314,194,0,43,131,187,139,121,3,105,144,166,175,73
20233,A,골목상권,3110437,당고개역 2번,1939,1463,476,1,93,154,435,765,491,0,35,83,301,619,425,1,58,71,134,146,66
20233,A,골목상권,3110439,당고개역 5번,1564,1295,269,1,57,95,313,641,457,0,18,56,256,564,401,1,39,39,57,77,56
20233,A,골목상권,3110440,상계3동4동주민센터,169,56,113,0,26,25,43,40,35,0,8,5,11,16,16,0,18,20,32,24,19
20233,A,골목상권,3110420,광운대역 1번,1471,830,641,9,301,445,400,204,112,2,145,305,217,102,59,7,156,140,183,102,53
20233,A,골목상권,3110467,은평요양병원,1379,737,642,5,189,335,332,289,229,4,86,184,174,140,149,1,103,151,158,149,80
20233,A,골목상권,3110454,선정중학교,2790,1775,1015,7,272,500,645,930,436,3,129,261,343,687,352,4,143,239,302,243,84
20233,A,골목상권,3110447,구산초등학교,1598,1138,460,2,95,229,339,680,253,0,42,106,199,571,220,2,53,123,140,109,33
20233,A,골목상권,3110466,구산역 2번,1798,899,899,10,243,407,457,413,268,2,80,171,240,218,188,8,163,236,217,195,80
20233,A,골목상권,3110444,수색성당,1892,1313,579,0,137,252,283,320,900,0,54,128,127,184,820,0,83,124,156,136,80
20233,A,골목상권,3110453,신사1동주민센터,1978,1132,846,1,218,408,518,480,353,1,127,200,295,268,241,0,91,208,223,212,112
20233,A,골목상권,3110448,상신초등학교입구,1073,613,460,3,129,216,240,258,227,1,83,123,122,132,152,2,46,93,118,126,75
20233,A,골목상권,3110498,증산역 1번,2535,1338,1197,4,342,517,554,649,469,2,109,293,309,322,303,2,233,224,245,327,166
20233,A,골목상권,3110510,홍연시장,2641,1768,873,55,777,683,448,457,221,30,445,554,273,293,173,25,332,129,175,164,48
20233,A,골목상권,3110553,가좌역 2번,1511,856,655,3,170,321,388,384,245,2,77,175,235,224,143,1,93,146,153,160,102
20233,A,골목상권,3110496,모래내우체국,1812,822,990,7,281,445,449,349,281,4,85,208,221,148,156,3,196,237,228,201,125
20233,A,골목상권,3110505,홍남교남측,2126,1435,691,49,700,599,355,283,140,26,407,498,226,172,106,23,293,101,129,111,34
20233,A,골목상권,3110506,연희임광아파트,1391,746,645,2,205,313,340,335,196,2,93,209,169,157,116,0,112,104,171,178,80
20233,A,골목상권,3110529,홍제3동주민센터,1091,564,527,4,122,140,206,257,362,1,44,66,95,138,220,3,78,74,111,119,142
20233,A,골목상권,3110521,홍제역 4번,1109,612,497,3,108,134,316,391,157,1,30,70,168,242,101,2,78,64,148,149,56
20233,A,골목상권,3110542,마포구청역 7번,5558,3298,2260,20,707,1052,1202,1656,921,11,378,760,825,770,554,9,329,292,377,886,367
20233,A,골목상권,3110561,상수역 4번,2460,1498,962,31,569,746,545,348,221,20,264,444,364,239,167,11,305,302,181,109,54
20233,A,골목상권,3110552,성미산체육관,2995,1818,1177,8,379,652,778,730,448,4,185,366,457,506,300,4,194,286,321,224,148
20233,A,골목상권,3110570,KB국민은행 서강지점,1410,826,584,7,199,376,380,261,187,7,100,222,201,154,142,0,99,154,179,107,45
20233,A,골목상권,3110620,목동보건지소,3652,1851,1801,7,412,863,1018,883,469,5,182,474,447,423,320,2,230,389,571,460,149
20233,A,골목상권,3110624,목동문화체육센터,1670,856,814,1,264,453,486,298,168,1,140,240,200,155,120,0,124,213,286,143,48
20233,A,골목상권,3110613,신정네거리역 4번,532,258,274,0,62,116,114,119,121,0,13,47,48,66,84,0,49,69,66,53,37
20233,A,골목상권,3110626,양화초등학교,3807,2364,1443,4,517,846,1106,938,396,3,219,458,758,652,274,1,298,388,348,286,122
20233,A,골목상권,3110606,신한은행 신월동지점,2588,1783,805,3,138,296,550,822,779,1,58,158,318,568,680,2,80,138,232,254,99
20233,A,골목상권,3110646,푸른들청소년도서관,6554,3939,2615,12,861,1499,1624,1593,965,9,445,957,950,890,688,3,416,542,674,703,277
20233,A,골목상권,3110706,그라운드 고척,2411,1613,798,2,310,586,628,638,247,2,161,381,415,463,191,0,149,205,213,175,56
20233,A,골목상권,3110701,고척동성당,2031,1278,753,7,310,414,454,523,323,1,176,260,284,305,252,6,134,154,170,218,71
20233,A,골목상권,3110657,양천향교역 5번,8471,5307,3164,17,1024,2088,2090,1892,1360,11,513,1206,1353,1162,1062,6,511,882,737,730,298
20233,A,골목상권,3110648,양천향교역 7번,4059,2626,1433,14,469,835,925,929,887,10,238,536,594,535,713,4,231,299,331,394,174
20233,A,골목상권,3110671,등촌1동주민센터,10403,6389,4014,31,1969,2531,2337,1997,1538,18,787,1620,1611,1312,1041,13,1182,911,726,685,497
20233,A,골목상권,3110658,화곡초등학교,3192,1856,1336,2,811,765,628,538,448,0,270,453,376,381,376,2,541,312,252,157,72
20233,A,골목상권,3110668,화곡2동주민센터,3004,1684,1320,10,406,790,822,630,346,7,198,431,436,373,239,3,208,359,386,257,107
20233,A,골목상권,3110721,가리봉파출소,9719,6601,3118,27,1764,3184,2464,1435,845,13,942,2250,1830,926,640,14,822,934,634,509,205
20233,A,골목상권,3110703,개봉역,8618,4789,3829,41,1381,2048,1932,2036,1180,22,796,1309,965,946,751,19,585,739,967,1090,429
20233,A,골목상권,3110693,오류동역 4번,2696,1879,817,4,369,515,637,750,421,3,300,366,437,480,293,1,69,149,200,270,128
20233,A,골목상권,3110709,구로119안전센터,1187,559,628,4,117,165,257,381,263,2,53,88,142,137,137,2,64,77,115,244,126
20233,A,골목상권,3110716,구로나눔길,4822,2652,2170,7,579,1315,1117,1252,552,3,265,697,592,776,319,4,314,618,525,476,233
20233,A,골목상권,3110769,대림차이나타운(대림역 12번),1954,1208,746,5,121,251,393,460,724,3,75,164,232,290,444,2,46,87,161,170,280
20233,A,골목상권,3110761,문래동남성맨션,1158,827,331,2,91,236,304,299,226,1,64,159,218,197,188,1,27,77,86,102,38
20233,A,골목상권,3110741,독산2동주민센터,1504,811,693,3,175,295,351,425,255,2,91,145,170,215,188,1,84,150,181,210,67
20233,A,골목상권,3110859,난향초등학교,512,230,282,1,45,111,154,119,82,0,3,44,63,56,64,1,42,67,91,63,18
20233,A,골목상권,3110789,대림성모병원,3410,1458,1952,2,996,845,702,539,326,2,257,378,363,264,194,0,739,467,339,275,132
20233,A,골목상권,3110780,신길대성유니드아파트,1394,925,469,1,137,277,365,360,254,1,88,167,227,235,207,0,49,110,138,125,47
20233,A,골목상권,3110772,신우어린이공원,1405,839,566,1,221,295,338,329,221,0,93,177,214,205,150,1,128,118,124,124,71
20233,A,골목상권,3110785,영등포푸르지오아파트,2009,1361,648,6,207,449,544,471,332,4,93,298,379,338,249,2,114,151,165,133,83
20233,A,골목상권,3110787,신길3동주민센터,1010,595,415,3,99,199,285,264,160,3,47,107,166,160,112,0,52,92,119,104,48
20233,A,골목상권,3110758,문래소공원,14709,7623,7086,103,3376,3787,3217,3111,1115,31,1541,2760,1604,829,858,72,1835,1027,1613,2282,257
20233,A,골목상권,3110815,공군호텔,3580,1559,2021,5,645,846,827,727,530,0,194,396,377,297,295,5,451,450,450,430,235
20233,A,골목상권,3110808,신길역 1번,1130,445,685,0,100,235,310,302,183,0,32,108,122,98,85,0,68,127,188,204,98
20233,A,골목상권,3110804,신풍역 1번,1741,798,943,1,169,357,520,405,289,0,76,149,168,199,206,1,93,208,352,206,83
20233,A,골목상권,3110832,노량진초등학교,4040,2156,1884,1,568,1114,970,953,434,0,307,514,509,572,254,1,261,600,461,381,180
20233,A,골목상권,3110822,신대방삼거리역 4번(대림초등학교),2751,1560,1191,2,363,614,588,613,571,0,112,362,360,362,364,2,251,252,228,251,207
20233,A,골목상권,3110850,사당역 10번,7894,4180,3714,14,1345,2053,2169,1428,885,5,442,1014,1153,889,677,9,903,1039,1016,539,208
20233,A,골목상권,3110125,사근동살곶이상점가,304,167,137,2,52,66,90,59,35,2,21,32,48,39,25,0,31,34,42,20,10
20233,A,골목상권,3110907,방배초등학교,7536,4093,3443,28,1176,1611,1757,1598,1366,16,482,896,974,820,905,12,694,715,783,778,461
20233,A,골목상권,3110886,관악해태어린이공원,1445,959,486,3,127,237,384,457,237,1,51,115,248,345,199,2,76,122,136,112,38
20233,A,골목상권,3110870,신림주공2단지(광신고등학교),926,524,402,2,74,142,244,279,185,0,27,71,123,158,145,2,47,71,121,121,40
20233,A,골목상권,3110888,청룡동주민센터,1962,823,1139,4,400,564,469,301,224,0,83,193,220,164,163,4,317,371,249,137,61
20233,A,골목상권,3110880,신림역 1번,1885,706,1179,2,469,465,373,346,230,1,114,169,180,115,127,1,355,296,193,231,103
20233,A,골목상권,3110896,관악우성아파트,736,263,473,3,103,109,175,206,140,2,34,34,61,79,53,1,69,75,114,127,87
20233,A,골목상권,3110948,헌인가구단지,57,27,30,0,5,24,14,11,3,0,4,12,6,2,3,0,1,12,8,9,0
20233,A,골목상권,3110921,서울프랑스학교,78980,73122,5858,28,7548,16129,20976,31809,2490,12,6231,14222,19329,31052,2276,16,1317,1907,1647,757,214
20233,A,골목상권,3110912,방배동사이길,10864,6872,3992,39,2280,3332,2614,1988,611,11,836,2031,1921,1590,483,28,1444,1301,693,398,128
20233,A,골목상권,3110933,한국상담대학원대학교,5166,2935,2231,17,1332,1552,1139,789,337,4,500,976,763,474,218,13,832,576,376,315,119
20233,A,골목상권,3110935,한전아트센터,15447,13162,2285,22,2512,5659,3695,2968,591,17,1823,4896,3229,2703,494,5,689,763,466,265,97
20233,A,골목상권,3110984,포이초등학교(개포목련어린이공원),3582,2150,1432,4,498,767,882,784,647,1,250,501,486,430,482,3,248,266,396,354,165
20233,A,골목상권,3110978,도곡2동주민센터(대치중학교),9979,6980,2999,40,2087,3214,2294,1200,1144,23,1136,2370,1884,909,658,17,951,844,410,291,486
20233,A,골목상권,3110971,선정릉역 4번,19901,10561,9340,56,4117,6246,4806,2922,1754,20,1411,3453,2772,1734,1171,36,2706,2793,2034,1188,583
20233,A,골목상권,3110974,언주중학교,8256,5430,2826,32,1847,2573,1708,1193,903,20,851,1532,1318,975,734,12,996,1041,390,218,169
20233,A,골목상권,3110975,매봉역 1번,20752,14192,6560,76,4365,5383,5577,4328,1023,51,2288,3472,4126,3439,816,25,2077,1911,1451,889,207
20233,A,골목상권,3111040,거여초등학교,2357,1472,885,10,310,602,594,522,319,9,179,402,365,295,222,1,131,200,229,227,97
20233,A,골목상권,3111026,문정역 2번,5159,3277,1882,8,771,1232,1312,1131,705,3,429,810,876,634,525,5,342,422,436,497,180
20233,A,골목상권,3111017,송파나루역 3번,3628,2432,1196,16,792,796,869,755,400,11,460,537,585,527,312,5,332,259,284,228,88
20233,A,골목상권,3111010,석촌역 7번,7142,5058,2084,9,802,1620,1617,1242,1852,6,441,1150,1102,793,1566,3,361,470,515,449,286
20233,A,골목상권,3111034,오동나무공원(송파레미니스1단지),3543,2415,1128,7,500,770,849,906,511,6,300,543,575,584,407,1,200,227,274,322,104
20233,A,골목상권,3111030,방이역 2번,20738,15418,5320,18,2658,5004,5332,4928,2798,6,1628,3495,4144,4200,1945,12,1030,1509,1188,728,853
20233,A,골목상권,3111085,묘곡초등학교(고덕아이파크아파트),1513,784,729,0,146,290,369,382,326,0,61,149,169,194,211,0,85,141,200,188,115
20233,A,골목상권,3111077,길동주민센터(강동도서관),6406,3327,3079,16,671,1129,1499,1694,1397,9,330,650,809,710,819,7,341,479,690,984,578
20233,A,골목상권,3111076,둔촌2동주민센터,2137,1170,967,3,262,433,458,484,497,1,104,223,250,249,343,2,158,210,208,235,154
20233,A,골목상권,3111080,굽은다리역 3번,1729,778,951,2,186,308,401,447,385,0,66,164,188,178,182,2,120,144,213,269,203
20233,A,골목상권,3110536,돈의문센트레빌아파트입구,1695,833,862,1,260,434,449,376,175,1,78,212,254,177,111,0,182,222,195,199,64
20233,A,골목상권,3110029,동대문역 1번,1644,738,906,3,231,331,381,390,308,1,67,127,179,186,178,2,164,204,202,204,130
20233,A,골목상권,3110037,신설동역 12번,6845,2610,4235,8,686,1039,1229,1827,2056,0,200,462,558,454,936,8,486,577,671,1373,1120
20233,A,골목상권,3110021,성균관대학교,1380,854,526,13,176,218,316,344,313,11,77,113,213,233,207,2,99,105,103,111,106
20233,A,골목상권,3110067,배문고등학교,6040,2831,3209,9,1156,1772,1294,977,832,3,287,644,651,605,641,6,869,1128,643,372,191
20233,A,골목상권,3110050,약수역 7번,1836,960,876,2,250,436,467,418,263,2,91,213,281,223,150,0,159,223,186,195,113
20233,A,골목상권,3110056,신당역 3번,2607,1426,1181,6,401,693,647,505,355,6,185,356,340,292,247,0,216,337,307,213,108
20233,A,골목상권,3110042,남산골공원옆,3487,1845,1642,11,347,719,1132,882,396,6,133,341,523,568,274,5,214,378,609,314,122
20233,A,골목상권,3110090,한국폴리텍대학서울정수캠퍼스,6854,4231,2623,17,1075,2196,2359,934,273,8,504,1107,1684,735,193,9,571,1089,675,199,80
20233,A,골목상권,3110088,오산고등학교,7060,4470,2590,17,1103,2335,2474,899,232,7,558,1213,1793,727,172,10,545,1122,681,172,60
20233,A,골목상권,3110087,이태원엔틱가구거리,3473,1835,1638,14,616,996,784,725,338,11,220,474,424,457,249,3,396,522,360,268,89
20233,A,골목상권,3110063,효창공원앞역 5번,2545,1665,880,15,308,566,692,530,434,12,172,383,458,344,296,3,136,183,234,186,138
20233,A,골목상권,3110058,성심여자고등학교,6811,4886,1925,22,1067,2028,1812,1308,574,7,598,1398,1383,1048,452,15,469,630,429,260,122
20233,A,골목상권,3110098,서울독일학교,19270,15584,3686,22,2331,4742,5464,6112,599,14,1127,3406,4759,5764,514,8,1204,1336,705,348,85
20233,A,골목상권,3110096,한남힐사이드아파트,5546,3662,1884,5,1168,1544,1281,1282,266,3,498,976,912,1046,227,2,670,568,369,236,39
20233,A,골목상권,3110100,옥수동우편취급국,7613,6422,1191,7,609,2450,2479,1864,204,4,305,1915,2241,1784,173,3,304,535,238,80,31
20233,A,골목상권,3110119,마장지하차도,2046,656,1390,1,159,260,428,704,494,0,83,139,167,155,112,1,76,121,261,549,382
20233,A,골목상권,3110118,왕십리역 9번,1141,733,408,1,167,270,301,259,143,0,85,164,189,178,117,1,82,106,112,81,26
20233,A,골목상권,3110131,성수동카페거리,16372,10013,6359,69,3574,4475,3610,2782,1862,39,1790,2879,2348,1642,1315,30,1784,1596,1262,1140,547
20233,A,골목상권,3110134,성수119안전센터,3342,2382,960,73,532,823,835,706,373,34,330,619,609,498,292,39,202,204,226,208,81
20233,A,골목상권,3110139,자양4동주민센터,2367,1870,497,9,270,601,637,559,291,5,194,486,509,441,235,4,76,115,128,118,56
20233,A,골목상권,3110136,경수초등학교,16150,9947,6203,123,3454,3934,3551,3098,1990,71,1698,2541,2333,1900,1404,52,1756,1393,1218,1198,586
20233,A,골목상권,3110155,광진구청,12629,9937,2692,11,781,1849,3528,5069,1391,11,385,1169,2772,4413,1187,0,396,680,756,656,204
20233,A,골목상권,3110176,해오름공원,3579,1917,1662,4,675,798,998,836,268,2,178,374,601,542,220,2,497,424,397,294,48
20233,A,골목상권,3110149,세종대학교,799,452,347,0,93,197,215,179,115,0,44,101,133,91,83,0,49,96,82,88,32
20233,A,골목상권,3110167,용마초등학교,3707,2122,1585,11,501,762,961,828,644,3,272,440,519,426,462,8,229,322,442,402,182
20233,A,골목상권,3110204,간데메공원,1356,905,451,5,205,278,356,322,190,3,135,169,223,225,150,2,70,109,133,97,40
20233,A,골목상권,3110226,장안1동주민센터,5867,3209,2658,15,722,1138,1352,1410,1230,12,347,658,734,772,686,3,375,480,618,638,544
20233,A,골목상권,3110211,전곡마을마당공원,1820,983,837,4,278,348,454,491,245,1,111,192,268,266,145,3,167,156,186,225,100
20233,A,골목상권,3110207,시립대앞사거리,1345,584,761,3,233,270,311,303,225,1,53,120,140,127,143,2,180,150,171,176,82
20233,A,골목상권,3110198,동대문중앙새마을금고본점,361,189,172,0,20,53,86,133,69,0,9,28,50,59,43,0,11,25,36,74,26
20233,A,골목상권,3110200,동대문경찰서,703,390,313,0,77,108,145,182,191,0,37,54,78,85,136,0,40,54,67,97,55
20233,A,골목상권,3110256,면목2동체육관,3260,1961,1299,5,413,680,888,780,494,1,188,448,483,445,396,4,225,232,405,335,98
20233,A,골목상권,3110266,면목동우체국,2501,1548,953,5,244,423,558,704,567,0,78,210,314,502,444,5,166,213,244,202,123
20233,A,골목상권,3110236,신묵초등학교,2212,1481,731,2,311,516,532,603,248,2,174,350,347,432,176,0,137,166,185,171,72
20233,A,골목상권,3110267,망우역 2번,2430,1427,1003,13,334,482,518,637,446,11,202,293,263,329,329,2,132,189,255,308,117
20233,A,골목상권,3110234,중랑역 4번,2773,2036,737,11,275,619,860,768,240,9,142,418,643,647,177,2,133,201,217,121,63
20233,A,골목상권,3110314,종암경찰서,3397,2472,925,6,380,670,726,731,884,0,231,492,518,565,666,6,149,178,208,166,218
20233,A,골목상권,3110421,석계역 1번,1218,593,625,4,119,205,323,328,239,2,49,90,144,169,139,2,70,115,179,159,100
20233,A,골목상권,3110321,동덕여대,1128,697,431,0,75,117,219,296,421,0,24,61,110,162,340,0,51,56,109,134,81
20233,A,골목상권,3110324,월곡역 4번,1184,675,509,5,167,321,341,226,124,1,78,187,188,134,87,4,89,134,153,92,37
20233,A,골목상권,3110298,솔숲어린이공원,1115,539,576,6,144,199,273,276,217,1,36,66,112,152,172,5,108,133,161,124,45
20233,A,골목상권,3110365,미아역 5번,1266,616,650,2,97,152,267,320,428,2,36,63,110,186,219,0,61,89,157,134,209
20233,A,골목상권,3110367,강북구청,3460,1492,1968,10,334,684,730,796,906,8,94,264,328,453,345,2,240,420,402,343,561
20233,A,골목상권,3110368,송천초등학교,981,601,380,1,93,195,242,259,191,1,32,95,129,181,163,0,61,100,113,78,28
20233,A,골목상권,3110352,수유1동주민센터,1291,576,715,0,118,244,368,418,143,0,49,99,154,183,91,0,69,145,214,235,52
20233,A,골목상권,3110349,화계역 2번,641,353,288,0,50,92,172,256,71,0,28,41,97,133,54,0,22,51,75,123,17
20233,A,골목상권,3110346,4.19민주묘지역 2번,605,334,271,0,71,106,179,136,113,0,18,62,103,75,76,0,53,44,76,61,37
20233,A,골목상권,3110339,국립4.19민주묘지,819,555,264,6,104,130,193,232,154,6,50,99,122,143,135,0,54,31,71,89,19
20233,A,골목상권,3110393,국민은행방학지점,749,350,399,3,91,217,207,154,77,2,32,106,101,63,46,1,59,111,106,91,31
20233,A,골목상권,3110395,신한은행 방학동지점,591,318,273,1,73,99,158,142,118,1,38,50,73,83,73,0,35,49,85,59,45
20233,A,골목상권,3110403,방학1동주민센터,1702,974,728,4,211,309,359,482,337,2,94,177,211,286,204,2,117,132,148,196,133
20233,A,골목상권,3110398,쌍문2동우체국,1663,972,691,0,162,244,383,523,351,0,72,129,192,328,251,0,90,115,191,195,100
20233,A,골목상권,3110401,도봉구민회관,1586,856,730,0,181,221,327,460,397,0,78,117,164,255,242,0,103,104,163,205,155
20233,A,골목상권,3110425,계상초등학교,1457,683,774,4,150,232,387,426,258,3,63,143,181,181,112,1,87,89,206,245,146
20233,A,골목상권,3110419,수락산디자인거리,3472,2282,1190,13,387,781,865,882,544,12,226,552,591,566,335,1,161,229,274,316,209
20233,A,골목상권,3110474,세명컴퓨터고등학교,1360,647,713,2,130,295,356,348,229,2,46,137,159,153,150,0,84,158,197,195,79
20233,A,골목상권,3110473,구산역 1번,3155,1679,1476,5,325,617,795,785,628,5,131,352,419,351,421,0,194,265,376,434,207
20233,A,골목상권,3110455,역촌노인복지관,3715,1747,1968,9,658,760,944,829,515,3,247,351,416,367,363,6,411,409,528,462,152
20233,A,골목상권,3110487,불광역 8번,761,291,470,1,73,171,207,181,128,1,23,75,72,60,60,0,50,96,135,121,68
20233,A,골목상권,3110480,연신내역 3번,1023,428,595,6,192,199,279,216,131,2,70,88,121,80,67,4,122,111,158,136,64
20233,A,골목상권,3110482,연신초등학교,359,158,201,0,27,53,117,116,46,0,8,20,39,58,33,0,19,33,78,58,13
20233,A,골목상권,3110470,신진과학기술고등학교,1610,976,634,2,161,266,382,390,409,2,76,145,208,227,318,0,85,121,174,163,91
20233,A,골목상권,3110475,백련산해모로아파트,1745,1026,719,2,202,326,375,357,483,1,91,165,203,202,364,1,111,161,172,155,119
20233,A,골목상권,3110532,아현역 2번,1847,1072,775,2,422,522,371,290,240,1,165,307,218,208,173,1,257,215,153,82,67
20233,A,골목상권,3110534,경기대학교,3370,2048,1322,4,575,933,722,580,556,1,256,531,484,399,377,3,319,402,238,181,179
20233,A,골목상권,3110517,서대문소방서,2671,1696,975,14,441,700,687,557,272,8,191,471,487,368,171,6,250,229,200,189,101
20233,A,골목상권,3110572,서강대역 1번,7726,3653,4073,68,2565,1977,1384,1231,501,24,960,907,708,748,306,44,1605,1070,676,483,195
20233,A,골목상권,3110575,대흥동주민센터,4172,1903,2269,62,2086,953,452,399,220,20,782,476,212,248,165,42,1304,477,240,151,55
20233,A,골목상권,3110569,홍대땡땡거리,3039,1407,1632,7,650,662,678,622,420,3,308,321,302,232,241,4,342,341,376,390,179
20233,A,골목상권,3110512,연희지하차도,5089,3101,1988,67,1146,1450,1174,973,279,39,591,926,702,649,194,28,555,524,472,324,85
20233,A,골목상권,3110516,정원여중,1299,656,643,0,226,284,343,307,139,0,78,137,188,165,88,0,148,147,155,142,51
20233,A,골목상권,3110527,홍제역 2번,1712,867,845,2,169,226,456,564,295,1,44,119,214,314,175,1,125,107,242,250,120
20233,A,골목상권,3110546,양화대교북단,1549,938,611,3,314,420,380,250,182,3,138,208,258,183,148,0,176,212,122,67,34
20233,A,골목상권,3110550,합정역 8번,5374,2859,2515,13,961,1416,1292,955,737,8,367,677,778,563,466,5,594,739,514,392,271
20233,A,골목상권,3110554,망원역 1번,6464,3487,2977,10,913,1410,1559,1192,1380,7,345,648,802,647,1038,3,568,762,757,545,342
20233,A,골목상권,3110547,KB국민은행 망원동지점,6579,4117,2462,11,769,1170,1322,1746,1561,7,405,819,889,860,1137,4,364,351,433,886,424
20233,A,골목상권,3110551,성서초등학교,3102,1803,1299,3,301,471,703,601,1023,3,132,235,314,304,815,0,169,236,389,297,208
20233,A,골목상권,3110619,목4동주민센터,1689,1078,611,4,202,379,491,407,206,1,93,210,315,291,168,3,109,169,176,116,38
20233,A,골목상권,3110600,신월7동주민센터,4248,2844,1404,3,317,496,745,1209,1478,3,179,312,490,845,1015,0,138,184,255,364,463
20233,A,골목상권,3110647,화곡역 5번,3340,1821,1519,8,438,691,768,828,607,5,192,403,428,449,344,3,246,288,340,379,263
20233,A,골목상권,3110607,금빛새마을금고본점,2729,2241,488,2,110,221,394,521,1481,1,64,132,235,385,1424,1,46,89,159,136,57
20233,A,골목상권,3110608,신월2동주민센터,3392,1915,1477,10,282,562,891,941,706,9,134,332,463,486,491,1,148,230,428,455,215
20233,A,골목상권,3110611,신정역 1번,4475,2720,1755,14,895,697,748,814,1307,7,295,382,444,461,1131,7,600,315,304,353,176
20233,A,골목상권,3110594,신월중학교,1144,543,601,7,149,285,301,297,105,4,58,119,141,150,71,3,91,166,160,147,34
20233,A,골목상권,3110602,신월시영아파트중문,3056,2108,948,3,204,356,700,967,826,2,124,226,400,664,692,1,80,130,300,303,134
20233,A,골목상권,3110610,계남근린공원,648,338,310,2,87,129,151,148,131,0,26,50,86,87,89,2,61,79,65,61,42
20233,A,골목상권,3110616,양목초등학교,1359,706,653,2,110,255,266,391,335,1,43,136,132,202,192,1,67,119,134,189,143
20233,A,골목상권,3110635,공항시장역 3번,3727,1849,1878,9,361,571,664,1054,1068,2,153,336,399,431,528,7,208,235,265,623,540
20233,A,골목상권,3110650,우장산힐스테이트,1737,995,742,4,194,325,396,415,403,3,107,202,240,204,239,1,87,123,156,211,164
20233,A,골목상권,3110638,신방화역 2번,3645,2335,1310,10,416,661,1045,983,530,8,205,404,713,617,388,2,211,257,332,366,142
20233,A,골목상권,3110712,남구로역 5번,1579,913,666,8,183,331,363,324,370,5,99,196,189,176,248,3,84,135,174,148,122
20233,A,골목상권,3110702,개봉초등학교,1569,818,751,1,157,329,420,390,272,1,72,153,202,214,176,0,85,176,218,176,96
20233,A,골목상권,3110699,덕의초등학교,2451,1563,888,9,303,578,623,646,292,7,187,384,391,378,216,2,116,194,232,268,76
20233,A,골목상권,3110720,대림역 2번,2280,1556,724,2,188,387,574,709,420,2,83,218,387,538,328,0,105,169,187,171,92
20233,A,골목상권,3110778,구로디지털단지역 4번,13303,7796,5507,56,2966,4427,3201,1627,1026,23,1254,2669,2063,1065,722,33,1712,1758,1138,562,304
20233,A,골목상권,3110745,독산동정훈단지,1306,773,533,1,137,196,260,372,340,0,71,92,115,221,274,1,66,104,145,151,66
20233,A,골목상권,3110856,미성초등학교,5264,3671,1593,18,465,913,970,948,1950,13,238,541,608,563,1708,5,227,372,362,385,242
20233,A,골목상권,3110855,신대방역 2번,4936,3401,1535,6,709,900,888,794,1639,2,282,540,546,528,1503,4,427,360,342,266,136
20233,A,골목상권,3110755,동일여자고등학교,2033,1040,993,21,274,503,487,453,295,16,131,278,253,192,170,5,143,225,234,261,125
20233,A,골목상권,3110771,대림역 11번,2420,1335,1085,5,268,314,456,542,835,2,91,160,234,316,532,3,177,154,222,226,303
20233,A,골목상권,3110768,도림2동유수지내체육시설,1219,778,441,9,118,206,287,302,297,8,48,126,182,211,203,1,70,80,105,91,94
20233,A,골목상권,3110759,문래예술촌(문래창작촌),65954,51168,14786,61,8786,22706,21719,9637,3045,32,5433,17446,18749,7800,1708,29,3353,5260,2970,1837,1337
20233,A,골목상권,3110818,신대방역 3번,1692,950,742,2,287,451,397,278,277,2,124,277,228,138,181,0,163,174,169,140,96
20233,A,골목상권,3110858,신대방역 1번,2669,2004,665,0,421,756,879,491,122,0,195,575,748,404,82,0,226,181,131,87,40
20233,A,골목상권,3110874,원신초등학교(구세군관악영문교회),732,381,351,8,77,186,200,173,88,2,22,81,122,86,68,6,55,105,78,87,20
20233,A,골목상권,3110879,신림현대아파트,1116,536,580,7,212,210,278,222,187,1,100,99,137,109,90,6,112,111,141,113,97
20233,A,골목상권,3110885,영락고등학교,1746,990,756,7,240,328,434,376,361,1,122,173,232,224,238,6,118,155,202,152,123
20233,A,골목상권,3110872,신림초등학교,689,382,307,5,101,168,168,152,95,3,54,93,102,85,45,2,47,75,66,67,50
20233,A,골목상권,3110947,청계산입구역 2번(내곡동주민센터),182,79,103,0,26,23,46,37,50,0,13,11,28,10,17,0,13,12,18,27,33
20233,A,골목상권,3110913,방현초등학교(방배119안전센터),9674,6057,3617,22,1677,2842,2518,1523,1092,5,797,1829,1720,957,749,17,880,1013,798,566,343
20233,A,골목상권,3110934,우면주공아파트,1489,946,543,6,264,423,395,260,141,5,105,290,271,170,105,1,159,133,124,90,36
20233,A,골목상권,3110937,방아다리근린공원(횃불트리니티신학대학원대학교),14952,9277,5675,329,4835,4416,2991,1697,684,151,2497,2972,2135,1021,501,178,2338,1444,856,676,183
20233,A,골목상권,3110955,논현초등학교,20906,14265,6641,76,4625,6342,4724,3259,1880,45,2535,4372,3537,2430,1346,31,2090,1970,1187,829,534
20233,A,골목상권,3110992,도곡초등학교,8628,4357,4271,50,1508,2156,1880,1719,1315,28,647,1065,939,866,812,22,861,1091,941,853,503
20233,A,골목상권,3110963,역삼월드메르디앙아파트,18186,10655,7531,122,4620,5292,4181,2560,1411,33,1769,3113,2948,1716,1076,89,2851,2179,1233,844,335
20233,A,골목상권,3110972,강남세브란스병원미래의학연구센터,22138,12993,9145,207,6590,6499,5019,2834,989,69,2849,4088,3556,1696,735,138,3741,2411,1463,1138,254
20233,A,골목상권,3110991,삼성중앙역 5번,10374,5378,4996,43,2958,2855,2028,1298,1192,9,932,1472,1304,854,807,34,2026,1383,724,444,385
20233,A,골목상권,3110990,청담역 12번,7833,5477,2356,20,1213,2652,2394,1251,303,9,506,1665,1965,1094,238,11,707,987,429,157,65
20233,A,골목상권,3111000,대왕초등학교(세곡동사거리서남측),156,35,121,1,22,55,43,25,10,0,2,7,12,5,9,1,20,48,31,20,1
20233,A,골목상권,3110999,윗방죽마을공원,408,226,182,3,33,70,73,122,107,1,17,45,46,70,47,2,16,25,27,52,60
20233,A,골목상권,3110969,베르사이유1아파트,29014,17556,11458,73,5335,8726,7783,5424,1673,29,2616,5589,5487,2693,1142,44,2719,3137,2296,2731,531
20233,A,골목상권,3110967,역삼역 8번,24226,18490,5736,23,4422,7830,6561,4334,1056,10,2559,5859,5511,3785,766,13,1863,1971,1050,549,290
20233,A,골목상권,3110985,청담근린공원,9800,6589,3211,34,1729,2898,2625,1790,724,17,815,1972,1966,1323,496,17,914,926,659,467,228
20233,A,골목상권,3111008,석촌고분역 3번,3907,2479,1428,12,490,799,912,951,743,10,289,528,566,545,541,2,201,271,346,406,202
20233,A,골목상권,3111016,송파역 2번,15479,10229,5250,62,2083,3454,3732,3349,2799,44,1020,2251,2780,2219,1915,18,1063,1203,952,1130,884
20233,A,골목상권,3111038,보인중학교,2602,1770,832,14,377,689,649,574,299,13,214,471,461,405,206,1,163,218,188,169,93
20233,A,골목상권,3111021,방이역 4번,11137,8092,3045,38,1448,2300,2854,2754,1743,26,767,1502,2125,2188,1484,12,681,798,729,566,259
20233,A,골목상권,3111011,잠실나루역,9608,7747,1861,42,1275,3018,2795,2046,432,18,924,2492,2309,1674,330,24,351,526,486,372,102
20233,A,골목상권,3111015,석촌역 3번,10932,6847,4085,26,1640,2424,2423,2333,2086,11,799,1507,1612,1477,1441,15,841,917,811,856,645
20233,A,골목상권,3111003,삼전역 4번,4568,3024,1544,18,600,1083,1254,905,708,1,324,732,817,598,552,17,276,351,437,307,156
20233,A,골목상권,3111062,둔촌동역 3번(성내3동주민센터),3255,2100,1155,7,480,811,880,607,470,6,266,532,569,389,338,1,214,279,311,218,132
20233,A,골목상권,3111048,천호역 1번(천호문구완구거리),1608,876,732,7,195,360,372,323,351,4,82,170,209,171,240,3,113,190,163,152,111
20233,A,골목상권,3111088,고덕동성당,1134,951,183,0,35,82,216,447,354,0,9,53,173,388,328,0,26,29,43,59,26
20233,A,골목상권,3111079,둔촌고등학교(둔촌중학교),1407,838,569,2,141,259,315,339,351,2,81,153,184,167,251,0,60,106,131,172,100
20233,A,골목상권,3111071,천동초등학교,2013,1097,916,2,200,393,515,454,449,1,72,204,289,251,280,1,128,189,226,203,169
20233,A,골목상권,3111069,천호1동주민센터,2143,1118,1025,5,185,409,525,555,464,3,66,183,269,288,309,2,119,226,256,267,155
20233,A,골목상권,3111050,강동구청(강동구청역 2번),6451,4040,2411,30,768,1601,1613,1617,822,12,384,869,987,1154,634,18,384,732,626,463,188
20233,A,골목상권,3111066,암사동성당(효정하나플러스아파트),1710,995,715,5,169,380,394,455,307,1,71,188,219,302,214,4,98,192,175,153,93
20233,A,골목상권,3111052,암사역 3번(천호동자전거거리),1652,885,767,3,192,365,475,387,230,2,74,188,246,218,157,1,118,177,229,169,73
20233,A,골목상권,3110003,세검정초등학교,3208,1681,1527,12,383,849,849,655,460,7,132,383,486,370,303,5,251,466,363,285,157
20233,A,골목상권,3110032,수족관거리,1721,729,992,8,316,378,484,355,180,7,101,148,164,183,126,1,215,230,320,172,54
20233,A,골목상권,3110049,장충단 고개,7948,4363,3585,17,1488,2210,1865,1591,777,6,534,1186,1138,986,513,11,954,1024,727,605,264
20233,A,골목상권,3110054,청구역 3번,5615,2963,2652,16,1124,1473,1173,1085,744,5,384,793,702,621,458,11,740,680,471,464,286
20233,A,골목상권,3110147,능동우편취급국,4531,2184,2347,31,1146,862,890,1066,536,19,559,502,431,345,328,12,587,360,459,721,208
20233,A,골목상권,3110041,남산케이블카,5723,3089,2634,10,793,1518,1444,1163,795,7,334,836,819,626,467,3,459,682,625,537,328
20233,A,골목상권,3110533,충정로역 7번,2911,1774,1137,1,433,782,782,547,366,0,223,473,484,349,245,1,210,309,298,198,121
20233,A,골목상권,3110065,남정초등학교,2218,1561,657,13,351,641,535,358,320,11,227,499,376,234,214,2,124,142,159,124,106
20233,A,골목상권,3110080,해방촌예술마을,2226,1456,770,3,252,385,746,672,168,3,84,214,546,496,113,0,168,171,200,176,55
20233,A,골목상권,3110579,마포역 4번,5616,3529,2087,8,1017,1486,1468,1076,561,6,371,893,1024,805,430,2,646,593,444,271,131
20233,A,골목상권,3110123,마장역 3번,1433,884,549,1,176,272,329,389,266,1,78,159,191,253,202,0,98,113,138,136,64
20233,A,골목상권,3110114,왕십리파출소,2346,644,1702,8,434,328,413,711,452,1,142,144,153,139,65,7,292,184,260,572,387
20233,A,골목상권,3110121,한양대역 4번,102,61,41,0,13,22,20,20,27,0,6,11,11,12,21,0,7,11,9,8,6
20233,A,골목상권,3110127,성수1가1동주민센터,3267,2102,1165,10,572,1007,809,584,285,5,303,663,543,374,214,5,269,344,266,210,71
20233,A,골목상권,3110140,건대입구역 6번,3220,2119,1101,14,390,614,754,831,617,10,183,373,498,562,493,4,207,241,256,269,124
20233,A,골목상권,3110141,건대입구역 1번,1987,1285,702,10,275,407,532,461,302,6,137,258,349,297,238,4,138,149,183,164,64
20233,A,골목상권,3110209,답십리 장령당공원,4227,1926,2301,4,629,938,1189,1163,304,1,465,673,394,189,204,3,164,265,795,974,100
20233,A,골목상권,3110174,아차산역 1번,2909,1780,1129,7,346,545,901,765,345,3,151,328,577,479,242,4,195,217,324,286,103
20233,A,골목상권,3110144,어린이대공원역 4번,1502,932,570,0,160,238,383,492,229,0,60,133,242,323,174,0,100,105,141,169,55
20233,A,골목상권,3110152,중곡어린이공원,1671,1070,601,49,338,283,323,400,278,6,137,200,206,286,235,43,201,83,117,114,43
20233,A,골목상권,3110161,중곡역 3번,1960,1296,664,4,150,317,503,672,314,0,67,189,303,504,233,4,83,128,200,168,81
20233,A,골목상권,3110202,전농1동주민센터(전농시장),478,273,205,0,58,96,127,105,92,0,44,55,85,53,36,0,14,41,42,52,56
20233,A,골목상권,3110186,종암초등학교,1751,1308,443,2,179,330,416,475,349,0,82,256,306,362,302,2,97,74,110,113,47
20233,A,골목상권,3110221,의릉,731,443,288,0,69,158,210,196,98,0,28,92,111,132,80,0,41,66,99,64,18
20233,A,골목상권,3110206,텃골근린공원,1126,651,475,2,118,187,312,318,189,1,71,108,193,192,86,1,47,79,119,126,103
20233,A,골목상권,3110219,삼육보건대학교,4329,2321,2008,4,574,869,1055,1098,729,2,178,407,603,643,488,2,396,462,452,455,241
20233,A,골목상권,3110199,홍릉시장,962,521,441,0,76,146,204,306,230,0,34,77,102,142,166,0,42,69,102,164,64
20233,A,골목상권,3110268,망우3동주민센터,981,580,401,0,94,152,205,296,234,0,55,83,101,168,173,0,39,69,104,128,61
20233,A,골목상권,3110264,면목역 2번,1816,1064,752,3,185,354,425,524,325,0,72,184,239,342,227,3,113,170,186,182,98
20233,A,골목상권,3110279,신내역 2번,153,118,35,0,17,28,41,48,19,0,13,24,30,34,17,0,4,4,11,14,2
20233,A,골목상권,3110258,면동초등학교,1659,911,748,2,207,394,460,372,224,1,84,220,233,212,161,1,123,174,227,160,63
20233,A,골목상권,3110237,메가박스 상봉,2944,2064,880,11,293,688,935,821,196,10,142,441,668,655,148,1,151,247,267,166,48
20233,A,골목상권,3110254,오거리공원,1604,894,710,3,171,342,447,427,214,2,70,170,244,256,152,1,101,172,203,171,62
20233,A,골목상권,3110248,먹골파출소,993,487,506,3,102,224,281,230,153,0,31,111,138,105,102,3,71,113,143,125,51
20233,A,골목상권,3110245,KB국민은행 중화동지점,1375,794,581,3,141,276,386,300,269,1,58,154,230,167,184,2,83,122,156,133,85
20233,A,골목상권,3110308,길음역 8번,5558,2775,2783,420,2091,1398,817,515,317,177,921,761,443,234,239,243,1170,637,374,281,78
20233,A,골목상권,3110301,성신여대입구역 7번,2035,1073,962,20,279,387,462,501,386,15,95,170,238,285,270,5,184,217,224,216,116
20233,A,골목상권,3110300,삼선동주민센터,6172,2933,3239,11,709,1579,1872,1508,493,2,213,608,842,960,308,9,496,971,1030,548,185
20233,A,골목상권,3110328,상월곡역 3번,745,414,331,3,111,200,209,158,64,1,47,116,119,84,47,2,64,84,90,74,17
20233,A,골목상권,3110323,상월곡역 1번,2096,1206,890,4,330,425,556,516,265,0,143,247,333,295,188,4,187,178,223,221,77
20233,A,골목상권,3110325,장곡초등학교,1196,710,486,3,130,246,318,285,214,3,60,131,186,172,158,0,70,115,132,113,56
20233,A,골목상권,3110329,우리은행체육관,1168,696,472,8,126,245,281,288,220,4,44,127,158,191,172,4,82,118,123,97,48
20233,A,골목상권,3110418,광운대학교 남단,2395,1300,1095,17,439,649,567,454,269,5,188,388,277,239,203,12,251,261,290,215,66
20233,A,골목상권,3110292,정릉역 2번,1165,443,722,1,229,306,319,217,93,0,57,124,99,95,68,1,172,182,220,122,25
20233,A,골목상권,3110289,북한산보국문역 2번,1565,804,761,0,234,320,398,370,243,0,63,140,184,230,187,0,171,180,214,140,56
20233,A,골목상권,3110320,KB국민은행 종암동지점,1030,585,445,1,84,202,331,295,117,1,23,84,177,219,81,0,61,118,154,76,36
20233,A,골목상권,3110369,성신여대운정그린캠퍼스,1935,860,1075,5,242,321,436,458,473,1,65,112,181,208,293,4,177,209,255,250,180
20233,A,골목상권,3110376,수송초등학교,2101,1069,1032,3,230,420,522,498,428,2,80,208,286,240,253,1,150,212,236,258,175
20233,A,골목상권,3110351,수유북부시장옆,1198,652,546,0,84,147,263,467,237,0,30,65,139,235,183,0,54,82,124,232,54
20233,A,골목상권,3110362,우이천 계성교,961,497,464,1,126,190,258,236,150,0,48,103,126,120,100,1,78,87,132,116,50
20233,A,골목상권,3110356,덕수교,687,389,298,0,56,108,200,172,151,0,20,63,108,94,104,0,36,45,92,78,47
20233,A,골목상권,3110343,무너미어린이공원,1770,1049,721,0,112,212,300,288,858,0,32,122,161,148,586,0,80,90,139,140,272
20233,A,골목상권,3110430,중계초등학교,1110,567,543,3,90,168,259,328,262,0,28,66,114,160,199,3,62,102,145,168,63
20233,A,골목상권,3110382,솔밭공원역 1번,391,147,244,1,43,67,98,118,64,0,9,21,28,46,43,1,34,46,70,72,21
20233,A,골목상권,3110413,누원고등학교,568,365,203,0,36,70,115,162,185,0,15,44,66,102,138,0,21,26,49,60,47
20233,A,골목상권,3110422,노원역 9번,1516,697,819,1,187,294,388,390,256,1,71,171,178,157,119,0,116,123,210,233,137
20233,A,골목상권,3110417,월계역 3번,348,134,214,2,49,63,67,100,67,2,18,35,21,34,24,0,31,28,46,66,43
20233,A,골목상권,3110441,영신여고,1036,451,585,3,105,241,280,305,102,3,45,111,106,125,61,0,60,130,174,180,41
20233,A,골목상권,3110427,노원 을지대학교병원,1752,1176,576,1,156,280,416,577,322,0,59,139,273,460,245,1,97,141,143,117,77
20233,A,골목상권,3110477,은평세무서,2219,1137,1082,6,199,354,531,627,502,2,93,192,270,298,282,4,106,162,261,329,220
20233,A,골목상권,3110476,역촌역 2번,1304,706,598,1,170,308,350,300,175,1,61,154,198,161,131,0,109,154,152,139,44
20233,A,골목상권,3110503,명지대학교교회,3329,2219,1110,30,564,1004,816,642,273,26,345,725,552,388,183,4,219,279,264,254,90
20233,A,골목상권,3110499,연가초등학교,1715,905,810,0,165,359,447,470,274,0,64,203,231,222,185,0,101,156,216,248,89
20233,A,골목상권,3110558,경성고등학교,4895,3051,1844,21,679,1152,1227,1106,710,18,346,676,765,727,519,3,333,476,462,379,191
20233,A,골목상권,3110537,충정로현대아파트,4722,3057,1665,15,800,1434,1132,868,473,9,385,840,810,674,339,6,415,594,322,194,134
20233,A,골목상권,3110522,홍제역 3번,1269,694,575,3,128,184,351,436,167,1,37,93,189,254,120,2,91,91,162,182,47
20233,A,골목상권,3110571,신수동주민센터,5389,2967,2422,10,665,1386,1427,1276,625,9,253,623,760,871,451,1,412,763,667,405,174
20233,A,골목상권,3110555,홍익지구대,3611,1855,1756,10,638,968,938,631,426,5,213,449,543,370,275,5,425,519,395,261,151
20233,A,골목상권,3110541,동교초등학교,1947,1046,901,2,295,400,519,419,312,1,112,214,273,234,212,1,183,186,246,185,100
20233,A,골목상권,3110627,신정롯데캐슬아파트,12409,6926,5483,66,2312,4020,3158,2183,670,31,900,2143,1942,1409,501,35,1412,1877,1216,774,169
20233,A,골목상권,3110628,신목동역,2125,1374,751,4,260,583,583,460,235,2,128,352,393,345,154,2,132,231,190,115,81
20233,A,골목상권,3110679,염창역 2번,2730,2023,707,4,276,584,863,682,321,3,134,413,667,544,262,1,142,171,196,138,59
20233,A,골목상권,3110612,신정역 5번,4440,2606,1834,12,892,682,723,821,1310,5,273,329,389,473,1137,7,619,353,334,348,173
20233,A,골목상권,3110629,송정역 4번,923,553,370,1,104,171,216,231,200,1,47,114,124,142,125,0,57,57,92,89,75
20233,A,골목상권,3110669,화곡보람2차아파트,4693,2768,1925,4,1133,1316,897,642,701,3,357,873,675,396,464,1,776,443,222,246,237
20233,A,골목상권,3110649,우장산역 1번,1340,739,601,2,254,249,320,285,230,0,111,132,152,166,178,2,143,117,168,119,52
20233,A,골목상권,3110670,신곡초등학교,1600,1036,564,8,185,409,399,404,195,5,114,286,251,246,134,3,71,123,148,158,61
20233,A,골목상권,3110666,KC대학교,2132,1568,564,4,303,715,531,460,119,2,205,564,385,312,100,2,98,151,146,148,19
20233,A,골목상권,3110725,가산동주민센터,1841,864,977,4,142,241,320,390,744,2,70,130,189,193,280,2,72,111,131,197,464
20233,A,골목상권,3110700,고척초등학교,5750,4109,1641,10,516,1259,1605,1791,569,7,268,901,1181,1363,389,3,248,358,424,428,180
20233,A,골목상권,3110689,오류동역 3번,4517,2899,1618,15,569,864,1106,1262,701,8,405,556,678,764,488,7,164,308,428,498,213
20233,A,골목상권,3110690,오류2동버들시장,2262,1291,971,1,225,460,530,550,496,0,85,257,277,318,354,1,140,203,253,232,142
20233,A,골목상권,3110766,대림역 5번,5601,3708,1893,16,432,998,1379,1285,1491,5,258,730,1005,825,885,11,174,268,374,460,606
20233,A,골목상권,3110735,말미고개,2955,1738,1217,9,360,595,662,815,514,5,187,340,372,445,389,4,173,255,290,370,125
20233,A,골목상권,3110736,독산119안전센터,2709,1626,1083,4,307,444,561,745,648,2,174,271,330,427,422,2,133,173,231,318,226
20233,A,골목상권,3110746,금천금빛공원(은행나무사거리서측),971,444,527,1,93,156,237,270,214,1,36,71,105,122,109,0,57,85,132,148,105
20233,A,골목상권,3110783,영등포시장역 1번,2418,1654,764,5,411,700,493,528,281,3,259,492,345,391,164,2,152,208,148,137,117
20233,A,골목상권,3110793,대림썬프라자,1502,904,598,6,139,384,505,343,125,5,85,243,259,219,93,1,54,141,246,124,32
20233,A,골목상권,3110799,영등포본동주민센터,524,336,188,5,69,90,131,119,110,3,34,56,85,77,81,2,35,34,46,42,29
20233,A,골목상권,3110777,구로세무서,5825,3399,2426,22,1229,1703,1556,963,352,10,493,985,1009,609,293,12,736,718,547,354,59
20233,A,골목상권,3110821,보라매역 2번,19310,12435,6875,51,3710,3777,3102,4534,4136,27,2841,3091,2036,2222,2218,24,869,686,1066,2312,1918
20233,A,골목상권,3110788,영등포시장역 3번,924,604,320,3,106,166,286,224,139,1,58,113,202,145,85,2,48,53,84,79,54
20233,A,골목상권,3110840,중앙대학교,417,214,203,1,67,68,111,97,73,0,25,31,63,47,48,1,42,37,48,50,25
20233,A,골목상권,3110836,상도역 5번,4431,2490,1941,12,805,1182,1020,914,498,2,328,680,619,553,308,10,477,502,401,361,190
20233,A,골목상권,3110893,관악소방서(문영여고),1814,1409,405,2,342,557,398,425,90,1,237,436,304,357,74,1,105,121,94,68,16
20233,A,골목상권,3110878,미림여고,694,367,327,6,72,190,185,152,89,1,25,91,112,75,63,5,47,99,73,77,26
20233,A,골목상권,3110861,관악구신사동주민센터,4975,3397,1578,4,758,1388,1398,981,446,2,354,958,1075,707,301,2,404,430,323,274,145
20233,A,골목상권,3110890,봉천역 1번(관악초등학교),2071,803,1268,4,374,519,473,347,354,0,67,152,208,174,202,4,307,367,265,173,152
20233,A,골목상권,3110960,은광여고,20267,15455,4812,50,2314,4244,5292,6237,2130,36,1372,3182,4359,5022,1484,14,942,1062,933,1215,646
20233,A,골목상권,3110954,국기원,7043,3734,3309,24,2010,2434,1352,626,597,8,648,1239,953,450,436,16,1362,1195,399,176,161
20233,A,골목상권,3110936,더케이호텔(양재리본타워2단지아파트),1540,1105,435,14,246,433,389,311,147,10,159,288,286,247,115,4,87,145,103,64,32
20233,A,골목상권,3110940,양재근린공원(양재2동주민센터),6573,4578,1995,36,1029,1761,1701,1243,803,22,601,1228,1211,872,644,14,428,533,490,371,159
20233,A,골목상권,3110950,논현역 7번,14453,8508,5945,36,3283,4779,3414,1982,959,15,1326,2815,2305,1346,701,21,1957,1964,1109,636,258
20233,A,골목상권,3110949,한남IC,8417,5196,3221,28,1675,2570,2221,1300,623,15,760,1654,1435,852,480,13,915,916,786,448,143
20233,A,골목상권,3110993,개포지하차도 북측,142,86,56,0,14,21,31,45,31,0,4,14,19,28,21,0,10,7,12,17,10
20233,A,골목상권,3110983,국립국악고등학교,3034,1919,1115,12,544,819,737,554,368,2,245,512,476,373,311,10,299,307,261,181,57
20233,A,골목상권,3110964,싸리고개근린공원,8566,5556,3010,26,1611,2345,2176,1418,990,12,704,1538,1503,1014,785,14,907,807,673,404,205
20233,A,골목상권,3110995,봉은사역 4번,25206,19697,5509,27,4263,7944,7350,4403,1219,8,2756,6028,6191,3798,916,19,1507,1916,1159,605,303
20233,A,골목상권,3111001,아래방죽마을공원(율현초등학교),219,110,109,0,13,33,35,73,65,0,7,22,21,34,26,0,6,11,14,39,39
20233,A,골목상권,3110998,은곡마을(은곡마을공원),32,21,11,1,2,11,8,6,4,0,0,5,7,6,3,1,2,6,1,0,1
20233,A,골목상권,3110959,신구중학교,10232,5500,4732,112,2286,2945,2031,1596,1262,41,1015,1708,1395,759,582,71,1271,1237,636,837,680
20233,A,골목상권,3110962,도산공원북측,5103,2987,2116,21,1320,1864,1050,603,245,7,552,1132,729,415,152,14,768,732,321,188,93
20233,A,골목상권,3110997,대청초등학교,11645,4219,7426,31,3352,3686,2392,1435,749,3,709,1330,968,683,526,28,2643,2356,1424,752,223
20233,A,골목상권,3110979,청담초등학교,13513,6688,6825,34,3681,4952,2707,1503,636,14,1248,2542,1596,814,474,20,2433,2410,1111,689,162
20233,A,골목상권,3111005,삼전역 3번,5492,3680,1812,15,836,1398,1269,1121,853,5,485,996,882,696,616,10,351,402,387,425,237
20233,A,골목상권,3111027,문정초등학교,37078,28582,8496,20,3311,6648,10483,13841,2775,8,1965,4804,8129,11835,1841,12,1346,1844,2354,2006,934
20233,A,골목상권,3111020,방이동고분군(방산고등학교),4863,2790,2073,7,576,1242,1105,1165,768,4,274,719,681,609,503,3,302,523,424,556,265
20233,A,골목상권,3111032,방이역 1번,21842,16091,5751,28,2688,5066,5500,5171,3389,14,1606,3510,4215,4282,2464,14,1082,1556,1285,889,925
20233,A,골목상권,3111037,Sh수협은행 오금동금융센터(아랫말어린이공원),1645,894,751,0,186,380,425,449,205,0,97,235,228,207,127,0,89,145,197,242,78
20233,A,골목상권,3111089,상일여고(상일초등학교),858,553,305,0,66,157,203,261,171,0,37,92,135,164,125,0,29,65,68,97,46
20233,A,골목상권,3111067,강동구립성내도서관,5641,2901,2740,16,1009,1238,1344,1086,948,11,337,615,758,580,600,5,672,623,586,506,348
20233,A,골목상권,3111081,둔촌푸르지오아파트,986,603,383,2,117,183,200,251,233,1,58,108,117,139,180,1,59,75,83,112,53
20233,A,골목상권,3111059,강동역 4번(강풀만화거리),6849,3822,3027,10,1115,1236,1379,1299,1810,5,483,642,758,760,1174,5,632,594,621,539,636
20233,A,골목상권,3110005,세검정,2126,1089,1037,8,301,565,557,474,221,3,123,271,287,262,143,5,178,294,270,212,78
20233,A,골목상권,3110008,배화여자대학교(박노수미술관),3476,1938,1538,39,627,808,767,729,506,0,227,405,439,476,391,39,400,403,328,253,115
20233,A,골목상권,3110015,청와대사랑채,2312,1284,1028,37,513,765,497,301,199,0,191,422,324,192,155,37,322,343,173,109,44
20233,A,골목상권,3110035,동묘앞역 2번,3390,1775,1615,3,258,367,549,741,1472,0,87,183,285,341,879,3,171,184,264,400,593
20233,A,골목상권,3110055,황학동벼룩시장,2333,1280,1053,28,821,479,422,378,205,15,352,239,270,253,151,13,469,240,152,125,54
20233,A,골목상권,3110027,혜화역 1번,3124,1658,1466,9,394,650,865,728,478,5,112,253,479,462,347,4,282,397,386,266,131
20233,A,골목상권,3110030,동대문역 3번,1126,461,665,0,92,206,371,274,183,0,28,77,108,117,131,0,64,129,263,157,52
20233,A,골목상권,3110011,청운초등학교,1873,802,1071,13,318,482,437,339,284,2,65,197,195,159,184,11,253,285,242,180,100
20233,A,골목상권,3110024,혜회동주민센터,4244,1855,2389,27,697,1078,959,887,596,17,228,488,437,385,300,10,469,590,522,502,296
20233,A,골목상권,3110043,충무초등학교,6397,3882,2515,33,1241,1562,1628,1186,747,16,534,903,1084,808,537,17,707,659,544,378,210
20233,A,골목상권,3110045,동대문역사문화공원역 5번,40455,19049,21406,468,12792,10627,8138,6043,2387,192,5994,6220,4414,1662,567,276,6798,4407,3724,4381,1820
20233,A,골목상권,3110057,황학코아루아파트,1699,938,761,4,273,439,448,319,216,3,142,252,209,171,161,1,131,187,239,148,55
20233,A,골목상권,3110078,이촌동점보아파트,4727,2990,1737,17,766,1262,1193,1032,457,3,410,782,806,673,316,14,356,480,387,359,141
20233,A,골목상권,3110082,용산구청,2532,1305,1227,13,448,730,571,554,216,10,162,304,295,368,166,3,286,426,276,186,50
20233,A,골목상권,3110588,한겨레신문사,1133,567,566,1,166,237,297,284,148,1,73,129,147,128,89,0,93,108,150,156,59
20233,A,골목상권,3110073,삼각지역 3번,21368,6873,14495,123,6007,7127,5572,1957,582,50,2112,2306,1403,668,334,73,3895,4821,4169,1289,248
20233,A,골목상권,3110076,삼각지역 14번,2654,1645,1009,1,399,738,689,600,227,1,224,455,468,356,141,0,175,283,221,244,86
20233,A,골목상권,3110099,유엔빌리지길,21963,17803,4160,47,2625,5547,6288,6683,773,36,1322,4089,5454,6255,647,11,1303,1458,834,428,126
20233,A,골목상권,3110107,금호사거리,2695,1164,1531,16,307,810,1020,361,181,1,105,274,437,205,142,15,202,536,583,156,39
20233,A,골목상권,3110117,성동구보건소,3042,1046,1996,9,527,459,593,877,577,2,180,225,258,242,139,7,347,234,335,635,438
20233,A,골목상권,3110112,행당역 2번,1354,720,634,1,163,289,360,364,177,0,63,131,193,205,128,1,100,158,167,159,49
20233,A,골목상권,3110229,장평중학교,4729,3089,1640,10,521,877,975,1057,1289,6,275,555,639,696,918,4,246,322,336,361,371
20233,A,골목상권,3110113,응봉산,260,138,122,1,39,45,77,52,46,0,10,23,38,26,41,1,29,22,39,26,5
20233,A,골목상권,3110169,성동초등학교,4265,2889,1376,14,444,930,1078,1032,767,2,248,611,726,722,580,12,196,319,352,310,187
20233,A,골목상권,3110156,군자역 5번,3040,1883,1157,7,484,700,775,587,487,3,263,406,480,355,376,4,221,294,295,232,111
20233,A,골목상권,3110157,자양동우체국,1846,1325,521,14,427,408,437,359,201,10,335,309,286,227,158,4,92,99,151,132,43
20233,A,골목상권,3110163,성자초등학교,1358,679,679,1,136,233,372,407,209,1,60,112,160,197,149,0,76,121,212,210,60
20233,A,골목상권,3110168,대원고등학교,1985,1153,832,0,192,440,482,552,319,0,76,207,253,351,266,0,116,233,229,201,53
20233,A,골목상권,3110212,답십리초등학교,3380,2234,1146,24,681,841,827,639,368,21,491,622,488,363,249,3,190,219,339,276,119
20233,A,골목상권,3110187,제기동역 6번,5909,3849,2060,18,1010,1530,1329,1085,937,8,568,966,887,742,678,10,442,564,442,343,259
20233,A,골목상권,3110309,대광초등학교,2784,1954,830,10,336,612,722,679,425,4,187,423,511,486,343,6,149,189,211,193,82
20233,A,골목상권,3110231,장안교,728,483,245,0,55,125,159,208,181,0,22,52,89,162,158,0,33,73,70,46,23
20233,A,골목상권,3110203,떡전교사거리,1653,740,913,2,227,282,322,365,455,2,66,119,144,167,242,0,161,163,178,198,213
20233,A,골목상권,3110194,홍파초등학교,1028,599,429,1,94,200,292,318,123,0,58,123,168,168,82,1,36,77,124,150,41
20233,A,골목상권,3110278,망우본동주민센터,1851,1277,574,3,136,243,393,562,514,1,62,113,218,409,474,2,74,130,175,153,40
20233,A,골목상권,3110242,면목5동주민센터,867,570,297,0,78,153,226,199,211,0,36,99,119,132,184,0,42,54,107,67,27
20233,A,골목상권,3110246,월드순복음교회,1402,769,633,4,139,280,360,346,273,1,42,139,213,197,177,3,97,141,147,149,96
20233,A,골목상권,3110261,사가정역 4번,1640,972,668,5,175,265,434,463,298,4,62,125,253,303,225,1,113,140,181,160,73
20233,A,골목상권,3110241,먹골역 5번,2166,1475,691,1,315,530,524,571,225,1,183,366,341,415,169,0,132,164,183,156,56
20233,A,골목상권,3110233,중랑역 1번,893,461,432,6,154,146,204,200,183,4,65,61,89,121,121,2,89,85,115,79,62
20233,A,골목상권,3110318,KT월곡지사,3595,2540,1055,4,306,612,723,786,1164,2,171,405,460,571,931,2,135,207,263,215,233
20233,A,골목상권,3110377,미아사거리역 3번,694,331,363,7,98,129,184,169,107,6,42,61,75,80,67,1,56,68,109,89,40
20233,A,골목상권,3110281,길상사,16413,13694,2719,22,1927,3775,4747,5449,493,3,1165,2821,4173,5180,352,19,762,954,574,269,141
20233,A,골목상권,3110373,수유역 2번,2772,1558,1214,6,358,532,544,703,629,4,150,310,293,432,369,2,208,222,251,271,260
20233,A,골목상권,3110379,KT&G 북부지사,623,302,321,2,67,85,155,224,90,0,26,30,63,131,52,2,41,55,92,93,38
20233,A,골목상권,3110348,강북문화예술회관,2983,2155,828,0,93,237,630,911,1112,0,20,143,489,717,786,0,73,94,141,194,326
20233,A,골목상권,3110383,덕성여대시반거리,437,131,306,0,77,73,112,105,70,0,9,16,36,28,42,0,68,57,76,77,28
20233,A,골목상권,3110345,솔밭공원역 2번,708,263,445,1,82,141,166,188,130,0,15,41,54,71,82,1,67,100,112,117,48
20233,A,골목상권,3110342,국립재활원,1911,1168,743,0,163,409,566,562,211,0,54,205,383,372,154,0,109,204,183,190,57
20233,A,골목상권,3110338,인수초등학교,1029,648,381,3,137,254,247,265,123,3,70,171,149,154,101,0,67,83,98,111,22
20233,A,골목상권,3110402,도봉구 정병원,1673,968,705,5,226,351,392,442,257,4,101,216,235,250,162,1,125,135,157,192,95
20233,A,골목상권,3110392,발바닥공원,590,396,194,3,85,182,168,101,51,2,37,113,135,71,38,1,48,69,33,30,13
20233,A,골목상권,3110416,노원초등학교,1205,552,653,8,124,241,275,314,243,6,45,126,116,149,110,2,79,115,159,165,133
20233,A,골목상권,3110488,우리은행응암동지점,3399,1825,1574,8,407,862,868,872,382,5,208,429,423,511,249,3,199,433,445,361,133
20233,A,골목상권,3110428,상계5동주민센터,1874,914,960,5,133,226,324,460,726,1,48,116,138,200,411,4,85,110,186,260,315
20233,A,골목상권,3110464,연신내역 5번,1985,1122,863,7,199,380,509,459,431,5,83,205,246,266,317,2,116,175,263,193,114
20233,A,골목상권,3110457,예일여고,3334,1823,1511,11,339,504,700,1175,605,2,131,234,342,705,409,9,208,270,358,470,196
20233,A,골목상권,3110485,연신내우체국,2037,1061,976,2,103,180,239,350,1163,1,45,107,106,143,659,1,58,73,133,207,504
20233,A,골목상권,3110449,증산역 3번,2851,1858,993,1,398,704,743,668,337,0,156,480,515,477,230,1,242,224,228,191,107
20233,A,골목상권,3110523,홍제성원아파트,259,109,150,1,36,55,62,74,31,0,14,19,28,27,21,1,22,36,34,47,10
20233,A,골목상권,3110586,서울서부지방법원,11593,7273,4320,37,2044,3389,3339,2245,539,5,959,1962,2248,1752,347,32,1085,1427,1091,493,192
20233,A,골목상권,3110540,망원나들목체육관,1899,1092,807,8,639,591,325,211,125,1,387,316,158,136,94,7,252,275,167,75,31
20233,A,골목상권,3110567,광흥창역 6번,510,261,249,0,80,126,127,118,59,0,35,61,66,62,37,0,45,65,61,56,22
20233,A,골목상권,3110565,홍익대,4319,2959,1360,13,708,1013,1064,875,646,7,389,669,759,621,514,6,319,344,305,254,132
20233,A,골목상권,3110560,마포FM,4675,2819,1856,11,653,1106,1054,998,853,9,292,695,738,584,501,2,361,411,316,414,352
20233,A,골목상권,3110549,새터산,2447,1476,971,6,323,490,622,631,375,4,169,276,370,408,249,2,154,214,252,223,126
20233,A,골목상권,3110581,염리초등학교,8998,5077,3921,16,1305,2124,2079,1885,1589,7,628,1198,1340,989,915,9,677,926,739,896,674
20233,A,골목상권,3110617,등촌역 4번,2496,1419,1077,2,330,561,641,599,363,0,156,350,350,329,234,2,174,211,291,270,129
20233,A,골목상권,3110676,등촌역 7번,2587,1617,970,12,360,533,656,601,425,6,154,333,395,389,340,6,206,200,261,212,85
20233,A,골목상권,3110656,까치산역 3번,3071,1778,1293,17,286,570,813,925,460,15,146,353,484,505,275,2,140,217,329,420,185
20233,A,골목상권,3110654,까치산역 4번,3556,2235,1321,15,324,625,928,1128,536,13,164,373,533,736,416,2,160,252,395,392,120
20233,A,골목상권,3110597,신월1동주민센터,2472,1402,1070,4,249,481,521,657,560,1,110,252,269,403,367,3,139,229,252,254,193
20233,A,골목상권,3110665,곰달래도서관,2356,1305,1051,4,236,435,587,666,428,4,101,243,325,344,288,0,135,192,262,322,140
20233,A,골목상권,3110615,신서초등학교,848,519,329,2,79,148,152,220,247,1,36,81,84,146,171,1,43,67,68,74,76
20233,A,골목상권,3110674,강서구청가양동별관,2810,1867,943,13,484,647,757,564,345,8,334,446,510,346,223,5,150,201,247,218,122
20233,A,골목상권,3110677,등촌역 1번,3921,2407,1514,15,590,925,884,897,610,12,265,549,522,592,467,3,325,376,362,305,143
20233,A,골목상권,3110631,방화초등학교,2022,1206,816,5,282,386,462,504,383,5,137,222,260,288,294,0,145,164,202,216,89
20233,A,골목상권,3110636,방화역 2번,2261,1548,713,6,180,387,715,586,387,4,92,216,507,418,311,2,88,171,208,168,76
20233,A,골목상권,3110662,까치산역 1번,3644,2133,1511,8,464,871,961,872,468,6,214,496,504,566,347,2,250,375,457,306,121
20233,A,골목상권,3110732,가산초등학교(세일중학교),2697,1734,963,13,406,604,664,616,394,4,232,369,400,410,319,9,174,235,264,206,75
20233,A,골목상권,3110729,가산동우체국,3002,1566,1436,10,310,527,627,607,921,6,171,294,365,336,394,4,139,233,262,271,527
20233,A,골목상권,3110723,가산디지털단지역 1번 출입구,6364,4269,2095,13,1161,2024,1564,904,698,8,553,1337,1145,699,527,5,608,687,419,205,171
20233,A,골목상권,3110691,개봉중학교,2121,1250,871,6,243,460,510,560,342,1,134,278,283,301,253,5,109,182,227,259,89
20233,A,골목상권,3110705,고산초등학교,2324,1523,801,3,295,489,490,507,540,2,148,292,274,324,483,1,147,197,216,183,57
20233,A,골목상권,3110680,온수역 5번(온수산업단지),1651,1405,246,18,174,252,303,480,424,18,138,209,238,407,395,0,36,43,65,73,29
20233,A,골목상권,3110685,금강수목원아파트,1014,749,265,2,60,190,279,274,209,1,35,123,189,214,187,1,25,67,90,60,22
20233,A,골목상권,3110854,조원동주민센터,3686,2722,964,3,494,609,555,569,1456,1,220,390,345,394,1372,2,274,219,210,175,84
20233,A,골목상권,3110742,KT금천빌딩(금천구시설관리공단),1604,1021,583,0,211,338,390,400,265,0,133,223,244,230,191,0,78,115,146,170,74
20233,A,골목상권,3110748,백산초등학교,1088,584,504,0,104,213,289,304,178,0,44,118,147,162,113,0,60,95,142,142,65
20233,A,골목상권,3110750,시흥4동주민센터(서울신흥초등학교),1125,636,489,9,163,218,324,281,130,8,89,133,186,127,93,1,74,85,138,154,37
20233,A,골목상권,3110749,금산초등학교(금천고등학교),7714,4555,3159,13,568,1109,1786,2003,2235,4,300,718,1027,1087,1419,9,268,391,759,916,816
20233,A,골목상권,3110763,영등포구청역 2번,7998,3926,4072,23,1606,2127,1491,1555,1196,12,684,1112,819,673,626,11,922,1015,672,882,570
20233,A,골목상권,3110786,당산역 8번,7202,5111,2091,19,1007,1783,1914,1612,867,6,490,1180,1444,1314,677,13,517,603,470,298,190
20233,A,골목상권,3110762,선유도역 1번,6490,4189,2301,17,859,1406,1594,1541,1073,11,470,902,970,975,861,6,389,504,624,566,212
20233,A,골목상권,3110803,신길2동우편취급국,2306,1308,998,6,226,496,505,482,591,3,103,233,253,261,455,3,123,263,252,221,136
20233,A,골목상권,3110757,양평역 2번,2594,1895,699,3,271,581,643,581,515,2,144,438,483,429,399,1,127,143,160,152,116
20233,A,골목상권,3110817,대방역 4번,3279,1548,1731,9,625,746,811,579,509,4,208,342,403,284,307,5,417,404,408,295,202
20233,A,골목상권,3110807,신길역 3번,994,401,593,5,113,194,247,269,166,2,40,84,97,101,77,3,73,110,150,168,89
20233,A,골목상권,3110847,예술인마을,2033,1270,763,3,284,468,518,409,351,3,131,269,312,253,302,0,153,199,206,156,49
20233,A,골목상권,3110903,방배아이파크아파트,13318,6720,6598,17,2219,3034,3683,2226,2139,5,678,1278,1774,1240,1745,12,1541,1756,1909,986,394
20233,A,골목상권,3110843,사당5동주민센터,856,499,357,1,74,130,224,245,182,0,30,57,123,154,135,1,44,73,101,91,47
20233,A,골목상권,3110898,청림동주민센터(상도중학교),3140,1745,1395,2,453,1024,1007,483,171,1,197,571,572,281,123,1,256,453,435,202,48
20233,A,골목상권,3110835,상도역 1번,1284,685,599,4,217,336,311,268,148,2,91,204,169,124,95,2,126,132,142,144,53
20233,A,골목상권,3110830,상도초등학교,1099,508,591,0,192,255,269,254,129,0,84,114,104,127,79,0,108,141,165,127,50
20233,A,골목상권,3110863,난우초등학교,1274,596,678,21,162,252,274,330,235,16,65,112,116,144,143,5,97,140,158,186,92
20233,A,골목상권,3110882,신성초등학교,1461,843,618,4,181,268,423,344,241,1,87,139,232,207,177,3,94,129,191,137,64
20233,A,골목상권,3110867,국제신학대학원대학교(남서울중학교),1284,802,482,3,150,289,290,284,268,1,93,193,167,179,169,2,57,96,123,105,99
20233,A,골목상권,3110871,신원동주민센터,1221,662,559,5,110,197,235,300,374,0,62,122,135,146,197,5,48,75,100,154,177
20233,A,골목상권,3110864,신림우방아파트,3078,2254,824,2,485,863,972,582,174,2,229,637,794,472,120,0,256,226,178,110,54
20233,A,골목상권,3110917,서초소방서,10472,8160,2312,29,1128,2908,2901,2625,881,18,710,2263,2404,2117,648,11,418,645,497,508,233
20233,A,골목상권,3110927,잠원역,3312,2219,1093,5,550,1142,865,499,251,3,321,787,627,322,159,2,229,355,238,177,92
20233,A,골목상권,3110915,서래초등학교,89045,79397,9648,58,9613,19204,23591,33698,2881,23,6991,15974,21216,32574,2619,35,2622,3230,2375,1124,262
20233,A,골목상권,3110918,방배역 3번,7950,4877,3073,25,1436,1942,1884,1479,1184,9,623,1168,1279,916,882,16,813,774,605,563,302
20233,A,골목상권,3110926,신중초등학교,18935,13842,5093,26,2537,6187,5342,3491,1352,11,1323,4503,4347,2701,957,15,1214,1684,995,790,395
20233,A,골목상권,3110928,서초우방유쉘아파트,8601,5394,3207,32,1319,2349,2192,1755,954,20,686,1554,1461,1019,654,12,633,795,731,736,300
20233,A,골목상권,3110961,언주역 3번,19048,12835,6213,40,3657,5606,4187,2889,2669,10,1697,3702,3162,2277,1987,30,1960,1904,1025,612,682
20233,A,골목상권,3110941,언남고등학교,3148,2001,1147,15,501,854,828,599,351,13,285,552,530,367,254,2,216,302,298,232,97
20233,A,골목상권,3110977,논현로18길,8768,6092,2676,17,1345,2688,2352,1426,940,7,731,1839,1812,1000,703,10,614,849,540,426,237
20233,A,골목상권,3110956,언주역 8번,10460,6708,3752,44,2484,3229,2399,1398,906,30,1284,2052,1709,952,681,14,1200,1177,690,446,225
20233,A,골목상권,3110970,학동초등학교,8274,4686,3588,35,1750,2524,1972,1193,800,17,746,1341,1253,767,562,18,1004,1183,719,426,238
20233,A,골목상권,3110986,삼성중앙역 7번,7054,4250,2804,39,1478,2059,1499,883,1096,9,622,1271,1051,561,736,30,856,788,448,322,360
20233,A,골목상권,3110958,역삼역 4번,13145,7672,5473,25,2620,4104,3148,1957,1291,13,968,2265,2168,1344,914,12,1652,1839,980,613,377
20233,A,골목상권,3111025,경찰병원역 3번,9858,5487,4371,53,1071,1688,1733,1768,3545,24,506,1023,1074,799,2061,29,565,665,659,969,1484
20233,A,골목상권,3111029,오금역 4번,6170,4510,1660,14,1076,1905,1533,1053,589,8,670,1374,1159,778,521,6,406,531,374,275,68
20233,A,골목상권,3111023,문정역 1번,3188,1943,1245,5,559,689,779,662,494,2,274,426,517,382,342,3,285,263,262,280,152
20233,A,골목상권,3111042,거여역 1번(거여공원),4647,2955,1692,20,677,1102,1208,1011,629,16,473,746,745,568,407,4,204,356,463,443,222
20233,A,골목상권,3111006,석촌고분역 1번,13231,9393,3838,32,1634,2684,3221,2686,2974,27,996,1913,2319,1807,2331,5,638,771,902,879,643
20233,A,골목상권,3111090,강일동주민센터,199,120,79,0,24,45,67,44,19,0,9,25,41,30,15,0,15,20,26,14,4
20233,A,골목상권,3111068,강동성심병원,3440,1771,1669,8,770,842,809,570,441,5,225,389,495,352,305,3,545,453,314,218,136
20233,A,골목상권,3111065,천일초등학교,1242,677,565,2,112,177,234,284,433,2,39,75,105,131,325,0,73,102,129,153,108
20233,A,골목상권,3111060,암사역 2번(서울강동초등학교),3038,1600,1438,3,337,620,746,749,583,2,117,297,376,407,401,1,220,323,370,342,182
20233,A,골목상권,3111054,암사역 4번(삼성광나루아파트),3175,1255,1920,2,329,487,578,782,997,2,142,257,245,207,402,0,187,230,333,575,595
20233,A,골목상권,3111049,천호지구대(천호동자전거거리),1795,986,809,7,217,342,414,400,415,3,102,177,213,206,285,4,115,165,201,194,130
20233,A,골목상권,3110007,사직공원(한국사회과학도서관),2261,1151,1110,4,393,616,566,444,238,2,142,279,306,251,171,2,251,337,260,193,67
20233,A,골목상권,3110531,홍지문,828,402,426,2,118,219,178,187,124,0,39,117,90,81,75,2,79,102,88,106,49
20233,A,골목상권,3110010,평창동서측,8863,4827,4036,16,958,2387,3264,1811,427,1,407,1007,1802,1306,304,15,551,1380,1462,505,123
20233,A,골목상권,3110013,체부동홍종문가옥,1116,630,486,4,122,231,265,248,246,0,42,116,139,143,190,4,80,115,126,105,56
20233,A,골목상권,3110051,한양공고앞 교차로,1270,665,605,0,194,259,304,324,189,0,76,137,166,173,113,0,118,122,138,151,76
20233,A,골목상권,3110587,공덕동주민센터,4777,2727,2050,20,903,1328,1318,886,322,3,450,775,774,531,194,17,453,553,544,355,128
20233,A,골목상권,3110075,숙대입구역 1번,11721,3647,8074,164,6494,2357,1245,865,596,15,739,1093,761,587,452,149,5755,1264,484,278,144
20233,A,골목상권,3110094,오산중학교,293,171,122,0,19,48,84,96,46,0,8,24,50,58,31,0,11,24,34,38,15
20233,A,골목상권,3110093,우사단길,5722,3218,2504,28,1105,1870,1447,876,396,11,353,986,985,650,233,17,752,884,462,226,163
20233,A,골목상권,3110089,서빙고동주민센터,1027,643,384,1,125,313,300,153,135,0,47,186,191,106,113,1,78,127,109,47,22
20233,A,골목상권,3110064,효창공원앞역 2번,3452,2255,1197,8,448,903,911,799,383,7,272,598,596,522,260,1,176,305,315,277,123
20233,A,골목상권,3110109,금호삼성래미안아파트,2637,1124,1513,17,315,812,1046,338,109,1,116,291,459,171,86,16,199,521,587,167,23
20233,A,골목상권,3110108,성동구립금호도서관,186,90,96,0,24,35,54,55,18,0,12,20,24,19,15,0,12,15,30,36,3
20233,A,골목상권,3110104,신금호역 4번,732,398,334,0,85,142,175,168,162,0,25,62,94,95,122,0,60,80,81,73,40
20233,A,골목상권,3110115,상왕십리역 3번,4711,2086,2625,18,803,828,947,1248,867,3,269,473,519,510,312,15,534,355,428,738,555
20233,A,골목상권,3110126,서울숲역 1번,3085,1944,1141,11,616,755,648,538,517,5,355,479,400,356,349,6,261,276,248,182,168
20233,A,골목상권,3110135,성동세무서,6003,3797,2206,7,862,1512,1538,1291,793,5,450,954,1006,780,602,2,412,558,532,511,191
20233,A,골목상권,3110133,서울교통공사,4981,3435,1546,23,1308,1313,957,778,602,20,760,917,708,550,480,3,548,396,249,228,122
20233,A,골목상권,3110130,답십리역 6번,5008,2174,2834,4,714,1041,1495,1390,364,2,492,707,504,247,222,2,222,334,991,1143,142
20233,A,골목상권,3110170,동대부여고,1909,989,920,3,252,420,535,456,243,1,90,195,287,248,168,2,162,225,248,208,75
20233,A,골목상권,3110172,광진초등학교,2650,1482,1168,56,464,506,558,636,430,25,237,266,298,348,308,31,227,240,260,288,122
20233,A,골목상권,3110173,구남초등학교,6227,3640,2587,15,457,1113,1646,2007,989,4,265,728,1023,979,641,11,192,385,623,1028,348
20233,A,골목상권,3110143,뚝섬유원지역 1번,1815,1480,335,4,196,506,523,433,153,1,151,416,440,351,121,3,45,90,83,82,32
20233,A,골목상권,3110165,국립정신건강센터,2364,1365,999,3,223,480,601,647,410,0,85,228,319,404,329,3,138,252,282,243,81
20233,A,골목상권,3110185,용두초등학교,8144,4248,3896,8,666,1891,2614,2141,824,3,322,1123,1308,948,544,5,344,768,1306,1193,280
20233,A,골목상권,3110313,안암역 3번,4007,2603,1404,7,479,974,1134,933,480,3,232,606,749,655,358,4,247,368,385,278,122
20233,A,골목상권,3110205,경희대삼거리,2042,1155,887,3,307,699,408,383,242,2,146,461,194,203,149,1,161,238,214,180,93
20233,A,골목상권,3110263,면목역 1번,2374,1295,1079,3,342,596,740,505,188,0,167,400,365,229,134,3,175,196,375,276,54
20233,A,골목상권,3110265,망우역 1번,2560,1588,972,13,240,367,540,748,652,2,93,155,261,513,564,11,147,212,279,235,88
20233,A,골목상권,3110272,신내1동주민센터,3286,2011,1275,4,411,585,632,841,813,4,214,329,339,496,629,0,197,256,293,345,184
20233,A,골목상권,3110429,공릉동 국수거리,4838,2587,2251,6,483,668,995,1400,1286,2,224,366,498,716,781,4,259,302,497,684,505
20233,A,골목상권,3110307,길음역 7번,2161,758,1403,9,665,611,420,293,163,0,120,232,163,133,110,9,545,379,257,160,53
20233,A,골목상권,3110310,길음역 10번,1961,875,1086,9,604,603,400,252,93,0,140,299,228,141,67,9,464,304,172,111,26
20233,A,골목상권,3110288,동구여중,1859,769,1090,6,181,454,656,400,162,0,55,184,238,173,119,6,126,270,418,227,43
20233,A,골목상권,3110326,장위동성당,1271,741,530,3,141,245,334,297,251,3,57,121,191,187,182,0,84,124,143,110,69
20233,A,골목상권,3110282,국민대학교앞,1906,1357,549,15,321,599,445,311,215,14,185,437,349,245,127,1,136,162,96,66,88
20233,A,골목상권,3110358,인수동 우편취급국,1765,939,826,2,170,270,351,489,483,0,51,121,160,260,347,2,119,149,191,229,136
20233,A,골목상권,3110404,신창초등학교,1553,862,691,11,174,258,430,465,215,8,68,144,234,271,137,3,106,114,196,194,78
20233,A,골목상권,3110380,강북문화정보도서관,592,293,299,0,63,86,106,169,168,0,17,49,52,80,95,0,46,37,54,89,73
20233,A,골목상권,3110370,도봉세무서,1155,642,513,7,84,180,290,317,277,6,25,81,136,177,217,1,59,99,154,140,60
20233,A,골목상권,3110359,수유시장옆,1979,746,1233,2,174,251,355,450,747,0,62,112,146,178,248,2,112,139,209,272,499
20233,A,골목상권,3110366,광산사거리,1102,553,549,2,152,230,302,260,156,0,71,120,146,119,97,2,81,110,156,141,59
20233,A,골목상권,3110391,샘말어린이공원,1105,495,610,0,95,176,215,283,336,0,30,73,100,108,184,0,65,103,115,175,152
20233,A,골목상권,3110386,연산군묘,898,534,364,0,132,210,207,211,138,0,60,118,124,120,112,0,72,92,83,91,26
20233,A,골목상권,3110472,연신내역 4번,2101,1115,986,9,291,420,561,452,368,4,112,235,265,229,270,5,179,185,296,223,98
20233,A,골목상권,3110385,효문고등학교,492,210,282,0,72,109,138,115,58,0,15,34,51,62,48,0,57,75,87,53,10
20233,A,골목상권,3110396,쌍문역1번(쌍리단길),873,388,485,4,110,167,201,233,158,1,36,63,88,108,92,3,74,104,113,125,66
20233,A,골목상권,3110438,경춘선숲길 우측,1262,670,592,2,165,313,395,265,122,1,79,159,202,145,84,1,86,154,193,120,38
20233,A,골목상권,3110458,선일여고,1561,717,844,5,204,370,371,412,199,2,85,168,169,166,127,3,119,202,202,246,72
20233,A,골목상권,3110460,구산역 4번,4098,2463,1635,10,303,617,938,1372,858,6,136,347,489,872,613,4,167,270,449,500,245
20233,A,골목상권,3110450,시립서북병원,3765,1891,1874,8,699,863,827,786,582,2,293,433,413,369,381,6,406,430,414,417,201
20233,A,골목상권,3110456,구산보건지소,2822,1445,1377,11,571,580,644,581,435,3,244,277,308,315,298,8,327,303,336,266,137
20233,A,골목상권,3110486,은평구청,3565,1859,1706,8,390,827,963,954,423,5,183,376,460,548,287,3,207,451,503,406,136
20233,A,골목상권,3110484,역촌역 3번,1849,903,946,7,208,399,493,442,300,5,86,179,219,212,202,2,122,220,274,230,98
20233,A,골목상권,3110461,새절역 2번,927,505,422,2,86,134,215,259,231,1,30,51,97,146,180,1,56,83,118,113,51
20233,A,골목상권,3110445,덕산중학교,1113,537,576,5,235,253,205,221,194,0,73,130,116,94,124,5,162,123,89,127,70
20233,A,골목상권,3110451,증산역 4번,2598,1818,780,3,354,592,647,619,383,2,156,421,488,450,301,1,198,171,159,169,82
20233,A,골목상권,3110446,내를건너서숲으로도서관,760,517,243,0,100,159,174,187,140,0,83,108,97,110,119,0,17,51,77,77,21
20233,A,골목상권,3110504,명지전문대,601,306,295,1,61,72,145,194,128,0,30,29,70,105,72,1,31,43,75,89,56
20233,A,골목상권,3110502,남가좌파출소,820,489,331,0,68,121,216,264,151,0,31,62,124,166,106,0,37,59,92,98,45
20233,A,골목상권,3110543,중암중학교,668,466,202,0,37,70,115,223,223,0,16,35,56,145,214,0,21,35,59,78,9
20233,A,골목상권,3110582,이대역 5번,907,344,563,2,105,192,252,226,130,1,24,52,78,110,79,1,81,140,174,116,51
20233,A,골목상권,3110520,경의중앙 신촌역,1500,752,748,8,322,367,324,282,197,5,111,177,147,168,144,3,211,190,177,114,53
20233,A,골목상권,3110566,경의선책거리,7387,4414,2973,27,1465,1717,1712,1423,1043,16,758,1040,1073,796,731,11,707,677,639,627,312
20233,A,골목상권,3110511,연희초등학교,5789,4486,1303,7,719,1297,1142,1990,634,1,495,983,811,1677,519,6,224,314,331,313,115
20233,A,골목상권,3110526,봉원사,367,217,150,1,22,70,135,80,59,1,9,35,92,46,34,0,13,35,43,34,25
20233,A,골목상권,3110585,마포경찰서,3239,2093,1146,1,420,1126,934,559,199,0,226,683,634,427,123,1,194,443,300,132,76
20233,A,골목상권,3110578,대흥역 2번,4903,3185,1718,78,872,1109,1037,1047,760,28,453,737,756,701,510,50,419,372,281,346,250
20233,A,골목상권,3110574,서강대학교,896,599,297,4,117,204,240,201,130,2,74,135,174,124,90,2,43,69,66,77,40
20233,A,골목상권,3110544,망리단길,6222,3617,2605,17,1248,1421,1318,976,1242,8,640,721,675,587,986,9,608,700,643,389,256
20233,A,골목상권,3110548,마포구청역 4번,5895,3452,2443,18,764,1118,1304,1728,963,10,390,797,862,809,584,8,374,321,442,919,379
20233,A,골목상권,3110557,홍대부속여중고앞,5872,3326,2546,15,903,1543,1632,1119,660,15,389,832,977,651,462,0,514,711,655,468,198
20233,A,골목상권,3110618,강서고등학교,3661,1791,1870,7,785,1002,801,724,342,3,195,468,416,435,274,4,590,534,385,289,68
20233,A,골목상권,3110596,서서울호수공원,2036,1321,715,5,229,365,459,585,393,2,117,220,272,383,327,3,112,145,187,202,66
20233,A,골목상권,3110599,신월1파출소,1680,1078,602,4,158,295,421,566,236,2,93,182,259,368,174,2,65,113,162,198,62
20233,A,골목상권,3110651,화원중학교,2712,1532,1180,8,300,556,660,686,502,6,148,340,365,391,282,2,152,216,295,295,220
20233,A,골목상권,3110623,갈산공원,1473,855,618,6,162,331,380,329,265,4,90,177,200,190,194,2,72,154,180,139,71
20233,A,골목상권,3110632,방화역 3번,3801,2575,1226,6,332,705,1119,1071,568,4,193,413,783,737,445,2,139,292,336,334,123
20233,A,골목상권,3110659,화곡역 4번,3626,1901,1725,18,457,804,957,853,537,15,183,460,522,422,299,3,274,344,435,431,238
20233,A,골목상권,3110722,G타워,19389,12310,7079,60,3607,6404,5129,2626,1563,29,1836,4264,3348,1661,1172,31,1771,2140,1781,965,391
20233,A,골목상권,3110696,오류동역 1번,3475,2139,1336,33,914,1147,671,456,254,17,516,814,390,225,177,16,398,333,281,231,77
20233,A,골목상권,3110698,개웅초등학교(개웅중학교),2757,1234,1523,7,405,493,704,774,374,5,210,265,264,263,227,2,195,228,440,511,147
20233,A,골목상권,3110697,개봉3동주민센터,1101,686,415,1,168,226,252,244,210,1,77,141,156,157,154,0,91,85,96,87,56
20233,A,골목상권,3110682,온수역 8번,361,283,78,0,13,52,95,107,94,0,11,34,65,83,90,0,2,18,30,24,4
20233,A,골목상권,3110688,오류지구대,1309,724,585,5,130,240,332,393,209,4,56,137,187,212,128,1,74,103,145,181,81
20233,A,골목상권,3110684,서울공연예술고등학교,980,521,459,4,124,208,238,273,133,2,54,118,122,154,71,2,70,90,116,119,62
20233,A,골목상권,3110728,두산초등학교,7779,4797,2982,17,403,805,1036,1484,4034,15,223,510,611,873,2565,2,180,295,425,611,1469
20233,A,골목상권,3110731,금천구청역 1번 출입구,4469,2258,2211,11,672,1215,1026,1039,506,6,276,550,486,608,332,5,396,665,540,431,174
20233,A,골목상권,3110730,서울축산농협 독산역지점(독산파출소),7158,4528,2630,15,350,639,810,1307,4037,13,197,420,491,801,2606,2,153,219,319,506,1431
20233,A,골목상권,3110752,한울중학교,2059,1251,808,13,294,388,526,539,299,10,181,248,303,289,220,3,113,140,223,250,79
20233,A,골목상권,3110753,시흥동 은행나무사거리,1767,985,782,8,199,364,416,443,337,7,105,218,220,235,200,1,94,146,196,208,137
20233,A,골목상권,3110743,시흥초등학교(시흥1동우체국),1901,835,1066,7,317,358,467,487,265,6,126,168,210,183,142,1,191,190,257,304,123
20233,A,골목상권,3110764,문래역 3번,3153,1905,1248,2,407,744,863,599,538,2,173,425,526,380,399,0,234,319,337,219,139
20233,A,골목상권,3110782,영등포시장역 4번,1839,1063,776,5,208,345,454,439,388,3,97,205,292,249,217,2,111,140,162,190,171
20233,A,골목상권,3110779,대림갑을명가아파트,800,491,309,1,87,130,177,235,170,0,44,84,105,135,123,1,43,46,72,100,47
20233,A,골목상권,3110765,문래동사거리,2020,1394,626,4,169,352,494,465,536,2,82,219,333,315,443,2,87,133,161,150,93
20233,A,골목상권,3110810,영신초등학교,2994,1643,1351,2,368,625,659,659,681,0,176,353,376,324,414,2,192,272,283,335,267
20233,A,골목상권,3110809,장훈고등학교,1484,885,599,1,203,345,302,292,341,0,102,180,180,183,240,1,101,165,122,109,101
20233,A,골목상권,3110824,대방역 3번,2129,1361,768,5,292,552,582,381,317,4,165,378,384,224,206,1,127,174,198,157,111
20233,A,골목상권,3110813,보라매역 6번,5419,3837,1582,9,1033,1296,1111,1526,444,6,590,941,791,1194,315,3,443,355,320,332,129
20233,A,골목상권,3110834,동작구자원봉사센터,2564,1472,1092,14,261,540,690,627,432,11,135,308,409,356,253,3,126,232,281,271,179
20233,A,골목상권,3110828,노량진역 6번,7261,4126,3135,15,905,2214,1977,1542,608,3,417,1160,1187,977,382,12,488,1054,790,565,226
20233,A,골목상권,3110827,NH농협은행 상도동지점,1082,439,643,2,105,183,271,274,247,1,38,79,104,103,114,1,67,104,167,171,133
20233,A,골목상권,3110852,이수역 9번,2529,1175,1354,5,473,620,696,447,288,1,132,264,309,240,229,4,341,356,387,207,59
20233,A,골목상권,3110905,방배노인종합복지관(이수중학교),5242,2054,3188,12,1165,1458,1271,885,451,1,334,540,486,427,266,11,831,918,785,458,185
20233,A,골목상권,3110851,경문고등학교(동작동성당),3368,1773,1595,14,635,1032,934,524,229,8,236,520,595,291,123,6,399,512,339,233,106
20233,A,골목상권,3110900,낙성대역 1번(관악구민 종합체육센터),4337,2627,1710,15,852,1276,966,653,575,7,368,802,610,388,452,8,484,474,356,265,123
20233,A,골목상권,3110899,낙성대역 5번(관악중학교),4614,3107,1507,19,916,1345,1018,737,579,11,468,959,710,495,464,8,448,386,308,242,115
20233,A,골목상권,3110831,상도4동주민센터,1928,1233,695,2,251,423,419,532,301,2,136,263,284,407,141,0,115,160,135,125,160
20233,A,골목상권,3110873,당곡중학교,2525,1427,1098,7,341,547,627,540,463,4,156,299,352,290,326,3,185,248,275,250,137
20233,A,골목상권,3110841,중대부중,360,156,204,0,43,52,85,105,75,0,14,21,31,46,44,0,29,31,54,59,31
20233,A,골목상권,3110892,관악구 중앙길,4005,1888,2117,12,627,825,985,859,697,7,212,389,474,444,362,5,415,436,511,415,335
20233,A,골목상권,3110866,난우중학교,1102,622,480,0,111,196,289,322,184,0,50,105,148,183,136,0,61,91,141,139,48
20233,A,골목상권,3110857,미성동주민센터,1238,578,660,17,154,236,276,322,233,13,73,114,121,124,133,4,81,122,155,198,100
20233,A,골목상권,3110875,보라매동주민센터(당곡고등학교),940,526,414,2,104,162,206,235,231,0,48,85,103,128,162,2,56,77,103,107,69
20233,A,골목상권,3110891,구암초등학교,1342,607,735,0,232,374,420,224,92,0,68,168,205,117,49,0,164,206,215,107,43
20233,A,골목상권,3110944,서울나래학교(염곡어린이공원),1156,798,358,10,148,272,221,240,265,8,109,212,164,151,154,2,39,60,57,89,111
20233,A,골목상권,3110942,염곡동 구룡사(포이동성당),13415,8394,5021,55,2287,3724,3222,2573,1554,26,1169,2292,2042,1698,1167,29,1118,1432,1180,875,387
20233,A,골목상권,3110920,방배역 2번(백석예술대학교),5016,3055,1961,91,1042,1259,931,793,900,26,459,731,622,507,710,65,583,528,309,286,190
20233,A,골목상권,3110910,내방역 5번,6436,3785,2651,20,1118,1455,1481,1224,1138,10,430,857,865,759,864,10,688,598,616,465,274
20233,A,골목상권,3110906,서문여고,11702,5247,6455,16,2248,2996,3566,2017,859,4,688,1244,1668,1074,569,12,1560,1752,1898,943,290
20233,A,골목상권,3110932,서울시인재개발원,4209,2306,1903,8,1038,1226,942,667,328,6,350,687,621,424,218,2,688,539,321,243,110
20233,A,골목상권,3110930,서초동성당,32660,17166,15494,63,6180,7719,7177,9753,1768,35,2030,3676,3572,6555,1298,28,4150,4043,3605,3198,470
20233,A,골목상권,3110931,삼성전자서울R&D(서울우면초등학교),211,106,105,0,53,63,49,28,18,0,20,37,22,17,10,0,33,26,27,11,8
20233,A,골목상권,3110938,바우뫼공원,4722,3197,1525,17,814,1339,1276,836,440,8,422,921,904,581,361,9,392,418,372,255,79
20233,A,골목상권,3110943,법제교육센터(버들어린이공원),5935,3672,2263,18,851,1433,1538,1193,902,10,470,907,945,696,644,8,381,526,593,497,258
20233,A,골목상권,3110994,개포고등학교,4345,2839,1506,57,867,1222,970,768,461,24,505,806,631,503,370,33,362,416,339,265,91
20233,A,골목상권,3110988,청담역 3번,14773,6151,8622,65,3286,4402,3877,2145,998,27,1018,1851,1536,1027,692,38,2268,2551,2341,1118,306
20233,A,골목상권,3111012,석촌역 6번,3563,1857,1706,6,341,717,926,795,778,4,123,380,473,406,471,2,218,337,453,389,307
20233,A,골목상권,3111043,마천공원,1725,1113,612,1,183,389,411,423,318,0,112,251,235,271,244,1,71,138,176,152,74
20233,A,골목상권,3111045,개미어린이공원,1629,952,677,8,240,270,383,466,262,2,144,178,243,239,146,6,96,92,140,227,116
20233,A,골목상권,3111047,마천1치안센터,1130,680,450,1,120,251,299,266,193,1,60,143,171,153,152,0,60,108,128,113,41
20233,A,골목상권,3111028,문현중학교(장지역 1번),2770,1677,1093,9,489,714,682,541,335,5,271,467,421,262,251,4,218,247,261,279,84
20233,A,골목상권,3111035,오금공원(오주중학교),2277,1464,813,2,256,487,582,635,315,1,148,328,395,374,218,1,108,159,187,261,97
20233,A,골목상권,3111053,성내천어린이공원(하니사랑길),13219,9342,3877,40,1620,2605,2692,3224,3038,16,990,1785,1878,2342,2331,24,630,820,814,882,707
20233,A,골목상권,3111087,고덕중학교(고덕2동주민센터),472,171,301,0,46,83,108,137,98,0,8,31,45,43,44,0,38,52,63,94,54
20233,A,골목상권,3111083,GS강동자이아파트,2192,1281,911,3,253,379,423,595,539,3,145,235,242,299,357,0,108,144,181,296,182
20233,A,골목상권,3111074,명일역 1번,1560,927,633,3,195,368,374,356,264,2,96,213,197,225,194,1,99,155,177,131,70
20233,A,골목상권,3111056,천호태영아파트,2371,1291,1080,1,166,256,372,396,1180,0,61,99,164,203,764,1,105,157,208,193,416
20233,A,골목상권,3111061,암사역 1번,3505,1543,1962,2,374,555,668,876,1030,1,150,309,306,294,483,1,224,246,362,582,547
20233,A,골목상권,3110036,동묘앞역 3번,1190,660,530,2,181,238,291,276,202,0,47,113,169,190,141,2,134,125,122,86,61
20233,A,골목상권,3110034,창신1동주민센터,1885,871,1014,8,319,394,521,412,231,7,104,157,206,228,169,1,215,237,315,184,62
20233,A,골목상권,3110028,이화달팽이길,3695,2004,1691,7,657,966,880,710,475,3,229,479,515,444,334,4,428,487,365,266,141
20233,A,골목상권,3110014,경복고등학교,1637,871,766,2,154,436,502,373,170,2,50,215,274,204,126,0,104,221,228,169,44
20233,A,골목상권,3110001,이북5도청사,3311,2335,976,10,598,774,665,978,286,6,331,504,493,810,191,4,267,270,172,168,95
20233,A,골목상권,3110286,한성대입구역 5번,4861,2170,2691,20,736,1306,1268,999,532,9,240,613,591,455,262,11,496,693,677,544,270
20233,A,골목상권,3110283,성북초등학교앞,2067,1295,772,12,288,580,641,380,166,8,150,391,427,218,101,4,138,189,214,162,65
20233,A,골목상권,3110285,홍대부중,2796,1807,989,11,479,748,779,536,243,6,237,471,486,420,187,5,242,277,293,116,56
20233,A,골목상권,3110053,청구역 1번,1887,973,914,1,292,413,473,444,264,0,94,203,258,251,167,1,198,210,215,193,97
20233,A,골목상권,3110040,중구회현체육센터(정화예술대남산캠퍼스),15872,7161,8711,64,2309,4970,5377,2758,394,8,703,2069,2118,2073,190,56,1606,2901,3259,685,204
20233,A,골목상권,3110039,회현역 1번,23622,11623,11999,133,4395,7509,7184,3821,580,38,1547,3599,3487,2668,284,95,2848,3910,3697,1153,296
20233,A,골목상권,3110069,숙대입구,5692,2925,2767,14,842,1738,1501,985,612,6,238,745,833,646,457,8,604,993,668,339,155
20233,A,골목상권,3110077,삼광초등학교,1617,1102,515,8,162,358,490,381,218,7,93,234,360,254,154,1,69,124,130,127,64
20233,A,골목상권,3110072,열정도,1822,1125,697,9,264,375,438,367,369,3,123,236,278,230,255,6,141,139,160,137,114
20233,A,골목상권,3110059,새남터성지,2836,1935,901,8,404,789,837,608,190,3,181,500,636,477,138,5,223,289,201,131,52
20233,A,골목상권,3110095,한강진역 3번,5622,3227,2395,35,1349,2001,1256,664,317,20,544,1116,858,496,193,15,805,885,398,168,124
20233,A,골목상권,3110097,한남초등학교,5721,3746,1975,12,1028,2374,1313,590,404,7,478,1484,985,454,338,5,550,890,328,136,66
20233,A,골목상권,3110106,금북초등학교,123,49,74,0,15,25,38,29,16,0,2,11,13,12,11,0,13,14,25,17,5
20233,A,골목상권,3110103,옥수터널,545,284,261,1,45,141,155,157,46,0,17,64,87,85,31,1,28,77,68,72,15
20233,A,골목상권,3110137,성수초등학교,14338,9448,4890,60,2205,3717,3817,2875,1664,46,1146,2457,2601,1900,1298,14,1059,1260,1216,975,366
20233,A,골목상권,3110138,송정체육공원,2546,1233,1313,1,395,634,646,528,342,0,147,319,328,219,220,1,248,315,318,309,122
20233,A,골목상권,3110150,중곡1동 마을마당,5687,2821,2866,84,1470,1113,1132,1310,578,30,642,611,577,542,419,54,828,502,555,768,159
20233,A,골목상권,3110175,푸른동산공원,7435,3844,3591,8,711,1236,1667,2238,1575,4,374,802,970,930,764,4,337,434,697,1308,811
20233,A,골목상권,3110177,동의초등학교,1191,614,577,1,140,224,315,322,189,0,46,118,168,160,122,1,94,106,147,162,67
20233,A,골목상권,3110146,신자초등학교,2819,2113,706,7,317,659,835,751,250,3,224,506,625,563,192,4,93,153,210,188,58
20233,A,골목상권,3110195,동대문구청,3806,1797,2009,5,412,804,896,1082,607,3,155,327,374,598,340,2,257,477,522,484,267
20233,A,골목상권,3110201,전농119안전센터,669,454,215,0,93,145,215,139,77,0,61,94,144,99,56,0,32,51,71,40,21
20233,A,골목상권,3110189,제기동역 1번,4287,2552,1735,8,675,1174,895,684,851,2,252,688,568,412,630,6,423,486,327,272,221
20233,A,골목상권,3110334,석관중앙교회,1188,720,468,0,136,249,282,330,191,0,69,127,145,232,147,0,67,122,137,98,44
20233,A,골목상권,3110215,회기역 1번,2285,799,1486,3,612,739,515,282,134,1,114,254,199,124,107,2,498,485,316,158,27
20233,A,골목상권,3110224,외대앞역 2번,1271,746,525,3,119,240,371,332,206,1,48,142,229,232,94,2,71,98,142,100,112
20233,A,골목상권,3110214,경희대후문,3212,1375,1837,1,688,904,837,553,229,1,133,324,406,334,177,0,555,580,431,219,52
20233,A,골목상권,3110232,동대부고,2450,1295,1155,3,270,438,601,702,436,1,110,219,302,355,308,2,160,219,299,347,128
20233,A,골목상권,3110190,고대앞사거리,2811,1514,1297,5,408,813,812,528,245,2,171,410,436,326,169,3,237,403,376,202,76
20233,A,골목상권,3110196,홍릉근린공원,813,501,312,1,63,163,273,228,85,1,32,79,174,139,76,0,31,84,99,89,9
20233,A,골목상권,3110312,안암역 2번,1646,844,802,1,199,449,557,333,107,0,70,193,307,200,74,1,129,256,250,133,33
20233,A,골목상권,3110222,회기역 2번,2106,1033,1073,1,371,448,535,549,202,0,86,231,303,298,115,1,285,217,232,251,87
20233,A,골목상권,3110273,장스여성병원,1451,933,518,9,121,171,256,458,436,1,29,69,134,320,380,8,92,102,122,138,56
20233,A,골목상권,3110260,면목역 3번,2350,1372,978,3,344,558,668,508,269,0,147,374,336,286,229,3,197,184,332,222,40
20233,A,골목상권,3110238,배꽃어린이공원,1298,1025,273,1,203,312,289,312,181,1,146,248,219,268,143,0,57,64,70,44,38
20233,A,골목상권,3110257,상봉역 7번,1447,1068,379,2,86,174,301,412,472,1,40,93,179,332,423,1,46,81,122,80,49
20233,A,골목상권,3110239,중랑역 2번,478,213,265,1,58,81,106,116,116,0,23,34,39,50,67,1,35,47,67,66,49
20233,A,골목상권,3110294,서경대학교,1909,1071,838,1,218,284,476,532,398,0,68,128,255,335,285,1,150,156,221,197,113
20233,A,골목상권,3110316,숭곡초등학교,3255,1971,1284,7,264,440,671,666,1207,6,113,208,325,382,937,1,151,232,346,284,270
20233,A,골목상권,3110303,성신여대입구역 1번,1418,675,743,8,188,301,315,361,245,3,62,134,147,190,139,5,126,167,168,171,106
20233,A,골목상권,3110293,삼선중학교,15384,8771,6613,60,2292,3733,4993,2745,1561,27,1049,2116,3024,1840,715,33,1243,1617,1969,905,846
20233,A,골목상권,3110305,보문역 5번,6037,4718,1319,11,742,2042,1228,1245,769,5,463,1703,1006,1012,529,6,279,339,222,233,240
20233,A,골목상권,3110331,돌곶이역 8번,1135,748,387,4,137,251,271,224,248,0,50,166,174,147,211,4,87,85,97,77,37
20233,A,골목상권,3110423,석계역 2번,1311,574,737,4,152,235,386,321,213,2,65,110,173,127,97,2,87,125,213,194,116
20233,A,골목상권,3110319,종암동주민센터,1893,933,960,3,270,388,460,529,243,1,103,217,229,277,106,2,167,171,231,252,137
20233,A,골목상권,3110322,장위1동주민센터,871,527,344,2,161,181,190,183,154,1,77,118,116,111,104,1,84,63,74,72,50
20233,A,골목상권,3110361,삼양사거리역 1번,993,499,494,2,47,112,177,256,399,1,14,50,90,149,195,1,33,62,87,107,204
20233,A,골목상권,3110364,미아역 8번,1531,881,650,2,169,302,433,416,209,1,79,160,252,251,138,1,90,142,181,165,71
20233,A,골목상권,3110360,수유초등학교,2034,877,1157,5,275,331,439,521,463,1,65,139,157,219,296,4,210,192,282,302,167
20233,A,골목상권,3110381,번동주공2단지,791,418,373,5,81,172,201,218,114,4,26,69,100,134,85,1,55,103,101,84,29
20233,A,골목상권,3110363,송천동주민센터,409,210,199,2,30,68,123,98,88,1,8,30,50,50,71,1,22,38,73,48,17
20233,A,골목상권,3110371,삼양입구사거리,930,529,401,1,86,197,218,253,175,1,33,94,108,159,134,0,53,103,110,94,41
20233,A,골목상권,3110374,송중초등학교,1719,817,902,7,155,286,471,442,358,6,44,101,191,221,254,1,111,185,280,221,104
20233,A,골목상권,3110357,가오리역 1번,2168,1460,708,1,94,117,339,588,1029,0,22,54,236,446,702,1,72,63,103,142,327
20233,A,골목상권,3110340,인수중학교,1210,779,431,6,158,254,272,328,192,6,80,172,168,192,161,0,78,82,104,136,31
20233,A,골목상권,3110341,북한산우이역 2번,566,439,127,0,22,43,96,273,132,0,5,15,59,245,115,0,17,28,37,28,17
20233,A,골목상권,3110390,방학초등학교,1597,753,844,3,167,399,387,400,241,2,55,196,185,170,145,1,112,203,202,230,96
20233,A,골목상권,3110408,가인초등학교,5003,3437,1566,5,529,1188,1209,961,1111,3,315,894,903,569,753,2,214,294,306,392,358
20233,A,골목상권,3110433,공릉역 2번,3355,1631,1724,8,286,413,725,1012,911,3,111,214,339,463,501,5,175,199,386,549,410
20233,A,골목상권,3110462,갈현건영아파트,1644,949,695,7,239,380,374,357,287,5,127,224,218,183,192,2,112,156,156,174,95
20233,A,골목상권,3110468,응암역 3번,3641,1667,1974,6,385,681,1020,975,574,1,133,299,452,447,335,5,252,382,568,528,239
20233,A,골목상권,3110478,응암1동주민센터,2441,1361,1080,5,214,382,537,597,706,3,104,189,272,292,501,2,110,193,265,305,205
20233,A,골목상권,3110481,불광역 7번,1180,586,594,2,144,250,312,287,185,2,57,126,153,135,113,0,87,124,159,152,72
20233,A,골목상권,3110443,수색역 1번,216,134,82,0,17,25,57,64,53,0,8,14,33,40,39,0,9,11,24,24,14
20233,A,골목상권,3110463,응암3동주민센터,974,399,575,1,102,172,257,281,161,0,35,51,90,125,98,1,67,121,167,156,63
20233,A,골목상권,3110459,응암역 2번,3086,1443,1643,3,303,575,877,817,511,0,113,267,388,352,323,3,190,308,489,465,188
20233,A,골목상권,3110495,북가좌2동주민센터,3425,1703,1722,7,515,851,808,729,515,3,154,458,454,363,271,4,361,393,354,366,244
20233,A,골목상권,3110507,명지대학교,3062,2160,902,30,511,879,694,667,281,27,328,632,494,452,227,3,183,247,200,215,54
20233,A,골목상권,3110584,아현역 4번,1154,595,559,2,327,402,209,121,93,1,129,232,107,64,62,1,198,170,102,57,31
20233,A,골목상권,3110528,서울여자간호대학교,7567,1522,6045,6,217,511,2006,3643,1184,1,75,158,342,456,490,5,142,353,1664,3187,694
20233,A,골목상권,3110580,양원초등학교,498,212,286,1,65,95,130,125,82,0,16,34,56,63,43,1,49,61,74,62,39
20233,A,골목상권,3110545,마포구청역 1번,2002,1003,999,13,262,386,532,510,299,6,101,203,265,254,174,7,161,183,267,256,125
20233,A,골목상권,3110568,광흥창역 1번,1865,940,925,2,319,532,473,379,160,0,93,278,268,220,81,2,226,254,205,159,79
20233,A,골목상권,3110556,절두산순교성지,1036,634,402,3,129,274,296,242,92,3,52,152,183,174,70,0,77,122,113,68,22
20233,A,골목상권,3110622,달마을공원,3703,2251,1452,3,469,828,1090,957,356,2,224,483,702,584,256,1,245,345,388,373,100
20233,A,골목상권,3110675,화곡4동주민센터,2797,1278,1519,5,643,758,578,544,269,4,133,328,273,318,222,1,510,430,305,226,47
20233,A,골목상권,3110672,백석중학교,3412,1929,1483,2,392,661,820,891,646,1,172,329,509,533,385,1,220,332,311,358,261
20233,A,골목상권,3110601,신월1동우편취급국,2705,1819,886,9,277,464,638,855,462,4,152,304,424,572,363,5,125,160,214,283,99
20233,A,골목상권,3110609,신정네거리역 2번,3128,2387,741,7,203,302,527,602,1487,2,96,167,286,425,1411,5,107,135,241,177,76
20233,A,골목상권,3110598,신월문화체육센터,3588,2130,1458,4,271,421,690,983,1219,3,154,260,389,589,735,1,117,161,301,394,484
20233,A,골목상권,3110655,발산역 5번,4161,1917,2244,5,419,692,805,852,1388,3,173,359,411,358,613,2,246,333,394,494,775
20233,A,골목상권,3110652,양천향교역 2번,5355,3360,1995,14,588,1103,1158,1394,1098,8,298,697,700,851,806,6,290,406,458,543,292
20233,A,골목상권,3110630,공항시장역 1번,3398,1986,1412,9,371,571,654,788,1005,3,149,321,407,512,594,6,222,250,247,276,411
20233,A,골목상권,3110660,등촌3동주민센터,10361,5421,4940,46,1465,2249,2361,2354,1886,16,655,1444,1390,1025,891,30,810,805,971,1329,995
20233,A,골목상권,3110645,우장산역 4번,6211,3689,2522,11,755,1459,1633,1576,777,7,408,941,907,852,574,4,347,518,726,724,203
20233,A,골목상권,3110714,구로4동주민센터,3993,2731,1262,7,467,935,917,1103,564,4,223,587,636,850,431,3,244,348,281,253,133
20233,A,골목상권,3110640,방화역 1번,4330,2746,1584,7,432,979,1112,1131,669,5,222,521,675,783,540,2,210,458,437,348,129
20233,A,골목상권,3110695,개봉1동주민센터,2132,1220,912,8,180,491,579,523,351,7,99,290,309,285,230,1,81,201,270,238,121
20233,A,골목상권,3110692,큰굴다리,3257,2221,1036,5,464,656,827,912,393,4,364,453,539,571,290,1,100,203,288,341,103
20233,A,골목상권,3110715,구로구민회관,4993,2481,2512,4,601,1291,1353,1189,555,2,225,636,658,644,316,2,376,655,695,545,239
20233,A,골목상권,3110708,화원어린이공원,1274,488,786,6,311,266,296,208,187,1,66,71,108,97,145,5,245,195,188,111,42
20233,A,골목상권,3110713,구로보건소,7675,4823,2852,13,1134,1919,2115,1590,904,6,626,1277,1358,961,595,7,508,642,757,629,309
20233,A,골목상권,3110718,한국SGI본부,6477,4079,2398,33,1087,1712,1798,1241,606,26,598,1087,1157,798,413,7,489,625,641,443,193
20233,A,골목상권,3110707,구로창업지원센터,5470,4040,1430,11,555,1651,1506,1116,631,9,302,1244,1178,827,480,2,253,407,328,289,151
20233,A,골목상권,3110727,독산역 1번 출입구,3120,2126,994,18,378,675,804,825,420,18,221,481,534,577,295,0,157,194,270,248,125
20233,A,골목상권,3110726,금천철쭉어린이공원(금하마을),1222,795,427,13,185,229,245,307,243,11,116,157,160,167,184,2,69,72,85,140,59
20233,A,골목상권,3110738,문성초등학교,2470,1462,1008,12,359,479,571,602,447,3,208,314,345,327,265,9,151,165,226,275,182
20233,A,골목상권,3110744,독산동성당,2100,1247,853,1,190,325,415,592,577,0,116,185,232,327,387,1,74,140,183,265,190
20233,A,골목상권,3110754,삼성산자연공원(서울금천초등학교),1854,1031,823,19,228,370,484,441,312,12,101,240,284,208,186,7,127,130,200,233,126
20233,A,골목상권,3110734,금천파출소,1807,760,1047,8,475,533,360,289,142,3,200,263,141,92,61,5,275,270,219,197,81
20233,A,골목상권,3110747,석수역 1번 출입구,1082,802,280,4,73,141,239,286,339,4,48,101,156,202,291,0,25,40,83,84,48
20233,A,골목상권,3110819,신대방역 4번,5159,3199,1960,20,841,1350,1310,962,676,14,426,897,852,558,452,6,415,453,458,404,224
20233,A,골목상권,3110781,대림한신아파트,2145,1183,962,3,313,387,472,543,427,0,106,213,256,304,304,3,207,174,216,239,123
20233,A,골목상권,3110776,도신초등학교,4342,3047,1295,14,543,1061,1275,922,527,5,283,767,959,627,406,9,260,294,316,295,121
20233,A,골목상권,3110798,신풍역 2번,1786,1078,708,7,160,456,560,380,223,6,95,279,287,241,170,1,65,177,273,139,53
20233,A,골목상권,3110792,영등포역 2번,4524,2496,2028,35,680,1023,1028,1131,627,16,283,485,583,698,431,19,397,538,445,433,196
20233,A,골목상권,3110756,문래중학교,1572,1015,557,2,185,356,383,362,284,0,97,271,248,213,186,2,88,85,135,149,98
20233,A,골목상권,3110801,신풍역 6번(신길6동공영주차장),245,84,161,1,32,37,52,64,59,0,1,12,15,24,32,1,31,25,37,40,27
20233,A,골목상권,3110812,신길6동주민센터,2401,1555,846,4,382,558,565,498,394,3,189,346,367,345,305,1,193,212,198,153,89
20233,A,골목상권,3110811,보라매역 4번,1485,937,548,4,212,413,375,284,197,3,100,268,233,183,150,1,112,145,142,101,47
20233,A,골목상권,3110820,성남고등학교,4803,3512,1291,4,807,999,907,1587,499,3,498,725,655,1252,379,1,309,274,252,335,120
20233,A,골목상권,3110800,영등포동성당,4742,2638,2104,14,1219,1149,1000,824,536,6,385,590,637,579,441,8,834,559,363,245,95
20233,A,골목상권,3110806,서울시립영등포장애인복지관,2220,1555,665,16,339,498,524,501,342,8,181,328,388,376,274,8,158,170,136,125,68
20233,A,골목상권,3110839,숭실대입구역 4번,3303,2046,1257,2,371,954,1107,622,247,1,177,536,682,434,216,1,194,418,425,188,31
20233,A,골목상권,3110833,상도역 2번,1336,685,651,6,207,356,332,277,158,2,88,215,184,115,81,4,119,141,148,162,77
20233,A,골목상권,3110876,서원동주민센터(신관중학교),1010,458,552,0,95,206,235,294,180,0,31,95,124,113,95,0,64,111,111,181,85
20233,A,골목상권,3110889,봉천역 6번,1263,796,467,1,114,181,251,361,355,0,57,94,152,270,223,1,57,87,99,91,132
20233,A,골목상권,3110901,인헌고등학교(인헌중학교),1830,934,896,7,276,482,543,370,152,4,127,251,267,170,115,3,149,231,276,200,37
20233,A,골목상권,3110919,내방역 8번,17656,12077,5579,47,2980,5187,5004,3205,1233,19,1390,3288,3826,2627,927,28,1590,1899,1178,578,306
20233,A,골목상권,3110908,구반포역,8972,4814,4158,21,1548,2263,2440,2159,541,21,607,1187,1452,1153,394,0,941,1076,988,1006,147
20233,A,골목상권,3110916,내방역 4번,9127,6122,3005,73,1885,2725,2144,1385,915,60,1124,1946,1492,851,649,13,761,779,652,534,266
20233,A,골목상권,3110914,내방역 6번,6099,3888,2211,13,1069,1570,1366,1162,919,9,527,958,903,780,711,4,542,612,463,382,208
20233,A,골목상권,3110981,국악고교사거리,4814,3009,1805,11,674,1061,1231,1002,835,3,342,675,767,584,638,8,332,386,464,418,197
20233,A,골목상권,3110952,논현목련공원,6619,4360,2259,19,1063,1760,1774,1271,732,13,616,1186,1215,839,491,6,447,574,559,432,241
20233,A,골목상권,3110953,학동근린공원,21063,12969,8094,82,5828,6708,4428,2577,1440,26,2619,4180,3209,1850,1085,56,3209,2528,1219,727,355
20233,A,골목상권,3110968,강남구청역 2번,13705,8449,5256,49,2620,3694,3410,2525,1407,16,1163,2112,2388,1751,1019,33,1457,1582,1022,774,388
20233,A,골목상권,3110966,논현2동주민센터,18787,11747,7040,55,3807,5812,4775,2774,1564,16,1620,3352,3408,2154,1197,39,2187,2460,1367,620,367
20233,A,골목상권,3110973,강남구청역 4번,10030,5790,4240,39,1911,2711,2341,1849,1179,16,845,1639,1467,1073,750,23,1066,1072,874,776,429
20233,A,골목상권,3110996,대치2동주민센터,35867,16914,18953,262,6657,8765,8045,7435,4703,105,3082,5222,4330,2505,1670,157,3575,3543,3715,4930,3033
20233,A,골목상권,3110982,강남구보훈회관,4003,2221,1782,8,984,1036,920,571,484,5,350,614,590,298,364,3,634,422,330,273,120
20233,A,골목상권,3111002,한국교통안전공단 강남자동차검사소,409,194,215,0,27,74,87,129,92,0,8,39,41,58,48,0,19,35,46,71,44
20233,A,골목상권,3110987,영동대교남단,6140,4147,1993,37,1147,1773,1594,1067,522,17,553,1233,1221,750,373,20,594,540,373,317,149
20233,A,골목상권,3111022,석촌중학교(방이육교),7523,4484,3039,23,1128,1955,1970,1642,805,9,549,1248,1293,845,540,14,579,707,677,797,265
20233,A,골목상권,3111041,거여역 8번,2127,1468,659,8,544,521,474,308,272,6,288,381,370,220,203,2,256,140,104,88,69
20233,A,골목상권,3111031,장지동주민센터(한림연예예술고교),34991,27580,7411,16,3048,6307,10062,13354,2204,7,1885,4657,7895,11621,1515,9,1163,1650,2167,1733,689
20233,A,골목상권,3111014,송파나루역 2번,9836,5551,4285,11,1370,2414,2283,2319,1439,5,597,1499,1467,1202,781,6,773,915,816,1117,658
20233,A,골목상권,3111073,둔촌동역 1번(한산중학교),3288,1796,1492,11,429,739,851,706,552,8,165,384,502,371,366,3,264,355,349,335,186
20233,A,골목상권,3111072,굽은다리역 1번(십자성마을),2946,1789,1157,8,298,573,759,699,609,3,146,346,440,433,421,5,152,227,319,266,188
20233,A,골목상권,3111084,길동신동아아파트,1097,568,529,2,102,184,201,327,281,2,56,104,100,149,157,0,46,80,101,178,124
20233,A,골목상권,3110017,정독도서관,4793,3571,1222,1,747,1261,1255,1054,475,1,404,870,1019,890,387,0,343,391,236,164,88
20233,A,골목상권,3110004,대신고등학교,402,232,170,6,56,96,96,104,44,5,32,54,54,53,34,1,24,42,42,51,10
20233,A,골목상권,3110002,독립문역 1번,616,177,439,7,166,170,151,84,38,6,34,34,51,28,24,1,132,136,100,56,14
20233,A,골목상권,3110031,창신역 1번,499,243,256,2,65,123,115,127,67,0,17,56,56,68,46,2,48,67,59,59,21
20233,A,골목상권,3110181,신설동역 9번,11325,6319,5006,32,1034,2438,3253,2841,1727,17,532,1500,1747,1415,1108,15,502,938,1506,1426,619
20233,A,골목상권,3110025,충신시장옆,2953,1750,1203,6,522,768,705,591,361,1,198,408,447,419,277,5,324,360,258,172,84
20233,A,골목상권,3110291,한성대입구역 3번,2792,1638,1154,3,210,450,857,801,471,1,83,257,522,485,290,2,127,193,335,316,181
20233,A,골목상권,3110026,종로5가역 4번,1316,680,636,4,165,282,370,283,212,1,63,132,176,155,153,3,102,150,194,128,59
20233,A,골목상권,3110046,버티고개,2463,1750,713,3,241,901,673,506,139,0,143,678,502,330,97,3,98,223,171,176,42
20233,A,골목상권,3110016,평창동동측,12725,5785,6940,17,1035,3438,5042,2657,536,8,355,1373,2545,1209,295,9,680,2065,2497,1448,241
20233,A,골목상권,3110020,서울국제고등학교,2158,1200,958,4,389,630,516,385,234,3,162,347,310,219,159,1,227,283,206,166,75
20233,A,골목상권,3110048,장충동주민센터,10743,5949,4794,32,1907,2975,2905,2265,659,5,684,1762,1731,1314,453,27,1223,1213,1174,951,206
20233,A,골목상권,3110047,다산성곽길,5084,2935,2149,11,1086,1445,1154,887,501,3,410,865,765,531,361,8,676,580,389,356,140
20233,A,골목상권,3110539,미근동,12732,7479,5253,42,2010,4180,3436,2242,822,19,832,2371,2093,1519,645,23,1178,1809,1343,723,177
20233,A,골목상권,3110110,상왕십리역 6번,2405,1457,948,12,383,537,534,531,408,3,127,319,375,375,258,9,256,218,159,156,150
20233,A,골목상권,3110066,서울역 15번,4167,2123,2044,9,838,1274,877,641,528,4,288,582,482,374,393,5,550,692,395,267,135
20233,A,골목상권,3110591,충정로역 6번,3780,2155,1625,0,729,1051,1004,652,344,0,358,619,586,387,205,0,371,432,418,265,139
20233,A,골목상권,3110086,이태원역 북측,13166,6107,7059,36,4072,5077,2603,1007,371,14,1114,2293,1610,799,277,22,2958,2784,993,208,94
20233,A,골목상권,3110085,경리단길남측,12274,5390,6884,26,3823,4925,2402,861,237,12,993,2133,1397,675,180,14,2830,2792,1005,186,57
20233,A,골목상권,3110105,금동어린이공원,2664,1110,1554,16,327,830,1025,337,129,1,110,292,450,175,82,15,217,538,575,162,47
20233,A,골목상권,3110116,청계천박물관,6537,4739,1798,43,541,1177,1527,2151,1098,31,326,844,1178,1561,799,12,215,333,349,590,299
20233,A,골목상권,3110128,성원중학교,3542,2310,1232,18,454,892,940,801,437,8,266,660,634,494,248,10,188,232,306,307,189
20233,A,골목상권,3110120,서울숲카페거리,835,506,329,0,85,162,225,202,161,0,41,83,109,130,143,0,44,79,116,72,18
20233,A,골목상권,3110124,뚝섬역교차로,2595,1874,721,12,366,472,586,575,584,10,183,303,387,461,530,2,183,169,199,114,54
20233,A,골목상권,3110129,성원어린이공원,3599,2300,1299,18,579,846,820,729,607,14,311,541,561,470,403,4,268,305,259,259,204
20233,A,골목상권,3110132,성수2가3동주민센터,3491,2130,1361,9,415,835,861,811,560,8,209,510,554,495,354,1,206,325,307,316,206
20233,A,골목상권,3110223,군자초등학교,3357,2271,1086,35,621,967,788,549,397,8,327,680,552,382,322,27,294,287,236,167,75
20233,A,골목상권,3110111,대현산장미원,74,52,22,0,7,13,12,21,21,0,6,5,6,16,19,0,1,8,6,5,2
20233,A,골목상권,3110166,구의1동주민센터,13530,10491,3039,13,880,2121,3757,5357,1402,11,448,1352,2902,4600,1178,2,432,769,855,757,224
20233,A,골목상권,3110160,광진경찰서,1622,1121,501,1,270,514,389,345,103,1,174,364,263,239,80,0,96,150,126,106,23
20233,A,골목상권,3110164,아차산역 5번,2452,1482,970,7,311,484,595,582,473,2,153,274,370,328,355,5,158,210,225,254,118
20233,A,골목상권,3110145,장안초등학교,626,318,308,0,48,90,132,215,141,0,20,45,59,100,94,0,28,45,73,115,47
20233,A,골목상권,3110158,중곡3동주민센터,1689,1085,604,3,201,401,431,405,248,0,113,280,259,259,174,3,88,121,172,146,74
20233,A,골목상권,3110253,중곡초등학교,1551,1093,458,2,104,216,386,589,254,1,47,124,250,474,197,1,57,92,136,115,57
20233,A,골목상권,3110227,답십리공원,3666,2141,1525,43,1527,620,564,543,369,25,873,404,327,274,238,18,654,216,237,269,131
20233,A,골목상권,3110192,동의보감타워,1689,798,891,2,156,273,358,433,467,0,54,114,189,200,241,2,102,159,169,233,226
20233,A,골목상권,3110182,용두희망어린이공원,6164,2634,3530,4,747,1233,1297,1729,1154,0,240,665,668,567,494,4,507,568,629,1162,660
20233,A,골목상권,3110208,시조사삼거리,1810,1056,754,3,255,573,311,351,317,2,120,403,184,193,154,1,135,170,127,158,163
20233,A,골목상권,3110191,고려대역 6번,817,524,293,1,45,155,267,206,143,1,24,76,163,146,114,0,21,79,104,60,29
20233,A,골목상권,3110193,고려대역 4번,827,531,296,1,49,167,287,216,107,1,25,93,176,149,87,0,24,74,111,67,20
20233,A,골목상권,3110274,서일대학교,1874,1209,665,2,153,270,455,529,465,1,54,150,285,380,339,1,99,120,170,149,126
20233,A,골목상권,3110270,혜원여고,1057,631,426,0,86,153,246,300,272,0,32,87,130,187,195,0,54,66,116,113,77
20233,A,골목상권,3110277,러스크서울병원,1417,798,619,5,161,220,285,429,317,1,56,69,143,266,263,4,105,151,142,163,54
20233,A,골목상권,3110249,중화역 1번,2900,1839,1061,1,380,672,715,696,436,1,208,379,410,482,359,0,172,293,305,214,77
20233,A,골목상권,3110250,화랑대역 7번,1016,501,515,5,84,215,300,277,135,1,28,102,135,142,93,4,56,113,165,135,42
20233,A,골목상권,3110235,세화어린이공원,352,192,160,6,86,56,94,66,44,5,50,30,41,35,31,1,36,26,53,31,13
20233,A,골목상권,3110306,미아초등학교,5040,2548,2492,418,2027,1281,681,387,246,176,903,701,375,192,201,242,1124,580,306,195,45
20233,A,골목상권,3110304,보문역 4번,3586,1900,1686,4,465,1014,939,889,275,3,200,485,478,545,189,1,265,529,461,344,86
20233,A,골목상권,3110336,석관고등학교,933,606,327,1,108,181,209,262,172,0,57,97,124,192,136,1,51,84,85,70,36
20233,A,골목상권,3110327,상월곡역 2번,1727,1049,678,4,291,422,476,347,187,1,146,269,289,200,144,3,145,153,187,147,43
20233,A,골목상권,3110330,돌곶이역 1번,785,481,304,1,83,124,161,170,246,0,26,63,88,101,203,1,57,61,73,69,43
20233,A,골목상권,3110335,석계역 7번,2390,1663,727,2,154,218,357,467,1192,0,68,110,204,330,951,2,86,108,153,137,241
20233,A,골목상권,3110332,돌곶이역 3번,2136,1489,647,1,156,186,243,364,1186,0,59,94,136,223,977,1,97,92,107,141,209
20233,A,골목상권,3110389,한일병원,2913,1480,1433,1,556,681,702,645,328,1,161,333,390,368,227,0,395,348,312,277,101
20233,A,골목상권,3110347,구세군강북종합사회복지관,229,109,120,0,29,43,60,41,56,0,5,15,30,21,38,0,24,28,30,20,18
20233,A,골목상권,3110344,화계중학교,765,403,362,0,70,135,208,278,74,0,39,56,106,139,63,0,31,79,102,139,11
20233,A,골목상권,3110353,수유동우체국,2195,1467,728,0,76,117,357,593,1052,0,17,56,240,437,717,0,59,61,117,156,335
20233,A,골목상권,3110387,쌍문초등학교,1023,569,454,0,115,155,279,298,176,0,47,78,125,166,153,0,68,77,154,132,23
20233,A,골목상권,3110337,아카데미하우스,1220,817,403,6,149,254,287,330,194,6,70,184,184,207,166,0,79,70,103,123,28
20233,A,골목상권,3110397,도봉산입구,1081,690,391,0,65,132,223,329,332,0,17,63,112,226,272,0,48,69,111,103,60
20233,A,골목상권,3110406,도봉산역 1번,1282,894,388,0,35,92,248,427,480,0,12,56,183,328,315,0,23,36,65,99,165
20233,A,골목상권,3110415,수락산역 4번,3127,1795,1332,19,436,611,756,776,529,16,238,366,437,450,288,3,198,245,319,326,241
20233,A,골목상권,3110435,서울과학기술대,486,320,166,0,28,85,109,148,116,0,14,37,61,104,104,0,14,48,48,44,12
20233,A,골목상권,3110436,상계제일중학교,1604,823,781,12,185,351,391,391,274,7,70,171,207,186,182,5,115,180,184,205,92
20233,A,골목상권,3110432,대진고등학교,2273,1419,854,3,199,364,570,753,384,2,72,175,325,556,289,1,127,189,245,197,95
20233,A,골목상권,3110483,연천초등학교,1888,990,898,2,87,158,205,289,1147,1,35,83,95,136,640,1,52,75,110,153,507
20233,A,골목상권,3110491,불광중학교,467,194,273,1,38,82,132,139,75,1,13,39,53,48,40,0,25,43,79,91,35
20233,A,골목상권,3110452,새절역 3번,1150,767,383,3,83,169,269,341,285,3,52,85,159,216,252,0,31,84,110,125,33
20233,A,골목상권,3110469,응암정보도서관,2593,1307,1286,1,277,517,711,671,416,0,105,249,330,338,285,1,172,268,381,333,131
20233,A,골목상권,3110471,응암동우체국,1068,455,613,2,131,198,295,296,146,1,38,64,109,149,94,1,93,134,186,147,52
20233,A,골목상권,3110494,증산3교남측,1503,1100,403,0,61,162,176,249,855,0,27,76,66,146,785,0,34,86,110,103,70
20233,A,골목상권,3110530,아현역 1번,1285,656,629,2,341,431,249,154,108,1,130,243,133,83,66,1,211,188,116,71,42
20233,A,골목상권,3110497,가좌역 3번,3639,2210,1429,4,227,430,591,916,1471,2,157,288,394,494,875,2,70,142,197,422,596
20233,A,골목상권,3110501,연희어린이공원,1435,806,629,9,204,340,341,335,206,8,95,227,185,158,133,1,109,113,156,177,73
20233,A,골목상권,3110500,남가좌동현대아파트,219,118,101,0,28,30,52,77,32,0,13,18,25,47,15,0,15,12,27,30,17
20233,A,골목상권,3110509,연희대우아파트앞,3108,1452,1656,10,588,768,762,647,333,7,195,340,413,291,206,3,393,428,349,356,127
20233,A,골목상권,3110564,홍대입구역 3번,3719,2005,1714,13,669,919,827,753,538,9,248,448,456,453,391,4,421,471,371,300,147
20233,A,골목상권,3110524,연희세브란스병원,103,61,42,0,12,14,21,21,35,0,6,7,10,13,25,0,6,7,11,8,10
20233,A,골목상권,3110519,서대문구보건소별관,1507,688,819,1,235,290,399,374,208,1,79,135,203,162,108,0,156,155,196,212,100
20233,A,골목상권,3110576,대흥역 3번,5382,3414,1968,79,939,1223,1169,1147,825,29,466,793,820,754,552,50,473,430,349,393,273
20233,A,골목상권,3110573,신촌역 6번,3658,1638,2020,59,1952,841,356,296,154,19,740,412,168,189,110,40,1212,429,188,107,44
20233,A,골목상권,3110563,상수역 3번,1775,1091,684,20,394,537,380,269,175,14,185,322,259,186,125,6,209,215,121,83,50
20233,A,골목상권,3110621,목동역 5번,6561,3403,3158,13,1373,1658,1558,1218,741,7,459,886,925,658,468,6,914,772,633,560,273
20233,A,골목상권,3110604,신월4동주민센터,2562,1829,733,1,147,307,531,813,763,1,63,163,324,591,687,0,84,144,207,222,76
20233,A,골목상권,3110592,서울금융고등학교,1418,826,592,0,159,268,306,388,297,0,60,114,154,262,236,0,99,154,152,126,61
20233,A,골목상권,3110595,메디힐병원,2673,1506,1167,2,265,534,570,717,585,1,120,277,304,429,375,1,145,257,266,288,210
20233,A,골목상권,3110603,지향초등학교,1491,835,656,3,116,242,379,451,300,0,47,129,201,246,212,3,69,113,178,205,88
20233,A,골목상권,3110625,신정2동주민센터,16198,9820,6378,112,2886,5330,4076,2804,990,78,1380,3276,2623,1819,644,34,1506,2054,1453,985,346
20233,A,골목상권,3110694,세곡초등학교,1785,1047,738,2,177,395,445,464,302,0,103,223,225,258,238,2,74,172,220,206,64
20233,A,골목상권,3110614,목동로데오거리,2417,1098,1319,3,334,528,600,608,344,2,114,230,276,284,192,1,220,298,324,324,152
20233,A,골목상권,3110667,가양역 10번,1800,935,865,11,274,339,420,410,346,3,109,178,245,204,196,8,165,161,175,206,150
20233,A,골목상권,3110643,강서구다솔마을,965,598,367,1,130,245,288,220,81,0,61,147,186,143,61,1,69,98,102,77,20
20233,A,골목상권,3110639,신방화역 8번,2731,1181,1550,7,220,288,413,883,920,4,100,169,211,292,405,3,120,119,202,591,515
20233,A,골목상권,3110663,우장산롯데캐슬아파트앞,5359,3199,2160,30,999,1445,1422,975,488,6,423,940,917,567,346,24,576,505,505,408,142
20233,A,골목상권,3110641,공항고등학교,1128,713,415,5,140,196,275,310,202,4,68,126,151,195,169,1,72,70,124,115,33
20233,A,골목상권,3110633,개화산역 1번,1889,1400,489,5,147,329,613,532,263,3,96,226,475,385,215,2,51,103,138,147,48
20233,A,골목상권,3110642,정곡초등학교,685,546,139,4,37,93,162,180,209,3,26,69,120,144,184,1,11,24,42,36,25
20233,A,골목상권,3110678,염창무학아파트,1394,954,440,1,153,288,345,353,254,1,67,196,230,253,207,0,86,92,115,100,47
20233,A,골목상권,3110653,화곡역 2번,3217,1604,1613,4,830,737,647,610,389,2,234,386,349,374,259,2,596,351,298,236,130
20233,A,골목상권,3110664,강서구청옆,5115,3052,2063,3,737,1589,1285,1162,339,2,325,916,765,801,243,1,412,673,520,361,96
20233,A,골목상권,3110661,강서새말어린이공원,5000,2990,2010,3,614,1412,1299,1279,393,1,264,757,773,902,293,2,350,655,526,377,100
20233,A,골목상권,3110710,남구로역 3번,11294,7278,4016,42,2025,3289,2861,1783,1294,27,997,2122,1963,1237,932,15,1028,1167,898,546,362
20233,A,골목상권,3110683,오류고등학교,947,549,398,2,104,203,251,259,128,0,46,117,149,161,76,2,58,86,102,98,52
20233,A,골목상권,3110687,"천왕역 3번(오류2동주민센터, 서울오류남초등학교)",611,327,284,2,64,145,181,164,55,0,25,67,94,101,40,2,39,78,87,63,15
20233,A,골목상권,3110740,금천해태공원,2272,1221,1051,12,314,449,585,607,305,12,140,242,307,289,231,0,174,207,278,318,74
20233,A,골목상권,3110733,금천어울림복지센터,1394,848,546,6,220,294,309,352,213,6,95,175,196,198,178,0,125,119,113,154,35
20233,A,골목상권,3110739,시흥3동 우편취급국,6057,3396,2661,12,415,798,1378,1593,1861,3,218,521,767,793,1094,9,197,277,611,800,767
20233,A,골목상권,3110794,영동초등학교,6731,4384,2347,7,908,1678,1868,1488,782,4,484,1187,1296,880,533,3,424,491,572,608,249
20233,A,골목상권,3110796,한림대학교한강성심병원,4703,2546,2157,8,1205,1185,1032,730,543,0,356,602,664,496,428,8,849,583,368,234,115
20233,A,골목상권,3110773,당산역 13번,2296,1625,671,5,321,455,469,433,613,2,200,319,306,314,484,3,121,136,163,119,129
20233,A,골목상권,3110775,대동초등학교,2205,1172,1033,3,265,305,440,491,701,2,87,154,225,267,437,1,178,151,215,224,264
20233,A,골목상권,3110802,신길동홍어거리,1688,958,730,2,163,356,336,340,491,0,66,161,165,198,368,2,97,195,171,142,123
20233,A,골목상권,3110814,서울지방병무청,7231,4542,2689,9,1277,1559,1449,2091,846,3,648,1005,888,1436,562,6,629,554,561,655,284
20233,A,골목상권,3110791,신풍역 3번,962,409,553,2,107,204,340,219,90,1,55,84,106,98,65,1,52,120,234,121,25
20233,A,골목상권,3110826,장승배기역 4번,1539,717,822,2,208,317,383,327,302,1,88,174,163,145,146,1,120,143,220,182,156
20233,A,골목상권,3110846,남성역 1번,3023,1643,1380,6,279,488,722,688,840,4,110,241,329,370,589,2,169,247,393,318,251
20233,A,골목상권,3110849,이수역 10번,2020,917,1103,9,243,385,555,503,325,3,74,176,237,222,205,6,169,209,318,281,120
20233,A,골목상권,3110904,이수역 5번,7580,3075,4505,27,1481,1942,1814,1328,988,11,481,754,719,541,569,16,1000,1188,1095,787,419
20233,A,골목상권,3110845,사당종합체육관,2216,1328,888,1,343,604,608,487,173,0,142,347,418,296,125,1,201,257,190,191,48
20233,A,골목상권,3110838,상도1동주민센터앞,470,279,191,0,38,134,125,108,65,0,24,64,76,59,56,0,14,70,49,49,9
20233,A,골목상권,3110842,흑리단길,333,124,209,1,42,51,91,88,60,0,9,16,31,31,37,1,33,35,60,57,23
20233,A,골목상권,3110895,샤로수길,9100,5774,3326,22,1457,2643,2011,1949,1018,12,741,1663,1249,1320,789,10,716,980,762,629,229
20233,A,골목상권,3110862,난곡초등학교(난곡동벽화마을),751,369,382,4,90,142,198,179,138,2,33,61,89,89,95,2,57,81,109,90,43
20233,A,골목상권,3110881,구립대학경로당(관악산샘말공원),3491,2506,985,7,487,876,989,802,330,2,285,574,762,628,255,5,202,302,227,174,75
20233,A,골목상권,3110868,남부초등학교,1203,669,534,1,119,222,307,292,262,1,58,121,153,170,166,0,61,101,154,122,96
20233,A,골목상권,3110884,봉천역 4번(봉천110안전센터),2449,1248,1201,5,344,475,517,594,514,2,117,236,287,288,318,3,227,239,230,306,196
20233,A,골목상권,3110945,본마을노인복지센터(서초구립내곡도서관),282,173,109,3,60,68,60,61,30,3,24,39,39,44,24,0,36,29,21,17,6
20233,A,골목상권,3110923,방배역 1번,7685,4925,2760,99,1271,2216,1992,1225,882,30,656,1274,1396,874,695,69,615,942,596,351,187
20233,A,골목상권,3110911,방배배수지체육공원,5174,3320,1854,19,999,1738,1199,574,645,7,472,1151,868,368,454,12,527,587,331,206,191
20233,A,골목상권,3110925,서초중학교,7154,4224,2930,46,1556,2069,1769,1060,654,22,621,1233,1169,687,492,24,935,836,600,373,162
20233,A,골목상권,3110939,양재역 8번(양재동우체국),41563,20436,21127,491,8989,10005,11680,7308,3090,234,4386,5999,4772,2772,2273,257,4603,4006,6908,4536,817
20233,A,골목상권,3110957,언북중학교,19599,10831,8768,50,4379,6251,4791,2651,1477,12,1584,3303,3059,1807,1066,38,2795,2948,1732,844,411
20233,A,골목상권,3110965,언주역 6번,9740,5517,4223,23,2101,3089,2326,1335,866,8,808,1801,1548,764,588,15,1293,1288,778,571,278
20233,A,골목상권,3111036,투구봉어린이공원,2144,1386,758,11,342,562,503,501,225,9,231,389,324,276,157,2,111,173,179,225,68
20233,A,골목상권,3110989,대치동아우편취급국,11455,6945,4510,30,1728,2699,2466,2216,2316,10,807,1670,1718,1423,1317,20,921,1029,748,793,999
20233,A,골목상권,3110976,언북초등학교,7421,3945,3476,22,1768,2422,1579,974,656,5,662,1328,981,573,396,17,1106,1094,598,401,260
20233,A,골목상권,3111009,송파책박물관,1894,1412,482,3,218,363,367,454,489,1,177,296,267,293,378,2,41,67,100,161,111
20233,A,골목상권,3111039,벌말어린이공원,2919,1879,1040,10,337,724,752,674,422,9,200,492,489,409,280,1,137,232,263,265,142
20233,A,골목상권,3111013,송파나루역 1번(송리단길),13204,8353,4851,24,2104,4019,3310,2243,1504,8,1026,2562,2230,1466,1061,16,1078,1457,1080,777,443
20233,A,골목상권,3111063,강동구립 천호도서관,2780,1638,1142,5,183,340,451,548,1253,5,84,173,243,277,856,0,99,167,208,271,397
20233,A,골목상권,3111075,굽은다리역 2번,2417,1284,1133,3,301,474,580,612,447,1,128,269,277,326,283,2,173,205,303,286,164
20233,A,골목상권,3111058,성내중학교,2021,1203,818,3,223,404,536,552,303,1,135,242,295,323,207,2,88,162,241,229,96
20233,A,골목상권,3111055,선사초등학교,1504,437,1067,1,125,210,322,498,348,0,66,114,117,64,76,1,59,96,205,434,272
20233,A,골목상권,3110535,영천시장입구,1407,635,772,2,148,229,338,457,233,2,47,91,151,210,134,0,101,138,187,247,99
20233,A,골목상권,3110009,자하문터널,2236,1348,888,1,463,684,579,375,134,1,207,424,359,259,98,0,256,260,220,116,36
20233,A,골목상권,3110033,창신역 4번,852,441,411,1,111,175,201,230,134,0,33,87,107,143,71,1,78,88,94,87,63
20233,A,골목상권,3110023,서울대병원,2374,1256,1118,7,511,735,518,390,213,2,179,349,299,269,158,5,332,386,219,121,55
20233,A,골목상권,3110022,경신고등학교,5909,2689,3220,26,974,1661,1479,1083,686,19,336,787,696,497,354,7,638,874,783,586,332
20233,A,골목상권,3110280,북정마을,1209,815,394,9,195,326,356,231,92,2,107,241,255,149,61,7,88,85,101,82,31
20233,A,골목상권,3110044,관성묘,34192,15760,18432,442,11564,8837,6437,4830,2082,190,5585,5080,3417,1066,422,252,5979,3757,3020,3764,1660
20233,A,골목상권,3110590,만리재,1137,499,638,0,203,311,256,242,125,0,72,138,121,98,70,0,131,173,135,144,55
20233,A,골목상권,3110538,충정로역 3번,6660,3985,2675,3,1234,1988,1797,1041,597,2,614,1164,1117,687,401,1,620,824,680,354,196
20233,A,골목상권,3110074,서울역 12번,26467,15378,11089,166,9386,8469,5337,2396,713,16,2581,5612,4442,2143,584,150,6805,2857,895,253,129
20233,A,골목상권,3110079,후암동주민센터,23635,17320,6315,25,4338,8442,6036,3464,1330,14,2507,5969,5038,2823,969,11,1831,2473,998,641,361
20233,A,골목상권,3110084,경리단길북측,1137,629,508,2,162,321,292,215,145,0,72,172,152,124,109,2,90,149,140,91,36
20233,A,골목상권,3110081,해방촌 남동측,1004,549,455,0,167,274,244,214,105,0,70,167,133,107,72,0,97,107,111,107,33
20233,A,골목상권,3110071,한강미주맨션아파트,7694,4336,3358,39,937,1689,2729,1822,478,30,410,993,1467,1121,315,9,527,696,1262,701,163
20233,A,골목상권,3110070,용산세무서,4544,2531,2013,7,511,842,1763,1106,315,0,317,511,830,654,219,7,194,331,933,452,96
20233,A,골목상권,3110062,한강로동땡땡거리(은행나무길),6939,4293,2646,11,881,2017,1923,1394,713,7,381,1078,1310,1036,481,4,500,939,613,358,232
20233,A,골목상권,3110101,옥정중학교,7875,6553,1322,8,667,2533,2557,1899,211,4,336,1961,2280,1793,179,4,331,572,277,106,32
20233,A,골목상권,3110102,옥수역 6번,3841,1318,2523,3,1030,1177,844,551,236,0,231,368,353,245,121,3,799,809,491,306,115
20233,A,골목상권,3110142,화양사거리,2804,1663,1141,4,514,723,673,527,363,1,251,457,441,258,255,3,263,266,232,269,108
20233,A,골목상권,3110179,광나루역 1번,5756,3390,2366,160,2246,981,941,998,430,51,1063,679,646,684,267,109,1183,302,295,314,163
20233,A,골목상권,3110180,광진정보도서관,8061,5134,2927,18,2150,2859,1722,920,392,5,1092,1920,1198,611,308,13,1058,939,524,309,84
20233,A,골목상권,3110159,구의역 4번,5367,2836,2531,7,750,1225,1369,1270,746,7,284,550,682,767,546,0,466,675,687,503,200
20233,A,골목상권,3110148,어린이대공원역 3번,1054,772,282,0,83,139,292,374,166,0,39,93,207,287,146,0,44,46,85,87,20
20233,A,골목상권,3110153,중곡1동주민센터,4344,1904,2440,82,1289,748,851,997,377,28,556,394,376,309,241,54,733,354,475,688,136
20233,A,골목상권,3110228,장안근린공원,5579,2983,2596,50,1846,996,988,1029,670,31,967,565,447,513,460,19,879,431,541,516,210
20233,A,골목상권,3110183,한국의류시험연구원,5635,1896,3739,5,941,1338,1052,1352,947,1,284,602,411,281,317,4,657,736,641,1071,630
20233,A,골목상권,3110210,서울시립대,1290,734,556,4,172,214,230,290,380,1,63,119,130,137,284,3,109,95,100,153,96
20233,A,골목상권,3110197,세종대왕기념관교차로,681,441,240,1,42,138,243,179,78,1,22,79,156,117,66,0,20,59,87,62,12
20233,A,골목상권,3110317,종암중학교,856,427,429,0,69,203,291,204,89,0,23,84,143,127,50,0,46,119,148,77,39
20233,A,골목상권,3110269,용마문화복지센터,1193,806,387,1,105,206,253,351,277,0,39,123,168,269,207,1,66,83,85,82,70
20233,A,골목상권,3110262,상봉역 3번,2597,1501,1096,5,405,724,834,459,170,3,233,499,436,209,121,2,172,225,398,250,49
20233,A,골목상권,3110243,중랑노인종합복지관,1280,706,574,2,112,204,300,372,290,1,37,90,161,202,215,1,75,114,139,170,75
20233,A,골목상권,3110252,장안제일시장,1463,895,568,1,172,277,384,342,287,1,77,179,182,215,241,0,95,98,202,127,46
20233,A,골목상권,3110255,상봉역 4번,4054,2483,1571,6,455,886,1164,879,664,1,218,560,648,531,525,5,237,326,516,348,139
20233,A,골목상권,3110259,사가정역 1번,2849,1765,1084,6,311,616,796,665,455,3,137,348,463,463,351,3,174,268,333,202,104
20233,A,골목상권,3110247,먹골역 1번,1727,841,886,0,201,366,470,450,240,0,59,164,206,235,177,0,142,202,264,215,63
20233,A,골목상권,3110244,중화역 4번,2138,1412,726,2,328,556,501,482,269,2,197,350,310,346,207,0,131,206,191,136,62
20233,A,골목상권,3110251,장안중학교,1630,858,772,0,198,364,401,366,301,0,75,156,203,193,231,0,123,208,198,173,70
20233,A,골목상권,3110271,신내역 1번,2482,929,1553,4,592,712,487,573,114,1,121,285,240,223,59,3,471,427,247,350,55
20233,A,골목상권,3110296,성신여대입구역 4번,12695,7697,4998,59,1926,3038,3949,2285,1438,26,872,1766,2632,1690,711,33,1054,1272,1317,595,727
20233,A,골목상권,3110297,경동고등학교,7690,3952,3738,8,907,1939,2285,1889,662,4,314,848,1159,1261,366,4,593,1091,1126,628,296
20233,A,골목상권,3110378,송중동주민센터,1126,533,593,8,114,164,325,277,238,6,49,71,143,123,141,2,65,93,182,154,97
20233,A,골목상권,3110414,장석교회,402,255,147,4,50,79,115,101,53,2,29,47,75,62,40,2,21,32,40,39,13
20233,A,골목상권,3110287,정릉3동주민센터,875,585,290,0,79,170,271,258,97,0,28,91,181,204,81,0,51,79,90,54,16
20233,A,골목상권,3110375,서울북부고용노동지청,845,360,485,1,109,138,239,204,154,0,39,61,79,89,92,1,70,77,160,115,62
20233,A,골목상권,3110399,창2동주민센터,1602,880,722,10,196,366,466,372,192,9,106,227,240,168,130,1,90,139,226,204,62
20233,A,골목상권,3110354,삼각산119안전센터,344,130,214,1,37,80,102,76,48,0,8,21,42,29,30,1,29,59,60,47,18
20233,A,골목상권,3110350,가오리역 2번,1785,1189,596,0,95,235,490,631,334,0,24,137,343,423,262,0,71,98,147,208,72
20233,A,골목상권,3110410,방학역 2번,5184,3020,2164,10,533,1200,1296,1319,826,9,263,670,687,796,595,1,270,530,609,523,231
20233,A,골목상권,3110411,도봉역 3번,1429,925,504,2,98,247,291,426,365,1,28,129,162,293,312,1,70,118,129,133,53
20233,A,골목상권,3110400,도봉구보건소,1846,892,954,4,271,357,453,479,282,3,89,169,210,236,185,1,182,188,243,243,97
20233,A,골목상권,3110409,창동역 2번,5869,3927,1942,2,646,1342,1458,1180,1241,0,365,971,1044,680,867,2,281,371,414,500,374
20233,A,골목상권,3110434,태릉입구역 4번,2447,893,1554,4,239,367,566,692,579,2,84,195,227,195,190,2,155,172,339,497,389
20233,A,골목상권,3110426,상계2동주민센터,2416,1320,1096,14,360,487,625,559,371,11,137,269,322,324,257,3,223,218,303,235,114
20233,A,골목상권,3110465,연신내역 7번,2257,927,1330,9,386,528,559,476,299,5,118,240,230,184,150,4,268,288,329,292,149
20233,A,골목상권,3110490,녹번동근린공원,3783,1923,1860,7,438,883,1034,1016,405,4,202,399,477,577,264,3,236,484,557,439,141
20233,A,골목상권,3110489,불광역 3번,716,357,359,0,96,185,192,137,106,0,35,89,98,60,75,0,61,96,94,77,31
20233,A,골목상권,3110479,연신내역 2번,2576,1321,1255,3,157,300,327,507,1282,1,56,170,162,218,714,2,101,130,165,289,568
20233,A,골목상권,3110493,북가좌초등학교,1809,1358,451,0,58,129,215,372,1035,0,18,54,90,234,962,0,40,75,125,138,73
20233,A,골목상권,3110492,하나고등학교,540,262,278,1,21,104,141,149,124,0,6,75,108,50,23,1,15,29,33,99,101
20233,A,골목상권,3110514,서대문우체국,5884,4292,1592,5,831,1136,1085,2109,718,2,601,819,690,1648,532,3,230,317,395,461,186
20233,A,골목상권,3110562,연트럴파크(연남동주민센터),2875,1653,1222,6,493,708,654,605,409,5,216,416,353,352,311,1,277,292,301,253,98
20233,A,골목상권,3110508,서연중학교,4731,2947,1784,65,1080,1249,854,927,556,33,608,915,530,502,359,32,472,334,324,425,197
20233,A,골목상권,3110513,연희파출소,3363,2204,1159,22,567,790,725,790,469,9,272,540,501,544,338,13,295,250,224,246,131
20233,A,골목상권,3110518,서대문구청,3722,1975,1747,12,546,1034,1058,869,203,9,200,479,568,581,138,3,346,555,490,288,65
20233,A,골목상권,3110525,홍은종합사회복지관,7221,1312,5909,3,183,467,1911,3557,1100,1,69,144,285,391,422,2,114,323,1626,3166,678
20233,A,골목상권,3110515,홍은중학교,1043,706,337,1,143,296,295,199,109,1,75,191,205,147,87,0,68,105,90,52,22
20233,A,골목상권,3110583,공덕래미안3차아파트,6179,4019,2160,25,972,2169,1807,999,207,2,442,1254,1331,841,149,23,530,915,476,158,58
20233,A,골목상권,3110577,용강동주민센터,9059,5496,3563,86,1376,2019,2088,1811,1679,35,752,1266,1421,1058,964,51,624,753,667,753,715
20233,A,골목상권,3110559,성산중학교,3953,2244,1709,15,791,1163,989,658,337,10,291,617,630,448,248,5,500,546,359,210,89
20233,A,골목상권,3110673,뜸부기어린이공원,3925,1626,2299,2,811,1050,872,768,422,1,199,434,404,342,246,1,612,616,468,426,176
20233,A,골목상권,3110593,신월3동주민센터,1762,1006,756,1,186,325,388,471,391,0,75,151,191,286,303,1,111,174,197,185,88
20233,A,골목상권,3110605,목동센트럴아이파크앞,1499,829,670,1,100,208,369,491,330,0,43,115,174,261,236,1,57,93,195,230,94
20233,A,골목상권,3110644,신광명마을,984,638,346,8,82,134,249,286,225,5,35,58,135,196,209,3,47,76,114,90,16
20233,A,골목상권,3110634,송정역 3번,2258,1399,859,4,275,506,610,511,352,1,117,307,373,338,263,3,158,199,237,173,89
20233,A,골목상권,3110637,송정역 2번,2971,1382,1589,8,213,374,533,870,973,1,106,229,321,293,432,7,107,145,212,577,541
20233,A,골목상권,3110717,남구로역 2번,14015,9786,4229,70,2885,4254,3438,2015,1353,55,1641,3012,2557,1417,1104,15,1244,1242,881,598,249
20233,A,골목상권,3110704,고척중학교,2226,1605,621,3,212,447,479,523,562,2,146,303,298,357,499,1,66,144,181,166,63
20233,A,골목상권,3110711,구로초등학교,6053,3126,2927,18,987,1548,1351,1432,717,6,398,756,689,847,430,12,589,792,662,585,287
20233,A,골목상권,3110853,KT구로지사,2641,1608,1033,1,319,772,649,545,355,0,145,461,405,335,262,1,174,311,244,210,93
20233,A,골목상권,3110719,영서중학교,8289,5933,2356,59,1796,2525,2024,1273,612,45,1066,1810,1558,970,484,14,730,715,466,303,128
20233,A,골목상권,3110681,온수역 1번,770,608,162,1,32,106,134,230,267,1,15,68,84,193,247,0,17,38,50,37,20
20233,A,골목상권,3110686,수궁동주민센터,1712,942,770,4,166,281,410,516,335,2,67,147,225,281,220,2,99,134,185,235,115
20233,A,골목상권,3110724,금천구립가산도서관,11383,7546,3837,40,1693,3181,2821,2099,1549,26,938,2131,2094,1485,872,14,755,1050,727,614,677
20233,A,골목상권,3110737,금천세무서,1798,1125,673,11,253,347,446,436,305,2,132,205,256,291,239,9,121,142,190,145,66
20233,A,골목상권,3110751,난곡중학교,4170,2971,1199,5,268,560,768,723,1846,4,152,299,440,412,1664,1,116,261,328,311,182
20233,A,골목상권,3110770,영등포구청역 6번,3743,2293,1450,10,456,798,1009,775,695,8,198,431,610,510,536,2,258,367,399,265,159
20233,A,골목상권,3110774,당산반도유보라팰리스아파트,6057,3990,2067,23,1174,1514,1210,1260,876,16,690,964,811,881,628,7,484,550,399,379,248
20233,A,골목상권,3110784,신대림초등학교,635,358,277,0,52,113,172,193,105,0,17,54,98,114,75,0,35,59,74,79,30
20233,A,골목상권,3110790,대림1동주민센터,1866,1133,733,8,165,442,606,439,206,6,106,276,315,276,154,2,59,166,291,163,52
20233,A,골목상권,3110797,KT대방빌딩,2388,1195,1193,9,744,610,471,373,181,6,202,321,282,247,137,3,542,289,189,126,44
20233,A,골목상권,3110767,도림동주민센터,1986,1301,685,12,195,337,469,452,521,9,94,206,296,293,403,3,101,131,173,159,118
20233,A,골목상권,3110795,도림초등학교,1472,844,628,3,149,235,336,361,388,3,60,124,194,196,267,0,89,111,142,165,121
20233,A,골목상권,3110816,대방역 6번,1738,1058,680,6,221,364,462,314,371,4,113,216,301,190,234,2,108,148,161,124,137
20233,A,골목상권,3110805,신길새마을금고신길4동지점,1023,537,486,1,157,206,259,272,128,0,62,106,133,146,90,1,95,100,126,126,38
20233,A,골목상권,3110760,선유도역 6번,5228,3263,1965,14,772,1203,1346,1246,647,10,420,748,783,769,533,4,352,455,563,477,114
20233,A,골목상권,3110829,장승배기역 5번,1910,1113,797,2,354,419,433,426,276,1,244,230,215,246,177,1,110,189,218,180,99
20233,A,골목상권,3110823,신대방삼거리역 3번,18527,11847,6680,53,3630,3578,3043,4396,3827,29,2845,2902,1956,2093,2022,24,785,676,1087,2303,1805
20233,A,골목상권,3110825,신대방삼거리역 1번,1887,1186,701,4,200,384,537,438,324,2,118,234,332,261,239,2,82,150,205,177,85
20233,A,골목상권,3110902,사당역 4번,4587,2962,1625,5,748,1134,1234,856,610,3,391,730,829,555,454,2,357,404,405,301,156
20233,A,골목상권,3110848,양지어린이공원,2097,1112,985,2,190,322,522,478,583,1,51,160,244,247,409,1,139,162,278,231,174
20233,A,골목상권,3110837,숭실대입구역 1번,7582,3000,4582,54,1016,1317,1684,2308,1203,29,513,708,790,619,341,25,503,609,894,1689,862
20233,A,골목상권,3110869,"신림역 5번(신림동주민센터, 신림동별빛거리)",3655,2148,1507,5,394,824,948,715,769,3,166,460,534,430,555,2,228,364,414,285,214
20233,A,골목상권,3111024,경찰병원역 4번(건너말공원),10720,6112,4608,57,1433,2394,2566,2144,2126,27,681,1469,1754,1167,1014,30,752,925,812,977,1112
20233,A,골목상권,3110929,남부터미널역 1번,36239,19956,16283,80,7810,8818,7565,9758,2208,25,2589,4537,4266,6904,1635,55,5221,4281,3299,2854,573
20233,A,골목상권,3110980,개포지구대옆,18101,5325,12776,71,2848,3483,6555,4107,1037,34,1294,1688,1158,625,526,37,1554,1795,5397,3482,511
20233,A,골목상권,3110951,신사은행나무공원,9132,5156,3976,46,2729,2597,1929,1129,702,14,1093,1493,1282,764,510,32,1636,1104,647,365,192
20233,A,골목상권,3111046,마천역(마천초등학교),2560,1555,1005,5,274,560,700,645,376,1,145,333,390,383,303,4,129,227,310,262,73
20233,A,골목상권,3111044,남천초등학교,1831,923,908,1,191,385,506,486,262,0,87,192,216,220,208,1,104,193,290,266,54
20233,A,골목상권,3111033,문정동성당,32663,26076,6587,11,2622,5719,9448,12913,1950,4,1647,4277,7502,11343,1303,7,975,1442,1946,1570,647
20233,A,골목상권,3111019,한성백제역 3번,15362,8061,7301,39,2405,3433,3255,3668,2562,30,1305,2236,1757,1393,1340,9,1100,1197,1498,2275,1222
20233,A,골목상권,3111007,석촌고분역 4번,4469,2987,1482,9,625,1051,1004,989,791,8,392,705,646,633,603,1,233,346,358,356,188
20233,A,골목상권,3111004,삼전역 1번,11074,7193,3881,42,1623,2462,2544,2663,1740,4,728,1489,1666,1950,1356,38,895,973,878,713,384
20233,A,골목상권,3111051,천호역 6번,3537,1976,1561,10,608,745,821,822,531,4,339,401,414,434,384,6,269,344,407,388,147
20233,A,골목상권,3111018,풍납초등학교(풍납백제문화공원),958,634,324,0,133,194,216,258,157,0,84,122,134,175,119,0,49,72,82,83,38
20233,A,골목상권,3111078,굽은다리역 4번,3935,2367,1568,9,362,678,891,1032,963,5,192,427,513,612,618,4,170,251,378,420,345
20233,A,골목상권,3111082,중앙보훈병원,476,316,160,0,30,57,76,119,194,0,18,40,52,73,133,0,12,17,24,46,61
20233,A,골목상권,3111086,한영중고,702,392,310,1,68,159,171,215,88,1,31,67,87,136,70,0,37,92,84,79,18
20233,A,골목상권,3111064,둔촌동역 4번,2203,1364,839,6,236,423,519,533,486,5,121,252,314,340,332,1,115,171,205,193,154
20233,A,골목상권,3111070,천호초등학교,1434,798,636,6,118,348,397,393,172,1,45,166,221,243,122,5,73,182,176,150,50
20233,A,골목상권,3111057,천호공원(해공체육문화센터),1546,745,801,2,167,228,317,374,458,2,47,73,121,162,340,0,120,155,196,212,118
20231,A,골목상권,3110052,장충초등학교,5705,3122,2583,6,827,1468,1432,1344,628,3,309,713,830,859,408,3,518,755,602,485,220
20231,A,골목상권,3110018,중앙고등학교,11262,8487,2775,7,1250,3853,3350,2089,713,6,649,2888,2664,1739,541,1,601,965,686,350,172
20231,A,골목상권,3110038,경향신문사,10172,7008,3164,16,1531,3252,3390,1653,330,3,695,2090,2547,1430,243,13,836,1162,843,223,87
20231,A,골목상권,3110012,성곡미술관,27735,18834,8901,37,3819,8129,8256,5229,2265,7,1836,5632,6275,3697,1387,30,1983,2497,1981,1532,878
20231,A,골목상권,3110006,부암동주민센터,773,347,426,0,158,275,203,101,36,0,69,129,83,45,21,0,89,146,120,56,15
20231,A,골목상권,3110019,창덕궁,6319,4360,1959,10,1053,2069,1767,953,467,3,559,1386,1342,701,369,7,494,683,425,252,98
20231,A,골목상권,3110589,애오개역 3번,559,265,294,0,108,185,141,80,45,0,38,87,71,42,27,0,70,98,70,38,18
20231,A,골목상권,3110068,남영역 1번,8193,5432,2761,40,1419,2582,2050,1326,776,19,721,1609,1516,1011,556,21,698,973,534,315,220
20231,A,골목상권,3110092,NH농협은행 보광동지점,3281,2252,1029,31,523,841,877,713,296,21,277,569,627,533,225,10,246,272,250,180,71
20231,A,골목상권,3110083,서빙고역 1번,6594,4364,2230,19,1375,1883,1618,1157,542,7,651,1268,1156,865,417,12,724,615,462,292,125
20231,A,골목상권,3110060,효창공원앞역 6번,6789,4650,2139,19,1230,1825,1872,1318,525,10,677,1315,1333,926,389,9,553,510,539,392,136
20231,A,골목상권,3110061,효창동주민센터,5303,3773,1530,6,882,1448,1482,1038,447,4,527,1073,1109,722,338,2,355,375,373,316,109
20231,A,골목상권,3110091,리움미술관,5605,3483,2122,16,1353,2027,1384,612,213,8,579,1155,1049,531,161,8,774,872,335,81,52
20231,A,골목상권,3110122,마장역 2번,1288,844,444,1,128,208,307,373,271,1,73,133,188,246,203,0,55,75,119,127,68
20231,A,골목상권,3110188,용두동신동아아파트,8552,6410,2142,56,940,1775,2007,2538,1236,37,653,1318,1585,1899,918,19,287,457,422,639,318
20231,A,골목상권,3110125,사근동살곶이상점가,304,167,137,2,52,66,90,59,35,2,21,32,48,39,25,0,31,34,42,20,10
20231,A,골목상권,3110147,능동우편취급국,4531,2184,2347,31,1146,862,890,1066,536,19,559,502,431,345,328,12,587,360,459,721,208
20231,A,골목상권,3110217,자동차부품상가,3677,2888,789,21,732,983,868,595,478,20,576,785,687,435,385,1,156,198,181,160,93
20231,A,골목상권,3110178,장로회신학대학교,2404,1638,766,1,341,582,567,559,354,0,195,410,420,386,227,1,146,172,147,173,127
20231,A,골목상권,3110162,군자역 4번,3299,1971,1328,5,497,696,811,692,598,2,300,424,470,362,413,3,197,272,341,330,185
20231,A,골목상권,3110154,광진정말공원,1521,878,643,6,193,294,396,399,233,4,99,168,215,220,172,2,94,126,181,179,61
20231,A,골목상권,3110151,자양한강도서관,2110,1470,640,7,384,424,537,519,239,4,274,300,362,348,182,3,110,124,175,171,57
20231,A,골목상권,3110171,중곡4동주민센터,2069,805,1264,3,502,500,486,436,142,1,84,182,208,224,106,2,418,318,278,212,36
20231,A,골목상권,3110218,답십리사거리,1293,747,546,6,152,258,330,326,221,5,58,132,175,207,170,1,94,126,155,119,51
20231,A,골목상권,3110225,촬영소사거리,1955,992,963,2,123,189,335,525,781,2,67,108,191,252,372,0,56,81,144,273,409
20231,A,골목상권,3110184,용두사거리,3021,1527,1494,5,599,895,617,491,414,2,203,397,289,306,330,3,396,498,328,185,84
20231,A,골목상권,3110213,청량초등학교,2045,619,1426,0,582,702,456,221,84,0,98,228,161,74,58,0,484,474,295,147,26
20231,A,골목상권,3110275,하나은행 망우동지점,1321,725,596,10,155,180,250,376,350,0,42,46,116,227,294,10,113,134,134,149,56
20231,A,골목상권,3110220,외대앞역 1번,3279,1428,1851,2,649,864,843,597,324,1,120,311,409,369,218,1,529,553,434,228,106
20231,A,골목상권,3110230,장안현대홈타운1차아파트,4180,2588,1592,14,740,1026,1066,899,435,10,450,646,636,535,311,4,290,380,430,364,124
20231,A,골목상권,3110216,전농중학교,1431,725,706,2,194,328,385,371,151,1,84,149,201,194,96,1,110,179,184,177,55
20231,A,골목상권,3110276,신내IC북측,132,100,32,0,9,22,38,38,25,0,5,19,26,32,18,0,4,3,12,6,7
20231,A,골목상권,3110240,태릉시장 특화거리,439,231,208,3,63,64,129,98,82,2,24,33,65,48,59,1,39,31,64,50,23
20231,A,골목상권,3110299,정릉역 1번,1824,844,980,4,260,396,436,423,305,0,53,150,161,238,242,4,207,246,275,185,63
20231,A,골목상권,3110302,보문역 8번,5898,4601,1297,6,635,1951,1314,1333,659,2,343,1589,1089,1123,455,4,292,362,225,210,204
20231,A,골목상권,3110333,돌곶이역 5번,2180,1597,583,1,138,180,253,395,1213,0,72,102,152,268,1003,1,66,78,101,127,210
20231,A,골목상권,3110295,정릉우체국,2033,967,1066,2,326,405,505,478,317,0,87,174,207,267,232,2,239,231,298,211,85
20231,A,골목상권,3110290,북한산보국문역 1번,956,503,453,2,85,114,198,295,262,0,23,58,103,167,152,2,62,56,95,128,110
20231,A,골목상권,3110284,정릉북한산국립공원입구,1070,775,295,0,67,166,299,370,168,0,17,93,226,294,145,0,50,73,73,76,23
20231,A,골목상권,3110315,종암아이파크2차,19324,9933,9391,57,1503,4968,7106,5488,202,13,619,1647,3160,4363,131,44,884,3321,3946,1125,71
20231,A,골목상권,3110311,종암아이파크2차후문,18326,9454,8872,55,1387,4748,6804,5254,78,12,582,1562,3010,4226,62,43,805,3186,3794,1028,16
20231,A,골목상권,3110372,강북중학교,2235,1039,1196,1,431,564,556,464,219,1,120,285,281,229,123,0,311,279,275,235,96
20231,A,골목상권,3110355,삼양사거리역 2번,841,465,376,2,75,143,202,215,204,1,21,48,103,134,158,1,54,95,99,81,46
20231,A,골목상권,3110384,문이교,515,242,273,1,67,67,122,148,110,0,18,23,41,80,80,1,49,44,81,68,30
20231,A,골목상권,3110407,도봉역 2번,1737,1230,507,2,79,213,329,569,545,1,27,108,185,426,483,1,52,105,144,143,62
20231,A,골목상권,3110405,방학역 1번,2828,1543,1285,6,280,510,686,856,490,5,158,343,328,348,361,1,122,167,358,508,129
20231,A,골목상권,3110412,창동중학교,926,729,197,1,32,75,129,327,362,1,15,31,69,262,351,0,17,44,60,65,11
20231,A,골목상권,3110394,방학중학교,1009,508,501,1,104,211,274,247,172,1,47,99,125,125,111,0,57,112,149,122,61
20231,A,골목상권,3110388,도봉우체국,1888,873,1015,4,412,414,447,441,170,3,100,202,209,231,128,1,312,212,238,210,42
20231,A,골목상권,3110442,화랑대철도공원,516,235,281,2,52,82,125,173,82,2,27,35,48,69,54,0,25,47,77,104,28
20231,A,골목상권,3110424,상계초등학교,1733,729,1004,5,214,302,436,475,301,5,84,152,179,184,125,0,130,150,257,291,176
20231,A,골목상권,3110431,상계역,1287,621,666,3,148,275,353,314,194,0,43,131,187,139,121,3,105,144,166,175,73
20231,A,골목상권,3110437,당고개역 2번,1939,1463,476,1,93,154,435,765,491,0,35,83,301,619,425,1,58,71,134,146,66
20231,A,골목상권,3110439,당고개역 5번,1564,1295,269,1,57,95,313,641,457,0,18,56,256,564,401,1,39,39,57,77,56
20231,A,골목상권,3110440,상계3동4동주민센터,169,56,113,0,26,25,43,40,35,0,8,5,11,16,16,0,18,20,32,24,19
20231,A,골목상권,3110420,광운대역 1번,1471,830,641,9,301,445,400,204,112,2,145,305,217,102,59,7,156,140,183,102,53
20231,A,골목상권,3110467,은평요양병원,1379,737,642,5,189,335,332,289,229,4,86,184,174,140,149,1,103,151,158,149,80
20231,A,골목상권,3110454,선정중학교,2790,1775,1015,7,272,500,645,930,436,3,129,261,343,687,352,4,143,239,302,243,84
20231,A,골목상권,3110447,구산초등학교,1598,1138,460,2,95,229,339,680,253,0,42,106,199,571,220,2,53,123,140,109,33
20231,A,골목상권,3110466,구산역 2번,1798,899,899,10,243,407,457,413,268,2,80,171,240,218,188,8,163,236,217,195,80
20231,A,골목상권,3110444,수색성당,1892,1313,579,0,137,252,283,320,900,0,54,128,127,184,820,0,83,124,156,136,80
20231,A,골목상권,3110453,신사1동주민센터,1978,1132,846,1,218,408,518,480,353,1,127,200,295,268,241,0,91,208,223,212,112
20231,A,골목상권,3110448,상신초등학교입구,1073,613,460,3,129,216,240,258,227,1,83,123,122,132,152,2,46,93,118,126,75
20231,A,골목상권,3110498,증산역 1번,2535,1338,1197,4,342,517,554,649,469,2,109,293,309,322,303,2,233,224,245,327,166
20231,A,골목상권,3110505,홍남교남측,2126,1435,691,49,700,599,355,283,140,26,407,498,226,172,106,23,293,101,129,111,34
20231,A,골목상권,3110510,홍연시장,2641,1768,873,55,777,683,448,457,221,30,445,554,273,293,173,25,332,129,175,164,48
20231,A,골목상권,3110553,가좌역 2번,1511,856,655,3,170,321,388,384,245,2,77,175,235,224,143,1,93,146,153,160,102
20231,A,골목상권,3110496,모래내우체국,1812,822,990,7,281,445,449,349,281,4,85,208,221,148,156,3,196,237,228,201,125
20231,A,골목상권,3110506,연희임광아파트,1391,746,645,2,205,313,340,335,196,2,93,209,169,157,116,0,112,104,171,178,80
20231,A,골목상권,3110529,홍제3동주민센터,1091,564,527,4,122,140,206,257,362,1,44,66,95,138,220,3,78,74,111,119,142
20231,A,골목상권,3110521,홍제역 4번,1109,612,497,3,108,134,316,391,157,1,30,70,168,242,101,2,78,64,148,149,56
20231,A,골목상권,3110542,마포구청역 7번,5558,3298,2260,20,707,1052,1202,1656,921,11,378,760,825,770,554,9,329,292,377,886,367
20231,A,골목상권,3110561,상수역 4번,2460,1498,962,31,569,746,545,348,221,20,264,444,364,239,167,11,305,302,181,109,54
20231,A,골목상권,3110552,성미산체육관,2995,1818,1177,8,379,652,778,730,448,4,185,366,457,506,300,4,194,286,321,224,148
20231,A,골목상권,3110570,KB국민은행 서강지점,1410,826,584,7,199,376,380,261,187,7,100,222,201,154,142,0,99,154,179,107,45
20231,A,골목상권,3110620,목동보건지소,3652,1851,1801,7,412,863,1018,883,469,5,182,474,447,423,320,2,230,389,571,460,149
20231,A,골목상권,3110624,목동문화체육센터,1670,856,814,1,264,453,486,298,168,1,140,240,200,155,120,0,124,213,286,143,48
20231,A,골목상권,3110626,양화초등학교,3807,2364,1443,4,517,846,1106,938,396,3,219,458,758,652,274,1,298,388,348,286,122
20231,A,골목상권,3110606,신한은행 신월동지점,2588,1783,805,3,138,296,550,822,779,1,58,158,318,568,680,2,80,138,232,254,99
20231,A,골목상권,3110646,푸른들청소년도서관,6554,3939,2615,12,861,1499,1624,1593,965,9,445,957,950,890,688,3,416,542,674,703,277
20231,A,골목상권,3110613,신정네거리역 4번,532,258,274,0,62,116,114,119,121,0,13,47,48,66,84,0,49,69,66,53,37
20231,A,골목상권,3110706,그라운드 고척,2411,1613,798,2,310,586,628,638,247,2,161,381,415,463,191,0,149,205,213,175,56
20231,A,골목상권,3110701,고척동성당,2031,1278,753,7,310,414,454,523,323,1,176,260,284,305,252,6,134,154,170,218,71
20231,A,골목상권,3110657,양천향교역 5번,8471,5307,3164,17,1024,2088,2090,1892,1360,11,513,1206,1353,1162,1062,6,511,882,737,730,298
20231,A,골목상권,3110648,양천향교역 7번,4059,2626,1433,14,469,835,925,929,887,10,238,536,594,535,713,4,231,299,331,394,174
20231,A,골목상권,3110671,등촌1동주민센터,10403,6389,4014,31,1969,2531,2337,1997,1538,18,787,1620,1611,1312,1041,13,1182,911,726,685,497
20231,A,골목상권,3110658,화곡초등학교,3192,1856,1336,2,811,765,628,538,448,0,270,453,376,381,376,2,541,312,252,157,72
20231,A,골목상권,3110668,화곡2동주민센터,3004,1684,1320,10,406,790,822,630,346,7,198,431,436,373,239,3,208,359,386,257,107
20231,A,골목상권,3110721,가리봉파출소,9719,6601,3118,27,1764,3184,2464,1435,845,13,942,2250,1830,926,640,14,822,934,634,509,205
20231,A,골목상권,3110703,개봉역,8618,4789,3829,41,1381,2048,1932,2036,1180,22,796,1309,965,946,751,19,585,739,967,1090,429
20231,A,골목상권,3110769,대림차이나타운(대림역 12번),1954,1208,746,5,121,251,393,460,724,3,75,164,232,290,444,2,46,87,161,170,280
20231,A,골목상권,3110693,오류동역 4번,2696,1879,817,4,369,515,637,750,421,3,300,366,437,480,293,1,69,149,200,270,128
20231,A,골목상권,3110709,구로119안전센터,1187,559,628,4,117,165,257,381,263,2,53,88,142,137,137,2,64,77,115,244,126
20231,A,골목상권,3110716,구로나눔길,4822,2652,2170,7,579,1315,1117,1252,552,3,265,697,592,776,319,4,314,618,525,476,233
20231,A,골목상권,3110761,문래동남성맨션,1158,827,331,2,91,236,304,299,226,1,64,159,218,197,188,1,27,77,86,102,38
20231,A,골목상권,3110741,독산2동주민센터,1504,811,693,3,175,295,351,425,255,2,91,145,170,215,188,1,84,150,181,210,67
20231,A,골목상권,3110859,난향초등학교,512,230,282,1,45,111,154,119,82,0,3,44,63,56,64,1,42,67,91,63,18
20231,A,골목상권,3110789,대림성모병원,3410,1458,1952,2,996,845,702,539,326,2,257,378,363,264,194,0,739,467,339,275,132
20231,A,골목상권,3110780,신길대성유니드아파트,1394,925,469,1,137,277,365,360,254,1,88,167,227,235,207,0,49,110,138,125,47
20231,A,골목상권,3110772,신우어린이공원,1405,839,566,1,221,295,338,329,221,0,93,177,214,205,150,1,128,118,124,124,71
20231,A,골목상권,3110785,영등포푸르지오아파트,2009,1361,648,6,207,449,544,471,332,4,93,298,379,338,249,2,114,151,165,133,83
20231,A,골목상권,3110787,신길3동주민센터,1010,595,415,3,99,199,285,264,160,3,47,107,166,160,112,0,52,92,119,104,48
20231,A,골목상권,3110815,공군호텔,3580,1559,2021,5,645,846,827,727,530,0,194,396,377,297,295,5,451,450,450,430,235
20231,A,골목상권,3110808,신길역 1번,1130,445,685,0,100,235,310,302,183,0,32,108,122,98,85,0,68,127,188,204,98
20231,A,골목상권,3110804,신풍역 1번,1741,798,943,1,169,357,520,405,289,0,76,149,168,199,206,1,93,208,352,206,83
20231,A,골목상권,3110832,노량진초등학교,4040,2156,1884,1,568,1114,970,953,434,0,307,514,509,572,254,1,261,600,461,381,180
20231,A,골목상권,3110822,신대방삼거리역 4번(대림초등학교),2751,1560,1191,2,363,614,588,613,571,0,112,362,360,362,364,2,251,252,228,251,207
20231,A,골목상권,3110850,사당역 10번,7894,4180,3714,14,1345,2053,2169,1428,885,5,442,1014,1153,889,677,9,903,1039,1016,539,208
20231,A,골목상권,3110907,방배초등학교,7536,4093,3443,28,1176,1611,1757,1598,1366,16,482,896,974,820,905,12,694,715,783,778,461
20231,A,골목상권,3110886,관악해태어린이공원,1445,959,486,3,127,237,384,457,237,1,51,115,248,345,199,2,76,122,136,112,38
20231,A,골목상권,3110870,신림주공2단지(광신고등학교),926,524,402,2,74,142,244,279,185,0,27,71,123,158,145,2,47,71,121,121,40
20231,A,골목상권,3110888,청룡동주민센터,1962,823,1139,4,400,564,469,301,224,0,83,193,220,164,163,4,317,371,249,137,61
20231,A,골목상권,3110880,신림역 1번,1885,706,1179,2,469,465,373,346,230,1,114,169,180,115,127,1,355,296,193,231,103
20231,A,골목상권,3110896,관악우성아파트,736,263,473,3,103,109,175,206,140,2,34,34,61,79,53,1,69,75,114,127,87
20231,A,골목상권,3110948,헌인가구단지,57,27,30,0,5,24,14,11,3,0,4,12,6,2,3,0,1,12,8,9,0
20231,A,골목상권,3110921,서울프랑스학교,78980,73122,5858,28,7548,16129,20976,31809,2490,12,6231,14222,19329,31052,2276,16,1317,1907,1647,757,214
20231,A,골목상권,3110912,방배동사이길,10864,6872,3992,39,2280,3332,2614,1988,611,11,836,2031,1921,1590,483,28,1444,1301,693,398,128
20231,A,골목상권,3110933,한국상담대학원대학교,5166,2935,2231,17,1332,1552,1139,789,337,4,500,976,763,474,218,13,832,576,376,315,119
20231,A,골목상권,3110935,한전아트센터,15447,13162,2285,22,2512,5659,3695,2968,591,17,1823,4896,3229,2703,494,5,689,763,466,265,97
20231,A,골목상권,3110984,포이초등학교(개포목련어린이공원),3582,2150,1432,4,498,767,882,784,647,1,250,501,486,430,482,3,248,266,396,354,165
20231,A,골목상권,3110978,도곡2동주민센터(대치중학교),9979,6980,2999,40,2087,3214,2294,1200,1144,23,1136,2370,1884,909,658,17,951,844,410,291,486
20231,A,골목상권,3110971,선정릉역 4번,19901,10561,9340,56,4117,6246,4806,2922,1754,20,1411,3453,2772,1734,1171,36,2706,2793,2034,1188,583
20231,A,골목상권,3110974,언주중학교,8256,5430,2826,32,1847,2573,1708,1193,903,20,851,1532,1318,975,734,12,996,1041,390,218,169
20231,A,골목상권,3110975,매봉역 1번,20752,14192,6560,76,4365,5383,5577,4328,1023,51,2288,3472,4126,3439,816,25,2077,1911,1451,889,207
20231,A,골목상권,3111040,거여초등학교,2357,1472,885,10,310,602,594,522,319,9,179,402,365,295,222,1,131,200,229,227,97
20231,A,골목상권,3111026,문정역 2번,5159,3277,1882,8,771,1232,1312,1131,705,3,429,810,876,634,525,5,342,422,436,497,180
20231,A,골목상권,3111017,송파나루역 3번,3628,2432,1196,16,792,796,869,755,400,11,460,537,585,527,312,5,332,259,284,228,88
20231,A,골목상권,3111010,석촌역 7번,7142,5058,2084,9,802,1620,1617,1242,1852,6,441,1150,1102,793,1566,3,361,470,515,449,286
20231,A,골목상권,3111034,오동나무공원(송파레미니스1단지),3543,2415,1128,7,500,770,849,906,511,6,300,543,575,584,407,1,200,227,274,322,104
20231,A,골목상권,3111030,방이역 2번,20738,15418,5320,18,2658,5004,5332,4928,2798,6,1628,3495,4144,4200,1945,12,1030,1509,1188,728,853
20231,A,골목상권,3111085,묘곡초등학교(고덕아이파크아파트),1513,784,729,0,146,290,369,382,326,0,61,149,169,194,211,0,85,141,200,188,115
20231,A,골목상권,3111077,길동주민센터(강동도서관),6406,3327,3079,16,671,1129,1499,1694,1397,9,330,650,809,710,819,7,341,479,690,984,578
20231,A,골목상권,3111076,둔촌2동주민센터,2137,1170,967,3,262,433,458,484,497,1,104,223,250,249,343,2,158,210,208,235,154
20231,A,골목상권,3111080,굽은다리역 3번,1729,778,951,2,186,308,401,447,385,0,66,164,188,178,182,2,120,144,213,269,203
20231,A,골목상권,3110536,돈의문센트레빌아파트입구,1695,833,862,1,260,434,449,376,175,1,78,212,254,177,111,0,182,222,195,199,64
20231,A,골목상권,3110029,동대문역 1번,1644,738,906,3,231,331,381,390,308,1,67,127,179,186,178,2,164,204,202,204,130
20231,A,골목상권,3110037,신설동역 12번,6845,2610,4235,8,686,1039,1229,1827,2056,0,200,462,558,454,936,8,486,577,671,1373,1120
20231,A,골목상권,3110021,성균관대학교,1380,854,526,13,176,218,316,344,313,11,77,113,213,233,207,2,99,105,103,111,106
20231,A,골목상권,3110050,약수역 7번,1836,960,876,2,250,436,467,418,263,2,91,213,281,223,150,0,159,223,186,195,113
20231,A,골목상권,3110056,신당역 3번,2607,1426,1181,6,401,693,647,505,355,6,185,356,340,292,247,0,216,337,307,213,108
20231,A,골목상권,3110042,남산골공원옆,3487,1845,1642,11,347,719,1132,882,396,6,133,341,523,568,274,5,214,378,609,314,122
20231,A,골목상권,3110067,배문고등학교,6040,2831,3209,9,1156,1772,1294,977,832,3,287,644,651,605,641,6,869,1128,643,372,191
20231,A,골목상권,3110090,한국폴리텍대학서울정수캠퍼스,6854,4231,2623,17,1075,2196,2359,934,273,8,504,1107,1684,735,193,9,571,1089,675,199,80
20231,A,골목상권,3110088,오산고등학교,7060,4470,2590,17,1103,2335,2474,899,232,7,558,1213,1793,727,172,10,545,1122,681,172,60
20231,A,골목상권,3110087,이태원엔틱가구거리,3473,1835,1638,14,616,996,784,725,338,11,220,474,424,457,249,3,396,522,360,268,89
20231,A,골목상권,3110063,효창공원앞역 5번,2545,1665,880,15,308,566,692,530,434,12,172,383,458,344,296,3,136,183,234,186,138
20231,A,골목상권,3110058,성심여자고등학교,6811,4886,1925,22,1067,2028,1812,1308,574,7,598,1398,1383,1048,452,15,469,630,429,260,122
20231,A,골목상권,3110098,서울독일학교,19270,15584,3686,22,2331,4742,5464,6112,599,14,1127,3406,4759,5764,514,8,1204,1336,705,348,85
20231,A,골목상권,3110096,한남힐사이드아파트,5546,3662,1884,5,1168,1544,1281,1282,266,3,498,976,912,1046,227,2,670,568,369,236,39
20231,A,골목상권,3110100,옥수동우편취급국,7613,6422,1191,7,609,2450,2479,1864,204,4,305,1915,2241,1784,173,3,304,535,238,80,31
20231,A,골목상권,3110119,마장지하차도,2046,656,1390,1,159,260,428,704,494,0,83,139,167,155,112,1,76,121,261,549,382
20231,A,골목상권,3110139,자양4동주민센터,2367,1870,497,9,270,601,637,559,291,5,194,486,509,441,235,4,76,115,128,118,56
20231,A,골목상권,3110118,왕십리역 9번,1141,733,408,1,167,270,301,259,143,0,85,164,189,178,117,1,82,106,112,81,26
20231,A,골목상권,3110131,성수동카페거리,16372,10013,6359,69,3574,4475,3610,2782,1862,39,1790,2879,2348,1642,1315,30,1784,1596,1262,1140,547
20231,A,골목상권,3110134,성수119안전센터,3342,2382,960,73,532,823,835,706,373,34,330,619,609,498,292,39,202,204,226,208,81
20231,A,골목상권,3110136,경수초등학교,16150,9947,6203,123,3454,3934,3551,3098,1990,71,1698,2541,2333,1900,1404,52,1756,1393,1218,1198,586
20231,A,골목상권,3110155,광진구청,12629,9937,2692,11,781,1849,3528,5069,1391,11,385,1169,2772,4413,1187,0,396,680,756,656,204
20231,A,골목상권,3110176,해오름공원,3579,1917,1662,4,675,798,998,836,268,2,178,374,601,542,220,2,497,424,397,294,48
20231,A,골목상권,3110149,세종대학교,799,452,347,0,93,197,215,179,115,0,44,101,133,91,83,0,49,96,82,88,32
20231,A,골목상권,3110167,용마초등학교,3707,2122,1585,11,501,762,961,828,644,3,272,440,519,426,462,8,229,322,442,402,182
20231,A,골목상권,3110204,간데메공원,1356,905,451,5,205,278,356,322,190,3,135,169,223,225,150,2,70,109,133,97,40
20231,A,골목상권,3110226,장안1동주민센터,5867,3209,2658,15,722,1138,1352,1410,1230,12,347,658,734,772,686,3,375,480,618,638,544
20231,A,골목상권,3110211,전곡마을마당공원,1820,983,837,4,278,348,454,491,245,1,111,192,268,266,145,3,167,156,186,225,100
20231,A,골목상권,3110207,시립대앞사거리,1345,584,761,3,233,270,311,303,225,1,53,120,140,127,143,2,180,150,171,176,82
20231,A,골목상권,3110198,동대문중앙새마을금고본점,361,189,172,0,20,53,86,133,69,0,9,28,50,59,43,0,11,25,36,74,26
20231,A,골목상권,3110200,동대문경찰서,703,390,313,0,77,108,145,182,191,0,37,54,78,85,136,0,40,54,67,97,55
20231,A,골목상권,3110256,면목2동체육관,3260,1961,1299,5,413,680,888,780,494,1,188,448,483,445,396,4,225,232,405,335,98
20231,A,골목상권,3110266,면목동우체국,2501,1548,953,5,244,423,558,704,567,0,78,210,314,502,444,5,166,213,244,202,123
20231,A,골목상권,3110236,신묵초등학교,2212,1481,731,2,311,516,532,603,248,2,174,350,347,432,176,0,137,166,185,171,72
20231,A,골목상권,3110267,망우역 2번,2430,1427,1003,13,334,482,518,637,446,11,202,293,263,329,329,2,132,189,255,308,117
20231,A,골목상권,3110234,중랑역 4번,2773,2036,737,11,275,619,860,768,240,9,142,418,643,647,177,2,133,201,217,121,63
20231,A,골목상권,3110314,종암경찰서,3397,2472,925,6,380,670,726,731,884,0,231,492,518,565,666,6,149,178,208,166,218
20231,A,골목상권,3110421,석계역 1번,1218,593,625,4,119,205,323,328,239,2,49,90,144,169,139,2,70,115,179,159,100
20231,A,골목상권,3110321,동덕여대,1128,697,431,0,75,117,219,296,421,0,24,61,110,162,340,0,51,56,109,134,81
20231,A,골목상권,3110324,월곡역 4번,1184,675,509,5,167,321,341,226,124,1,78,187,188,134,87,4,89,134,153,92,37
20231,A,골목상권,3110298,솔숲어린이공원,1115,539,576,6,144,199,273,276,217,1,36,66,112,152,172,5,108,133,161,124,45
20231,A,골목상권,3110365,미아역 5번,1266,616,650,2,97,152,267,320,428,2,36,63,110,186,219,0,61,89,157,134,209
20231,A,골목상권,3110367,강북구청,3460,1492,1968,10,334,684,730,796,906,8,94,264,328,453,345,2,240,420,402,343,561
20231,A,골목상권,3110368,송천초등학교,981,601,380,1,93,195,242,259,191,1,32,95,129,181,163,0,61,100,113,78,28
20231,A,골목상권,3110352,수유1동주민센터,1291,576,715,0,118,244,368,418,143,0,49,99,154,183,91,0,69,145,214,235,52
20231,A,골목상권,3110349,화계역 2번,641,353,288,0,50,92,172,256,71,0,28,41,97,133,54,0,22,51,75,123,17
20231,A,골목상권,3110346,4.19민주묘지역 2번,605,334,271,0,71,106,179,136,113,0,18,62,103,75,76,0,53,44,76,61,37
20231,A,골목상권,3110339,국립4.19민주묘지,819,555,264,6,104,130,193,232,154,6,50,99,122,143,135,0,54,31,71,89,19
20231,A,골목상권,3110393,국민은행방학지점,749,350,399,3,91,217,207,154,77,2,32,106,101,63,46,1,59,111,106,91,31
20231,A,골목상권,3110395,신한은행 방학동지점,591,318,273,1,73,99,158,142,118,1,38,50,73,83,73,0,35,49,85,59,45
20231,A,골목상권,3110403,방학1동주민센터,1702,974,728,4,211,309,359,482,337,2,94,177,211,286,204,2,117,132,148,196,133
20231,A,골목상권,3110398,쌍문2동우체국,1663,972,691,0,162,244,383,523,351,0,72,129,192,328,251,0,90,115,191,195,100
20231,A,골목상권,3110401,도봉구민회관,1586,856,730,0,181,221,327,460,397,0,78,117,164,255,242,0,103,104,163,205,155
20231,A,골목상권,3110425,계상초등학교,1457,683,774,4,150,232,387,426,258,3,63,143,181,181,112,1,87,89,206,245,146
20231,A,골목상권,3110419,수락산디자인거리,3472,2282,1190,13,387,781,865,882,544,12,226,552,591,566,335,1,161,229,274,316,209
20231,A,골목상권,3110474,세명컴퓨터고등학교,1360,647,713,2,130,295,356,348,229,2,46,137,159,153,150,0,84,158,197,195,79
20231,A,골목상권,3110473,구산역 1번,3155,1679,1476,5,325,617,795,785,628,5,131,352,419,351,421,0,194,265,376,434,207
20231,A,골목상권,3110455,역촌노인복지관,3715,1747,1968,9,658,760,944,829,515,3,247,351,416,367,363,6,411,409,528,462,152
20231,A,골목상권,3110487,불광역 8번,761,291,470,1,73,171,207,181,128,1,23,75,72,60,60,0,50,96,135,121,68
20231,A,골목상권,3110480,연신내역 3번,1023,428,595,6,192,199,279,216,131,2,70,88,121,80,67,4,122,111,158,136,64
20231,A,골목상권,3110482,연신초등학교,359,158,201,0,27,53,117,116,46,0,8,20,39,58,33,0,19,33,78,58,13
20231,A,골목상권,3110470,신진과학기술고등학교,1610,976,634,2,161,266,382,390,409,2,76,145,208,227,318,0,85,121,174,163,91
20231,A,골목상권,3110475,백련산해모로아파트,1745,1026,719,2,202,326,375,357,483,1,91,165,203,202,364,1,111,161,172,155,119
20231,A,골목상권,3110532,아현역 2번,1847,1072,775,2,422,522,371,290,240,1,165,307,218,208,173,1,257,215,153,82,67
20231,A,골목상권,3110534,경기대학교,3370,2048,1322,4,575,933,722,580,556,1,256,531,484,399,377,3,319,402,238,181,179
20231,A,골목상권,3110572,서강대역 1번,7726,3653,4073,68,2565,1977,1384,1231,501,24,960,907,708,748,306,44,1605,1070,676,483,195
20231,A,골목상권,3110575,대흥동주민센터,4172,1903,2269,62,2086,953,452,399,220,20,782,476,212,248,165,42,1304,477,240,151,55
20231,A,골목상권,3110569,홍대땡땡거리,3039,1407,1632,7,650,662,678,622,420,3,308,321,302,232,241,4,342,341,376,390,179
20231,A,골목상권,3110517,서대문소방서,2671,1696,975,14,441,700,687,557,272,8,191,471,487,368,171,6,250,229,200,189,101
20231,A,골목상권,3110512,연희지하차도,5089,3101,1988,67,1146,1450,1174,973,279,39,591,926,702,649,194,28,555,524,472,324,85
20231,A,골목상권,3110516,정원여중,1299,656,643,0,226,284,343,307,139,0,78,137,188,165,88,0,148,147,155,142,51
20231,A,골목상권,3110527,홍제역 2번,1712,867,845,2,169,226,456,564,295,1,44,119,214,314,175,1,125,107,242,250,120
20231,A,골목상권,3110546,양화대교북단,1549,938,611,3,314,420,380,250,182,3,138,208,258,183,148,0,176,212,122,67,34
20231,A,골목상권,3110550,합정역 8번,5374,2859,2515,13,961,1416,1292,955,737,8,367,677,778,563,466,5,594,739,514,392,271
20231,A,골목상권,3110554,망원역 1번,6464,3487,2977,10,913,1410,1559,1192,1380,7,345,648,802,647,1038,3,568,762,757,545,342
20231,A,골목상권,3110547,KB국민은행 망원동지점,6579,4117,2462,11,769,1170,1322,1746,1561,7,405,819,889,860,1137,4,364,351,433,886,424
20231,A,골목상권,3110551,성서초등학교,3102,1803,1299,3,301,471,703,601,1023,3,132,235,314,304,815,0,169,236,389,297,208
20231,A,골목상권,3110619,목4동주민센터,1689,1078,611,4,202,379,491,407,206,1,93,210,315,291,168,3,109,169,176,116,38
20231,A,골목상권,3110608,신월2동주민센터,3392,1915,1477,10,282,562,891,941,706,9,134,332,463,486,491,1,148,230,428,455,215
20231,A,골목상권,3110600,신월7동주민센터,4248,2844,1404,3,317,496,745,1209,1478,3,179,312,490,845,1015,0,138,184,255,364,463
20231,A,골목상권,3110647,화곡역 5번,3340,1821,1519,8,438,691,768,828,607,5,192,403,428,449,344,3,246,288,340,379,263
20231,A,골목상권,3110607,금빛새마을금고본점,2729,2241,488,2,110,221,394,521,1481,1,64,132,235,385,1424,1,46,89,159,136,57
20231,A,골목상권,3110611,신정역 1번,4475,2720,1755,14,895,697,748,814,1307,7,295,382,444,461,1131,7,600,315,304,353,176
20231,A,골목상권,3110594,신월중학교,1144,543,601,7,149,285,301,297,105,4,58,119,141,150,71,3,91,166,160,147,34
20231,A,골목상권,3110602,신월시영아파트중문,3056,2108,948,3,204,356,700,967,826,2,124,226,400,664,692,1,80,130,300,303,134
20231,A,골목상권,3110610,계남근린공원,648,338,310,2,87,129,151,148,131,0,26,50,86,87,89,2,61,79,65,61,42
20231,A,골목상권,3110616,양목초등학교,1359,706,653,2,110,255,266,391,335,1,43,136,132,202,192,1,67,119,134,189,143
20231,A,골목상권,3110635,공항시장역 3번,3727,1849,1878,9,361,571,664,1054,1068,2,153,336,399,431,528,7,208,235,265,623,540
20231,A,골목상권,3110650,우장산힐스테이트,1737,995,742,4,194,325,396,415,403,3,107,202,240,204,239,1,87,123,156,211,164
20231,A,골목상권,3110638,신방화역 2번,3645,2335,1310,10,416,661,1045,983,530,8,205,404,713,617,388,2,211,257,332,366,142
20231,A,골목상권,3110712,남구로역 5번,1579,913,666,8,183,331,363,324,370,5,99,196,189,176,248,3,84,135,174,148,122
20231,A,골목상권,3110702,개봉초등학교,1569,818,751,1,157,329,420,390,272,1,72,153,202,214,176,0,85,176,218,176,96
20231,A,골목상권,3110699,덕의초등학교,2451,1563,888,9,303,578,623,646,292,7,187,384,391,378,216,2,116,194,232,268,76
20231,A,골목상권,3110720,대림역 2번,2280,1556,724,2,188,387,574,709,420,2,83,218,387,538,328,0,105,169,187,171,92
20231,A,골목상권,3110778,구로디지털단지역 4번,13303,7796,5507,56,2966,4427,3201,1627,1026,23,1254,2669,2063,1065,722,33,1712,1758,1138,562,304
20231,A,골목상권,3110745,독산동정훈단지,1306,773,533,1,137,196,260,372,340,0,71,92,115,221,274,1,66,104,145,151,66
20231,A,골목상권,3110856,미성초등학교,5264,3671,1593,18,465,913,970,948,1950,13,238,541,608,563,1708,5,227,372,362,385,242
20231,A,골목상권,3110855,신대방역 2번,4936,3401,1535,6,709,900,888,794,1639,2,282,540,546,528,1503,4,427,360,342,266,136
20231,A,골목상권,3110755,동일여자고등학교,2033,1040,993,21,274,503,487,453,295,16,131,278,253,192,170,5,143,225,234,261,125
20231,A,골목상권,3110771,대림역 11번,2420,1335,1085,5,268,314,456,542,835,2,91,160,234,316,532,3,177,154,222,226,303
20231,A,골목상권,3110768,도림2동유수지내체육시설,1219,778,441,9,118,206,287,302,297,8,48,126,182,211,203,1,70,80,105,91,94
20231,A,골목상권,3110759,문래예술촌(문래창작촌),65954,51168,14786,61,8786,22706,21719,9637,3045,32,5433,17446,18749,7800,1708,29,3353,5260,2970,1837,1337
20231,A,골목상권,3110818,신대방역 3번,1692,950,742,2,287,451,397,278,277,2,124,277,228,138,181,0,163,174,169,140,96
20231,A,골목상권,3110858,신대방역 1번,2669,2004,665,0,421,756,879,491,122,0,195,575,748,404,82,0,226,181,131,87,40
20231,A,골목상권,3110874,원신초등학교(구세군관악영문교회),732,381,351,8,77,186,200,173,88,2,22,81,122,86,68,6,55,105,78,87,20
20231,A,골목상권,3110879,신림현대아파트,1116,536,580,7,212,210,278,222,187,1,100,99,137,109,90,6,112,111,141,113,97
20231,A,골목상권,3110885,영락고등학교,1746,990,756,7,240,328,434,376,361,1,122,173,232,224,238,6,118,155,202,152,123
20231,A,골목상권,3110872,신림초등학교,689,382,307,5,101,168,168,152,95,3,54,93,102,85,45,2,47,75,66,67,50
20231,A,골목상권,3110947,청계산입구역 2번(내곡동주민센터),182,79,103,0,26,23,46,37,50,0,13,11,28,10,17,0,13,12,18,27,33
20231,A,골목상권,3110913,방현초등학교(방배119안전센터),9674,6057,3617,22,1677,2842,2518,1523,1092,5,797,1829,1720,957,749,17,880,1013,798,566,343
20231,A,골목상권,3110934,우면주공아파트,1489,946,543,6,264,423,395,260,141,5,105,290,271,170,105,1,159,133,124,90,36
20231,A,골목상권,3110937,방아다리근린공원(횃불트리니티신학대학원대학교),14952,9277,5675,329,4835,4416,2991,1697,684,151,2497,2972,2135,1021,501,178,2338,1444,856,676,183
20231,A,골목상권,3110955,논현초등학교,20906,14265,6641,76,4625,6342,4724,3259,1880,45,2535,4372,3537,2430,1346,31,2090,1970,1187,829,534
20231,A,골목상권,3110992,도곡초등학교,8628,4357,4271,50,1508,2156,1880,1719,1315,28,647,1065,939,866,812,22,861,1091,941,853,503
20231,A,골목상권,3110963,역삼월드메르디앙아파트,18186,10655,7531,122,4620,5292,4181,2560,1411,33,1769,3113,2948,1716,1076,89,2851,2179,1233,844,335
20231,A,골목상권,3110972,강남세브란스병원미래의학연구센터,22138,12993,9145,207,6590,6499,5019,2834,989,69,2849,4088,3556,1696,735,138,3741,2411,1463,1138,254
20231,A,골목상권,3110991,삼성중앙역 5번,10374,5378,4996,43,2958,2855,2028,1298,1192,9,932,1472,1304,854,807,34,2026,1383,724,444,385
20231,A,골목상권,3110990,청담역 12번,7833,5477,2356,20,1213,2652,2394,1251,303,9,506,1665,1965,1094,238,11,707,987,429,157,65
20231,A,골목상권,3111000,대왕초등학교(세곡동사거리서남측),156,35,121,1,22,55,43,25,10,0,2,7,12,5,9,1,20,48,31,20,1
20231,A,골목상권,3110999,윗방죽마을공원,408,226,182,3,33,70,73,122,107,1,17,45,46,70,47,2,16,25,27,52,60
20231,A,골목상권,3110969,베르사이유1아파트,29014,17556,11458,73,5335,8726,7783,5424,1673,29,2616,5589,5487,2693,1142,44,2719,3137,2296,2731,531
20231,A,골목상권,3110967,역삼역 8번,24226,18490,5736,23,4422,7830,6561,4334,1056,10,2559,5859,5511,3785,766,13,1863,1971,1050,549,290
20231,A,골목상권,3110985,청담근린공원,9800,6589,3211,34,1729,2898,2625,1790,724,17,815,1972,1966,1323,496,17,914,926,659,467,228
20231,A,골목상권,3111008,석촌고분역 3번,3907,2479,1428,12,490,799,912,951,743,10,289,528,566,545,541,2,201,271,346,406,202
20231,A,골목상권,3111016,송파역 2번,15479,10229,5250,62,2083,3454,3732,3349,2799,44,1020,2251,2780,2219,1915,18,1063,1203,952,1130,884
20231,A,골목상권,3111038,보인중학교,2602,1770,832,14,377,689,649,574,299,13,214,471,461,405,206,1,163,218,188,169,93
20231,A,골목상권,3111021,방이역 4번,11137,8092,3045,38,1448,2300,2854,2754,1743,26,767,1502,2125,2188,1484,12,681,798,729,566,259
20231,A,골목상권,3111015,석촌역 3번,10932,6847,4085,26,1640,2424,2423,2333,2086,11,799,1507,1612,1477,1441,15,841,917,811,856,645
20231,A,골목상권,3111003,삼전역 4번,4568,3024,1544,18,600,1083,1254,905,708,1,324,732,817,598,552,17,276,351,437,307,156
20231,A,골목상권,3111062,둔촌동역 3번(성내3동주민센터),3255,2100,1155,7,480,811,880,607,470,6,266,532,569,389,338,1,214,279,311,218,132
20231,A,골목상권,3111011,잠실나루역,9608,7747,1861,42,1275,3018,2795,2046,432,18,924,2492,2309,1674,330,24,351,526,486,372,102
20231,A,골목상권,3111048,천호역 1번(천호문구완구거리),1608,876,732,7,195,360,372,323,351,4,82,170,209,171,240,3,113,190,163,152,111
20231,A,골목상권,3111088,고덕동성당,1134,951,183,0,35,82,216,447,354,0,9,53,173,388,328,0,26,29,43,59,26
20231,A,골목상권,3111079,둔촌고등학교(둔촌중학교),1407,838,569,2,141,259,315,339,351,2,81,153,184,167,251,0,60,106,131,172,100
20231,A,골목상권,3111071,천동초등학교,2013,1097,916,2,200,393,515,454,449,1,72,204,289,251,280,1,128,189,226,203,169
20231,A,골목상권,3111069,천호1동주민센터,2143,1118,1025,5,185,409,525,555,464,3,66,183,269,288,309,2,119,226,256,267,155
20231,A,골목상권,3111050,강동구청(강동구청역 2번),6451,4040,2411,30,768,1601,1613,1617,822,12,384,869,987,1154,634,18,384,732,626,463,188
20231,A,골목상권,3111066,암사동성당(효정하나플러스아파트),1710,995,715,5,169,380,394,455,307,1,71,188,219,302,214,4,98,192,175,153,93
20231,A,골목상권,3111052,암사역 3번(천호동자전거거리),1652,885,767,3,192,365,475,387,230,2,74,188,246,218,157,1,118,177,229,169,73
20231,A,골목상권,3110041,남산케이블카,5723,3089,2634,10,793,1518,1444,1163,795,7,334,836,819,626,467,3,459,682,625,537,328
20231,A,골목상권,3110032,수족관거리,1721,729,992,8,316,378,484,355,180,7,101,148,164,183,126,1,215,230,320,172,54
20231,A,골목상권,3110049,장충단 고개,7948,4363,3585,17,1488,2210,1865,1591,777,6,534,1186,1138,986,513,11,954,1024,727,605,264
20231,A,골목상권,3110054,청구역 3번,5615,2963,2652,16,1124,1473,1173,1085,744,5,384,793,702,621,458,11,740,680,471,464,286
20231,A,골목상권,3110533,충정로역 7번,2911,1774,1137,1,433,782,782,547,366,0,223,473,484,349,245,1,210,309,298,198,121
20231,A,골목상권,3110065,남정초등학교,2218,1561,657,13,351,641,535,358,320,11,227,499,376,234,214,2,124,142,159,124,106
20231,A,골목상권,3110080,해방촌예술마을,2226,1456,770,3,252,385,746,672,168,3,84,214,546,496,113,0,168,171,200,176,55
20231,A,골목상권,3110003,세검정초등학교,3208,1681,1527,12,383,849,849,655,460,7,132,383,486,370,303,5,251,466,363,285,157
20231,A,골목상권,3110579,마포역 4번,5616,3529,2087,8,1017,1486,1468,1076,561,6,371,893,1024,805,430,2,646,593,444,271,131
20231,A,골목상권,3110123,마장역 3번,1433,884,549,1,176,272,329,389,266,1,78,159,191,253,202,0,98,113,138,136,64
20231,A,골목상권,3110114,왕십리파출소,2346,644,1702,8,434,328,413,711,452,1,142,144,153,139,65,7,292,184,260,572,387
20231,A,골목상권,3110121,한양대역 4번,102,61,41,0,13,22,20,20,27,0,6,11,11,12,21,0,7,11,9,8,6
20231,A,골목상권,3110127,성수1가1동주민센터,3267,2102,1165,10,572,1007,809,584,285,5,303,663,543,374,214,5,269,344,266,210,71
20231,A,골목상권,3110140,건대입구역 6번,3220,2119,1101,14,390,614,754,831,617,10,183,373,498,562,493,4,207,241,256,269,124
20231,A,골목상권,3110141,건대입구역 1번,1987,1285,702,10,275,407,532,461,302,6,137,258,349,297,238,4,138,149,183,164,64
20231,A,골목상권,3110209,답십리 장령당공원,4227,1926,2301,4,629,938,1189,1163,304,1,465,673,394,189,204,3,164,265,795,974,100
20231,A,골목상권,3110174,아차산역 1번,2909,1780,1129,7,346,545,901,765,345,3,151,328,577,479,242,4,195,217,324,286,103
20231,A,골목상권,3110144,어린이대공원역 4번,1502,932,570,0,160,238,383,492,229,0,60,133,242,323,174,0,100,105,141,169,55
20231,A,골목상권,3110152,중곡어린이공원,1671,1070,601,49,338,283,323,400,278,6,137,200,206,286,235,43,201,83,117,114,43
20231,A,골목상권,3110161,중곡역 3번,1960,1296,664,4,150,317,503,672,314,0,67,189,303,504,233,4,83,128,200,168,81
20231,A,골목상권,3110202,전농1동주민센터(전농시장),478,273,205,0,58,96,127,105,92,0,44,55,85,53,36,0,14,41,42,52,56
20231,A,골목상권,3110186,종암초등학교,1751,1308,443,2,179,330,416,475,349,0,82,256,306,362,302,2,97,74,110,113,47
20231,A,골목상권,3110221,의릉,731,443,288,0,69,158,210,196,98,0,28,92,111,132,80,0,41,66,99,64,18
20231,A,골목상권,3110206,텃골근린공원,1126,651,475,2,118,187,312,318,189,1,71,108,193,192,86,1,47,79,119,126,103
20231,A,골목상권,3110219,삼육보건대학교,4329,2321,2008,4,574,869,1055,1098,729,2,178,407,603,643,488,2,396,462,452,455,241
20231,A,골목상권,3110199,홍릉시장,962,521,441,0,76,146,204,306,230,0,34,77,102,142,166,0,42,69,102,164,64
20231,A,골목상권,3110268,망우3동주민센터,981,580,401,0,94,152,205,296,234,0,55,83,101,168,173,0,39,69,104,128,61
20231,A,골목상권,3110264,면목역 2번,1816,1064,752,3,185,354,425,524,325,0,72,184,239,342,227,3,113,170,186,182,98
20231,A,골목상권,3110279,신내역 2번,153,118,35,0,17,28,41,48,19,0,13,24,30,34,17,0,4,4,11,14,2
20231,A,골목상권,3110258,면동초등학교,1659,911,748,2,207,394,460,372,224,1,84,220,233,212,161,1,123,174,227,160,63
20231,A,골목상권,3110237,메가박스 상봉,2944,2064,880,11,293,688,935,821,196,10,142,441,668,655,148,1,151,247,267,166,48
20231,A,골목상권,3110254,오거리공원,1604,894,710,3,171,342,447,427,214,2,70,170,244,256,152,1,101,172,203,171,62
20231,A,골목상권,3110248,먹골파출소,993,487,506,3,102,224,281,230,153,0,31,111,138,105,102,3,71,113,143,125,51
20231,A,골목상권,3110245,KB국민은행 중화동지점,1375,794,581,3,141,276,386,300,269,1,58,154,230,167,184,2,83,122,156,133,85
20231,A,골목상권,3110308,길음역 8번,5558,2775,2783,420,2091,1398,817,515,317,177,921,761,443,234,239,243,1170,637,374,281,78
20231,A,골목상권,3110301,성신여대입구역 7번,2035,1073,962,20,279,387,462,501,386,15,95,170,238,285,270,5,184,217,224,216,116
20231,A,골목상권,3110300,삼선동주민센터,6172,2933,3239,11,709,1579,1872,1508,493,2,213,608,842,960,308,9,496,971,1030,548,185
20231,A,골목상권,3110328,상월곡역 3번,745,414,331,3,111,200,209,158,64,1,47,116,119,84,47,2,64,84,90,74,17
20231,A,골목상권,3110323,상월곡역 1번,2096,1206,890,4,330,425,556,516,265,0,143,247,333,295,188,4,187,178,223,221,77
20231,A,골목상권,3110325,장곡초등학교,1196,710,486,3,130,246,318,285,214,3,60,131,186,172,158,0,70,115,132,113,56
20231,A,골목상권,3110329,우리은행체육관,1168,696,472,8,126,245,281,288,220,4,44,127,158,191,172,4,82,118,123,97,48
20231,A,골목상권,3110418,광운대학교 남단,2395,1300,1095,17,439,649,567,454,269,5,188,388,277,239,203,12,251,261,290,215,66
20231,A,골목상권,3110292,정릉역 2번,1165,443,722,1,229,306,319,217,93,0,57,124,99,95,68,1,172,182,220,122,25
20231,A,골목상권,3110289,북한산보국문역 2번,1565,804,761,0,234,320,398,370,243,0,63,140,184,230,187,0,171,180,214,140,56
20231,A,골목상권,3110320,KB국민은행 종암동지점,1030,585,445,1,84,202,331,295,117,1,23,84,177,219,81,0,61,118,154,76,36
20231,A,골목상권,3110369,성신여대운정그린캠퍼스,1935,860,1075,5,242,321,436,458,473,1,65,112,181,208,293,4,177,209,255,250,180
20231,A,골목상권,3110376,수송초등학교,2101,1069,1032,3,230,420,522,498,428,2,80,208,286,240,253,1,150,212,236,258,175
20231,A,골목상권,3110351,수유북부시장옆,1198,652,546,0,84,147,263,467,237,0,30,65,139,235,183,0,54,82,124,232,54
20231,A,골목상권,3110362,우이천 계성교,961,497,464,1,126,190,258,236,150,0,48,103,126,120,100,1,78,87,132,116,50
20231,A,골목상권,3110356,덕수교,687,389,298,0,56,108,200,172,151,0,20,63,108,94,104,0,36,45,92,78,47
20231,A,골목상권,3110343,무너미어린이공원,1770,1049,721,0,112,212,300,288,858,0,32,122,161,148,586,0,80,90,139,140,272
20231,A,골목상권,3110382,솔밭공원역 1번,391,147,244,1,43,67,98,118,64,0,9,21,28,46,43,1,34,46,70,72,21
20231,A,골목상권,3110413,누원고등학교,568,365,203,0,36,70,115,162,185,0,15,44,66,102,138,0,21,26,49,60,47
20231,A,골목상권,3110422,노원역 9번,1516,697,819,1,187,294,388,390,256,1,71,171,178,157,119,0,116,123,210,233,137
20231,A,골목상권,3110430,중계초등학교,1110,567,543,3,90,168,259,328,262,0,28,66,114,160,199,3,62,102,145,168,63
20231,A,골목상권,3110417,월계역 3번,348,134,214,2,49,63,67,100,67,2,18,35,21,34,24,0,31,28,46,66,43
20231,A,골목상권,3110441,영신여고,1036,451,585,3,105,241,280,305,102,3,45,111,106,125,61,0,60,130,174,180,41
20231,A,골목상권,3110427,노원 을지대학교병원,1752,1176,576,1,156,280,416,577,322,0,59,139,273,460,245,1,97,141,143,117,77
20231,A,골목상권,3110477,은평세무서,2219,1137,1082,6,199,354,531,627,502,2,93,192,270,298,282,4,106,162,261,329,220
20231,A,골목상권,3110476,역촌역 2번,1304,706,598,1,170,308,350,300,175,1,61,154,198,161,131,0,109,154,152,139,44
20231,A,골목상권,3110503,명지대학교교회,3329,2219,1110,30,564,1004,816,642,273,26,345,725,552,388,183,4,219,279,264,254,90
20231,A,골목상권,3110499,연가초등학교,1715,905,810,0,165,359,447,470,274,0,64,203,231,222,185,0,101,156,216,248,89
20231,A,골목상권,3110558,경성고등학교,4895,3051,1844,21,679,1152,1227,1106,710,18,346,676,765,727,519,3,333,476,462,379,191
20231,A,골목상권,3110537,충정로현대아파트,4722,3057,1665,15,800,1434,1132,868,473,9,385,840,810,674,339,6,415,594,322,194,134
20231,A,골목상권,3110541,동교초등학교,1947,1046,901,2,295,400,519,419,312,1,112,214,273,234,212,1,183,186,246,185,100
20231,A,골목상권,3110522,홍제역 3번,1269,694,575,3,128,184,351,436,167,1,37,93,189,254,120,2,91,91,162,182,47
20231,A,골목상권,3110571,신수동주민센터,5389,2967,2422,10,665,1386,1427,1276,625,9,253,623,760,871,451,1,412,763,667,405,174
20231,A,골목상권,3110555,홍익지구대,3611,1855,1756,10,638,968,938,631,426,5,213,449,543,370,275,5,425,519,395,261,151
20231,A,골목상권,3110627,신정롯데캐슬아파트,12409,6926,5483,66,2312,4020,3158,2183,670,31,900,2143,1942,1409,501,35,1412,1877,1216,774,169
20231,A,골목상권,3110628,신목동역,2125,1374,751,4,260,583,583,460,235,2,128,352,393,345,154,2,132,231,190,115,81
20231,A,골목상권,3110679,염창역 2번,2730,2023,707,4,276,584,863,682,321,3,134,413,667,544,262,1,142,171,196,138,59
20231,A,골목상권,3110612,신정역 5번,4440,2606,1834,12,892,682,723,821,1310,5,273,329,389,473,1137,7,619,353,334,348,173
20231,A,골목상권,3110629,송정역 4번,923,553,370,1,104,171,216,231,200,1,47,114,124,142,125,0,57,57,92,89,75
20231,A,골목상권,3110669,화곡보람2차아파트,4693,2768,1925,4,1133,1316,897,642,701,3,357,873,675,396,464,1,776,443,222,246,237
20231,A,골목상권,3110649,우장산역 1번,1340,739,601,2,254,249,320,285,230,0,111,132,152,166,178,2,143,117,168,119,52
20231,A,골목상권,3110670,신곡초등학교,1600,1036,564,8,185,409,399,404,195,5,114,286,251,246,134,3,71,123,148,158,61
20231,A,골목상권,3110666,KC대학교,2132,1568,564,4,303,715,531,460,119,2,205,564,385,312,100,2,98,151,146,148,19
20231,A,골목상권,3110725,가산동주민센터,1841,864,977,4,142,241,320,390,744,2,70,130,189,193,280,2,72,111,131,197,464
20231,A,골목상권,3110700,고척초등학교,5750,4109,1641,10,516,1259,1605,1791,569,7,268,901,1181,1363,389,3,248,358,424,428,180
20231,A,골목상권,3110689,오류동역 3번,4517,2899,1618,15,569,864,1106,1262,701,8,405,556,678,764,488,7,164,308,428,498,213
20231,A,골목상권,3110690,오류2동버들시장,2262,1291,971,1,225,460,530,550,496,0,85,257,277,318,354,1,140,203,253,232,142
20231,A,골목상권,3110766,대림역 5번,5601,3708,1893,16,432,998,1379,1285,1491,5,258,730,1005,825,885,11,174,268,374,460,606
20231,A,골목상권,3110735,말미고개,2955,1738,1217,9,360,595,662,815,514,5,187,340,372,445,389,4,173,255,290,370,125
20231,A,골목상권,3110736,독산119안전센터,2709,1626,1083,4,307,444,561,745,648,2,174,271,330,427,422,2,133,173,231,318,226
20231,A,골목상권,3110746,금천금빛공원(은행나무사거리서측),971,444,527,1,93,156,237,270,214,1,36,71,105,122,109,0,57,85,132,148,105
20231,A,골목상권,3110783,영등포시장역 1번,2418,1654,764,5,411,700,493,528,281,3,259,492,345,391,164,2,152,208,148,137,117
20231,A,골목상권,3110793,대림썬프라자,1502,904,598,6,139,384,505,343,125,5,85,243,259,219,93,1,54,141,246,124,32
20231,A,골목상권,3110799,영등포본동주민센터,524,336,188,5,69,90,131,119,110,3,34,56,85,77,81,2,35,34,46,42,29
20231,A,골목상권,3110777,구로세무서,5825,3399,2426,22,1229,1703,1556,963,352,10,493,985,1009,609,293,12,736,718,547,354,59
20231,A,골목상권,3110821,보라매역 2번,19310,12435,6875,51,3710,3777,3102,4534,4136,27,2841,3091,2036,2222,2218,24,869,686,1066,2312,1918
20231,A,골목상권,3110788,영등포시장역 3번,924,604,320,3,106,166,286,224,139,1,58,113,202,145,85,2,48,53,84,79,54
20231,A,골목상권,3110840,중앙대학교,417,214,203,1,67,68,111,97,73,0,25,31,63,47,48,1,42,37,48,50,25
20231,A,골목상권,3110836,상도역 5번,4431,2490,1941,12,805,1182,1020,914,498,2,328,680,619,553,308,10,477,502,401,361,190
20231,A,골목상권,3110893,관악소방서(문영여고),1814,1409,405,2,342,557,398,425,90,1,237,436,304,357,74,1,105,121,94,68,16
20231,A,골목상권,3110878,미림여고,694,367,327,6,72,190,185,152,89,1,25,91,112,75,63,5,47,99,73,77,26
20231,A,골목상권,3110861,관악구신사동주민센터,4975,3397,1578,4,758,1388,1398,981,446,2,354,958,1075,707,301,2,404,430,323,274,145
20231,A,골목상권,3110890,봉천역 1번(관악초등학교),2071,803,1268,4,374,519,473,347,354,0,67,152,208,174,202,4,307,367,265,173,152
20231,A,골목상권,3110960,은광여고,20267,15455,4812,50,2314,4244,5292,6237,2130,36,1372,3182,4359,5022,1484,14,942,1062,933,1215,646
20231,A,골목상권,3110954,국기원,7043,3734,3309,24,2010,2434,1352,626,597,8,648,1239,953,450,436,16,1362,1195,399,176,161
20231,A,골목상권,3110936,더케이호텔(양재리본타워2단지아파트),1540,1105,435,14,246,433,389,311,147,10,159,288,286,247,115,4,87,145,103,64,32
20231,A,골목상권,3110940,양재근린공원(양재2동주민센터),6573,4578,1995,36,1029,1761,1701,1243,803,22,601,1228,1211,872,644,14,428,533,490,371,159
20231,A,골목상권,3110950,논현역 7번,14453,8508,5945,36,3283,4779,3414,1982,959,15,1326,2815,2305,1346,701,21,1957,1964,1109,636,258
20231,A,골목상권,3110949,한남IC,8417,5196,3221,28,1675,2570,2221,1300,623,15,760,1654,1435,852,480,13,915,916,786,448,143
20231,A,골목상권,3110993,개포지하차도 북측,142,86,56,0,14,21,31,45,31,0,4,14,19,28,21,0,10,7,12,17,10
20231,A,골목상권,3110983,국립국악고등학교,3034,1919,1115,12,544,819,737,554,368,2,245,512,476,373,311,10,299,307,261,181,57
20231,A,골목상권,3110964,싸리고개근린공원,8566,5556,3010,26,1611,2345,2176,1418,990,12,704,1538,1503,1014,785,14,907,807,673,404,205
20231,A,골목상권,3110995,봉은사역 4번,25206,19697,5509,27,4263,7944,7350,4403,1219,8,2756,6028,6191,3798,916,19,1507,1916,1159,605,303
20231,A,골목상권,3111001,아래방죽마을공원(율현초등학교),219,110,109,0,13,33,35,73,65,0,7,22,21,34,26,0,6,11,14,39,39
20231,A,골목상권,3110998,은곡마을(은곡마을공원),32,21,11,1,2,11,8,6,4,0,0,5,7,6,3,1,2,6,1,0,1
20231,A,골목상권,3110959,신구중학교,10232,5500,4732,112,2286,2945,2031,1596,1262,41,1015,1708,1395,759,582,71,1271,1237,636,837,680
20231,A,골목상권,3110962,도산공원북측,5103,2987,2116,21,1320,1864,1050,603,245,7,552,1132,729,415,152,14,768,732,321,188,93
20231,A,골목상권,3110997,대청초등학교,11645,4219,7426,31,3352,3686,2392,1435,749,3,709,1330,968,683,526,28,2643,2356,1424,752,223
20231,A,골목상권,3110979,청담초등학교,13513,6688,6825,34,3681,4952,2707,1503,636,14,1248,2542,1596,814,474,20,2433,2410,1111,689,162
20231,A,골목상권,3111027,문정초등학교,37078,28582,8496,20,3311,6648,10483,13841,2775,8,1965,4804,8129,11835,1841,12,1346,1844,2354,2006,934
20231,A,골목상권,3111020,방이동고분군(방산고등학교),4863,2790,2073,7,576,1242,1105,1165,768,4,274,719,681,609,503,3,302,523,424,556,265
20231,A,골목상권,3111032,방이역 1번,21842,16091,5751,28,2688,5066,5500,5171,3389,14,1606,3510,4215,4282,2464,14,1082,1556,1285,889,925
20231,A,골목상권,3111005,삼전역 3번,5492,3680,1812,15,836,1398,1269,1121,853,5,485,996,882,696,616,10,351,402,387,425,237
20231,A,골목상권,3111037,Sh수협은행 오금동금융센터(아랫말어린이공원),1645,894,751,0,186,380,425,449,205,0,97,235,228,207,127,0,89,145,197,242,78
20231,A,골목상권,3111089,상일여고(상일초등학교),858,553,305,0,66,157,203,261,171,0,37,92,135,164,125,0,29,65,68,97,46
20231,A,골목상권,3111067,강동구립성내도서관,5641,2901,2740,16,1009,1238,1344,1086,948,11,337,615,758,580,600,5,672,623,586,506,348
20231,A,골목상권,3111081,둔촌푸르지오아파트,986,603,383,2,117,183,200,251,233,1,58,108,117,139,180,1,59,75,83,112,53
20231,A,골목상권,3111059,강동역 4번(강풀만화거리),6849,3822,3027,10,1115,1236,1379,1299,1810,5,483,642,758,760,1174,5,632,594,621,539,636
20231,A,골목상권,3110005,세검정,2126,1089,1037,8,301,565,557,474,221,3,123,271,287,262,143,5,178,294,270,212,78
20231,A,골목상권,3110008,배화여자대학교(박노수미술관),3476,1938,1538,39,627,808,767,729,506,0,227,405,439,476,391,39,400,403,328,253,115
20231,A,골목상권,3110015,청와대사랑채,2312,1284,1028,37,513,765,497,301,199,0,191,422,324,192,155,37,322,343,173,109,44
20231,A,골목상권,3110035,동묘앞역 2번,3390,1775,1615,3,258,367,549,741,1472,0,87,183,285,341,879,3,171,184,264,400,593
20231,A,골목상권,3110011,청운초등학교,1873,802,1071,13,318,482,437,339,284,2,65,197,195,159,184,11,253,285,242,180,100
20231,A,골목상권,3110055,황학동벼룩시장,2333,1280,1053,28,821,479,422,378,205,15,352,239,270,253,151,13,469,240,152,125,54
20231,A,골목상권,3110027,혜화역 1번,3124,1658,1466,9,394,650,865,728,478,5,112,253,479,462,347,4,282,397,386,266,131
20231,A,골목상권,3110030,동대문역 3번,1126,461,665,0,92,206,371,274,183,0,28,77,108,117,131,0,64,129,263,157,52
20231,A,골목상권,3110024,혜회동주민센터,4244,1855,2389,27,697,1078,959,887,596,17,228,488,437,385,300,10,469,590,522,502,296
20232,A,골목상권,3110018,중앙고등학교,11262,8487,2775,7,1250,3853,3350,2089,713,6,649,2888,2664,1739,541,1,601,965,686,350,172
20232,A,골목상권,3110038,경향신문사,10172,7008,3164,16,1531,3252,3390,1653,330,3,695,2090,2547,1430,243,13,836,1162,843,223,87
20232,A,골목상권,3110012,성곡미술관,27735,18834,8901,37,3819,8129,8256,5229,2265,7,1836,5632,6275,3697,1387,30,1983,2497,1981,1532,878
20232,A,골목상권,3110006,부암동주민센터,773,347,426,0,158,275,203,101,36,0,69,129,83,45,21,0,89,146,120,56,15
20232,A,골목상권,3110019,창덕궁,6319,4360,1959,10,1053,2069,1767,953,467,3,559,1386,1342,701,369,7,494,683,425,252,98
20232,A,골목상권,3110052,장충초등학교,5705,3122,2583,6,827,1468,1432,1344,628,3,309,713,830,859,408,3,518,755,602,485,220
20232,A,골목상권,3110589,애오개역 3번,559,265,294,0,108,185,141,80,45,0,38,87,71,42,27,0,70,98,70,38,18
20232,A,골목상권,3110068,남영역 1번,8193,5432,2761,40,1419,2582,2050,1326,776,19,721,1609,1516,1011,556,21,698,973,534,315,220
20232,A,골목상권,3110092,NH농협은행 보광동지점,3281,2252,1029,31,523,841,877,713,296,21,277,569,627,533,225,10,246,272,250,180,71
20232,A,골목상권,3110083,서빙고역 1번,6594,4364,2230,19,1375,1883,1618,1157,542,7,651,1268,1156,865,417,12,724,615,462,292,125
20232,A,골목상권,3110060,효창공원앞역 6번,6789,4650,2139,19,1230,1825,1872,1318,525,10,677,1315,1333,926,389,9,553,510,539,392,136
20232,A,골목상권,3110061,효창동주민센터,5303,3773,1530,6,882,1448,1482,1038,447,4,527,1073,1109,722,338,2,355,375,373,316,109
20232,A,골목상권,3110091,리움미술관,5605,3483,2122,16,1353,2027,1384,612,213,8,579,1155,1049,531,161,8,774,872,335,81,52
20232,A,골목상권,3110122,마장역 2번,1288,844,444,1,128,208,307,373,271,1,73,133,188,246,203,0,55,75,119,127,68
20232,A,골목상권,3110188,용두동신동아아파트,8552,6410,2142,56,940,1775,2007,2538,1236,37,653,1318,1585,1899,918,19,287,457,422,639,318
20232,A,골목상권,3110125,사근동살곶이상점가,304,167,137,2,52,66,90,59,35,2,21,32,48,39,25,0,31,34,42,20,10
20232,A,골목상권,3110147,능동우편취급국,4531,2184,2347,31,1146,862,890,1066,536,19,559,502,431,345,328,12,587,360,459,721,208
20232,A,골목상권,3110217,자동차부품상가,3677,2888,789,21,732,983,868,595,478,20,576,785,687,435,385,1,156,198,181,160,93
20232,A,골목상권,3110178,장로회신학대학교,2404,1638,766,1,341,582,567,559,354,0,195,410,420,386,227,1,146,172,147,173,127
20232,A,골목상권,3110162,군자역 4번,3299,1971,1328,5,497,696,811,692,598,2,300,424,470,362,413,3,197,272,341,330,185
20232,A,골목상권,3110154,광진정말공원,1521,878,643,6,193,294,396,399,233,4,99,168,215,220,172,2,94,126,181,179,61
20232,A,골목상권,3110151,자양한강도서관,2110,1470,640,7,384,424,537,519,239,4,274,300,362,348,182,3,110,124,175,171,57
20232,A,골목상권,3110171,중곡4동주민센터,2069,805,1264,3,502,500,486,436,142,1,84,182,208,224,106,2,418,318,278,212,36
20232,A,골목상권,3110218,답십리사거리,1293,747,546,6,152,258,330,326,221,5,58,132,175,207,170,1,94,126,155,119,51
20232,A,골목상권,3110225,촬영소사거리,1955,992,963,2,123,189,335,525,781,2,67,108,191,252,372,0,56,81,144,273,409
20232,A,골목상권,3110184,용두사거리,3021,1527,1494,5,599,895,617,491,414,2,203,397,289,306,330,3,396,498,328,185,84
20232,A,골목상권,3110213,청량초등학교,2045,619,1426,0,582,702,456,221,84,0,98,228,161,74,58,0,484,474,295,147,26
20232,A,골목상권,3110220,외대앞역 1번,3279,1428,1851,2,649,864,843,597,324,1,120,311,409,369,218,1,529,553,434,228,106
20232,A,골목상권,3110230,장안현대홈타운1차아파트,4180,2588,1592,14,740,1026,1066,899,435,10,450,646,636,535,311,4,290,380,430,364,124
20232,A,골목상권,3110216,전농중학교,1431,725,706,2,194,328,385,371,151,1,84,149,201,194,96,1,110,179,184,177,55
20232,A,골목상권,3110275,하나은행 망우동지점,1321,725,596,10,155,180,250,376,350,0,42,46,116,227,294,10,113,134,134,149,56
20232,A,골목상권,3110276,신내IC북측,132,100,32,0,9,22,38,38,25,0,5,19,26,32,18,0,4,3,12,6,7
20232,A,골목상권,3110240,태릉시장 특화거리,439,231,208,3,63,64,129,98,82,2,24,33,65,48,59,1,39,31,64,50,23
20232,A,골목상권,3110299,정릉역 1번,1824,844,980,4,260,396,436,423,305,0,53,150,161,238,242,4,207,246,275,185,63
20232,A,골목상권,3110302,보문역 8번,5898,4601,1297,6,635,1951,1314,1333,659,2,343,1589,1089,1123,455,4,292,362,225,210,204
20232,A,골목상권,3110333,돌곶이역 5번,2180,1597,583,1,138,180,253,395,1213,0,72,102,152,268,1003,1,66,78,101,127,210
20232,A,골목상권,3110295,정릉우체국,2033,967,1066,2,326,405,505,478,317,0,87,174,207,267,232,2,239,231,298,211,85
20232,A,골목상권,3110290,북한산보국문역 1번,956,503,453,2,85,114,198,295,262,0,23,58,103,167,152,2,62,56,95,128,110
20232,A,골목상권,3110284,정릉북한산국립공원입구,1070,775,295,0,67,166,299,370,168,0,17,93,226,294,145,0,50,73,73,76,23
20232,A,골목상권,3110315,종암아이파크2차,19324,9933,9391,57,1503,4968,7106,5488,202,13,619,1647,3160,4363,131,44,884,3321,3946,1125,71
20232,A,골목상권,3110311,종암아이파크2차후문,18326,9454,8872,55,1387,4748,6804,5254,78,12,582,1562,3010,4226,62,43,805,3186,3794,1028,16
20232,A,골목상권,3110372,강북중학교,2235,1039,1196,1,431,564,556,464,219,1,120,285,281,229,123,0,311,279,275,235,96
20232,A,골목상권,3110355,삼양사거리역 2번,841,465,376,2,75,143,202,215,204,1,21,48,103,134,158,1,54,95,99,81,46
20232,A,골목상권,3110384,문이교,515,242,273,1,67,67,122,148,110,0,18,23,41,80,80,1,49,44,81,68,30
20232,A,골목상권,3110407,도봉역 2번,1737,1230,507,2,79,213,329,569,545,1,27,108,185,426,483,1,52,105,144,143,62
20232,A,골목상권,3110405,방학역 1번,2828,1543,1285,6,280,510,686,856,490,5,158,343,328,348,361,1,122,167,358,508,129
20232,A,골목상권,3110412,창동중학교,926,729,197,1,32,75,129,327,362,1,15,31,69,262,351,0,17,44,60,65,11
20232,A,골목상권,3110431,상계역,1287,621,666,3,148,275,353,314,194,0,43,131,187,139,121,3,105,144,166,175,73
20232,A,골목상권,3110394,방학중학교,1009,508,501,1,104,211,274,247,172,1,47,99,125,125,111,0,57,112,149,122,61
20232,A,골목상권,3110388,도봉우체국,1888,873,1015,4,412,414,447,441,170,3,100,202,209,231,128,1,312,212,238,210,42
20232,A,골목상권,3110442,화랑대철도공원,516,235,281,2,52,82,125,173,82,2,27,35,48,69,54,0,25,47,77,104,28
20232,A,골목상권,3110424,상계초등학교,1733,729,1004,5,214,302,436,475,301,5,84,152,179,184,125,0,130,150,257,291,176
20232,A,골목상권,3110437,당고개역 2번,1939,1463,476,1,93,154,435,765,491,0,35,83,301,619,425,1,58,71,134,146,66
20232,A,골목상권,3110439,당고개역 5번,1564,1295,269,1,57,95,313,641,457,0,18,56,256,564,401,1,39,39,57,77,56
20232,A,골목상권,3110440,상계3동4동주민센터,169,56,113,0,26,25,43,40,35,0,8,5,11,16,16,0,18,20,32,24,19
20232,A,골목상권,3110420,광운대역 1번,1471,830,641,9,301,445,400,204,112,2,145,305,217,102,59,7,156,140,183,102,53
20232,A,골목상권,3110467,은평요양병원,1379,737,642,5,189,335,332,289,229,4,86,184,174,140,149,1,103,151,158,149,80
20232,A,골목상권,3110454,선정중학교,2790,1775,1015,7,272,500,645,930,436,3,129,261,343,687,352,4,143,239,302,243,84
20232,A,골목상권,3110447,구산초등학교,1598,1138,460,2,95,229,339,680,253,0,42,106,199,571,220,2,53,123,140,109,33
20232,A,골목상권,3110466,구산역 2번,1798,899,899,10,243,407,457,413,268,2,80,171,240,218,188,8,163,236,217,195,80
20232,A,골목상권,3110444,수색성당,1892,1313,579,0,137,252,283,320,900,0,54,128,127,184,820,0,83,124,156,136,80
20232,A,골목상권,3110453,신사1동주민센터,1978,1132,846,1,218,408,518,480,353,1,127,200,295,268,241,0,91,208,223,212,112
20232,A,골목상권,3110448,상신초등학교입구,1073,613,460,3,129,216,240,258,227,1,83,123,122,132,152,2,46,93,118,126,75
20232,A,골목상권,3110498,증산역 1번,2535,1338,1197,4,342,517,554,649,469,2,109,293,309,322,303,2,233,224,245,327,166
20232,A,골목상권,3110505,홍남교남측,2126,1435,691,49,700,599,355,283,140,26,407,498,226,172,106,23,293,101,129,111,34
20232,A,골목상권,3110510,홍연시장,2641,1768,873,55,777,683,448,457,221,30,445,554,273,293,173,25,332,129,175,164,48
20232,A,골목상권,3110553,가좌역 2번,1511,856,655,3,170,321,388,384,245,2,77,175,235,224,143,1,93,146,153,160,102
20232,A,골목상권,3110496,모래내우체국,1812,822,990,7,281,445,449,349,281,4,85,208,221,148,156,3,196,237,228,201,125
20232,A,골목상권,3110506,연희임광아파트,1391,746,645,2,205,313,340,335,196,2,93,209,169,157,116,0,112,104,171,178,80
20232,A,골목상권,3110529,홍제3동주민센터,1091,564,527,4,122,140,206,257,362,1,44,66,95,138,220,3,78,74,111,119,142
20232,A,골목상권,3110521,홍제역 4번,1109,612,497,3,108,134,316,391,157,1,30,70,168,242,101,2,78,64,148,149,56
20232,A,골목상권,3110542,마포구청역 7번,5558,3298,2260,20,707,1052,1202,1656,921,11,378,760,825,770,554,9,329,292,377,886,367
20232,A,골목상권,3110561,상수역 4번,2460,1498,962,31,569,746,545,348,221,20,264,444,364,239,167,11,305,302,181,109,54
20232,A,골목상권,3110552,성미산체육관,2995,1818,1177,8,379,652,778,730,448,4,185,366,457,506,300,4,194,286,321,224,148
20232,A,골목상권,3110570,KB국민은행 서강지점,1410,826,584,7,199,376,380,261,187,7,100,222,201,154,142,0,99,154,179,107,45
20232,A,골목상권,3110620,목동보건지소,3652,1851,1801,7,412,863,1018,883,469,5,182,474,447,423,320,2,230,389,571,460,149
20232,A,골목상권,3110624,목동문화체육센터,1670,856,814,1,264,453,486,298,168,1,140,240,200,155,120,0,124,213,286,143,48
20232,A,골목상권,3110626,양화초등학교,3807,2364,1443,4,517,846,1106,938,396,3,219,458,758,652,274,1,298,388,348,286,122
20232,A,골목상권,3110606,신한은행 신월동지점,2588,1783,805,3,138,296,550,822,779,1,58,158,318,568,680,2,80,138,232,254,99
20232,A,골목상권,3110646,푸른들청소년도서관,6554,3939,2615,12,861,1499,1624,1593,965,9,445,957,950,890,688,3,416,542,674,703,277
20232,A,골목상권,3110613,신정네거리역 4번,532,258,274,0,62,116,114,119,121,0,13,47,48,66,84,0,49,69,66,53,37
20232,A,골목상권,3110706,그라운드 고척,2411,1613,798,2,310,586,628,638,247,2,161,381,415,463,191,0,149,205,213,175,56
20232,A,골목상권,3110701,고척동성당,2031,1278,753,7,310,414,454,523,323,1,176,260,284,305,252,6,134,154,170,218,71
20232,A,골목상권,3110657,양천향교역 5번,8471,5307,3164,17,1024,2088,2090,1892,1360,11,513,1206,1353,1162,1062,6,511,882,737,730,298
20232,A,골목상권,3110648,양천향교역 7번,4059,2626,1433,14,469,835,925,929,887,10,238,536,594,535,713,4,231,299,331,394,174
20232,A,골목상권,3110671,등촌1동주민센터,10403,6389,4014,31,1969,2531,2337,1997,1538,18,787,1620,1611,1312,1041,13,1182,911,726,685,497
20232,A,골목상권,3110658,화곡초등학교,3192,1856,1336,2,811,765,628,538,448,0,270,453,376,381,376,2,541,312,252,157,72
20232,A,골목상권,3110668,화곡2동주민센터,3004,1684,1320,10,406,790,822,630,346,7,198,431,436,373,239,3,208,359,386,257,107
20232,A,골목상권,3110721,가리봉파출소,9719,6601,3118,27,1764,3184,2464,1435,845,13,942,2250,1830,926,640,14,822,934,634,509,205
20232,A,골목상권,3110703,개봉역,8618,4789,3829,41,1381,2048,1932,2036,1180,22,796,1309,965,946,751,19,585,739,967,1090,429
20232,A,골목상권,3110693,오류동역 4번,2696,1879,817,4,369,515,637,750,421,3,300,366,437,480,293,1,69,149,200,270,128
20232,A,골목상권,3110709,구로119안전센터,1187,559,628,4,117,165,257,381,263,2,53,88,142,137,137,2,64,77,115,244,126
20232,A,골목상권,3110716,구로나눔길,4822,2652,2170,7,579,1315,1117,1252,552,3,265,697,592,776,319,4,314,618,525,476,233
20232,A,골목상권,3110769,대림차이나타운(대림역 12번),1954,1208,746,5,121,251,393,460,724,3,75,164,232,290,444,2,46,87,161,170,280
20232,A,골목상권,3110761,문래동남성맨션,1158,827,331,2,91,236,304,299,226,1,64,159,218,197,188,1,27,77,86,102,38
20232,A,골목상권,3110741,독산2동주민센터,1504,811,693,3,175,295,351,425,255,2,91,145,170,215,188,1,84,150,181,210,67
20232,A,골목상권,3110859,난향초등학교,512,230,282,1,45,111,154,119,82,0,3,44,63,56,64,1,42,67,91,63,18
20232,A,골목상권,3110789,대림성모병원,3410,1458,1952,2,996,845,702,539,326,2,257,378,363,264,194,0,739,467,339,275,132
20232,A,골목상권,3110780,신길대성유니드아파트,1394,925,469,1,137,277,365,360,254,1,88,167,227,235,207,0,49,110,138,125,47
20232,A,골목상권,3110772,신우어린이공원,1405,839,566,1,221,295,338,329,221,0,93,177,214,205,150,1,128,118,124,124,71
20232,A,골목상권,3110785,영등포푸르지오아파트,2009,1361,648,6,207,449,544,471,332,4,93,298,379,338,249,2,114,151,165,133,83
20232,A,골목상권,3110787,신길3동주민센터,1010,595,415,3,99,199,285,264,160,3,47,107,166,160,112,0,52,92,119,104,48
20232,A,골목상권,3110758,문래소공원,14709,7623,7086,103,3376,3787,3217,3111,1115,31,1541,2760,1604,829,858,72,1835,1027,1613,2282,257
20232,A,골목상권,3110815,공군호텔,3580,1559,2021,5,645,846,827,727,530,0,194,396,377,297,295,5,451,450,450,430,235
20232,A,골목상권,3110808,신길역 1번,1130,445,685,0,100,235,310,302,183,0,32,108,122,98,85,0,68,127,188,204,98
20232,A,골목상권,3110804,신풍역 1번,1741,798,943,1,169,357,520,405,289,0,76,149,168,199,206,1,93,208,352,206,83
20232,A,골목상권,3110832,노량진초등학교,4040,2156,1884,1,568,1114,970,953,434,0,307,514,509,572,254,1,261,600,461,381,180
20232,A,골목상권,3110822,신대방삼거리역 4번(대림초등학교),2751,1560,1191,2,363,614,588,613,571,0,112,362,360,362,364,2,251,252,228,251,207
20232,A,골목상권,3110850,사당역 10번,7894,4180,3714,14,1345,2053,2169,1428,885,5,442,1014,1153,889,677,9,903,1039,1016,539,208
20231,A,골목상권,3110043,충무초등학교,6397,3882,2515,33,1241,1562,1628,1186,747,16,534,903,1084,808,537,17,707,659,544,378,210
20231,A,골목상권,3110045,동대문역사문화공원역 5번,40455,19049,21406,468,12792,10627,8138,6043,2387,192,5994,6220,4414,1662,567,276,6798,4407,3724,4381,1820
20231,A,골목상권,3110057,황학코아루아파트,1699,938,761,4,273,439,448,319,216,3,142,252,209,171,161,1,131,187,239,148,55
20231,A,골목상권,3110078,이촌동점보아파트,4727,2990,1737,17,766,1262,1193,1032,457,3,410,782,806,673,316,14,356,480,387,359,141
20231,A,골목상권,3110082,용산구청,2532,1305,1227,13,448,730,571,554,216,10,162,304,295,368,166,3,286,426,276,186,50
20231,A,골목상권,3110588,한겨레신문사,1133,567,566,1,166,237,297,284,148,1,73,129,147,128,89,0,93,108,150,156,59
20231,A,골목상권,3110073,삼각지역 3번,21368,6873,14495,123,6007,7127,5572,1957,582,50,2112,2306,1403,668,334,73,3895,4821,4169,1289,248
20231,A,골목상권,3110076,삼각지역 14번,2654,1645,1009,1,399,738,689,600,227,1,224,455,468,356,141,0,175,283,221,244,86
20231,A,골목상권,3110099,유엔빌리지길,21963,17803,4160,47,2625,5547,6288,6683,773,36,1322,4089,5454,6255,647,11,1303,1458,834,428,126
20231,A,골목상권,3110107,금호사거리,2695,1164,1531,16,307,810,1020,361,181,1,105,274,437,205,142,15,202,536,583,156,39
20231,A,골목상권,3110117,성동구보건소,3042,1046,1996,9,527,459,593,877,577,2,180,225,258,242,139,7,347,234,335,635,438
20231,A,골목상권,3110112,행당역 2번,1354,720,634,1,163,289,360,364,177,0,63,131,193,205,128,1,100,158,167,159,49
20231,A,골목상권,3110229,장평중학교,4729,3089,1640,10,521,877,975,1057,1289,6,275,555,639,696,918,4,246,322,336,361,371
20231,A,골목상권,3110113,응봉산,260,138,122,1,39,45,77,52,46,0,10,23,38,26,41,1,29,22,39,26,5
20231,A,골목상권,3110169,성동초등학교,4265,2889,1376,14,444,930,1078,1032,767,2,248,611,726,722,580,12,196,319,352,310,187
20231,A,골목상권,3110156,군자역 5번,3040,1883,1157,7,484,700,775,587,487,3,263,406,480,355,376,4,221,294,295,232,111
20231,A,골목상권,3110157,자양동우체국,1846,1325,521,14,427,408,437,359,201,10,335,309,286,227,158,4,92,99,151,132,43
20231,A,골목상권,3110163,성자초등학교,1358,679,679,1,136,233,372,407,209,1,60,112,160,197,149,0,76,121,212,210,60
20231,A,골목상권,3110168,대원고등학교,1985,1153,832,0,192,440,482,552,319,0,76,207,253,351,266,0,116,233,229,201,53
20231,A,골목상권,3110212,답십리초등학교,3380,2234,1146,24,681,841,827,639,368,21,491,622,488,363,249,3,190,219,339,276,119
20231,A,골목상권,3110187,제기동역 6번,5909,3849,2060,18,1010,1530,1329,1085,937,8,568,966,887,742,678,10,442,564,442,343,259
20231,A,골목상권,3110309,대광초등학교,2784,1954,830,10,336,612,722,679,425,4,187,423,511,486,343,6,149,189,211,193,82
20231,A,골목상권,3110231,장안교,728,483,245,0,55,125,159,208,181,0,22,52,89,162,158,0,33,73,70,46,23
20231,A,골목상권,3110203,떡전교사거리,1653,740,913,2,227,282,322,365,455,2,66,119,144,167,242,0,161,163,178,198,213
20231,A,골목상권,3110194,홍파초등학교,1028,599,429,1,94,200,292,318,123,0,58,123,168,168,82,1,36,77,124,150,41
20231,A,골목상권,3110278,망우본동주민센터,1851,1277,574,3,136,243,393,562,514,1,62,113,218,409,474,2,74,130,175,153,40
20231,A,골목상권,3110242,면목5동주민센터,867,570,297,0,78,153,226,199,211,0,36,99,119,132,184,0,42,54,107,67,27
20231,A,골목상권,3110246,월드순복음교회,1402,769,633,4,139,280,360,346,273,1,42,139,213,197,177,3,97,141,147,149,96
20231,A,골목상권,3110261,사가정역 4번,1640,972,668,5,175,265,434,463,298,4,62,125,253,303,225,1,113,140,181,160,73
20231,A,골목상권,3110241,먹골역 5번,2166,1475,691,1,315,530,524,571,225,1,183,366,341,415,169,0,132,164,183,156,56
20231,A,골목상권,3110233,중랑역 1번,893,461,432,6,154,146,204,200,183,4,65,61,89,121,121,2,89,85,115,79,62
20231,A,골목상권,3110318,KT월곡지사,3595,2540,1055,4,306,612,723,786,1164,2,171,405,460,571,931,2,135,207,263,215,233
20231,A,골목상권,3110377,미아사거리역 3번,694,331,363,7,98,129,184,169,107,6,42,61,75,80,67,1,56,68,109,89,40
20231,A,골목상권,3110281,길상사,16413,13694,2719,22,1927,3775,4747,5449,493,3,1165,2821,4173,5180,352,19,762,954,574,269,141
20231,A,골목상권,3110373,수유역 2번,2772,1558,1214,6,358,532,544,703,629,4,150,310,293,432,369,2,208,222,251,271,260
20231,A,골목상권,3110379,KT&G 북부지사,623,302,321,2,67,85,155,224,90,0,26,30,63,131,52,2,41,55,92,93,38
20231,A,골목상권,3110348,강북문화예술회관,2983,2155,828,0,93,237,630,911,1112,0,20,143,489,717,786,0,73,94,141,194,326
20231,A,골목상권,3110383,덕성여대시반거리,437,131,306,0,77,73,112,105,70,0,9,16,36,28,42,0,68,57,76,77,28
20231,A,골목상권,3110345,솔밭공원역 2번,708,263,445,1,82,141,166,188,130,0,15,41,54,71,82,1,67,100,112,117,48
20231,A,골목상권,3110342,국립재활원,1911,1168,743,0,163,409,566,562,211,0,54,205,383,372,154,0,109,204,183,190,57
20231,A,골목상권,3110338,인수초등학교,1029,648,381,3,137,254,247,265,123,3,70,171,149,154,101,0,67,83,98,111,22
20231,A,골목상권,3110402,도봉구 정병원,1673,968,705,5,226,351,392,442,257,4,101,216,235,250,162,1,125,135,157,192,95
20231,A,골목상권,3110392,발바닥공원,590,396,194,3,85,182,168,101,51,2,37,113,135,71,38,1,48,69,33,30,13
20231,A,골목상권,3110416,노원초등학교,1205,552,653,8,124,241,275,314,243,6,45,126,116,149,110,2,79,115,159,165,133
20231,A,골목상권,3110428,상계5동주민센터,1874,914,960,5,133,226,324,460,726,1,48,116,138,200,411,4,85,110,186,260,315
20231,A,골목상권,3110464,연신내역 5번,1985,1122,863,7,199,380,509,459,431,5,83,205,246,266,317,2,116,175,263,193,114
20231,A,골목상권,3110457,예일여고,3334,1823,1511,11,339,504,700,1175,605,2,131,234,342,705,409,9,208,270,358,470,196
20231,A,골목상권,3110488,우리은행응암동지점,3399,1825,1574,8,407,862,868,872,382,5,208,429,423,511,249,3,199,433,445,361,133
20231,A,골목상권,3110485,연신내우체국,2037,1061,976,2,103,180,239,350,1163,1,45,107,106,143,659,1,58,73,133,207,504
20231,A,골목상권,3110449,증산역 3번,2851,1858,993,1,398,704,743,668,337,0,156,480,515,477,230,1,242,224,228,191,107
20231,A,골목상권,3110523,홍제성원아파트,259,109,150,1,36,55,62,74,31,0,14,19,28,27,21,1,22,36,34,47,10
20231,A,골목상권,3110586,서울서부지방법원,11593,7273,4320,37,2044,3389,3339,2245,539,5,959,1962,2248,1752,347,32,1085,1427,1091,493,192
20231,A,골목상권,3110540,망원나들목체육관,1899,1092,807,8,639,591,325,211,125,1,387,316,158,136,94,7,252,275,167,75,31
20231,A,골목상권,3110567,광흥창역 6번,510,261,249,0,80,126,127,118,59,0,35,61,66,62,37,0,45,65,61,56,22
20231,A,골목상권,3110565,홍익대,4319,2959,1360,13,708,1013,1064,875,646,7,389,669,759,621,514,6,319,344,305,254,132
20231,A,골목상권,3110560,마포FM,4675,2819,1856,11,653,1106,1054,998,853,9,292,695,738,584,501,2,361,411,316,414,352
20231,A,골목상권,3110549,새터산,2447,1476,971,6,323,490,622,631,375,4,169,276,370,408,249,2,154,214,252,223,126
20231,A,골목상권,3110656,까치산역 3번,3071,1778,1293,17,286,570,813,925,460,15,146,353,484,505,275,2,140,217,329,420,185
20232,A,골목상권,3110907,방배초등학교,7536,4093,3443,28,1176,1611,1757,1598,1366,16,482,896,974,820,905,12,694,715,783,778,461
20232,A,골목상권,3110886,관악해태어린이공원,1445,959,486,3,127,237,384,457,237,1,51,115,248,345,199,2,76,122,136,112,38
20232,A,골목상권,3110870,신림주공2단지(광신고등학교),926,524,402,2,74,142,244,279,185,0,27,71,123,158,145,2,47,71,121,121,40
20231,A,골목상권,3110581,염리초등학교,8998,5077,3921,16,1305,2124,2079,1885,1589,7,628,1198,1340,989,915,9,677,926,739,896,674
20231,A,골목상권,3110617,등촌역 4번,2496,1419,1077,2,330,561,641,599,363,0,156,350,350,329,234,2,174,211,291,270,129
20231,A,골목상권,3110676,등촌역 7번,2587,1617,970,12,360,533,656,601,425,6,154,333,395,389,340,6,206,200,261,212,85
20231,A,골목상권,3110654,까치산역 4번,3556,2235,1321,15,324,625,928,1128,536,13,164,373,533,736,416,2,160,252,395,392,120
20231,A,골목상권,3110597,신월1동주민센터,2472,1402,1070,4,249,481,521,657,560,1,110,252,269,403,367,3,139,229,252,254,193
20231,A,골목상권,3110665,곰달래도서관,2356,1305,1051,4,236,435,587,666,428,4,101,243,325,344,288,0,135,192,262,322,140
20231,A,골목상권,3110615,신서초등학교,848,519,329,2,79,148,152,220,247,1,36,81,84,146,171,1,43,67,68,74,76
20231,A,골목상권,3110674,강서구청가양동별관,2810,1867,943,13,484,647,757,564,345,8,334,446,510,346,223,5,150,201,247,218,122
20231,A,골목상권,3110677,등촌역 1번,3921,2407,1514,15,590,925,884,897,610,12,265,549,522,592,467,3,325,376,362,305,143
20231,A,골목상권,3110631,방화초등학교,2022,1206,816,5,282,386,462,504,383,5,137,222,260,288,294,0,145,164,202,216,89
20231,A,골목상권,3110636,방화역 2번,2261,1548,713,6,180,387,715,586,387,4,92,216,507,418,311,2,88,171,208,168,76
20231,A,골목상권,3110662,까치산역 1번,3644,2133,1511,8,464,871,961,872,468,6,214,496,504,566,347,2,250,375,457,306,121
20231,A,골목상권,3110732,가산초등학교(세일중학교),2697,1734,963,13,406,604,664,616,394,4,232,369,400,410,319,9,174,235,264,206,75
20231,A,골목상권,3110729,가산동우체국,3002,1566,1436,10,310,527,627,607,921,6,171,294,365,336,394,4,139,233,262,271,527
20231,A,골목상권,3110723,가산디지털단지역 1번 출입구,6364,4269,2095,13,1161,2024,1564,904,698,8,553,1337,1145,699,527,5,608,687,419,205,171
20231,A,골목상권,3110691,개봉중학교,2121,1250,871,6,243,460,510,560,342,1,134,278,283,301,253,5,109,182,227,259,89
20231,A,골목상권,3110705,고산초등학교,2324,1523,801,3,295,489,490,507,540,2,148,292,274,324,483,1,147,197,216,183,57
20231,A,골목상권,3110680,온수역 5번(온수산업단지),1651,1405,246,18,174,252,303,480,424,18,138,209,238,407,395,0,36,43,65,73,29
20231,A,골목상권,3110685,금강수목원아파트,1014,749,265,2,60,190,279,274,209,1,35,123,189,214,187,1,25,67,90,60,22
20231,A,골목상권,3110854,조원동주민센터,3686,2722,964,3,494,609,555,569,1456,1,220,390,345,394,1372,2,274,219,210,175,84
20231,A,골목상권,3110742,KT금천빌딩(금천구시설관리공단),1604,1021,583,0,211,338,390,400,265,0,133,223,244,230,191,0,78,115,146,170,74
20231,A,골목상권,3110748,백산초등학교,1088,584,504,0,104,213,289,304,178,0,44,118,147,162,113,0,60,95,142,142,65
20231,A,골목상권,3110750,시흥4동주민센터(서울신흥초등학교),1125,636,489,9,163,218,324,281,130,8,89,133,186,127,93,1,74,85,138,154,37
20231,A,골목상권,3110749,금산초등학교(금천고등학교),7714,4555,3159,13,568,1109,1786,2003,2235,4,300,718,1027,1087,1419,9,268,391,759,916,816
20231,A,골목상권,3110763,영등포구청역 2번,7998,3926,4072,23,1606,2127,1491,1555,1196,12,684,1112,819,673,626,11,922,1015,672,882,570
20231,A,골목상권,3110786,당산역 8번,7202,5111,2091,19,1007,1783,1914,1612,867,6,490,1180,1444,1314,677,13,517,603,470,298,190
20231,A,골목상권,3110762,선유도역 1번,6490,4189,2301,17,859,1406,1594,1541,1073,11,470,902,970,975,861,6,389,504,624,566,212
20231,A,골목상권,3110803,신길2동우편취급국,2306,1308,998,6,226,496,505,482,591,3,103,233,253,261,455,3,123,263,252,221,136
20231,A,골목상권,3110757,양평역 2번,2594,1895,699,3,271,581,643,581,515,2,144,438,483,429,399,1,127,143,160,152,116
20231,A,골목상권,3110817,대방역 4번,3279,1548,1731,9,625,746,811,579,509,4,208,342,403,284,307,5,417,404,408,295,202
20231,A,골목상권,3110807,신길역 3번,994,401,593,5,113,194,247,269,166,2,40,84,97,101,77,3,73,110,150,168,89
20231,A,골목상권,3110847,예술인마을,2033,1270,763,3,284,468,518,409,351,3,131,269,312,253,302,0,153,199,206,156,49
20231,A,골목상권,3110903,방배아이파크아파트,13318,6720,6598,17,2219,3034,3683,2226,2139,5,678,1278,1774,1240,1745,12,1541,1756,1909,986,394
20231,A,골목상권,3110843,사당5동주민센터,856,499,357,1,74,130,224,245,182,0,30,57,123,154,135,1,44,73,101,91,47
20231,A,골목상권,3110898,청림동주민센터(상도중학교),3140,1745,1395,2,453,1024,1007,483,171,1,197,571,572,281,123,1,256,453,435,202,48
20231,A,골목상권,3110835,상도역 1번,1284,685,599,4,217,336,311,268,148,2,91,204,169,124,95,2,126,132,142,144,53
20231,A,골목상권,3110830,상도초등학교,1099,508,591,0,192,255,269,254,129,0,84,114,104,127,79,0,108,141,165,127,50
20231,A,골목상권,3110863,난우초등학교,1274,596,678,21,162,252,274,330,235,16,65,112,116,144,143,5,97,140,158,186,92
20231,A,골목상권,3110882,신성초등학교,1461,843,618,4,181,268,423,344,241,1,87,139,232,207,177,3,94,129,191,137,64
20231,A,골목상권,3110867,국제신학대학원대학교(남서울중학교),1284,802,482,3,150,289,290,284,268,1,93,193,167,179,169,2,57,96,123,105,99
20231,A,골목상권,3110871,신원동주민센터,1221,662,559,5,110,197,235,300,374,0,62,122,135,146,197,5,48,75,100,154,177
20231,A,골목상권,3110864,신림우방아파트,3078,2254,824,2,485,863,972,582,174,2,229,637,794,472,120,0,256,226,178,110,54
20231,A,골목상권,3110917,서초소방서,10472,8160,2312,29,1128,2908,2901,2625,881,18,710,2263,2404,2117,648,11,418,645,497,508,233
20231,A,골목상권,3110927,잠원역,3312,2219,1093,5,550,1142,865,499,251,3,321,787,627,322,159,2,229,355,238,177,92
20231,A,골목상권,3110915,서래초등학교,89045,79397,9648,58,9613,19204,23591,33698,2881,23,6991,15974,21216,32574,2619,35,2622,3230,2375,1124,262
20231,A,골목상권,3110918,방배역 3번,7950,4877,3073,25,1436,1942,1884,1479,1184,9,623,1168,1279,916,882,16,813,774,605,563,302
20231,A,골목상권,3110926,신중초등학교,18935,13842,5093,26,2537,6187,5342,3491,1352,11,1323,4503,4347,2701,957,15,1214,1684,995,790,395
20231,A,골목상권,3110928,서초우방유쉘아파트,8601,5394,3207,32,1319,2349,2192,1755,954,20,686,1554,1461,1019,654,12,633,795,731,736,300
20231,A,골목상권,3110941,언남고등학교,3148,2001,1147,15,501,854,828,599,351,13,285,552,530,367,254,2,216,302,298,232,97
20231,A,골목상권,3110977,논현로18길,8768,6092,2676,17,1345,2688,2352,1426,940,7,731,1839,1812,1000,703,10,614,849,540,426,237
20231,A,골목상권,3110956,언주역 8번,10460,6708,3752,44,2484,3229,2399,1398,906,30,1284,2052,1709,952,681,14,1200,1177,690,446,225
20231,A,골목상권,3110961,언주역 3번,19048,12835,6213,40,3657,5606,4187,2889,2669,10,1697,3702,3162,2277,1987,30,1960,1904,1025,612,682
20231,A,골목상권,3110970,학동초등학교,8274,4686,3588,35,1750,2524,1972,1193,800,17,746,1341,1253,767,562,18,1004,1183,719,426,238
20231,A,골목상권,3110986,삼성중앙역 7번,7054,4250,2804,39,1478,2059,1499,883,1096,9,622,1271,1051,561,736,30,856,788,448,322,360
20231,A,골목상권,3110958,역삼역 4번,13145,7672,5473,25,2620,4104,3148,1957,1291,13,968,2265,2168,1344,914,12,1652,1839,980,613,377
20231,A,골목상권,3111025,경찰병원역 3번,9858,5487,4371,53,1071,1688,1733,1768,3545,24,506,1023,1074,799,2061,29,565,665,659,969,1484
20231,A,골목상권,3111029,오금역 4번,6170,4510,1660,14,1076,1905,1533,1053,589,8,670,1374,1159,778,521,6,406,531,374,275,68
20231,A,골목상권,3111023,문정역 1번,3188,1943,1245,5,559,689,779,662,494,2,274,426,517,382,342,3,285,263,262,280,152
20231,A,골목상권,3111042,거여역 1번(거여공원),4647,2955,1692,20,677,1102,1208,1011,629,16,473,746,745,568,407,4,204,356,463,443,222
20231,A,골목상권,3111006,석촌고분역 1번,13231,9393,3838,32,1634,2684,3221,2686,2974,27,996,1913,2319,1807,2331,5,638,771,902,879,643
20231,A,골목상권,3111090,강일동주민센터,199,120,79,0,24,45,67,44,19,0,9,25,41,30,15,0,15,20,26,14,4
20231,A,골목상권,3111054,암사역 4번(삼성광나루아파트),3175,1255,1920,2,329,487,578,782,997,2,142,257,245,207,402,0,187,230,333,575,595
20231,A,골목상권,3111068,강동성심병원,3440,1771,1669,8,770,842,809,570,441,5,225,389,495,352,305,3,545,453,314,218,136
20231,A,골목상권,3111065,천일초등학교,1242,677,565,2,112,177,234,284,433,2,39,75,105,131,325,0,73,102,129,153,108
20231,A,골목상권,3111060,암사역 2번(서울강동초등학교),3038,1600,1438,3,337,620,746,749,583,2,117,297,376,407,401,1,220,323,370,342,182
20231,A,골목상권,3111049,천호지구대(천호동자전거거리),1795,986,809,7,217,342,414,400,415,3,102,177,213,206,285,4,115,165,201,194,130
20231,A,골목상권,3110007,사직공원(한국사회과학도서관),2261,1151,1110,4,393,616,566,444,238,2,142,279,306,251,171,2,251,337,260,193,67
20231,A,골목상권,3110531,홍지문,828,402,426,2,118,219,178,187,124,0,39,117,90,81,75,2,79,102,88,106,49
20231,A,골목상권,3110010,평창동서측,8863,4827,4036,16,958,2387,3264,1811,427,1,407,1007,1802,1306,304,15,551,1380,1462,505,123
20231,A,골목상권,3110013,체부동홍종문가옥,1116,630,486,4,122,231,265,248,246,0,42,116,139,143,190,4,80,115,126,105,56
20231,A,골목상권,3110051,한양공고앞 교차로,1270,665,605,0,194,259,304,324,189,0,76,137,166,173,113,0,118,122,138,151,76
20231,A,골목상권,3110587,공덕동주민센터,4777,2727,2050,20,903,1328,1318,886,322,3,450,775,774,531,194,17,453,553,544,355,128
20231,A,골목상권,3110075,숙대입구역 1번,11721,3647,8074,164,6494,2357,1245,865,596,15,739,1093,761,587,452,149,5755,1264,484,278,144
20231,A,골목상권,3110094,오산중학교,293,171,122,0,19,48,84,96,46,0,8,24,50,58,31,0,11,24,34,38,15
20231,A,골목상권,3110093,우사단길,5722,3218,2504,28,1105,1870,1447,876,396,11,353,986,985,650,233,17,752,884,462,226,163
20231,A,골목상권,3110089,서빙고동주민센터,1027,643,384,1,125,313,300,153,135,0,47,186,191,106,113,1,78,127,109,47,22
20231,A,골목상권,3110064,효창공원앞역 2번,3452,2255,1197,8,448,903,911,799,383,7,272,598,596,522,260,1,176,305,315,277,123
20231,A,골목상권,3110109,금호삼성래미안아파트,2637,1124,1513,17,315,812,1046,338,109,1,116,291,459,171,86,16,199,521,587,167,23
20231,A,골목상권,3110108,성동구립금호도서관,186,90,96,0,24,35,54,55,18,0,12,20,24,19,15,0,12,15,30,36,3
20231,A,골목상권,3110104,신금호역 4번,732,398,334,0,85,142,175,168,162,0,25,62,94,95,122,0,60,80,81,73,40
20231,A,골목상권,3110115,상왕십리역 3번,4711,2086,2625,18,803,828,947,1248,867,3,269,473,519,510,312,15,534,355,428,738,555
20231,A,골목상권,3110126,서울숲역 1번,3085,1944,1141,11,616,755,648,538,517,5,355,479,400,356,349,6,261,276,248,182,168
20231,A,골목상권,3110135,성동세무서,6003,3797,2206,7,862,1512,1538,1291,793,5,450,954,1006,780,602,2,412,558,532,511,191
20231,A,골목상권,3110133,서울교통공사,4981,3435,1546,23,1308,1313,957,778,602,20,760,917,708,550,480,3,548,396,249,228,122
20231,A,골목상권,3110130,답십리역 6번,5008,2174,2834,4,714,1041,1495,1390,364,2,492,707,504,247,222,2,222,334,991,1143,142
20231,A,골목상권,3110170,동대부여고,1909,989,920,3,252,420,535,456,243,1,90,195,287,248,168,2,162,225,248,208,75
20231,A,골목상권,3110172,광진초등학교,2650,1482,1168,56,464,506,558,636,430,25,237,266,298,348,308,31,227,240,260,288,122
20231,A,골목상권,3110173,구남초등학교,6227,3640,2587,15,457,1113,1646,2007,989,4,265,728,1023,979,641,11,192,385,623,1028,348
20231,A,골목상권,3110143,뚝섬유원지역 1번,1815,1480,335,4,196,506,523,433,153,1,151,416,440,351,121,3,45,90,83,82,32
20231,A,골목상권,3110165,국립정신건강센터,2364,1365,999,3,223,480,601,647,410,0,85,228,319,404,329,3,138,252,282,243,81
20231,A,골목상권,3110185,용두초등학교,8144,4248,3896,8,666,1891,2614,2141,824,3,322,1123,1308,948,544,5,344,768,1306,1193,280
20231,A,골목상권,3110313,안암역 3번,4007,2603,1404,7,479,974,1134,933,480,3,232,606,749,655,358,4,247,368,385,278,122
20231,A,골목상권,3110205,경희대삼거리,2042,1155,887,3,307,699,408,383,242,2,146,461,194,203,149,1,161,238,214,180,93
20231,A,골목상권,3110263,면목역 1번,2374,1295,1079,3,342,596,740,505,188,0,167,400,365,229,134,3,175,196,375,276,54
20231,A,골목상권,3110265,망우역 1번,2560,1588,972,13,240,367,540,748,652,2,93,155,261,513,564,11,147,212,279,235,88
20231,A,골목상권,3110272,신내1동주민센터,3286,2011,1275,4,411,585,632,841,813,4,214,329,339,496,629,0,197,256,293,345,184
20231,A,골목상권,3110429,공릉동 국수거리,4838,2587,2251,6,483,668,995,1400,1286,2,224,366,498,716,781,4,259,302,497,684,505
20231,A,골목상권,3110307,길음역 7번,2161,758,1403,9,665,611,420,293,163,0,120,232,163,133,110,9,545,379,257,160,53
20231,A,골목상권,3110310,길음역 10번,1961,875,1086,9,604,603,400,252,93,0,140,299,228,141,67,9,464,304,172,111,26
20231,A,골목상권,3110288,동구여중,1859,769,1090,6,181,454,656,400,162,0,55,184,238,173,119,6,126,270,418,227,43
20231,A,골목상권,3110326,장위동성당,1271,741,530,3,141,245,334,297,251,3,57,121,191,187,182,0,84,124,143,110,69
20231,A,골목상권,3110282,국민대학교앞,1906,1357,549,15,321,599,445,311,215,14,185,437,349,245,127,1,136,162,96,66,88
20231,A,골목상권,3110358,인수동 우편취급국,1765,939,826,2,170,270,351,489,483,0,51,121,160,260,347,2,119,149,191,229,136
20231,A,골목상권,3110404,신창초등학교,1553,862,691,11,174,258,430,465,215,8,68,144,234,271,137,3,106,114,196,194,78
20231,A,골목상권,3110380,강북문화정보도서관,592,293,299,0,63,86,106,169,168,0,17,49,52,80,95,0,46,37,54,89,73
20231,A,골목상권,3110370,도봉세무서,1155,642,513,7,84,180,290,317,277,6,25,81,136,177,217,1,59,99,154,140,60
20231,A,골목상권,3110359,수유시장옆,1979,746,1233,2,174,251,355,450,747,0,62,112,146,178,248,2,112,139,209,272,499
20231,A,골목상권,3110366,광산사거리,1102,553,549,2,152,230,302,260,156,0,71,120,146,119,97,2,81,110,156,141,59
20231,A,골목상권,3110391,샘말어린이공원,1105,495,610,0,95,176,215,283,336,0,30,73,100,108,184,0,65,103,115,175,152
20231,A,골목상권,3110386,연산군묘,898,534,364,0,132,210,207,211,138,0,60,118,124,120,112,0,72,92,83,91,26
20231,A,골목상권,3110385,효문고등학교,492,210,282,0,72,109,138,115,58,0,15,34,51,62,48,0,57,75,87,53,10
20231,A,골목상권,3110396,쌍문역1번(쌍리단길),873,388,485,4,110,167,201,233,158,1,36,63,88,108,92,3,74,104,113,125,66
20231,A,골목상권,3110438,경춘선숲길 우측,1262,670,592,2,165,313,395,265,122,1,79,159,202,145,84,1,86,154,193,120,38
20231,A,골목상권,3110472,연신내역 4번,2101,1115,986,9,291,420,561,452,368,4,112,235,265,229,270,5,179,185,296,223,98
20231,A,골목상권,3110458,선일여고,1561,717,844,5,204,370,371,412,199,2,85,168,169,166,127,3,119,202,202,246,72
20231,A,골목상권,3110460,구산역 4번,4098,2463,1635,10,303,617,938,1372,858,6,136,347,489,872,613,4,167,270,449,500,245
20231,A,골목상권,3110450,시립서북병원,3765,1891,1874,8,699,863,827,786,582,2,293,433,413,369,381,6,406,430,414,417,201
20231,A,골목상권,3110456,구산보건지소,2822,1445,1377,11,571,580,644,581,435,3,244,277,308,315,298,8,327,303,336,266,137
20231,A,골목상권,3110486,은평구청,3565,1859,1706,8,390,827,963,954,423,5,183,376,460,548,287,3,207,451,503,406,136
20231,A,골목상권,3110484,역촌역 3번,1849,903,946,7,208,399,493,442,300,5,86,179,219,212,202,2,122,220,274,230,98
20231,A,골목상권,3110461,새절역 2번,927,505,422,2,86,134,215,259,231,1,30,51,97,146,180,1,56,83,118,113,51
20231,A,골목상권,3110445,덕산중학교,1113,537,576,5,235,253,205,221,194,0,73,130,116,94,124,5,162,123,89,127,70
20231,A,골목상권,3110451,증산역 4번,2598,1818,780,3,354,592,647,619,383,2,156,421,488,450,301,1,198,171,159,169,82
20231,A,골목상권,3110543,중암중학교,668,466,202,0,37,70,115,223,223,0,16,35,56,145,214,0,21,35,59,78,9
20231,A,골목상권,3110446,내를건너서숲으로도서관,760,517,243,0,100,159,174,187,140,0,83,108,97,110,119,0,17,51,77,77,21
20231,A,골목상권,3110504,명지전문대,601,306,295,1,61,72,145,194,128,0,30,29,70,105,72,1,31,43,75,89,56
20231,A,골목상권,3110502,남가좌파출소,820,489,331,0,68,121,216,264,151,0,31,62,124,166,106,0,37,59,92,98,45
20231,A,골목상권,3110582,이대역 5번,907,344,563,2,105,192,252,226,130,1,24,52,78,110,79,1,81,140,174,116,51
20231,A,골목상권,3110520,경의중앙 신촌역,1500,752,748,8,322,367,324,282,197,5,111,177,147,168,144,3,211,190,177,114,53
20231,A,골목상권,3110566,경의선책거리,7387,4414,2973,27,1465,1717,1712,1423,1043,16,758,1040,1073,796,731,11,707,677,639,627,312
20231,A,골목상권,3110511,연희초등학교,5789,4486,1303,7,719,1297,1142,1990,634,1,495,983,811,1677,519,6,224,314,331,313,115
20231,A,골목상권,3110526,봉원사,367,217,150,1,22,70,135,80,59,1,9,35,92,46,34,0,13,35,43,34,25
20231,A,골목상권,3110585,마포경찰서,3239,2093,1146,1,420,1126,934,559,199,0,226,683,634,427,123,1,194,443,300,132,76
20231,A,골목상권,3110578,대흥역 2번,4903,3185,1718,78,872,1109,1037,1047,760,28,453,737,756,701,510,50,419,372,281,346,250
20231,A,골목상권,3110574,서강대학교,896,599,297,4,117,204,240,201,130,2,74,135,174,124,90,2,43,69,66,77,40
20231,A,골목상권,3110544,망리단길,6222,3617,2605,17,1248,1421,1318,976,1242,8,640,721,675,587,986,9,608,700,643,389,256
20231,A,골목상권,3110548,마포구청역 4번,5895,3452,2443,18,764,1118,1304,1728,963,10,390,797,862,809,584,8,374,321,442,919,379
20231,A,골목상권,3110557,홍대부속여중고앞,5872,3326,2546,15,903,1543,1632,1119,660,15,389,832,977,651,462,0,514,711,655,468,198
20231,A,골목상권,3110618,강서고등학교,3661,1791,1870,7,785,1002,801,724,342,3,195,468,416,435,274,4,590,534,385,289,68
20231,A,골목상권,3110596,서서울호수공원,2036,1321,715,5,229,365,459,585,393,2,117,220,272,383,327,3,112,145,187,202,66
20231,A,골목상권,3110599,신월1파출소,1680,1078,602,4,158,295,421,566,236,2,93,182,259,368,174,2,65,113,162,198,62
20231,A,골목상권,3110651,화원중학교,2712,1532,1180,8,300,556,660,686,502,6,148,340,365,391,282,2,152,216,295,295,220
20231,A,골목상권,3110623,갈산공원,1473,855,618,6,162,331,380,329,265,4,90,177,200,190,194,2,72,154,180,139,71
20231,A,골목상권,3110632,방화역 3번,3801,2575,1226,6,332,705,1119,1071,568,4,193,413,783,737,445,2,139,292,336,334,123
20231,A,골목상권,3110659,화곡역 4번,3626,1901,1725,18,457,804,957,853,537,15,183,460,522,422,299,3,274,344,435,431,238
20231,A,골목상권,3110722,G타워,19389,12310,7079,60,3607,6404,5129,2626,1563,29,1836,4264,3348,1661,1172,31,1771,2140,1781,965,391
20231,A,골목상권,3110696,오류동역 1번,3475,2139,1336,33,914,1147,671,456,254,17,516,814,390,225,177,16,398,333,281,231,77
20231,A,골목상권,3110698,개웅초등학교(개웅중학교),2757,1234,1523,7,405,493,704,774,374,5,210,265,264,263,227,2,195,228,440,511,147
20231,A,골목상권,3110697,개봉3동주민센터,1101,686,415,1,168,226,252,244,210,1,77,141,156,157,154,0,91,85,96,87,56
20231,A,골목상권,3110682,온수역 8번,361,283,78,0,13,52,95,107,94,0,11,34,65,83,90,0,2,18,30,24,4
20231,A,골목상권,3110688,오류지구대,1309,724,585,5,130,240,332,393,209,4,56,137,187,212,128,1,74,103,145,181,81
20231,A,골목상권,3110684,서울공연예술고등학교,980,521,459,4,124,208,238,273,133,2,54,118,122,154,71,2,70,90,116,119,62
20231,A,골목상권,3110728,두산초등학교,7779,4797,2982,17,403,805,1036,1484,4034,15,223,510,611,873,2565,2,180,295,425,611,1469
20231,A,골목상권,3110731,금천구청역 1번 출입구,4469,2258,2211,11,672,1215,1026,1039,506,6,276,550,486,608,332,5,396,665,540,431,174
20231,A,골목상권,3110730,서울축산농협 독산역지점(독산파출소),7158,4528,2630,15,350,639,810,1307,4037,13,197,420,491,801,2606,2,153,219,319,506,1431
20231,A,골목상권,3110752,한울중학교,2059,1251,808,13,294,388,526,539,299,10,181,248,303,289,220,3,113,140,223,250,79
20231,A,골목상권,3110753,시흥동 은행나무사거리,1767,985,782,8,199,364,416,443,337,7,105,218,220,235,200,1,94,146,196,208,137
20231,A,골목상권,3110743,시흥초등학교(시흥1동우체국),1901,835,1066,7,317,358,467,487,265,6,126,168,210,183,142,1,191,190,257,304,123
20231,A,골목상권,3110764,문래역 3번,3153,1905,1248,2,407,744,863,599,538,2,173,425,526,380,399,0,234,319,337,219,139
20231,A,골목상권,3110782,영등포시장역 4번,1839,1063,776,5,208,345,454,439,388,3,97,205,292,249,217,2,111,140,162,190,171
20231,A,골목상권,3110779,대림갑을명가아파트,800,491,309,1,87,130,177,235,170,0,44,84,105,135,123,1,43,46,72,100,47
20231,A,골목상권,3110765,문래동사거리,2020,1394,626,4,169,352,494,465,536,2,82,219,333,315,443,2,87,133,161,150,93
20231,A,골목상권,3110810,영신초등학교,2994,1643,1351,2,368,625,659,659,681,0,176,353,376,324,414,2,192,272,283,335,267
20231,A,골목상권,3110809,장훈고등학교,1484,885,599,1,203,345,302,292,341,0,102,180,180,183,240,1,101,165,122,109,101
20231,A,골목상권,3110824,대방역 3번,2129,1361,768,5,292,552,582,381,317,4,165,378,384,224,206,1,127,174,198,157,111
20231,A,골목상권,3110813,보라매역 6번,5419,3837,1582,9,1033,1296,1111,1526,444,6,590,941,791,1194,315,3,443,355,320,332,129
20231,A,골목상권,3110834,동작구자원봉사센터,2564,1472,1092,14,261,540,690,627,432,11,135,308,409,356,253,3,126,232,281,271,179
20231,A,골목상권,3110828,노량진역 6번,7261,4126,3135,15,905,2214,1977,1542,608,3,417,1160,1187,977,382,12,488,1054,790,565,226
20231,A,골목상권,3110827,NH농협은행 상도동지점,1082,439,643,2,105,183,271,274,247,1,38,79,104,103,114,1,67,104,167,171,133
20231,A,골목상권,3110852,이수역 9번,2529,1175,1354,5,473,620,696,447,288,1,132,264,309,240,229,4,341,356,387,207,59
20231,A,골목상권,3110905,방배노인종합복지관(이수중학교),5242,2054,3188,12,1165,1458,1271,885,451,1,334,540,486,427,266,11,831,918,785,458,185
20231,A,골목상권,3110851,경문고등학교(동작동성당),3368,1773,1595,14,635,1032,934,524,229,8,236,520,595,291,123,6,399,512,339,233,106
20231,A,골목상권,3110899,낙성대역 5번(관악중학교),4614,3107,1507,19,916,1345,1018,737,579,11,468,959,710,495,464,8,448,386,308,242,115
20231,A,골목상권,3110831,상도4동주민센터,1928,1233,695,2,251,423,419,532,301,2,136,263,284,407,141,0,115,160,135,125,160
20231,A,골목상권,3110873,당곡중학교,2525,1427,1098,7,341,547,627,540,463,4,156,299,352,290,326,3,185,248,275,250,137
20231,A,골목상권,3110841,중대부중,360,156,204,0,43,52,85,105,75,0,14,21,31,46,44,0,29,31,54,59,31
20231,A,골목상권,3110900,낙성대역 1번(관악구민 종합체육센터),4337,2627,1710,15,852,1276,966,653,575,7,368,802,610,388,452,8,484,474,356,265,123
20231,A,골목상권,3110892,관악구 중앙길,4005,1888,2117,12,627,825,985,859,697,7,212,389,474,444,362,5,415,436,511,415,335
20231,A,골목상권,3110866,난우중학교,1102,622,480,0,111,196,289,322,184,0,50,105,148,183,136,0,61,91,141,139,48
20231,A,골목상권,3110857,미성동주민센터,1238,578,660,17,154,236,276,322,233,13,73,114,121,124,133,4,81,122,155,198,100
20231,A,골목상권,3110875,보라매동주민센터(당곡고등학교),940,526,414,2,104,162,206,235,231,0,48,85,103,128,162,2,56,77,103,107,69
20231,A,골목상권,3110891,구암초등학교,1342,607,735,0,232,374,420,224,92,0,68,168,205,117,49,0,164,206,215,107,43
20231,A,골목상권,3110944,서울나래학교(염곡어린이공원),1156,798,358,10,148,272,221,240,265,8,109,212,164,151,154,2,39,60,57,89,111
20231,A,골목상권,3110942,염곡동 구룡사(포이동성당),13415,8394,5021,55,2287,3724,3222,2573,1554,26,1169,2292,2042,1698,1167,29,1118,1432,1180,875,387
20231,A,골목상권,3110920,방배역 2번(백석예술대학교),5016,3055,1961,91,1042,1259,931,793,900,26,459,731,622,507,710,65,583,528,309,286,190
20231,A,골목상권,3110930,서초동성당,32660,17166,15494,63,6180,7719,7177,9753,1768,35,2030,3676,3572,6555,1298,28,4150,4043,3605,3198,470
20231,A,골목상권,3110910,내방역 5번,6436,3785,2651,20,1118,1455,1481,1224,1138,10,430,857,865,759,864,10,688,598,616,465,274
20231,A,골목상권,3110906,서문여고,11702,5247,6455,16,2248,2996,3566,2017,859,4,688,1244,1668,1074,569,12,1560,1752,1898,943,290
20231,A,골목상권,3110932,서울시인재개발원,4209,2306,1903,8,1038,1226,942,667,328,6,350,687,621,424,218,2,688,539,321,243,110
20231,A,골목상권,3110931,삼성전자서울R&D(서울우면초등학교),211,106,105,0,53,63,49,28,18,0,20,37,22,17,10,0,33,26,27,11,8
20231,A,골목상권,3110938,바우뫼공원,4722,3197,1525,17,814,1339,1276,836,440,8,422,921,904,581,361,9,392,418,372,255,79
20231,A,골목상권,3110943,법제교육센터(버들어린이공원),5935,3672,2263,18,851,1433,1538,1193,902,10,470,907,945,696,644,8,381,526,593,497,258
20231,A,골목상권,3110994,개포고등학교,4345,2839,1506,57,867,1222,970,768,461,24,505,806,631,503,370,33,362,416,339,265,91
20231,A,골목상권,3110988,청담역 3번,14773,6151,8622,65,3286,4402,3877,2145,998,27,1018,1851,1536,1027,692,38,2268,2551,2341,1118,306
20231,A,골목상권,3111012,석촌역 6번,3563,1857,1706,6,341,717,926,795,778,4,123,380,473,406,471,2,218,337,453,389,307
20231,A,골목상권,3111043,마천공원,1725,1113,612,1,183,389,411,423,318,0,112,251,235,271,244,1,71,138,176,152,74
20231,A,골목상권,3111045,개미어린이공원,1629,952,677,8,240,270,383,466,262,2,144,178,243,239,146,6,96,92,140,227,116
20231,A,골목상권,3111047,마천1치안센터,1130,680,450,1,120,251,299,266,193,1,60,143,171,153,152,0,60,108,128,113,41
20231,A,골목상권,3111028,문현중학교(장지역 1번),2770,1677,1093,9,489,714,682,541,335,5,271,467,421,262,251,4,218,247,261,279,84
20231,A,골목상권,3111035,오금공원(오주중학교),2277,1464,813,2,256,487,582,635,315,1,148,328,395,374,218,1,108,159,187,261,97
20231,A,골목상권,3111053,성내천어린이공원(하니사랑길),13219,9342,3877,40,1620,2605,2692,3224,3038,16,990,1785,1878,2342,2331,24,630,820,814,882,707
20231,A,골목상권,3111087,고덕중학교(고덕2동주민센터),472,171,301,0,46,83,108,137,98,0,8,31,45,43,44,0,38,52,63,94,54
20231,A,골목상권,3111083,GS강동자이아파트,2192,1281,911,3,253,379,423,595,539,3,145,235,242,299,357,0,108,144,181,296,182
20231,A,골목상권,3111074,명일역 1번,1560,927,633,3,195,368,374,356,264,2,96,213,197,225,194,1,99,155,177,131,70
20231,A,골목상권,3111056,천호태영아파트,2371,1291,1080,1,166,256,372,396,1180,0,61,99,164,203,764,1,105,157,208,193,416
20231,A,골목상권,3111061,암사역 1번,3505,1543,1962,2,374,555,668,876,1030,1,150,309,306,294,483,1,224,246,362,582,547
20231,A,골목상권,3110036,동묘앞역 3번,1190,660,530,2,181,238,291,276,202,0,47,113,169,190,141,2,134,125,122,86,61
20231,A,골목상권,3110034,창신1동주민센터,1885,871,1014,8,319,394,521,412,231,7,104,157,206,228,169,1,215,237,315,184,62
20231,A,골목상권,3110028,이화달팽이길,3695,2004,1691,7,657,966,880,710,475,3,229,479,515,444,334,4,428,487,365,266,141
20231,A,골목상권,3110014,경복고등학교,1637,871,766,2,154,436,502,373,170,2,50,215,274,204,126,0,104,221,228,169,44
20231,A,골목상권,3110001,이북5도청사,3311,2335,976,10,598,774,665,978,286,6,331,504,493,810,191,4,267,270,172,168,95
20231,A,골목상권,3110286,한성대입구역 5번,4861,2170,2691,20,736,1306,1268,999,532,9,240,613,591,455,262,11,496,693,677,544,270
20231,A,골목상권,3110283,성북초등학교앞,2067,1295,772,12,288,580,641,380,166,8,150,391,427,218,101,4,138,189,214,162,65
20231,A,골목상권,3110285,홍대부중,2796,1807,989,11,479,748,779,536,243,6,237,471,486,420,187,5,242,277,293,116,56
20231,A,골목상권,3110053,청구역 1번,1887,973,914,1,292,413,473,444,264,0,94,203,258,251,167,1,198,210,215,193,97
20231,A,골목상권,3110040,중구회현체육센터(정화예술대남산캠퍼스),15872,7161,8711,64,2309,4970,5377,2758,394,8,703,2069,2118,2073,190,56,1606,2901,3259,685,204
20231,A,골목상권,3110039,회현역 1번,23622,11623,11999,133,4395,7509,7184,3821,580,38,1547,3599,3487,2668,284,95,2848,3910,3697,1153,296
20231,A,골목상권,3110077,삼광초등학교,1617,1102,515,8,162,358,490,381,218,7,93,234,360,254,154,1,69,124,130,127,64
20231,A,골목상권,3110072,열정도,1822,1125,697,9,264,375,438,367,369,3,123,236,278,230,255,6,141,139,160,137,114
20231,A,골목상권,3110059,새남터성지,2836,1935,901,8,404,789,837,608,190,3,181,500,636,477,138,5,223,289,201,131,52
20231,A,골목상권,3110095,한강진역 3번,5622,3227,2395,35,1349,2001,1256,664,317,20,544,1116,858,496,193,15,805,885,398,168,124
20231,A,골목상권,3110097,한남초등학교,5721,3746,1975,12,1028,2374,1313,590,404,7,478,1484,985,454,338,5,550,890,328,136,66
20231,A,골목상권,3110106,금북초등학교,123,49,74,0,15,25,38,29,16,0,2,11,13,12,11,0,13,14,25,17,5
20231,A,골목상권,3110103,옥수터널,545,284,261,1,45,141,155,157,46,0,17,64,87,85,31,1,28,77,68,72,15
20231,A,골목상권,3110137,성수초등학교,14338,9448,4890,60,2205,3717,3817,2875,1664,46,1146,2457,2601,1900,1298,14,1059,1260,1216,975,366
20231,A,골목상권,3110138,송정체육공원,2546,1233,1313,1,395,634,646,528,342,0,147,319,328,219,220,1,248,315,318,309,122
20231,A,골목상권,3110150,중곡1동 마을마당,5687,2821,2866,84,1470,1113,1132,1310,578,30,642,611,577,542,419,54,828,502,555,768,159
20231,A,골목상권,3110069,숙대입구,5692,2925,2767,14,842,1738,1501,985,612,6,238,745,833,646,457,8,604,993,668,339,155
20231,A,골목상권,3110175,푸른동산공원,7435,3844,3591,8,711,1236,1667,2238,1575,4,374,802,970,930,764,4,337,434,697,1308,811
20231,A,골목상권,3110177,동의초등학교,1191,614,577,1,140,224,315,322,189,0,46,118,168,160,122,1,94,106,147,162,67
20231,A,골목상권,3110146,신자초등학교,2819,2113,706,7,317,659,835,751,250,3,224,506,625,563,192,4,93,153,210,188,58
20231,A,골목상권,3110195,동대문구청,3806,1797,2009,5,412,804,896,1082,607,3,155,327,374,598,340,2,257,477,522,484,267
20231,A,골목상권,3110201,전농119안전센터,669,454,215,0,93,145,215,139,77,0,61,94,144,99,56,0,32,51,71,40,21
20231,A,골목상권,3110189,제기동역 1번,4287,2552,1735,8,675,1174,895,684,851,2,252,688,568,412,630,6,423,486,327,272,221
20231,A,골목상권,3110215,회기역 1번,2285,799,1486,3,612,739,515,282,134,1,114,254,199,124,107,2,498,485,316,158,27
20231,A,골목상권,3110224,외대앞역 2번,1271,746,525,3,119,240,371,332,206,1,48,142,229,232,94,2,71,98,142,100,112
20231,A,골목상권,3110214,경희대후문,3212,1375,1837,1,688,904,837,553,229,1,133,324,406,334,177,0,555,580,431,219,52
20231,A,골목상권,3110334,석관중앙교회,1188,720,468,0,136,249,282,330,191,0,69,127,145,232,147,0,67,122,137,98,44
20231,A,골목상권,3110232,동대부고,2450,1295,1155,3,270,438,601,702,436,1,110,219,302,355,308,2,160,219,299,347,128
20231,A,골목상권,3110190,고대앞사거리,2811,1514,1297,5,408,813,812,528,245,2,171,410,436,326,169,3,237,403,376,202,76
20231,A,골목상권,3110196,홍릉근린공원,813,501,312,1,63,163,273,228,85,1,32,79,174,139,76,0,31,84,99,89,9
20231,A,골목상권,3110312,안암역 2번,1646,844,802,1,199,449,557,333,107,0,70,193,307,200,74,1,129,256,250,133,33
20231,A,골목상권,3110222,회기역 2번,2106,1033,1073,1,371,448,535,549,202,0,86,231,303,298,115,1,285,217,232,251,87
20231,A,골목상권,3110273,장스여성병원,1451,933,518,9,121,171,256,458,436,1,29,69,134,320,380,8,92,102,122,138,56
20231,A,골목상권,3110260,면목역 3번,2350,1372,978,3,344,558,668,508,269,0,147,374,336,286,229,3,197,184,332,222,40
20231,A,골목상권,3110238,배꽃어린이공원,1298,1025,273,1,203,312,289,312,181,1,146,248,219,268,143,0,57,64,70,44,38
20231,A,골목상권,3110257,상봉역 7번,1447,1068,379,2,86,174,301,412,472,1,40,93,179,332,423,1,46,81,122,80,49
20231,A,골목상권,3110303,성신여대입구역 1번,1418,675,743,8,188,301,315,361,245,3,62,134,147,190,139,5,126,167,168,171,106
20231,A,골목상권,3110239,중랑역 2번,478,213,265,1,58,81,106,116,116,0,23,34,39,50,67,1,35,47,67,66,49
20231,A,골목상권,3110294,서경대학교,1909,1071,838,1,218,284,476,532,398,0,68,128,255,335,285,1,150,156,221,197,113
20231,A,골목상권,3110316,숭곡초등학교,3255,1971,1284,7,264,440,671,666,1207,6,113,208,325,382,937,1,151,232,346,284,270
20231,A,골목상권,3110293,삼선중학교,15384,8771,6613,60,2292,3733,4993,2745,1561,27,1049,2116,3024,1840,715,33,1243,1617,1969,905,846
20231,A,골목상권,3110305,보문역 5번,6037,4718,1319,11,742,2042,1228,1245,769,5,463,1703,1006,1012,529,6,279,339,222,233,240
20231,A,골목상권,3110331,돌곶이역 8번,1135,748,387,4,137,251,271,224,248,0,50,166,174,147,211,4,87,85,97,77,37
20231,A,골목상권,3110423,석계역 2번,1311,574,737,4,152,235,386,321,213,2,65,110,173,127,97,2,87,125,213,194,116
20231,A,골목상권,3110319,종암동주민센터,1893,933,960,3,270,388,460,529,243,1,103,217,229,277,106,2,167,171,231,252,137
20231,A,골목상권,3110322,장위1동주민센터,871,527,344,2,161,181,190,183,154,1,77,118,116,111,104,1,84,63,74,72,50
20231,A,골목상권,3110361,삼양사거리역 1번,993,499,494,2,47,112,177,256,399,1,14,50,90,149,195,1,33,62,87,107,204
20231,A,골목상권,3110364,미아역 8번,1531,881,650,2,169,302,433,416,209,1,79,160,252,251,138,1,90,142,181,165,71
20231,A,골목상권,3110360,수유초등학교,2034,877,1157,5,275,331,439,521,463,1,65,139,157,219,296,4,210,192,282,302,167
20231,A,골목상권,3110381,번동주공2단지,791,418,373,5,81,172,201,218,114,4,26,69,100,134,85,1,55,103,101,84,29
20231,A,골목상권,3110363,송천동주민센터,409,210,199,2,30,68,123,98,88,1,8,30,50,50,71,1,22,38,73,48,17
20231,A,골목상권,3110371,삼양입구사거리,930,529,401,1,86,197,218,253,175,1,33,94,108,159,134,0,53,103,110,94,41
20231,A,골목상권,3110374,송중초등학교,1719,817,902,7,155,286,471,442,358,6,44,101,191,221,254,1,111,185,280,221,104
20231,A,골목상권,3110357,가오리역 1번,2168,1460,708,1,94,117,339,588,1029,0,22,54,236,446,702,1,72,63,103,142,327
20231,A,골목상권,3110340,인수중학교,1210,779,431,6,158,254,272,328,192,6,80,172,168,192,161,0,78,82,104,136,31
20231,A,골목상권,3110341,북한산우이역 2번,566,439,127,0,22,43,96,273,132,0,5,15,59,245,115,0,17,28,37,28,17
20231,A,골목상권,3110390,방학초등학교,1597,753,844,3,167,399,387,400,241,2,55,196,185,170,145,1,112,203,202,230,96
20231,A,골목상권,3110408,가인초등학교,5003,3437,1566,5,529,1188,1209,961,1111,3,315,894,903,569,753,2,214,294,306,392,358
20231,A,골목상권,3110433,공릉역 2번,3355,1631,1724,8,286,413,725,1012,911,3,111,214,339,463,501,5,175,199,386,549,410
20231,A,골목상권,3110462,갈현건영아파트,1644,949,695,7,239,380,374,357,287,5,127,224,218,183,192,2,112,156,156,174,95
20231,A,골목상권,3110468,응암역 3번,3641,1667,1974,6,385,681,1020,975,574,1,133,299,452,447,335,5,252,382,568,528,239
20231,A,골목상권,3110478,응암1동주민센터,2441,1361,1080,5,214,382,537,597,706,3,104,189,272,292,501,2,110,193,265,305,205
20231,A,골목상권,3110481,불광역 7번,1180,586,594,2,144,250,312,287,185,2,57,126,153,135,113,0,87,124,159,152,72
20231,A,골목상권,3110443,수색역 1번,216,134,82,0,17,25,57,64,53,0,8,14,33,40,39,0,9,11,24,24,14
20231,A,골목상권,3110463,응암3동주민센터,974,399,575,1,102,172,257,281,161,0,35,51,90,125,98,1,67,121,167,156,63
20231,A,골목상권,3110459,응암역 2번,3086,1443,1643,3,303,575,877,817,511,0,113,267,388,352,323,3,190,308,489,465,188
20231,A,골목상권,3110495,북가좌2동주민센터,3425,1703,1722,7,515,851,808,729,515,3,154,458,454,363,271,4,361,393,354,366,244
20231,A,골목상권,3110507,명지대학교,3062,2160,902,30,511,879,694,667,281,27,328,632,494,452,227,3,183,247,200,215,54
20231,A,골목상권,3110584,아현역 4번,1154,595,559,2,327,402,209,121,93,1,129,232,107,64,62,1,198,170,102,57,31
20231,A,골목상권,3110528,서울여자간호대학교,7567,1522,6045,6,217,511,2006,3643,1184,1,75,158,342,456,490,5,142,353,1664,3187,694
20231,A,골목상권,3110580,양원초등학교,498,212,286,1,65,95,130,125,82,0,16,34,56,63,43,1,49,61,74,62,39
20231,A,골목상권,3110545,마포구청역 1번,2002,1003,999,13,262,386,532,510,299,6,101,203,265,254,174,7,161,183,267,256,125
20231,A,골목상권,3110568,광흥창역 1번,1865,940,925,2,319,532,473,379,160,0,93,278,268,220,81,2,226,254,205,159,79
20231,A,골목상권,3110556,절두산순교성지,1036,634,402,3,129,274,296,242,92,3,52,152,183,174,70,0,77,122,113,68,22
20231,A,골목상권,3110622,달마을공원,3703,2251,1452,3,469,828,1090,957,356,2,224,483,702,584,256,1,245,345,388,373,100
20231,A,골목상권,3110675,화곡4동주민센터,2797,1278,1519,5,643,758,578,544,269,4,133,328,273,318,222,1,510,430,305,226,47
20231,A,골목상권,3110672,백석중학교,3412,1929,1483,2,392,661,820,891,646,1,172,329,509,533,385,1,220,332,311,358,261
20231,A,골목상권,3110601,신월1동우편취급국,2705,1819,886,9,277,464,638,855,462,4,152,304,424,572,363,5,125,160,214,283,99
20231,A,골목상권,3110609,신정네거리역 2번,3128,2387,741,7,203,302,527,602,1487,2,96,167,286,425,1411,5,107,135,241,177,76
20231,A,골목상권,3110598,신월문화체육센터,3588,2130,1458,4,271,421,690,983,1219,3,154,260,389,589,735,1,117,161,301,394,484
20231,A,골목상권,3110655,발산역 5번,4161,1917,2244,5,419,692,805,852,1388,3,173,359,411,358,613,2,246,333,394,494,775
20231,A,골목상권,3110652,양천향교역 2번,5355,3360,1995,14,588,1103,1158,1394,1098,8,298,697,700,851,806,6,290,406,458,543,292
20231,A,골목상권,3110630,공항시장역 1번,3398,1986,1412,9,371,571,654,788,1005,3,149,321,407,512,594,6,222,250,247,276,411
20231,A,골목상권,3110660,등촌3동주민센터,10361,5421,4940,46,1465,2249,2361,2354,1886,16,655,1444,1390,1025,891,30,810,805,971,1329,995
20231,A,골목상권,3110645,우장산역 4번,6211,3689,2522,11,755,1459,1633,1576,777,7,408,941,907,852,574,4,347,518,726,724,203
20231,A,골목상권,3110640,방화역 1번,4330,2746,1584,7,432,979,1112,1131,669,5,222,521,675,783,540,2,210,458,437,348,129
20231,A,골목상권,3110695,개봉1동주민센터,2132,1220,912,8,180,491,579,523,351,7,99,290,309,285,230,1,81,201,270,238,121
20231,A,골목상권,3110692,큰굴다리,3257,2221,1036,5,464,656,827,912,393,4,364,453,539,571,290,1,100,203,288,341,103
20231,A,골목상권,3110714,구로4동주민센터,3993,2731,1262,7,467,935,917,1103,564,4,223,587,636,850,431,3,244,348,281,253,133
20231,A,골목상권,3110715,구로구민회관,4993,2481,2512,4,601,1291,1353,1189,555,2,225,636,658,644,316,2,376,655,695,545,239
20231,A,골목상권,3110708,화원어린이공원,1274,488,786,6,311,266,296,208,187,1,66,71,108,97,145,5,245,195,188,111,42
20231,A,골목상권,3110713,구로보건소,7675,4823,2852,13,1134,1919,2115,1590,904,6,626,1277,1358,961,595,7,508,642,757,629,309
20231,A,골목상권,3110718,한국SGI본부,6477,4079,2398,33,1087,1712,1798,1241,606,26,598,1087,1157,798,413,7,489,625,641,443,193
20231,A,골목상권,3110707,구로창업지원센터,5470,4040,1430,11,555,1651,1506,1116,631,9,302,1244,1178,827,480,2,253,407,328,289,151
20231,A,골목상권,3110727,독산역 1번 출입구,3120,2126,994,18,378,675,804,825,420,18,221,481,534,577,295,0,157,194,270,248,125
20231,A,골목상권,3110726,금천철쭉어린이공원(금하마을),1222,795,427,13,185,229,245,307,243,11,116,157,160,167,184,2,69,72,85,140,59
20231,A,골목상권,3110738,문성초등학교,2470,1462,1008,12,359,479,571,602,447,3,208,314,345,327,265,9,151,165,226,275,182
20231,A,골목상권,3110744,독산동성당,2100,1247,853,1,190,325,415,592,577,0,116,185,232,327,387,1,74,140,183,265,190
20231,A,골목상권,3110819,신대방역 4번,5159,3199,1960,20,841,1350,1310,962,676,14,426,897,852,558,452,6,415,453,458,404,224
20231,A,골목상권,3110754,삼성산자연공원(서울금천초등학교),1854,1031,823,19,228,370,484,441,312,12,101,240,284,208,186,7,127,130,200,233,126
20231,A,골목상권,3110734,금천파출소,1807,760,1047,8,475,533,360,289,142,3,200,263,141,92,61,5,275,270,219,197,81
20231,A,골목상권,3110747,석수역 1번 출입구,1082,802,280,4,73,141,239,286,339,4,48,101,156,202,291,0,25,40,83,84,48
20231,A,골목상권,3110781,대림한신아파트,2145,1183,962,3,313,387,472,543,427,0,106,213,256,304,304,3,207,174,216,239,123
20231,A,골목상권,3110776,도신초등학교,4342,3047,1295,14,543,1061,1275,922,527,5,283,767,959,627,406,9,260,294,316,295,121
20231,A,골목상권,3110798,신풍역 2번,1786,1078,708,7,160,456,560,380,223,6,95,279,287,241,170,1,65,177,273,139,53
20231,A,골목상권,3110792,영등포역 2번,4524,2496,2028,35,680,1023,1028,1131,627,16,283,485,583,698,431,19,397,538,445,433,196
20231,A,골목상권,3110756,문래중학교,1572,1015,557,2,185,356,383,362,284,0,97,271,248,213,186,2,88,85,135,149,98
20231,A,골목상권,3110801,신풍역 6번(신길6동공영주차장),245,84,161,1,32,37,52,64,59,0,1,12,15,24,32,1,31,25,37,40,27
20231,A,골목상권,3110812,신길6동주민센터,2401,1555,846,4,382,558,565,498,394,3,189,346,367,345,305,1,193,212,198,153,89
20231,A,골목상권,3110811,보라매역 4번,1485,937,548,4,212,413,375,284,197,3,100,268,233,183,150,1,112,145,142,101,47
20231,A,골목상권,3110820,성남고등학교,4803,3512,1291,4,807,999,907,1587,499,3,498,725,655,1252,379,1,309,274,252,335,120
20231,A,골목상권,3110800,영등포동성당,4742,2638,2104,14,1219,1149,1000,824,536,6,385,590,637,579,441,8,834,559,363,245,95
20231,A,골목상권,3110806,서울시립영등포장애인복지관,2220,1555,665,16,339,498,524,501,342,8,181,328,388,376,274,8,158,170,136,125,68
20231,A,골목상권,3110839,숭실대입구역 4번,3303,2046,1257,2,371,954,1107,622,247,1,177,536,682,434,216,1,194,418,425,188,31
20231,A,골목상권,3110833,상도역 2번,1336,685,651,6,207,356,332,277,158,2,88,215,184,115,81,4,119,141,148,162,77
20231,A,골목상권,3110876,서원동주민센터(신관중학교),1010,458,552,0,95,206,235,294,180,0,31,95,124,113,95,0,64,111,111,181,85
20231,A,골목상권,3110889,봉천역 6번,1263,796,467,1,114,181,251,361,355,0,57,94,152,270,223,1,57,87,99,91,132
20231,A,골목상권,3110901,인헌고등학교(인헌중학교),1830,934,896,7,276,482,543,370,152,4,127,251,267,170,115,3,149,231,276,200,37
20231,A,골목상권,3110919,내방역 8번,17656,12077,5579,47,2980,5187,5004,3205,1233,19,1390,3288,3826,2627,927,28,1590,1899,1178,578,306
20231,A,골목상권,3110908,구반포역,8972,4814,4158,21,1548,2263,2440,2159,541,21,607,1187,1452,1153,394,0,941,1076,988,1006,147
20231,A,골목상권,3110916,내방역 4번,9127,6122,3005,73,1885,2725,2144,1385,915,60,1124,1946,1492,851,649,13,761,779,652,534,266
20231,A,골목상권,3110914,내방역 6번,6099,3888,2211,13,1069,1570,1366,1162,919,9,527,958,903,780,711,4,542,612,463,382,208
20231,A,골목상권,3110981,국악고교사거리,4814,3009,1805,11,674,1061,1231,1002,835,3,342,675,767,584,638,8,332,386,464,418,197
20231,A,골목상권,3110952,논현목련공원,6619,4360,2259,19,1063,1760,1774,1271,732,13,616,1186,1215,839,491,6,447,574,559,432,241
20231,A,골목상권,3110953,학동근린공원,21063,12969,8094,82,5828,6708,4428,2577,1440,26,2619,4180,3209,1850,1085,56,3209,2528,1219,727,355
20231,A,골목상권,3110968,강남구청역 2번,13705,8449,5256,49,2620,3694,3410,2525,1407,16,1163,2112,2388,1751,1019,33,1457,1582,1022,774,388
20231,A,골목상권,3110966,논현2동주민센터,18787,11747,7040,55,3807,5812,4775,2774,1564,16,1620,3352,3408,2154,1197,39,2187,2460,1367,620,367
20231,A,골목상권,3110973,강남구청역 4번,10030,5790,4240,39,1911,2711,2341,1849,1179,16,845,1639,1467,1073,750,23,1066,1072,874,776,429
20231,A,골목상권,3110996,대치2동주민센터,35867,16914,18953,262,6657,8765,8045,7435,4703,105,3082,5222,4330,2505,1670,157,3575,3543,3715,4930,3033
20231,A,골목상권,3110982,강남구보훈회관,4003,2221,1782,8,984,1036,920,571,484,5,350,614,590,298,364,3,634,422,330,273,120
20231,A,골목상권,3111002,한국교통안전공단 강남자동차검사소,409,194,215,0,27,74,87,129,92,0,8,39,41,58,48,0,19,35,46,71,44
20231,A,골목상권,3110987,영동대교남단,6140,4147,1993,37,1147,1773,1594,1067,522,17,553,1233,1221,750,373,20,594,540,373,317,149
20231,A,골목상권,3111022,석촌중학교(방이육교),7523,4484,3039,23,1128,1955,1970,1642,805,9,549,1248,1293,845,540,14,579,707,677,797,265
20231,A,골목상권,3111041,거여역 8번,2127,1468,659,8,544,521,474,308,272,6,288,381,370,220,203,2,256,140,104,88,69
20231,A,골목상권,3111031,장지동주민센터(한림연예예술고교),34991,27580,7411,16,3048,6307,10062,13354,2204,7,1885,4657,7895,11621,1515,9,1163,1650,2167,1733,689
20231,A,골목상권,3111014,송파나루역 2번,9836,5551,4285,11,1370,2414,2283,2319,1439,5,597,1499,1467,1202,781,6,773,915,816,1117,658
20231,A,골목상권,3111073,둔촌동역 1번(한산중학교),3288,1796,1492,11,429,739,851,706,552,8,165,384,502,371,366,3,264,355,349,335,186
20231,A,골목상권,3111072,굽은다리역 1번(십자성마을),2946,1789,1157,8,298,573,759,699,609,3,146,346,440,433,421,5,152,227,319,266,188
20231,A,골목상권,3111084,길동신동아아파트,1097,568,529,2,102,184,201,327,281,2,56,104,100,149,157,0,46,80,101,178,124
20231,A,골목상권,3110017,정독도서관,4793,3571,1222,1,747,1261,1255,1054,475,1,404,870,1019,890,387,0,343,391,236,164,88
20231,A,골목상권,3110004,대신고등학교,402,232,170,6,56,96,96,104,44,5,32,54,54,53,34,1,24,42,42,51,10
20231,A,골목상권,3110002,독립문역 1번,616,177,439,7,166,170,151,84,38,6,34,34,51,28,24,1,132,136,100,56,14
20231,A,골목상권,3110031,창신역 1번,499,243,256,2,65,123,115,127,67,0,17,56,56,68,46,2,48,67,59,59,21
20231,A,골목상권,3110181,신설동역 9번,11325,6319,5006,32,1034,2438,3253,2841,1727,17,532,1500,1747,1415,1108,15,502,938,1506,1426,619
20231,A,골목상권,3110025,충신시장옆,2953,1750,1203,6,522,768,705,591,361,1,198,408,447,419,277,5,324,360,258,172,84
20231,A,골목상권,3110291,한성대입구역 3번,2792,1638,1154,3,210,450,857,801,471,1,83,257,522,485,290,2,127,193,335,316,181
20231,A,골목상권,3110026,종로5가역 4번,1316,680,636,4,165,282,370,283,212,1,63,132,176,155,153,3,102,150,194,128,59
20231,A,골목상권,3110016,평창동동측,12725,5785,6940,17,1035,3438,5042,2657,536,8,355,1373,2545,1209,295,9,680,2065,2497,1448,241
20231,A,골목상권,3110020,서울국제고등학교,2158,1200,958,4,389,630,516,385,234,3,162,347,310,219,159,1,227,283,206,166,75
20231,A,골목상권,3110048,장충동주민센터,10743,5949,4794,32,1907,2975,2905,2265,659,5,684,1762,1731,1314,453,27,1223,1213,1174,951,206
20231,A,골목상권,3110046,버티고개,2463,1750,713,3,241,901,673,506,139,0,143,678,502,330,97,3,98,223,171,176,42
20231,A,골목상권,3110047,다산성곽길,5084,2935,2149,11,1086,1445,1154,887,501,3,410,865,765,531,361,8,676,580,389,356,140
20231,A,골목상권,3110539,미근동,12732,7479,5253,42,2010,4180,3436,2242,822,19,832,2371,2093,1519,645,23,1178,1809,1343,723,177
20231,A,골목상권,3110110,상왕십리역 6번,2405,1457,948,12,383,537,534,531,408,3,127,319,375,375,258,9,256,218,159,156,150
20231,A,골목상권,3110066,서울역 15번,4167,2123,2044,9,838,1274,877,641,528,4,288,582,482,374,393,5,550,692,395,267,135
20231,A,골목상권,3110591,충정로역 6번,3780,2155,1625,0,729,1051,1004,652,344,0,358,619,586,387,205,0,371,432,418,265,139
20231,A,골목상권,3110086,이태원역 북측,13166,6107,7059,36,4072,5077,2603,1007,371,14,1114,2293,1610,799,277,22,2958,2784,993,208,94
20231,A,골목상권,3110085,경리단길남측,12274,5390,6884,26,3823,4925,2402,861,237,12,993,2133,1397,675,180,14,2830,2792,1005,186,57
20231,A,골목상권,3110105,금동어린이공원,2664,1110,1554,16,327,830,1025,337,129,1,110,292,450,175,82,15,217,538,575,162,47
20231,A,골목상권,3110116,청계천박물관,6537,4739,1798,43,541,1177,1527,2151,1098,31,326,844,1178,1561,799,12,215,333,349,590,299
20231,A,골목상권,3110129,성원어린이공원,3599,2300,1299,18,579,846,820,729,607,14,311,541,561,470,403,4,268,305,259,259,204
20231,A,골목상권,3110128,성원중학교,3542,2310,1232,18,454,892,940,801,437,8,266,660,634,494,248,10,188,232,306,307,189
20231,A,골목상권,3110120,서울숲카페거리,835,506,329,0,85,162,225,202,161,0,41,83,109,130,143,0,44,79,116,72,18
20231,A,골목상권,3110124,뚝섬역교차로,2595,1874,721,12,366,472,586,575,584,10,183,303,387,461,530,2,183,169,199,114,54
20231,A,골목상권,3110132,성수2가3동주민센터,3491,2130,1361,9,415,835,861,811,560,8,209,510,554,495,354,1,206,325,307,316,206
20231,A,골목상권,3110223,군자초등학교,3357,2271,1086,35,621,967,788,549,397,8,327,680,552,382,322,27,294,287,236,167,75
20231,A,골목상권,3110111,대현산장미원,74,52,22,0,7,13,12,21,21,0,6,5,6,16,19,0,1,8,6,5,2
20231,A,골목상권,3110166,구의1동주민센터,13530,10491,3039,13,880,2121,3757,5357,1402,11,448,1352,2902,4600,1178,2,432,769,855,757,224
20231,A,골목상권,3110160,광진경찰서,1622,1121,501,1,270,514,389,345,103,1,174,364,263,239,80,0,96,150,126,106,23
20231,A,골목상권,3110164,아차산역 5번,2452,1482,970,7,311,484,595,582,473,2,153,274,370,328,355,5,158,210,225,254,118
20231,A,골목상권,3110145,장안초등학교,626,318,308,0,48,90,132,215,141,0,20,45,59,100,94,0,28,45,73,115,47
20231,A,골목상권,3110158,중곡3동주민센터,1689,1085,604,3,201,401,431,405,248,0,113,280,259,259,174,3,88,121,172,146,74
20231,A,골목상권,3110253,중곡초등학교,1551,1093,458,2,104,216,386,589,254,1,47,124,250,474,197,1,57,92,136,115,57
20231,A,골목상권,3110227,답십리공원,3666,2141,1525,43,1527,620,564,543,369,25,873,404,327,274,238,18,654,216,237,269,131
20231,A,골목상권,3110192,동의보감타워,1689,798,891,2,156,273,358,433,467,0,54,114,189,200,241,2,102,159,169,233,226
20231,A,골목상권,3110182,용두희망어린이공원,6164,2634,3530,4,747,1233,1297,1729,1154,0,240,665,668,567,494,4,507,568,629,1162,660
20231,A,골목상권,3110208,시조사삼거리,1810,1056,754,3,255,573,311,351,317,2,120,403,184,193,154,1,135,170,127,158,163
20231,A,골목상권,3110191,고려대역 6번,817,524,293,1,45,155,267,206,143,1,24,76,163,146,114,0,21,79,104,60,29
20231,A,골목상권,3110193,고려대역 4번,827,531,296,1,49,167,287,216,107,1,25,93,176,149,87,0,24,74,111,67,20
20231,A,골목상권,3110274,서일대학교,1874,1209,665,2,153,270,455,529,465,1,54,150,285,380,339,1,99,120,170,149,126
20231,A,골목상권,3110270,혜원여고,1057,631,426,0,86,153,246,300,272,0,32,87,130,187,195,0,54,66,116,113,77
20231,A,골목상권,3110277,러스크서울병원,1417,798,619,5,161,220,285,429,317,1,56,69,143,266,263,4,105,151,142,163,54
20231,A,골목상권,3110249,중화역 1번,2900,1839,1061,1,380,672,715,696,436,1,208,379,410,482,359,0,172,293,305,214,77
20231,A,골목상권,3110250,화랑대역 7번,1016,501,515,5,84,215,300,277,135,1,28,102,135,142,93,4,56,113,165,135,42
20231,A,골목상권,3110235,세화어린이공원,352,192,160,6,86,56,94,66,44,5,50,30,41,35,31,1,36,26,53,31,13
20231,A,골목상권,3110306,미아초등학교,5040,2548,2492,418,2027,1281,681,387,246,176,903,701,375,192,201,242,1124,580,306,195,45
20231,A,골목상권,3110304,보문역 4번,3586,1900,1686,4,465,1014,939,889,275,3,200,485,478,545,189,1,265,529,461,344,86
20231,A,골목상권,3110336,석관고등학교,933,606,327,1,108,181,209,262,172,0,57,97,124,192,136,1,51,84,85,70,36
20231,A,골목상권,3110327,상월곡역 2번,1727,1049,678,4,291,422,476,347,187,1,146,269,289,200,144,3,145,153,187,147,43
20231,A,골목상권,3110330,돌곶이역 1번,785,481,304,1,83,124,161,170,246,0,26,63,88,101,203,1,57,61,73,69,43
20231,A,골목상권,3110335,석계역 7번,2390,1663,727,2,154,218,357,467,1192,0,68,110,204,330,951,2,86,108,153,137,241
20231,A,골목상권,3110332,돌곶이역 3번,2136,1489,647,1,156,186,243,364,1186,0,59,94,136,223,977,1,97,92,107,141,209
20231,A,골목상권,3110389,한일병원,2913,1480,1433,1,556,681,702,645,328,1,161,333,390,368,227,0,395,348,312,277,101
20231,A,골목상권,3110347,구세군강북종합사회복지관,229,109,120,0,29,43,60,41,56,0,5,15,30,21,38,0,24,28,30,20,18
20231,A,골목상권,3110344,화계중학교,765,403,362,0,70,135,208,278,74,0,39,56,106,139,63,0,31,79,102,139,11
20231,A,골목상권,3110353,수유동우체국,2195,1467,728,0,76,117,357,593,1052,0,17,56,240,437,717,0,59,61,117,156,335
20231,A,골목상권,3110387,쌍문초등학교,1023,569,454,0,115,155,279,298,176,0,47,78,125,166,153,0,68,77,154,132,23
20231,A,골목상권,3110337,아카데미하우스,1220,817,403,6,149,254,287,330,194,6,70,184,184,207,166,0,79,70,103,123,28
20231,A,골목상권,3110397,도봉산입구,1081,690,391,0,65,132,223,329,332,0,17,63,112,226,272,0,48,69,111,103,60
20231,A,골목상권,3110406,도봉산역 1번,1282,894,388,0,35,92,248,427,480,0,12,56,183,328,315,0,23,36,65,99,165
20231,A,골목상권,3110415,수락산역 4번,3127,1795,1332,19,436,611,756,776,529,16,238,366,437,450,288,3,198,245,319,326,241
20231,A,골목상권,3110435,서울과학기술대,486,320,166,0,28,85,109,148,116,0,14,37,61,104,104,0,14,48,48,44,12
20231,A,골목상권,3110436,상계제일중학교,1604,823,781,12,185,351,391,391,274,7,70,171,207,186,182,5,115,180,184,205,92
20231,A,골목상권,3110432,대진고등학교,2273,1419,854,3,199,364,570,753,384,2,72,175,325,556,289,1,127,189,245,197,95
20231,A,골목상권,3110483,연천초등학교,1888,990,898,2,87,158,205,289,1147,1,35,83,95,136,640,1,52,75,110,153,507
20231,A,골목상권,3110491,불광중학교,467,194,273,1,38,82,132,139,75,1,13,39,53,48,40,0,25,43,79,91,35
20231,A,골목상권,3110452,새절역 3번,1150,767,383,3,83,169,269,341,285,3,52,85,159,216,252,0,31,84,110,125,33
20231,A,골목상권,3110469,응암정보도서관,2593,1307,1286,1,277,517,711,671,416,0,105,249,330,338,285,1,172,268,381,333,131
20231,A,골목상권,3110471,응암동우체국,1068,455,613,2,131,198,295,296,146,1,38,64,109,149,94,1,93,134,186,147,52
20231,A,골목상권,3110494,증산3교남측,1503,1100,403,0,61,162,176,249,855,0,27,76,66,146,785,0,34,86,110,103,70
20231,A,골목상권,3110497,가좌역 3번,3639,2210,1429,4,227,430,591,916,1471,2,157,288,394,494,875,2,70,142,197,422,596
20231,A,골목상권,3110501,연희어린이공원,1435,806,629,9,204,340,341,335,206,8,95,227,185,158,133,1,109,113,156,177,73
20231,A,골목상권,3110500,남가좌동현대아파트,219,118,101,0,28,30,52,77,32,0,13,18,25,47,15,0,15,12,27,30,17
20231,A,골목상권,3110530,아현역 1번,1285,656,629,2,341,431,249,154,108,1,130,243,133,83,66,1,211,188,116,71,42
20231,A,골목상권,3110509,연희대우아파트앞,3108,1452,1656,10,588,768,762,647,333,7,195,340,413,291,206,3,393,428,349,356,127
20231,A,골목상권,3110564,홍대입구역 3번,3719,2005,1714,13,669,919,827,753,538,9,248,448,456,453,391,4,421,471,371,300,147
20231,A,골목상권,3110524,연희세브란스병원,103,61,42,0,12,14,21,21,35,0,6,7,10,13,25,0,6,7,11,8,10
20231,A,골목상권,3110519,서대문구보건소별관,1507,688,819,1,235,290,399,374,208,1,79,135,203,162,108,0,156,155,196,212,100
20231,A,골목상권,3110576,대흥역 3번,5382,3414,1968,79,939,1223,1169,1147,825,29,466,793,820,754,552,50,473,430,349,393,273
20231,A,골목상권,3110573,신촌역 6번,3658,1638,2020,59,1952,841,356,296,154,19,740,412,168,189,110,40,1212,429,188,107,44
20231,A,골목상권,3110563,상수역 3번,1775,1091,684,20,394,537,380,269,175,14,185,322,259,186,125,6,209,215,121,83,50
20231,A,골목상권,3110621,목동역 5번,6561,3403,3158,13,1373,1658,1558,1218,741,7,459,886,925,658,468,6,914,772,633,560,273
20231,A,골목상권,3110604,신월4동주민센터,2562,1829,733,1,147,307,531,813,763,1,63,163,324,591,687,0,84,144,207,222,76
20231,A,골목상권,3110625,신정2동주민센터,16198,9820,6378,112,2886,5330,4076,2804,990,78,1380,3276,2623,1819,644,34,1506,2054,1453,985,346
20231,A,골목상권,3110592,서울금융고등학교,1418,826,592,0,159,268,306,388,297,0,60,114,154,262,236,0,99,154,152,126,61
20231,A,골목상권,3110595,메디힐병원,2673,1506,1167,2,265,534,570,717,585,1,120,277,304,429,375,1,145,257,266,288,210
20231,A,골목상권,3110603,지향초등학교,1491,835,656,3,116,242,379,451,300,0,47,129,201,246,212,3,69,113,178,205,88
20231,A,골목상권,3110694,세곡초등학교,1785,1047,738,2,177,395,445,464,302,0,103,223,225,258,238,2,74,172,220,206,64
20231,A,골목상권,3110614,목동로데오거리,2417,1098,1319,3,334,528,600,608,344,2,114,230,276,284,192,1,220,298,324,324,152
20231,A,골목상권,3110667,가양역 10번,1800,935,865,11,274,339,420,410,346,3,109,178,245,204,196,8,165,161,175,206,150
20231,A,골목상권,3110643,강서구다솔마을,965,598,367,1,130,245,288,220,81,0,61,147,186,143,61,1,69,98,102,77,20
20231,A,골목상권,3110639,신방화역 8번,2731,1181,1550,7,220,288,413,883,920,4,100,169,211,292,405,3,120,119,202,591,515
20231,A,골목상권,3110663,우장산롯데캐슬아파트앞,5359,3199,2160,30,999,1445,1422,975,488,6,423,940,917,567,346,24,576,505,505,408,142
20231,A,골목상권,3110641,공항고등학교,1128,713,415,5,140,196,275,310,202,4,68,126,151,195,169,1,72,70,124,115,33
20231,A,골목상권,3110633,개화산역 1번,1889,1400,489,5,147,329,613,532,263,3,96,226,475,385,215,2,51,103,138,147,48
20231,A,골목상권,3110642,정곡초등학교,685,546,139,4,37,93,162,180,209,3,26,69,120,144,184,1,11,24,42,36,25
20231,A,골목상권,3110678,염창무학아파트,1394,954,440,1,153,288,345,353,254,1,67,196,230,253,207,0,86,92,115,100,47
20231,A,골목상권,3110653,화곡역 2번,3217,1604,1613,4,830,737,647,610,389,2,234,386,349,374,259,2,596,351,298,236,130
20231,A,골목상권,3110664,강서구청옆,5115,3052,2063,3,737,1589,1285,1162,339,2,325,916,765,801,243,1,412,673,520,361,96
20231,A,골목상권,3110661,강서새말어린이공원,5000,2990,2010,3,614,1412,1299,1279,393,1,264,757,773,902,293,2,350,655,526,377,100
20231,A,골목상권,3110710,남구로역 3번,11294,7278,4016,42,2025,3289,2861,1783,1294,27,997,2122,1963,1237,932,15,1028,1167,898,546,362
20231,A,골목상권,3110683,오류고등학교,947,549,398,2,104,203,251,259,128,0,46,117,149,161,76,2,58,86,102,98,52
20231,A,골목상권,3110687,"천왕역 3번(오류2동주민센터, 서울오류남초등학교)",611,327,284,2,64,145,181,164,55,0,25,67,94,101,40,2,39,78,87,63,15
20231,A,골목상권,3110740,금천해태공원,2272,1221,1051,12,314,449,585,607,305,12,140,242,307,289,231,0,174,207,278,318,74
20231,A,골목상권,3110733,금천어울림복지센터,1394,848,546,6,220,294,309,352,213,6,95,175,196,198,178,0,125,119,113,154,35
20231,A,골목상권,3110739,시흥3동 우편취급국,6057,3396,2661,12,415,798,1378,1593,1861,3,218,521,767,793,1094,9,197,277,611,800,767
20231,A,골목상권,3110794,영동초등학교,6731,4384,2347,7,908,1678,1868,1488,782,4,484,1187,1296,880,533,3,424,491,572,608,249
20231,A,골목상권,3110796,한림대학교한강성심병원,4703,2546,2157,8,1205,1185,1032,730,543,0,356,602,664,496,428,8,849,583,368,234,115
20231,A,골목상권,3110773,당산역 13번,2296,1625,671,5,321,455,469,433,613,2,200,319,306,314,484,3,121,136,163,119,129
20231,A,골목상권,3110775,대동초등학교,2205,1172,1033,3,265,305,440,491,701,2,87,154,225,267,437,1,178,151,215,224,264
20231,A,골목상권,3110802,신길동홍어거리,1688,958,730,2,163,356,336,340,491,0,66,161,165,198,368,2,97,195,171,142,123
20231,A,골목상권,3110814,서울지방병무청,7231,4542,2689,9,1277,1559,1449,2091,846,3,648,1005,888,1436,562,6,629,554,561,655,284
20231,A,골목상권,3110791,신풍역 3번,962,409,553,2,107,204,340,219,90,1,55,84,106,98,65,1,52,120,234,121,25
20231,A,골목상권,3110826,장승배기역 4번,1539,717,822,2,208,317,383,327,302,1,88,174,163,145,146,1,120,143,220,182,156
20231,A,골목상권,3110846,남성역 1번,3023,1643,1380,6,279,488,722,688,840,4,110,241,329,370,589,2,169,247,393,318,251
20231,A,골목상권,3110849,이수역 10번,2020,917,1103,9,243,385,555,503,325,3,74,176,237,222,205,6,169,209,318,281,120
20231,A,골목상권,3110904,이수역 5번,7580,3075,4505,27,1481,1942,1814,1328,988,11,481,754,719,541,569,16,1000,1188,1095,787,419
20231,A,골목상권,3110845,사당종합체육관,2216,1328,888,1,343,604,608,487,173,0,142,347,418,296,125,1,201,257,190,191,48
20231,A,골목상권,3110838,상도1동주민센터앞,470,279,191,0,38,134,125,108,65,0,24,64,76,59,56,0,14,70,49,49,9
20231,A,골목상권,3110842,흑리단길,333,124,209,1,42,51,91,88,60,0,9,16,31,31,37,1,33,35,60,57,23
20231,A,골목상권,3110895,샤로수길,9100,5774,3326,22,1457,2643,2011,1949,1018,12,741,1663,1249,1320,789,10,716,980,762,629,229
20231,A,골목상권,3110862,난곡초등학교(난곡동벽화마을),751,369,382,4,90,142,198,179,138,2,33,61,89,89,95,2,57,81,109,90,43
20231,A,골목상권,3110881,구립대학경로당(관악산샘말공원),3491,2506,985,7,487,876,989,802,330,2,285,574,762,628,255,5,202,302,227,174,75
20231,A,골목상권,3110868,남부초등학교,1203,669,534,1,119,222,307,292,262,1,58,121,153,170,166,0,61,101,154,122,96
20231,A,골목상권,3110884,봉천역 4번(봉천110안전센터),2449,1248,1201,5,344,475,517,594,514,2,117,236,287,288,318,3,227,239,230,306,196
20231,A,골목상권,3110945,본마을노인복지센터(서초구립내곡도서관),282,173,109,3,60,68,60,61,30,3,24,39,39,44,24,0,36,29,21,17,6
20231,A,골목상권,3110923,방배역 1번,7685,4925,2760,99,1271,2216,1992,1225,882,30,656,1274,1396,874,695,69,615,942,596,351,187
20231,A,골목상권,3111013,송파나루역 1번(송리단길),13204,8353,4851,24,2104,4019,3310,2243,1504,8,1026,2562,2230,1466,1061,16,1078,1457,1080,777,443
20231,A,골목상권,3111063,강동구립 천호도서관,2780,1638,1142,5,183,340,451,548,1253,5,84,173,243,277,856,0,99,167,208,271,397
20231,A,골목상권,3111075,굽은다리역 2번,2417,1284,1133,3,301,474,580,612,447,1,128,269,277,326,283,2,173,205,303,286,164
20231,A,골목상권,3111058,성내중학교,2021,1203,818,3,223,404,536,552,303,1,135,242,295,323,207,2,88,162,241,229,96
20231,A,골목상권,3111055,선사초등학교,1504,437,1067,1,125,210,322,498,348,0,66,114,117,64,76,1,59,96,205,434,272
20231,A,골목상권,3110535,영천시장입구,1407,635,772,2,148,229,338,457,233,2,47,91,151,210,134,0,101,138,187,247,99
20231,A,골목상권,3110009,자하문터널,2236,1348,888,1,463,684,579,375,134,1,207,424,359,259,98,0,256,260,220,116,36
20231,A,골목상권,3110033,창신역 4번,852,441,411,1,111,175,201,230,134,0,33,87,107,143,71,1,78,88,94,87,63
20231,A,골목상권,3110044,관성묘,34192,15760,18432,442,11564,8837,6437,4830,2082,190,5585,5080,3417,1066,422,252,5979,3757,3020,3764,1660
20231,A,골목상권,3110023,서울대병원,2374,1256,1118,7,511,735,518,390,213,2,179,349,299,269,158,5,332,386,219,121,55
20231,A,골목상권,3110911,방배배수지체육공원,5174,3320,1854,19,999,1738,1199,574,645,7,472,1151,868,368,454,12,527,587,331,206,191
20231,A,골목상권,3110925,서초중학교,7154,4224,2930,46,1556,2069,1769,1060,654,22,621,1233,1169,687,492,24,935,836,600,373,162
20231,A,골목상권,3110939,양재역 8번(양재동우체국),41563,20436,21127,491,8989,10005,11680,7308,3090,234,4386,5999,4772,2772,2273,257,4603,4006,6908,4536,817
20231,A,골목상권,3110957,언북중학교,19599,10831,8768,50,4379,6251,4791,2651,1477,12,1584,3303,3059,1807,1066,38,2795,2948,1732,844,411
20231,A,골목상권,3110965,언주역 6번,9740,5517,4223,23,2101,3089,2326,1335,866,8,808,1801,1548,764,588,15,1293,1288,778,571,278
20231,A,골목상권,3110989,대치동아우편취급국,11455,6945,4510,30,1728,2699,2466,2216,2316,10,807,1670,1718,1423,1317,20,921,1029,748,793,999
20231,A,골목상권,3110976,언북초등학교,7421,3945,3476,22,1768,2422,1579,974,656,5,662,1328,981,573,396,17,1106,1094,598,401,260
20231,A,골목상권,3111009,송파책박물관,1894,1412,482,3,218,363,367,454,489,1,177,296,267,293,378,2,41,67,100,161,111
20231,A,골목상권,3111036,투구봉어린이공원,2144,1386,758,11,342,562,503,501,225,9,231,389,324,276,157,2,111,173,179,225,68
20231,A,골목상권,3111039,벌말어린이공원,2919,1879,1040,10,337,724,752,674,422,9,200,492,489,409,280,1,137,232,263,265,142
20231,A,골목상권,3110022,경신고등학교,5909,2689,3220,26,974,1661,1479,1083,686,19,336,787,696,497,354,7,638,874,783,586,332
20231,A,골목상권,3110280,북정마을,1209,815,394,9,195,326,356,231,92,2,107,241,255,149,61,7,88,85,101,82,31
20231,A,골목상권,3110590,만리재,1137,499,638,0,203,311,256,242,125,0,72,138,121,98,70,0,131,173,135,144,55
20231,A,골목상권,3110538,충정로역 3번,6660,3985,2675,3,1234,1988,1797,1041,597,2,614,1164,1117,687,401,1,620,824,680,354,196
20231,A,골목상권,3110074,서울역 12번,26467,15378,11089,166,9386,8469,5337,2396,713,16,2581,5612,4442,2143,584,150,6805,2857,895,253,129
20231,A,골목상권,3110079,후암동주민센터,23635,17320,6315,25,4338,8442,6036,3464,1330,14,2507,5969,5038,2823,969,11,1831,2473,998,641,361
20231,A,골목상권,3110084,경리단길북측,1137,629,508,2,162,321,292,215,145,0,72,172,152,124,109,2,90,149,140,91,36
20231,A,골목상권,3110081,해방촌 남동측,1004,549,455,0,167,274,244,214,105,0,70,167,133,107,72,0,97,107,111,107,33
20231,A,골목상권,3110071,한강미주맨션아파트,7694,4336,3358,39,937,1689,2729,1822,478,30,410,993,1467,1121,315,9,527,696,1262,701,163
20231,A,골목상권,3110070,용산세무서,4544,2531,2013,7,511,842,1763,1106,315,0,317,511,830,654,219,7,194,331,933,452,96
20231,A,골목상권,3110062,한강로동땡땡거리(은행나무길),6939,4293,2646,11,881,2017,1923,1394,713,7,381,1078,1310,1036,481,4,500,939,613,358,232
20231,A,골목상권,3110101,옥정중학교,7875,6553,1322,8,667,2533,2557,1899,211,4,336,1961,2280,1793,179,4,331,572,277,106,32
20231,A,골목상권,3110102,옥수역 6번,3841,1318,2523,3,1030,1177,844,551,236,0,231,368,353,245,121,3,799,809,491,306,115
20231,A,골목상권,3110252,장안제일시장,1463,895,568,1,172,277,384,342,287,1,77,179,182,215,241,0,95,98,202,127,46
20231,A,골목상권,3110255,상봉역 4번,4054,2483,1571,6,455,886,1164,879,664,1,218,560,648,531,525,5,237,326,516,348,139
20231,A,골목상권,3110259,사가정역 1번,2849,1765,1084,6,311,616,796,665,455,3,137,348,463,463,351,3,174,268,333,202,104
20231,A,골목상권,3110247,먹골역 1번,1727,841,886,0,201,366,470,450,240,0,59,164,206,235,177,0,142,202,264,215,63
20231,A,골목상권,3110244,중화역 4번,2138,1412,726,2,328,556,501,482,269,2,197,350,310,346,207,0,131,206,191,136,62
20231,A,골목상권,3110251,장안중학교,1630,858,772,0,198,364,401,366,301,0,75,156,203,193,231,0,123,208,198,173,70
20231,A,골목상권,3110271,신내역 1번,2482,929,1553,4,592,712,487,573,114,1,121,285,240,223,59,3,471,427,247,350,55
20231,A,골목상권,3110296,성신여대입구역 4번,12695,7697,4998,59,1926,3038,3949,2285,1438,26,872,1766,2632,1690,711,33,1054,1272,1317,595,727
20231,A,골목상권,3110297,경동고등학교,7690,3952,3738,8,907,1939,2285,1889,662,4,314,848,1159,1261,366,4,593,1091,1126,628,296
20231,A,골목상권,3110378,송중동주민센터,1126,533,593,8,114,164,325,277,238,6,49,71,143,123,141,2,65,93,182,154,97
20231,A,골목상권,3110142,화양사거리,2804,1663,1141,4,514,723,673,527,363,1,251,457,441,258,255,3,263,266,232,269,108
20231,A,골목상권,3110179,광나루역 1번,5756,3390,2366,160,2246,981,941,998,430,51,1063,679,646,684,267,109,1183,302,295,314,163
20231,A,골목상권,3110180,광진정보도서관,8061,5134,2927,18,2150,2859,1722,920,392,5,1092,1920,1198,611,308,13,1058,939,524,309,84
20231,A,골목상권,3110159,구의역 4번,5367,2836,2531,7,750,1225,1369,1270,746,7,284,550,682,767,546,0,466,675,687,503,200
20231,A,골목상권,3110148,어린이대공원역 3번,1054,772,282,0,83,139,292,374,166,0,39,93,207,287,146,0,44,46,85,87,20
20231,A,골목상권,3110153,중곡1동주민센터,4344,1904,2440,82,1289,748,851,997,377,28,556,394,376,309,241,54,733,354,475,688,136
20231,A,골목상권,3110228,장안근린공원,5579,2983,2596,50,1846,996,988,1029,670,31,967,565,447,513,460,19,879,431,541,516,210
20231,A,골목상권,3110183,한국의류시험연구원,5635,1896,3739,5,941,1338,1052,1352,947,1,284,602,411,281,317,4,657,736,641,1071,630
20231,A,골목상권,3110210,서울시립대,1290,734,556,4,172,214,230,290,380,1,63,119,130,137,284,3,109,95,100,153,96
20231,A,골목상권,3110197,세종대왕기념관교차로,681,441,240,1,42,138,243,179,78,1,22,79,156,117,66,0,20,59,87,62,12
20231,A,골목상권,3110317,종암중학교,856,427,429,0,69,203,291,204,89,0,23,84,143,127,50,0,46,119,148,77,39
20231,A,골목상권,3110269,용마문화복지센터,1193,806,387,1,105,206,253,351,277,0,39,123,168,269,207,1,66,83,85,82,70
20231,A,골목상권,3110262,상봉역 3번,2597,1501,1096,5,405,724,834,459,170,3,233,499,436,209,121,2,172,225,398,250,49
20231,A,골목상권,3110243,중랑노인종합복지관,1280,706,574,2,112,204,300,372,290,1,37,90,161,202,215,1,75,114,139,170,75
20231,A,골목상권,3110414,장석교회,402,255,147,4,50,79,115,101,53,2,29,47,75,62,40,2,21,32,40,39,13
20231,A,골목상권,3110287,정릉3동주민센터,875,585,290,0,79,170,271,258,97,0,28,91,181,204,81,0,51,79,90,54,16
20231,A,골목상권,3110375,서울북부고용노동지청,845,360,485,1,109,138,239,204,154,0,39,61,79,89,92,1,70,77,160,115,62
20231,A,골목상권,3110399,창2동주민센터,1602,880,722,10,196,366,466,372,192,9,106,227,240,168,130,1,90,139,226,204,62
20231,A,골목상권,3110354,삼각산119안전센터,344,130,214,1,37,80,102,76,48,0,8,21,42,29,30,1,29,59,60,47,18
20231,A,골목상권,3110350,가오리역 2번,1785,1189,596,0,95,235,490,631,334,0,24,137,343,423,262,0,71,98,147,208,72
20231,A,골목상권,3110410,방학역 2번,5184,3020,2164,10,533,1200,1296,1319,826,9,263,670,687,796,595,1,270,530,609,523,231
20231,A,골목상권,3110411,도봉역 3번,1429,925,504,2,98,247,291,426,365,1,28,129,162,293,312,1,70,118,129,133,53
20231,A,골목상권,3110400,도봉구보건소,1846,892,954,4,271,357,453,479,282,3,89,169,210,236,185,1,182,188,243,243,97
20231,A,골목상권,3110409,창동역 2번,5869,3927,1942,2,646,1342,1458,1180,1241,0,365,971,1044,680,867,2,281,371,414,500,374
20231,A,골목상권,3110434,태릉입구역 4번,2447,893,1554,4,239,367,566,692,579,2,84,195,227,195,190,2,155,172,339,497,389
20231,A,골목상권,3110426,상계2동주민센터,2416,1320,1096,14,360,487,625,559,371,11,137,269,322,324,257,3,223,218,303,235,114
20231,A,골목상권,3110465,연신내역 7번,2257,927,1330,9,386,528,559,476,299,5,118,240,230,184,150,4,268,288,329,292,149
20231,A,골목상권,3110490,녹번동근린공원,3783,1923,1860,7,438,883,1034,1016,405,4,202,399,477,577,264,3,236,484,557,439,141
20231,A,골목상권,3110489,불광역 3번,716,357,359,0,96,185,192,137,106,0,35,89,98,60,75,0,61,96,94,77,31
20231,A,골목상권,3110479,연신내역 2번,2576,1321,1255,3,157,300,327,507,1282,1,56,170,162,218,714,2,101,130,165,289,568
20231,A,골목상권,3110493,북가좌초등학교,1809,1358,451,0,58,129,215,372,1035,0,18,54,90,234,962,0,40,75,125,138,73
20231,A,골목상권,3110492,하나고등학교,540,262,278,1,21,104,141,149,124,0,6,75,108,50,23,1,15,29,33,99,101
20231,A,골목상권,3110514,서대문우체국,5884,4292,1592,5,831,1136,1085,2109,718,2,601,819,690,1648,532,3,230,317,395,461,186
20231,A,골목상권,3110562,연트럴파크(연남동주민센터),2875,1653,1222,6,493,708,654,605,409,5,216,416,353,352,311,1,277,292,301,253,98
20231,A,골목상권,3110508,서연중학교,4731,2947,1784,65,1080,1249,854,927,556,33,608,915,530,502,359,32,472,334,324,425,197
20231,A,골목상권,3110513,연희파출소,3363,2204,1159,22,567,790,725,790,469,9,272,540,501,544,338,13,295,250,224,246,131
20231,A,골목상권,3110518,서대문구청,3722,1975,1747,12,546,1034,1058,869,203,9,200,479,568,581,138,3,346,555,490,288,65
20231,A,골목상권,3110577,용강동주민센터,9059,5496,3563,86,1376,2019,2088,1811,1679,35,752,1266,1421,1058,964,51,624,753,667,753,715
20231,A,골목상권,3110525,홍은종합사회복지관,7221,1312,5909,3,183,467,1911,3557,1100,1,69,144,285,391,422,2,114,323,1626,3166,678
20231,A,골목상권,3110515,홍은중학교,1043,706,337,1,143,296,295,199,109,1,75,191,205,147,87,0,68,105,90,52,22
20231,A,골목상권,3110583,공덕래미안3차아파트,6179,4019,2160,25,972,2169,1807,999,207,2,442,1254,1331,841,149,23,530,915,476,158,58
20231,A,골목상권,3110559,성산중학교,3953,2244,1709,15,791,1163,989,658,337,10,291,617,630,448,248,5,500,546,359,210,89
20231,A,골목상권,3110673,뜸부기어린이공원,3925,1626,2299,2,811,1050,872,768,422,1,199,434,404,342,246,1,612,616,468,426,176
20231,A,골목상권,3110593,신월3동주민센터,1762,1006,756,1,186,325,388,471,391,0,75,151,191,286,303,1,111,174,197,185,88
20231,A,골목상권,3110605,목동센트럴아이파크앞,1499,829,670,1,100,208,369,491,330,0,43,115,174,261,236,1,57,93,195,230,94
20231,A,골목상권,3110644,신광명마을,984,638,346,8,82,134,249,286,225,5,35,58,135,196,209,3,47,76,114,90,16
20231,A,골목상권,3110634,송정역 3번,2258,1399,859,4,275,506,610,511,352,1,117,307,373,338,263,3,158,199,237,173,89
20231,A,골목상권,3110637,송정역 2번,2971,1382,1589,8,213,374,533,870,973,1,106,229,321,293,432,7,107,145,212,577,541
20231,A,골목상권,3110717,남구로역 2번,14015,9786,4229,70,2885,4254,3438,2015,1353,55,1641,3012,2557,1417,1104,15,1244,1242,881,598,249
20231,A,골목상권,3110704,고척중학교,2226,1605,621,3,212,447,479,523,562,2,146,303,298,357,499,1,66,144,181,166,63
20231,A,골목상권,3110711,구로초등학교,6053,3126,2927,18,987,1548,1351,1432,717,6,398,756,689,847,430,12,589,792,662,585,287
20231,A,골목상권,3110853,KT구로지사,2641,1608,1033,1,319,772,649,545,355,0,145,461,405,335,262,1,174,311,244,210,93
20231,A,골목상권,3110719,영서중학교,8289,5933,2356,59,1796,2525,2024,1273,612,45,1066,1810,1558,970,484,14,730,715,466,303,128
20231,A,골목상권,3110681,온수역 1번,770,608,162,1,32,106,134,230,267,1,15,68,84,193,247,0,17,38,50,37,20
20231,A,골목상권,3110686,수궁동주민센터,1712,942,770,4,166,281,410,516,335,2,67,147,225,281,220,2,99,134,185,235,115
20231,A,골목상권,3110724,금천구립가산도서관,11383,7546,3837,40,1693,3181,2821,2099,1549,26,938,2131,2094,1485,872,14,755,1050,727,614,677
20231,A,골목상권,3110737,금천세무서,1798,1125,673,11,253,347,446,436,305,2,132,205,256,291,239,9,121,142,190,145,66
20231,A,골목상권,3110751,난곡중학교,4170,2971,1199,5,268,560,768,723,1846,4,152,299,440,412,1664,1,116,261,328,311,182
20231,A,골목상권,3110770,영등포구청역 6번,3743,2293,1450,10,456,798,1009,775,695,8,198,431,610,510,536,2,258,367,399,265,159
20231,A,골목상권,3110774,당산반도유보라팰리스아파트,6057,3990,2067,23,1174,1514,1210,1260,876,16,690,964,811,881,628,7,484,550,399,379,248
20231,A,골목상권,3110784,신대림초등학교,635,358,277,0,52,113,172,193,105,0,17,54,98,114,75,0,35,59,74,79,30
20231,A,골목상권,3110790,대림1동주민센터,1866,1133,733,8,165,442,606,439,206,6,106,276,315,276,154,2,59,166,291,163,52
20231,A,골목상권,3110797,KT대방빌딩,2388,1195,1193,9,744,610,471,373,181,6,202,321,282,247,137,3,542,289,189,126,44
20231,A,골목상권,3110767,도림동주민센터,1986,1301,685,12,195,337,469,452,521,9,94,206,296,293,403,3,101,131,173,159,118
20231,A,골목상권,3110795,도림초등학교,1472,844,628,3,149,235,336,361,388,3,60,124,194,196,267,0,89,111,142,165,121
20231,A,골목상권,3110816,대방역 6번,1738,1058,680,6,221,364,462,314,371,4,113,216,301,190,234,2,108,148,161,124,137
20231,A,골목상권,3110805,신길새마을금고신길4동지점,1023,537,486,1,157,206,259,272,128,0,62,106,133,146,90,1,95,100,126,126,38
20231,A,골목상권,3110760,선유도역 6번,5228,3263,1965,14,772,1203,1346,1246,647,10,420,748,783,769,533,4,352,455,563,477,114
20231,A,골목상권,3110829,장승배기역 5번,1910,1113,797,2,354,419,433,426,276,1,244,230,215,246,177,1,110,189,218,180,99
20231,A,골목상권,3110823,신대방삼거리역 3번,18527,11847,6680,53,3630,3578,3043,4396,3827,29,2845,2902,1956,2093,2022,24,785,676,1087,2303,1805
20231,A,골목상권,3110825,신대방삼거리역 1번,1887,1186,701,4,200,384,537,438,324,2,118,234,332,261,239,2,82,150,205,177,85
20231,A,골목상권,3110902,사당역 4번,4587,2962,1625,5,748,1134,1234,856,610,3,391,730,829,555,454,2,357,404,405,301,156
20231,A,골목상권,3110848,양지어린이공원,2097,1112,985,2,190,322,522,478,583,1,51,160,244,247,409,1,139,162,278,231,174
20231,A,골목상권,3110837,숭실대입구역 1번,7582,3000,4582,54,1016,1317,1684,2308,1203,29,513,708,790,619,341,25,503,609,894,1689,862
20231,A,골목상권,3110869,"신림역 5번(신림동주민센터, 신림동별빛거리)",3655,2148,1507,5,394,824,948,715,769,3,166,460,534,430,555,2,228,364,414,285,214
20231,A,골목상권,3110844,흑석2치안센터,160,91,69,1,22,48,41,25,23,1,12,21,23,16,18,0,10,27,18,9,5
20231,A,골목상권,3110897,서울대입구역 8번,3249,1771,1478,17,519,696,762,756,499,10,216,361,414,426,344,7,303,335,348,330,155
20231,A,골목상권,3110865,남강고등학교(남강중학교),1253,655,598,10,151,251,310,354,177,7,69,139,159,167,114,3,82,112,151,187,63
20231,A,골목상권,3110909,남태령역(서울전자고등학교),640,329,311,2,35,69,132,263,139,2,9,34,62,132,90,0,26,35,70,131,49
20231,A,골목상권,3110887,서울산업정보학교(서울삼성초등학교),1438,924,514,2,150,309,356,436,185,0,51,150,237,337,149,2,99,159,119,99,36
20231,A,골목상권,3110860,호림박물관(성보고등학교),1990,1169,821,6,297,530,482,443,232,2,133,294,297,266,177,4,164,236,185,177,55
20231,A,골목상권,3110883,은천초등학교(은천교앞),3082,1294,1788,17,445,582,703,892,443,2,110,250,330,308,294,15,335,332,373,584,149
20231,A,골목상권,3110877,신림역 8번,2858,1276,1582,5,569,617,591,596,480,1,169,257,289,245,315,4,400,360,302,351,165
20231,A,골목상권,3110894,관악동부센트레빌아파트(은천로35라길),7043,2668,4375,54,994,1207,1567,2169,1052,30,470,649,731,579,209,24,524,558,836,1590,843
20231,A,골목상권,3110946,청계산원터골,162,69,93,0,24,18,42,31,47,0,12,10,25,7,15,0,12,8,17,24,32
20231,A,골목상권,3110924,반포4동주민센터(몽마르뜨공원),77734,71457,6277,26,7647,15682,20670,31194,2515,11,6234,13666,18911,30353,2282,15,1413,2016,1759,841,233
20231,A,골목상권,3110922,내방역 1번,15637,10488,5149,75,3040,4842,3871,2935,874,57,1457,2908,2911,2496,659,18,1583,1934,960,439,215
20231,A,골목상권,3110929,남부터미널역 1번,36239,19956,16283,80,7810,8818,7565,9758,2208,25,2589,4537,4266,6904,1635,55,5221,4281,3299,2854,573
20231,A,골목상권,3110980,개포지구대옆,18101,5325,12776,71,2848,3483,6555,4107,1037,34,1294,1688,1158,625,526,37,1554,1795,5397,3482,511
20231,A,골목상권,3110951,신사은행나무공원,9132,5156,3976,46,2729,2597,1929,1129,702,14,1093,1493,1282,764,510,32,1636,1104,647,365,192
20231,A,골목상권,3111024,경찰병원역 4번(건너말공원),10720,6112,4608,57,1433,2394,2566,2144,2126,27,681,1469,1754,1167,1014,30,752,925,812,977,1112
20231,A,골목상권,3111046,마천역(마천초등학교),2560,1555,1005,5,274,560,700,645,376,1,145,333,390,383,303,4,129,227,310,262,73
20231,A,골목상권,3111044,남천초등학교,1831,923,908,1,191,385,506,486,262,0,87,192,216,220,208,1,104,193,290,266,54
20231,A,골목상권,3111033,문정동성당,32663,26076,6587,11,2622,5719,9448,12913,1950,4,1647,4277,7502,11343,1303,7,975,1442,1946,1570,647
20231,A,골목상권,3111019,한성백제역 3번,15362,8061,7301,39,2405,3433,3255,3668,2562,30,1305,2236,1757,1393,1340,9,1100,1197,1498,2275,1222
20231,A,골목상권,3111007,석촌고분역 4번,4469,2987,1482,9,625,1051,1004,989,791,8,392,705,646,633,603,1,233,346,358,356,188
20231,A,골목상권,3111004,삼전역 1번,11074,7193,3881,42,1623,2462,2544,2663,1740,4,728,1489,1666,1950,1356,38,895,973,878,713,384
20231,A,골목상권,3111051,천호역 6번,3537,1976,1561,10,608,745,821,822,531,4,339,401,414,434,384,6,269,344,407,388,147
20231,A,골목상권,3111018,풍납초등학교(풍납백제문화공원),958,634,324,0,133,194,216,258,157,0,84,122,134,175,119,0,49,72,82,83,38
20231,A,골목상권,3111078,굽은다리역 4번,3935,2367,1568,9,362,678,891,1032,963,5,192,427,513,612,618,4,170,251,378,420,345
20231,A,골목상권,3111082,중앙보훈병원,476,316,160,0,30,57,76,119,194,0,18,40,52,73,133,0,12,17,24,46,61
20231,A,골목상권,3111086,한영중고,702,392,310,1,68,159,171,215,88,1,31,67,87,136,70,0,37,92,84,79,18
20231,A,골목상권,3111064,둔촌동역 4번,2203,1364,839,6,236,423,519,533,486,5,121,252,314,340,332,1,115,171,205,193,154
20231,A,골목상권,3111070,천호초등학교,1434,798,636,6,118,348,397,393,172,1,45,166,221,243,122,5,73,182,176,150,50
20231,A,골목상권,3111057,천호공원(해공체육문화센터),1546,745,801,2,167,228,317,374,458,2,47,73,121,162,340,0,120,155,196,212,118
20232,A,골목상권,3110888,청룡동주민센터,1962,823,1139,4,400,564,469,301,224,0,83,193,220,164,163,4,317,371,249,137,61
20232,A,골목상권,3110896,관악우성아파트,736,263,473,3,103,109,175,206,140,2,34,34,61,79,53,1,69,75,114,127,87
20232,A,골목상권,3110948,헌인가구단지,57,27,30,0,5,24,14,11,3,0,4,12,6,2,3,0,1,12,8,9,0
20232,A,골목상권,3110921,서울프랑스학교,78980,73122,5858,28,7548,16129,20976,31809,2490,12,6231,14222,19329,31052,2276,16,1317,1907,1647,757,214
20232,A,골목상권,3110912,방배동사이길,10864,6872,3992,39,2280,3332,2614,1988,611,11,836,2031,1921,1590,483,28,1444,1301,693,398,128
20232,A,골목상권,3110933,한국상담대학원대학교,5166,2935,2231,17,1332,1552,1139,789,337,4,500,976,763,474,218,13,832,576,376,315,119
20232,A,골목상권,3110935,한전아트센터,15447,13162,2285,22,2512,5659,3695,2968,591,17,1823,4896,3229,2703,494,5,689,763,466,265,97
20232,A,골목상권,3110984,포이초등학교(개포목련어린이공원),3582,2150,1432,4,498,767,882,784,647,1,250,501,486,430,482,3,248,266,396,354,165
20232,A,골목상권,3110978,도곡2동주민센터(대치중학교),9979,6980,2999,40,2087,3214,2294,1200,1144,23,1136,2370,1884,909,658,17,951,844,410,291,486
20232,A,골목상권,3110880,신림역 1번,1885,706,1179,2,469,465,373,346,230,1,114,169,180,115,127,1,355,296,193,231,103
20232,A,골목상권,3110971,선정릉역 4번,19901,10561,9340,56,4117,6246,4806,2922,1754,20,1411,3453,2772,1734,1171,36,2706,2793,2034,1188,583
20232,A,골목상권,3110974,언주중학교,8256,5430,2826,32,1847,2573,1708,1193,903,20,851,1532,1318,975,734,12,996,1041,390,218,169
20232,A,골목상권,3110975,매봉역 1번,20752,14192,6560,76,4365,5383,5577,4328,1023,51,2288,3472,4126,3439,816,25,2077,1911,1451,889,207
20232,A,골목상권,3111040,거여초등학교,2357,1472,885,10,310,602,594,522,319,9,179,402,365,295,222,1,131,200,229,227,97
20232,A,골목상권,3111026,문정역 2번,5159,3277,1882,8,771,1232,1312,1131,705,3,429,810,876,634,525,5,342,422,436,497,180
20232,A,골목상권,3111017,송파나루역 3번,3628,2432,1196,16,792,796,869,755,400,11,460,537,585,527,312,5,332,259,284,228,88
20232,A,골목상권,3111010,석촌역 7번,7142,5058,2084,9,802,1620,1617,1242,1852,6,441,1150,1102,793,1566,3,361,470,515,449,286
20232,A,골목상권,3111034,오동나무공원(송파레미니스1단지),3543,2415,1128,7,500,770,849,906,511,6,300,543,575,584,407,1,200,227,274,322,104
20232,A,골목상권,3111030,방이역 2번,20738,15418,5320,18,2658,5004,5332,4928,2798,6,1628,3495,4144,4200,1945,12,1030,1509,1188,728,853
20232,A,골목상권,3111085,묘곡초등학교(고덕아이파크아파트),1513,784,729,0,146,290,369,382,326,0,61,149,169,194,211,0,85,141,200,188,115
20232,A,골목상권,3111077,길동주민센터(강동도서관),6406,3327,3079,16,671,1129,1499,1694,1397,9,330,650,809,710,819,7,341,479,690,984,578
20232,A,골목상권,3111076,둔촌2동주민센터,2137,1170,967,3,262,433,458,484,497,1,104,223,250,249,343,2,158,210,208,235,154
20232,A,골목상권,3111080,굽은다리역 3번,1729,778,951,2,186,308,401,447,385,0,66,164,188,178,182,2,120,144,213,269,203
20232,A,골목상권,3110536,돈의문센트레빌아파트입구,1695,833,862,1,260,434,449,376,175,1,78,212,254,177,111,0,182,222,195,199,64
20232,A,골목상권,3110029,동대문역 1번,1644,738,906,3,231,331,381,390,308,1,67,127,179,186,178,2,164,204,202,204,130
20232,A,골목상권,3110037,신설동역 12번,6845,2610,4235,8,686,1039,1229,1827,2056,0,200,462,558,454,936,8,486,577,671,1373,1120
20232,A,골목상권,3110021,성균관대학교,1380,854,526,13,176,218,316,344,313,11,77,113,213,233,207,2,99,105,103,111,106
20232,A,골목상권,3110050,약수역 7번,1836,960,876,2,250,436,467,418,263,2,91,213,281,223,150,0,159,223,186,195,113
20232,A,골목상권,3110056,신당역 3번,2607,1426,1181,6,401,693,647,505,355,6,185,356,340,292,247,0,216,337,307,213,108
20232,A,골목상권,3110042,남산골공원옆,3487,1845,1642,11,347,719,1132,882,396,6,133,341,523,568,274,5,214,378,609,314,122
20232,A,골목상권,3110067,배문고등학교,6040,2831,3209,9,1156,1772,1294,977,832,3,287,644,651,605,641,6,869,1128,643,372,191
20232,A,골목상권,3110090,한국폴리텍대학서울정수캠퍼스,6854,4231,2623,17,1075,2196,2359,934,273,8,504,1107,1684,735,193,9,571,1089,675,199,80
20232,A,골목상권,3110088,오산고등학교,7060,4470,2590,17,1103,2335,2474,899,232,7,558,1213,1793,727,172,10,545,1122,681,172,60
20232,A,골목상권,3110087,이태원엔틱가구거리,3473,1835,1638,14,616,996,784,725,338,11,220,474,424,457,249,3,396,522,360,268,89
20232,A,골목상권,3110063,효창공원앞역 5번,2545,1665,880,15,308,566,692,530,434,12,172,383,458,344,296,3,136,183,234,186,138
20232,A,골목상권,3110058,성심여자고등학교,6811,4886,1925,22,1067,2028,1812,1308,574,7,598,1398,1383,1048,452,15,469,630,429,260,122
20232,A,골목상권,3110098,서울독일학교,19270,15584,3686,22,2331,4742,5464,6112,599,14,1127,3406,4759,5764,514,8,1204,1336,705,348,85
20232,A,골목상권,3110096,한남힐사이드아파트,5546,3662,1884,5,1168,1544,1281,1282,266,3,498,976,912,1046,227,2,670,568,369,236,39
20232,A,골목상권,3110100,옥수동우편취급국,7613,6422,1191,7,609,2450,2479,1864,204,4,305,1915,2241,1784,173,3,304,535,238,80,31
20232,A,골목상권,3110119,마장지하차도,2046,656,1390,1,159,260,428,704,494,0,83,139,167,155,112,1,76,121,261,549,382
20232,A,골목상권,3110118,왕십리역 9번,1141,733,408,1,167,270,301,259,143,0,85,164,189,178,117,1,82,106,112,81,26
20232,A,골목상권,3110131,성수동카페거리,16372,10013,6359,69,3574,4475,3610,2782,1862,39,1790,2879,2348,1642,1315,30,1784,1596,1262,1140,547
20232,A,골목상권,3110134,성수119안전센터,3342,2382,960,73,532,823,835,706,373,34,330,619,609,498,292,39,202,204,226,208,81
20232,A,골목상권,3110139,자양4동주민센터,2367,1870,497,9,270,601,637,559,291,5,194,486,509,441,235,4,76,115,128,118,56
20232,A,골목상권,3110136,경수초등학교,16150,9947,6203,123,3454,3934,3551,3098,1990,71,1698,2541,2333,1900,1404,52,1756,1393,1218,1198,586
20232,A,골목상권,3110155,광진구청,12629,9937,2692,11,781,1849,3528,5069,1391,11,385,1169,2772,4413,1187,0,396,680,756,656,204
20232,A,골목상권,3110176,해오름공원,3579,1917,1662,4,675,798,998,836,268,2,178,374,601,542,220,2,497,424,397,294,48
20232,A,골목상권,3110149,세종대학교,799,452,347,0,93,197,215,179,115,0,44,101,133,91,83,0,49,96,82,88,32
20232,A,골목상권,3110167,용마초등학교,3707,2122,1585,11,501,762,961,828,644,3,272,440,519,426,462,8,229,322,442,402,182
20232,A,골목상권,3110204,간데메공원,1356,905,451,5,205,278,356,322,190,3,135,169,223,225,150,2,70,109,133,97,40
20232,A,골목상권,3110226,장안1동주민센터,5867,3209,2658,15,722,1138,1352,1410,1230,12,347,658,734,772,686,3,375,480,618,638,544
20232,A,골목상권,3110211,전곡마을마당공원,1820,983,837,4,278,348,454,491,245,1,111,192,268,266,145,3,167,156,186,225,100
20232,A,골목상권,3110207,시립대앞사거리,1345,584,761,3,233,270,311,303,225,1,53,120,140,127,143,2,180,150,171,176,82
20232,A,골목상권,3110198,동대문중앙새마을금고본점,361,189,172,0,20,53,86,133,69,0,9,28,50,59,43,0,11,25,36,74,26
20232,A,골목상권,3110200,동대문경찰서,703,390,313,0,77,108,145,182,191,0,37,54,78,85,136,0,40,54,67,97,55
20232,A,골목상권,3110256,면목2동체육관,3260,1961,1299,5,413,680,888,780,494,1,188,448,483,445,396,4,225,232,405,335,98
20232,A,골목상권,3110266,면목동우체국,2501,1548,953,5,244,423,558,704,567,0,78,210,314,502,444,5,166,213,244,202,123
20232,A,골목상권,3110236,신묵초등학교,2212,1481,731,2,311,516,532,603,248,2,174,350,347,432,176,0,137,166,185,171,72
20232,A,골목상권,3110267,망우역 2번,2430,1427,1003,13,334,482,518,637,446,11,202,293,263,329,329,2,132,189,255,308,117
20232,A,골목상권,3110321,동덕여대,1128,697,431,0,75,117,219,296,421,0,24,61,110,162,340,0,51,56,109,134,81
20232,A,골목상권,3110234,중랑역 4번,2773,2036,737,11,275,619,860,768,240,9,142,418,643,647,177,2,133,201,217,121,63
20232,A,골목상권,3110314,종암경찰서,3397,2472,925,6,380,670,726,731,884,0,231,492,518,565,666,6,149,178,208,166,218
20232,A,골목상권,3110421,석계역 1번,1218,593,625,4,119,205,323,328,239,2,49,90,144,169,139,2,70,115,179,159,100
20232,A,골목상권,3110324,월곡역 4번,1184,675,509,5,167,321,341,226,124,1,78,187,188,134,87,4,89,134,153,92,37
20232,A,골목상권,3110298,솔숲어린이공원,1115,539,576,6,144,199,273,276,217,1,36,66,112,152,172,5,108,133,161,124,45
20232,A,골목상권,3110365,미아역 5번,1266,616,650,2,97,152,267,320,428,2,36,63,110,186,219,0,61,89,157,134,209
20232,A,골목상권,3110367,강북구청,3460,1492,1968,10,334,684,730,796,906,8,94,264,328,453,345,2,240,420,402,343,561
20232,A,골목상권,3110368,송천초등학교,981,601,380,1,93,195,242,259,191,1,32,95,129,181,163,0,61,100,113,78,28
20232,A,골목상권,3110352,수유1동주민센터,1291,576,715,0,118,244,368,418,143,0,49,99,154,183,91,0,69,145,214,235,52
20232,A,골목상권,3110349,화계역 2번,641,353,288,0,50,92,172,256,71,0,28,41,97,133,54,0,22,51,75,123,17
20232,A,골목상권,3110346,4.19민주묘지역 2번,605,334,271,0,71,106,179,136,113,0,18,62,103,75,76,0,53,44,76,61,37
20232,A,골목상권,3110339,국립4.19민주묘지,819,555,264,6,104,130,193,232,154,6,50,99,122,143,135,0,54,31,71,89,19
20232,A,골목상권,3110393,국민은행방학지점,749,350,399,3,91,217,207,154,77,2,32,106,101,63,46,1,59,111,106,91,31
20232,A,골목상권,3110395,신한은행 방학동지점,591,318,273,1,73,99,158,142,118,1,38,50,73,83,73,0,35,49,85,59,45
20232,A,골목상권,3110403,방학1동주민센터,1702,974,728,4,211,309,359,482,337,2,94,177,211,286,204,2,117,132,148,196,133
20232,A,골목상권,3110398,쌍문2동우체국,1663,972,691,0,162,244,383,523,351,0,72,129,192,328,251,0,90,115,191,195,100
20232,A,골목상권,3110401,도봉구민회관,1586,856,730,0,181,221,327,460,397,0,78,117,164,255,242,0,103,104,163,205,155
20232,A,골목상권,3110425,계상초등학교,1457,683,774,4,150,232,387,426,258,3,63,143,181,181,112,1,87,89,206,245,146
20232,A,골목상권,3110419,수락산디자인거리,3472,2282,1190,13,387,781,865,882,544,12,226,552,591,566,335,1,161,229,274,316,209
20232,A,골목상권,3110474,세명컴퓨터고등학교,1360,647,713,2,130,295,356,348,229,2,46,137,159,153,150,0,84,158,197,195,79
20232,A,골목상권,3110473,구산역 1번,3155,1679,1476,5,325,617,795,785,628,5,131,352,419,351,421,0,194,265,376,434,207
20232,A,골목상권,3110455,역촌노인복지관,3715,1747,1968,9,658,760,944,829,515,3,247,351,416,367,363,6,411,409,528,462,152
20232,A,골목상권,3110487,불광역 8번,761,291,470,1,73,171,207,181,128,1,23,75,72,60,60,0,50,96,135,121,68
20232,A,골목상권,3110480,연신내역 3번,1023,428,595,6,192,199,279,216,131,2,70,88,121,80,67,4,122,111,158,136,64
20232,A,골목상권,3110482,연신초등학교,359,158,201,0,27,53,117,116,46,0,8,20,39,58,33,0,19,33,78,58,13
20232,A,골목상권,3110470,신진과학기술고등학교,1610,976,634,2,161,266,382,390,409,2,76,145,208,227,318,0,85,121,174,163,91
20232,A,골목상권,3110475,백련산해모로아파트,1745,1026,719,2,202,326,375,357,483,1,91,165,203,202,364,1,111,161,172,155,119
20232,A,골목상권,3110532,아현역 2번,1847,1072,775,2,422,522,371,290,240,1,165,307,218,208,173,1,257,215,153,82,67
20232,A,골목상권,3110534,경기대학교,3370,2048,1322,4,575,933,722,580,556,1,256,531,484,399,377,3,319,402,238,181,179
20232,A,골목상권,3110572,서강대역 1번,7726,3653,4073,68,2565,1977,1384,1231,501,24,960,907,708,748,306,44,1605,1070,676,483,195
20232,A,골목상권,3110575,대흥동주민센터,4172,1903,2269,62,2086,953,452,399,220,20,782,476,212,248,165,42,1304,477,240,151,55
20232,A,골목상권,3110569,홍대땡땡거리,3039,1407,1632,7,650,662,678,622,420,3,308,321,302,232,241,4,342,341,376,390,179
20232,A,골목상권,3110517,서대문소방서,2671,1696,975,14,441,700,687,557,272,8,191,471,487,368,171,6,250,229,200,189,101
20232,A,골목상권,3110512,연희지하차도,5089,3101,1988,67,1146,1450,1174,973,279,39,591,926,702,649,194,28,555,524,472,324,85
20232,A,골목상권,3110516,정원여중,1299,656,643,0,226,284,343,307,139,0,78,137,188,165,88,0,148,147,155,142,51
20232,A,골목상권,3110527,홍제역 2번,1712,867,845,2,169,226,456,564,295,1,44,119,214,314,175,1,125,107,242,250,120
20232,A,골목상권,3110546,양화대교북단,1549,938,611,3,314,420,380,250,182,3,138,208,258,183,148,0,176,212,122,67,34
20232,A,골목상권,3110550,합정역 8번,5374,2859,2515,13,961,1416,1292,955,737,8,367,677,778,563,466,5,594,739,514,392,271
20232,A,골목상권,3110554,망원역 1번,6464,3487,2977,10,913,1410,1559,1192,1380,7,345,648,802,647,1038,3,568,762,757,545,342
20232,A,골목상권,3110547,KB국민은행 망원동지점,6579,4117,2462,11,769,1170,1322,1746,1561,7,405,819,889,860,1137,4,364,351,433,886,424
20232,A,골목상권,3110551,성서초등학교,3102,1803,1299,3,301,471,703,601,1023,3,132,235,314,304,815,0,169,236,389,297,208
20232,A,골목상권,3110619,목4동주민센터,1689,1078,611,4,202,379,491,407,206,1,93,210,315,291,168,3,109,169,176,116,38
20232,A,골목상권,3110600,신월7동주민센터,4248,2844,1404,3,317,496,745,1209,1478,3,179,312,490,845,1015,0,138,184,255,364,463
20232,A,골목상권,3110647,화곡역 5번,3340,1821,1519,8,438,691,768,828,607,5,192,403,428,449,344,3,246,288,340,379,263
20232,A,골목상권,3110607,금빛새마을금고본점,2729,2241,488,2,110,221,394,521,1481,1,64,132,235,385,1424,1,46,89,159,136,57
20232,A,골목상권,3110608,신월2동주민센터,3392,1915,1477,10,282,562,891,941,706,9,134,332,463,486,491,1,148,230,428,455,215
20232,A,골목상권,3110611,신정역 1번,4475,2720,1755,14,895,697,748,814,1307,7,295,382,444,461,1131,7,600,315,304,353,176
20232,A,골목상권,3110594,신월중학교,1144,543,601,7,149,285,301,297,105,4,58,119,141,150,71,3,91,166,160,147,34
20232,A,골목상권,3110602,신월시영아파트중문,3056,2108,948,3,204,356,700,967,826,2,124,226,400,664,692,1,80,130,300,303,134
20232,A,골목상권,3110610,계남근린공원,648,338,310,2,87,129,151,148,131,0,26,50,86,87,89,2,61,79,65,61,42
20232,A,골목상권,3110616,양목초등학교,1359,706,653,2,110,255,266,391,335,1,43,136,132,202,192,1,67,119,134,189,143
20232,A,골목상권,3110635,공항시장역 3번,3727,1849,1878,9,361,571,664,1054,1068,2,153,336,399,431,528,7,208,235,265,623,540
20232,A,골목상권,3110650,우장산힐스테이트,1737,995,742,4,194,325,396,415,403,3,107,202,240,204,239,1,87,123,156,211,164
20232,A,골목상권,3110638,신방화역 2번,3645,2335,1310,10,416,661,1045,983,530,8,205,404,713,617,388,2,211,257,332,366,142
20232,A,골목상권,3110712,남구로역 5번,1579,913,666,8,183,331,363,324,370,5,99,196,189,176,248,3,84,135,174,148,122
20232,A,골목상권,3110702,개봉초등학교,1569,818,751,1,157,329,420,390,272,1,72,153,202,214,176,0,85,176,218,176,96
20232,A,골목상권,3110699,덕의초등학교,2451,1563,888,9,303,578,623,646,292,7,187,384,391,378,216,2,116,194,232,268,76
20232,A,골목상권,3110720,대림역 2번,2280,1556,724,2,188,387,574,709,420,2,83,218,387,538,328,0,105,169,187,171,92
20232,A,골목상권,3110778,구로디지털단지역 4번,13303,7796,5507,56,2966,4427,3201,1627,1026,23,1254,2669,2063,1065,722,33,1712,1758,1138,562,304
20232,A,골목상권,3110745,독산동정훈단지,1306,773,533,1,137,196,260,372,340,0,71,92,115,221,274,1,66,104,145,151,66
20232,A,골목상권,3110856,미성초등학교,5264,3671,1593,18,465,913,970,948,1950,13,238,541,608,563,1708,5,227,372,362,385,242
20232,A,골목상권,3110768,도림2동유수지내체육시설,1219,778,441,9,118,206,287,302,297,8,48,126,182,211,203,1,70,80,105,91,94
20232,A,골목상권,3110855,신대방역 2번,4936,3401,1535,6,709,900,888,794,1639,2,282,540,546,528,1503,4,427,360,342,266,136
20232,A,골목상권,3110755,동일여자고등학교,2033,1040,993,21,274,503,487,453,295,16,131,278,253,192,170,5,143,225,234,261,125
20232,A,골목상권,3110771,대림역 11번,2420,1335,1085,5,268,314,456,542,835,2,91,160,234,316,532,3,177,154,222,226,303
20232,A,골목상권,3110759,문래예술촌(문래창작촌),65954,51168,14786,61,8786,22706,21719,9637,3045,32,5433,17446,18749,7800,1708,29,3353,5260,2970,1837,1337
20232,A,골목상권,3110818,신대방역 3번,1692,950,742,2,287,451,397,278,277,2,124,277,228,138,181,0,163,174,169,140,96
20232,A,골목상권,3110858,신대방역 1번,2669,2004,665,0,421,756,879,491,122,0,195,575,748,404,82,0,226,181,131,87,40
20232,A,골목상권,3110874,원신초등학교(구세군관악영문교회),732,381,351,8,77,186,200,173,88,2,22,81,122,86,68,6,55,105,78,87,20
20232,A,골목상권,3110879,신림현대아파트,1116,536,580,7,212,210,278,222,187,1,100,99,137,109,90,6,112,111,141,113,97
20232,A,골목상권,3110885,영락고등학교,1746,990,756,7,240,328,434,376,361,1,122,173,232,224,238,6,118,155,202,152,123
20232,A,골목상권,3110872,신림초등학교,689,382,307,5,101,168,168,152,95,3,54,93,102,85,45,2,47,75,66,67,50
20232,A,골목상권,3110947,청계산입구역 2번(내곡동주민센터),182,79,103,0,26,23,46,37,50,0,13,11,28,10,17,0,13,12,18,27,33
20232,A,골목상권,3110913,방현초등학교(방배119안전센터),9674,6057,3617,22,1677,2842,2518,1523,1092,5,797,1829,1720,957,749,17,880,1013,798,566,343
20232,A,골목상권,3110934,우면주공아파트,1489,946,543,6,264,423,395,260,141,5,105,290,271,170,105,1,159,133,124,90,36
20232,A,골목상권,3110937,방아다리근린공원(횃불트리니티신학대학원대학교),14952,9277,5675,329,4835,4416,2991,1697,684,151,2497,2972,2135,1021,501,178,2338,1444,856,676,183
20232,A,골목상권,3110955,논현초등학교,20906,14265,6641,76,4625,6342,4724,3259,1880,45,2535,4372,3537,2430,1346,31,2090,1970,1187,829,534
20232,A,골목상권,3110992,도곡초등학교,8628,4357,4271,50,1508,2156,1880,1719,1315,28,647,1065,939,866,812,22,861,1091,941,853,503
20232,A,골목상권,3110963,역삼월드메르디앙아파트,18186,10655,7531,122,4620,5292,4181,2560,1411,33,1769,3113,2948,1716,1076,89,2851,2179,1233,844,335
20232,A,골목상권,3110972,강남세브란스병원미래의학연구센터,22138,12993,9145,207,6590,6499,5019,2834,989,69,2849,4088,3556,1696,735,138,3741,2411,1463,1138,254
20232,A,골목상권,3110991,삼성중앙역 5번,10374,5378,4996,43,2958,2855,2028,1298,1192,9,932,1472,1304,854,807,34,2026,1383,724,444,385
20232,A,골목상권,3110990,청담역 12번,7833,5477,2356,20,1213,2652,2394,1251,303,9,506,1665,1965,1094,238,11,707,987,429,157,65
20232,A,골목상권,3111000,대왕초등학교(세곡동사거리서남측),156,35,121,1,22,55,43,25,10,0,2,7,12,5,9,1,20,48,31,20,1
20232,A,골목상권,3110999,윗방죽마을공원,408,226,182,3,33,70,73,122,107,1,17,45,46,70,47,2,16,25,27,52,60
20232,A,골목상권,3110969,베르사이유1아파트,29014,17556,11458,73,5335,8726,7783,5424,1673,29,2616,5589,5487,2693,1142,44,2719,3137,2296,2731,531
20232,A,골목상권,3110967,역삼역 8번,24226,18490,5736,23,4422,7830,6561,4334,1056,10,2559,5859,5511,3785,766,13,1863,1971,1050,549,290
20232,A,골목상권,3110985,청담근린공원,9800,6589,3211,34,1729,2898,2625,1790,724,17,815,1972,1966,1323,496,17,914,926,659,467,228
20232,A,골목상권,3111008,석촌고분역 3번,3907,2479,1428,12,490,799,912,951,743,10,289,528,566,545,541,2,201,271,346,406,202
20232,A,골목상권,3111016,송파역 2번,15479,10229,5250,62,2083,3454,3732,3349,2799,44,1020,2251,2780,2219,1915,18,1063,1203,952,1130,884
20232,A,골목상권,3111038,보인중학교,2602,1770,832,14,377,689,649,574,299,13,214,471,461,405,206,1,163,218,188,169,93
20232,A,골목상권,3111021,방이역 4번,11137,8092,3045,38,1448,2300,2854,2754,1743,26,767,1502,2125,2188,1484,12,681,798,729,566,259
20232,A,골목상권,3111015,석촌역 3번,10932,6847,4085,26,1640,2424,2423,2333,2086,11,799,1507,1612,1477,1441,15,841,917,811,856,645
20232,A,골목상권,3111003,삼전역 4번,4568,3024,1544,18,600,1083,1254,905,708,1,324,732,817,598,552,17,276,351,437,307,156
20232,A,골목상권,3111062,둔촌동역 3번(성내3동주민센터),3255,2100,1155,7,480,811,880,607,470,6,266,532,569,389,338,1,214,279,311,218,132
20232,A,골목상권,3111011,잠실나루역,9608,7747,1861,42,1275,3018,2795,2046,432,18,924,2492,2309,1674,330,24,351,526,486,372,102
20232,A,골목상권,3111048,천호역 1번(천호문구완구거리),1608,876,732,7,195,360,372,323,351,4,82,170,209,171,240,3,113,190,163,152,111
20232,A,골목상권,3111088,고덕동성당,1134,951,183,0,35,82,216,447,354,0,9,53,173,388,328,0,26,29,43,59,26
20232,A,골목상권,3111079,둔촌고등학교(둔촌중학교),1407,838,569,2,141,259,315,339,351,2,81,153,184,167,251,0,60,106,131,172,100
20232,A,골목상권,3111071,천동초등학교,2013,1097,916,2,200,393,515,454,449,1,72,204,289,251,280,1,128,189,226,203,169
20232,A,골목상권,3111069,천호1동주민센터,2143,1118,1025,5,185,409,525,555,464,3,66,183,269,288,309,2,119,226,256,267,155
20232,A,골목상권,3111050,강동구청(강동구청역 2번),6451,4040,2411,30,768,1601,1613,1617,822,12,384,869,987,1154,634,18,384,732,626,463,188
20232,A,골목상권,3111066,암사동성당(효정하나플러스아파트),1710,995,715,5,169,380,394,455,307,1,71,188,219,302,214,4,98,192,175,153,93
20232,A,골목상권,3111052,암사역 3번(천호동자전거거리),1652,885,767,3,192,365,475,387,230,2,74,188,246,218,157,1,118,177,229,169,73
20232,A,골목상권,3110003,세검정초등학교,3208,1681,1527,12,383,849,849,655,460,7,132,383,486,370,303,5,251,466,363,285,157
20232,A,골목상권,3110032,수족관거리,1721,729,992,8,316,378,484,355,180,7,101,148,164,183,126,1,215,230,320,172,54
20232,A,골목상권,3110049,장충단 고개,7948,4363,3585,17,1488,2210,1865,1591,777,6,534,1186,1138,986,513,11,954,1024,727,605,264
20232,A,골목상권,3110054,청구역 3번,5615,2963,2652,16,1124,1473,1173,1085,744,5,384,793,702,621,458,11,740,680,471,464,286
20232,A,골목상권,3110041,남산케이블카,5723,3089,2634,10,793,1518,1444,1163,795,7,334,836,819,626,467,3,459,682,625,537,328
20232,A,골목상권,3110533,충정로역 7번,2911,1774,1137,1,433,782,782,547,366,0,223,473,484,349,245,1,210,309,298,198,121
20232,A,골목상권,3110065,남정초등학교,2218,1561,657,13,351,641,535,358,320,11,227,499,376,234,214,2,124,142,159,124,106
20232,A,골목상권,3110080,해방촌예술마을,2226,1456,770,3,252,385,746,672,168,3,84,214,546,496,113,0,168,171,200,176,55
20232,A,골목상권,3110579,마포역 4번,5616,3529,2087,8,1017,1486,1468,1076,561,6,371,893,1024,805,430,2,646,593,444,271,131
20232,A,골목상권,3110123,마장역 3번,1433,884,549,1,176,272,329,389,266,1,78,159,191,253,202,0,98,113,138,136,64
20232,A,골목상권,3110114,왕십리파출소,2346,644,1702,8,434,328,413,711,452,1,142,144,153,139,65,7,292,184,260,572,387
20232,A,골목상권,3110121,한양대역 4번,102,61,41,0,13,22,20,20,27,0,6,11,11,12,21,0,7,11,9,8,6
20232,A,골목상권,3110127,성수1가1동주민센터,3267,2102,1165,10,572,1007,809,584,285,5,303,663,543,374,214,5,269,344,266,210,71
20232,A,골목상권,3110140,건대입구역 6번,3220,2119,1101,14,390,614,754,831,617,10,183,373,498,562,493,4,207,241,256,269,124
20232,A,골목상권,3110141,건대입구역 1번,1987,1285,702,10,275,407,532,461,302,6,137,258,349,297,238,4,138,149,183,164,64
20232,A,골목상권,3110209,답십리 장령당공원,4227,1926,2301,4,629,938,1189,1163,304,1,465,673,394,189,204,3,164,265,795,974,100
20232,A,골목상권,3110174,아차산역 1번,2909,1780,1129,7,346,545,901,765,345,3,151,328,577,479,242,4,195,217,324,286,103
20232,A,골목상권,3110144,어린이대공원역 4번,1502,932,570,0,160,238,383,492,229,0,60,133,242,323,174,0,100,105,141,169,55
20232,A,골목상권,3110152,중곡어린이공원,1671,1070,601,49,338,283,323,400,278,6,137,200,206,286,235,43,201,83,117,114,43
20232,A,골목상권,3110161,중곡역 3번,1960,1296,664,4,150,317,503,672,314,0,67,189,303,504,233,4,83,128,200,168,81
20232,A,골목상권,3110206,텃골근린공원,1126,651,475,2,118,187,312,318,189,1,71,108,193,192,86,1,47,79,119,126,103
20232,A,골목상권,3110202,전농1동주민센터(전농시장),478,273,205,0,58,96,127,105,92,0,44,55,85,53,36,0,14,41,42,52,56
20232,A,골목상권,3110186,종암초등학교,1751,1308,443,2,179,330,416,475,349,0,82,256,306,362,302,2,97,74,110,113,47
20232,A,골목상권,3110221,의릉,731,443,288,0,69,158,210,196,98,0,28,92,111,132,80,0,41,66,99,64,18
20232,A,골목상권,3110219,삼육보건대학교,4329,2321,2008,4,574,869,1055,1098,729,2,178,407,603,643,488,2,396,462,452,455,241
20232,A,골목상권,3110199,홍릉시장,962,521,441,0,76,146,204,306,230,0,34,77,102,142,166,0,42,69,102,164,64
20232,A,골목상권,3110268,망우3동주민센터,981,580,401,0,94,152,205,296,234,0,55,83,101,168,173,0,39,69,104,128,61
20232,A,골목상권,3110264,면목역 2번,1816,1064,752,3,185,354,425,524,325,0,72,184,239,342,227,3,113,170,186,182,98
20232,A,골목상권,3110279,신내역 2번,153,118,35,0,17,28,41,48,19,0,13,24,30,34,17,0,4,4,11,14,2
20232,A,골목상권,3110258,면동초등학교,1659,911,748,2,207,394,460,372,224,1,84,220,233,212,161,1,123,174,227,160,63
20232,A,골목상권,3110237,메가박스 상봉,2944,2064,880,11,293,688,935,821,196,10,142,441,668,655,148,1,151,247,267,166,48
20232,A,골목상권,3110254,오거리공원,1604,894,710,3,171,342,447,427,214,2,70,170,244,256,152,1,101,172,203,171,62
20232,A,골목상권,3110248,먹골파출소,993,487,506,3,102,224,281,230,153,0,31,111,138,105,102,3,71,113,143,125,51
20232,A,골목상권,3110245,KB국민은행 중화동지점,1375,794,581,3,141,276,386,300,269,1,58,154,230,167,184,2,83,122,156,133,85
20232,A,골목상권,3110308,길음역 8번,5558,2775,2783,420,2091,1398,817,515,317,177,921,761,443,234,239,243,1170,637,374,281,78
20232,A,골목상권,3110301,성신여대입구역 7번,2035,1073,962,20,279,387,462,501,386,15,95,170,238,285,270,5,184,217,224,216,116
20232,A,골목상권,3110300,삼선동주민센터,6172,2933,3239,11,709,1579,1872,1508,493,2,213,608,842,960,308,9,496,971,1030,548,185
20232,A,골목상권,3110328,상월곡역 3번,745,414,331,3,111,200,209,158,64,1,47,116,119,84,47,2,64,84,90,74,17
20232,A,골목상권,3110323,상월곡역 1번,2096,1206,890,4,330,425,556,516,265,0,143,247,333,295,188,4,187,178,223,221,77
20232,A,골목상권,3110325,장곡초등학교,1196,710,486,3,130,246,318,285,214,3,60,131,186,172,158,0,70,115,132,113,56
20232,A,골목상권,3110329,우리은행체육관,1168,696,472,8,126,245,281,288,220,4,44,127,158,191,172,4,82,118,123,97,48
20232,A,골목상권,3110418,광운대학교 남단,2395,1300,1095,17,439,649,567,454,269,5,188,388,277,239,203,12,251,261,290,215,66
20232,A,골목상권,3110292,정릉역 2번,1165,443,722,1,229,306,319,217,93,0,57,124,99,95,68,1,172,182,220,122,25
20232,A,골목상권,3110289,북한산보국문역 2번,1565,804,761,0,234,320,398,370,243,0,63,140,184,230,187,0,171,180,214,140,56
20232,A,골목상권,3110320,KB국민은행 종암동지점,1030,585,445,1,84,202,331,295,117,1,23,84,177,219,81,0,61,118,154,76,36
20232,A,골목상권,3110369,성신여대운정그린캠퍼스,1935,860,1075,5,242,321,436,458,473,1,65,112,181,208,293,4,177,209,255,250,180
20232,A,골목상권,3110376,수송초등학교,2101,1069,1032,3,230,420,522,498,428,2,80,208,286,240,253,1,150,212,236,258,175
20232,A,골목상권,3110351,수유북부시장옆,1198,652,546,0,84,147,263,467,237,0,30,65,139,235,183,0,54,82,124,232,54
20232,A,골목상권,3110362,우이천 계성교,961,497,464,1,126,190,258,236,150,0,48,103,126,120,100,1,78,87,132,116,50
20232,A,골목상권,3110356,덕수교,687,389,298,0,56,108,200,172,151,0,20,63,108,94,104,0,36,45,92,78,47
20232,A,골목상권,3110343,무너미어린이공원,1770,1049,721,0,112,212,300,288,858,0,32,122,161,148,586,0,80,90,139,140,272
20232,A,골목상권,3110382,솔밭공원역 1번,391,147,244,1,43,67,98,118,64,0,9,21,28,46,43,1,34,46,70,72,21
20232,A,골목상권,3110413,누원고등학교,568,365,203,0,36,70,115,162,185,0,15,44,66,102,138,0,21,26,49,60,47
20232,A,골목상권,3110430,중계초등학교,1110,567,543,3,90,168,259,328,262,0,28,66,114,160,199,3,62,102,145,168,63
20232,A,골목상권,3110417,월계역 3번,348,134,214,2,49,63,67,100,67,2,18,35,21,34,24,0,31,28,46,66,43
20232,A,골목상권,3110441,영신여고,1036,451,585,3,105,241,280,305,102,3,45,111,106,125,61,0,60,130,174,180,41
20232,A,골목상권,3110427,노원 을지대학교병원,1752,1176,576,1,156,280,416,577,322,0,59,139,273,460,245,1,97,141,143,117,77
20232,A,골목상권,3110477,은평세무서,2219,1137,1082,6,199,354,531,627,502,2,93,192,270,298,282,4,106,162,261,329,220
20232,A,골목상권,3110476,역촌역 2번,1304,706,598,1,170,308,350,300,175,1,61,154,198,161,131,0,109,154,152,139,44
20232,A,골목상권,3110503,명지대학교교회,3329,2219,1110,30,564,1004,816,642,273,26,345,725,552,388,183,4,219,279,264,254,90
20232,A,골목상권,3110499,연가초등학교,1715,905,810,0,165,359,447,470,274,0,64,203,231,222,185,0,101,156,216,248,89
20232,A,골목상권,3110558,경성고등학교,4895,3051,1844,21,679,1152,1227,1106,710,18,346,676,765,727,519,3,333,476,462,379,191
20232,A,골목상권,3110537,충정로현대아파트,4722,3057,1665,15,800,1434,1132,868,473,9,385,840,810,674,339,6,415,594,322,194,134
20232,A,골목상권,3110522,홍제역 3번,1269,694,575,3,128,184,351,436,167,1,37,93,189,254,120,2,91,91,162,182,47
20232,A,골목상권,3110571,신수동주민센터,5389,2967,2422,10,665,1386,1427,1276,625,9,253,623,760,871,451,1,412,763,667,405,174
20232,A,골목상권,3110555,홍익지구대,3611,1855,1756,10,638,968,938,631,426,5,213,449,543,370,275,5,425,519,395,261,151
20232,A,골목상권,3110541,동교초등학교,1947,1046,901,2,295,400,519,419,312,1,112,214,273,234,212,1,183,186,246,185,100
20232,A,골목상권,3110627,신정롯데캐슬아파트,12409,6926,5483,66,2312,4020,3158,2183,670,31,900,2143,1942,1409,501,35,1412,1877,1216,774,169
20232,A,골목상권,3110628,신목동역,2125,1374,751,4,260,583,583,460,235,2,128,352,393,345,154,2,132,231,190,115,81
20232,A,골목상권,3110679,염창역 2번,2730,2023,707,4,276,584,863,682,321,3,134,413,667,544,262,1,142,171,196,138,59
20232,A,골목상권,3110612,신정역 5번,4440,2606,1834,12,892,682,723,821,1310,5,273,329,389,473,1137,7,619,353,334,348,173
20232,A,골목상권,3110629,송정역 4번,923,553,370,1,104,171,216,231,200,1,47,114,124,142,125,0,57,57,92,89,75
20232,A,골목상권,3110669,화곡보람2차아파트,4693,2768,1925,4,1133,1316,897,642,701,3,357,873,675,396,464,1,776,443,222,246,237
20232,A,골목상권,3110649,우장산역 1번,1340,739,601,2,254,249,320,285,230,0,111,132,152,166,178,2,143,117,168,119,52
20232,A,골목상권,3110670,신곡초등학교,1600,1036,564,8,185,409,399,404,195,5,114,286,251,246,134,3,71,123,148,158,61
20232,A,골목상권,3110666,KC대학교,2132,1568,564,4,303,715,531,460,119,2,205,564,385,312,100,2,98,151,146,148,19
20232,A,골목상권,3110725,가산동주민센터,1841,864,977,4,142,241,320,390,744,2,70,130,189,193,280,2,72,111,131,197,464
20232,A,골목상권,3110700,고척초등학교,5750,4109,1641,10,516,1259,1605,1791,569,7,268,901,1181,1363,389,3,248,358,424,428,180
20232,A,골목상권,3110689,오류동역 3번,4517,2899,1618,15,569,864,1106,1262,701,8,405,556,678,764,488,7,164,308,428,498,213
20232,A,골목상권,3110690,오류2동버들시장,2262,1291,971,1,225,460,530,550,496,0,85,257,277,318,354,1,140,203,253,232,142
20232,A,골목상권,3110766,대림역 5번,5601,3708,1893,16,432,998,1379,1285,1491,5,258,730,1005,825,885,11,174,268,374,460,606
20232,A,골목상권,3110735,말미고개,2955,1738,1217,9,360,595,662,815,514,5,187,340,372,445,389,4,173,255,290,370,125
20232,A,골목상권,3110793,대림썬프라자,1502,904,598,6,139,384,505,343,125,5,85,243,259,219,93,1,54,141,246,124,32
20232,A,골목상권,3110736,독산119안전센터,2709,1626,1083,4,307,444,561,745,648,2,174,271,330,427,422,2,133,173,231,318,226
20232,A,골목상권,3110746,금천금빛공원(은행나무사거리서측),971,444,527,1,93,156,237,270,214,1,36,71,105,122,109,0,57,85,132,148,105
20232,A,골목상권,3110783,영등포시장역 1번,2418,1654,764,5,411,700,493,528,281,3,259,492,345,391,164,2,152,208,148,137,117
20232,A,골목상권,3110799,영등포본동주민센터,524,336,188,5,69,90,131,119,110,3,34,56,85,77,81,2,35,34,46,42,29
20232,A,골목상권,3110777,구로세무서,5825,3399,2426,22,1229,1703,1556,963,352,10,493,985,1009,609,293,12,736,718,547,354,59
20232,A,골목상권,3110821,보라매역 2번,19310,12435,6875,51,3710,3777,3102,4534,4136,27,2841,3091,2036,2222,2218,24,869,686,1066,2312,1918
20232,A,골목상권,3110788,영등포시장역 3번,924,604,320,3,106,166,286,224,139,1,58,113,202,145,85,2,48,53,84,79,54
20232,A,골목상권,3110840,중앙대학교,417,214,203,1,67,68,111,97,73,0,25,31,63,47,48,1,42,37,48,50,25
20232,A,골목상권,3110836,상도역 5번,4431,2490,1941,12,805,1182,1020,914,498,2,328,680,619,553,308,10,477,502,401,361,190
20232,A,골목상권,3110893,관악소방서(문영여고),1814,1409,405,2,342,557,398,425,90,1,237,436,304,357,74,1,105,121,94,68,16
20232,A,골목상권,3110878,미림여고,694,367,327,6,72,190,185,152,89,1,25,91,112,75,63,5,47,99,73,77,26
20232,A,골목상권,3110861,관악구신사동주민센터,4975,3397,1578,4,758,1388,1398,981,446,2,354,958,1075,707,301,2,404,430,323,274,145
20232,A,골목상권,3110890,봉천역 1번(관악초등학교),2071,803,1268,4,374,519,473,347,354,0,67,152,208,174,202,4,307,367,265,173,152
20232,A,골목상권,3110960,은광여고,20267,15455,4812,50,2314,4244,5292,6237,2130,36,1372,3182,4359,5022,1484,14,942,1062,933,1215,646
20232,A,골목상권,3110936,더케이호텔(양재리본타워2단지아파트),1540,1105,435,14,246,433,389,311,147,10,159,288,286,247,115,4,87,145,103,64,32
20232,A,골목상권,3110940,양재근린공원(양재2동주민센터),6573,4578,1995,36,1029,1761,1701,1243,803,22,601,1228,1211,872,644,14,428,533,490,371,159
20232,A,골목상권,3110950,논현역 7번,14453,8508,5945,36,3283,4779,3414,1982,959,15,1326,2815,2305,1346,701,21,1957,1964,1109,636,258
20232,A,골목상권,3110949,한남IC,8417,5196,3221,28,1675,2570,2221,1300,623,15,760,1654,1435,852,480,13,915,916,786,448,143
20232,A,골목상권,3110993,개포지하차도 북측,142,86,56,0,14,21,31,45,31,0,4,14,19,28,21,0,10,7,12,17,10
20232,A,골목상권,3110983,국립국악고등학교,3034,1919,1115,12,544,819,737,554,368,2,245,512,476,373,311,10,299,307,261,181,57
20232,A,골목상권,3110964,싸리고개근린공원,8566,5556,3010,26,1611,2345,2176,1418,990,12,704,1538,1503,1014,785,14,907,807,673,404,205
20232,A,골목상권,3110995,봉은사역 4번,25206,19697,5509,27,4263,7944,7350,4403,1219,8,2756,6028,6191,3798,916,19,1507,1916,1159,605,303
20232,A,골목상권,3110954,국기원,7043,3734,3309,24,2010,2434,1352,626,597,8,648,1239,953,450,436,16,1362,1195,399,176,161
20232,A,골목상권,3111001,아래방죽마을공원(율현초등학교),219,110,109,0,13,33,35,73,65,0,7,22,21,34,26,0,6,11,14,39,39
20232,A,골목상권,3110998,은곡마을(은곡마을공원),32,21,11,1,2,11,8,6,4,0,0,5,7,6,3,1,2,6,1,0,1
20232,A,골목상권,3110959,신구중학교,10232,5500,4732,112,2286,2945,2031,1596,1262,41,1015,1708,1395,759,582,71,1271,1237,636,837,680
20232,A,골목상권,3110962,도산공원북측,5103,2987,2116,21,1320,1864,1050,603,245,7,552,1132,729,415,152,14,768,732,321,188,93
20232,A,골목상권,3110997,대청초등학교,11645,4219,7426,31,3352,3686,2392,1435,749,3,709,1330,968,683,526,28,2643,2356,1424,752,223
20232,A,골목상권,3110979,청담초등학교,13513,6688,6825,34,3681,4952,2707,1503,636,14,1248,2542,1596,814,474,20,2433,2410,1111,689,162
20232,A,골목상권,3111027,문정초등학교,37078,28582,8496,20,3311,6648,10483,13841,2775,8,1965,4804,8129,11835,1841,12,1346,1844,2354,2006,934
20232,A,골목상권,3111020,방이동고분군(방산고등학교),4863,2790,2073,7,576,1242,1105,1165,768,4,274,719,681,609,503,3,302,523,424,556,265
20232,A,골목상권,3111032,방이역 1번,21842,16091,5751,28,2688,5066,5500,5171,3389,14,1606,3510,4215,4282,2464,14,1082,1556,1285,889,925
20232,A,골목상권,3111005,삼전역 3번,5492,3680,1812,15,836,1398,1269,1121,853,5,485,996,882,696,616,10,351,402,387,425,237
20232,A,골목상권,3111037,Sh수협은행 오금동금융센터(아랫말어린이공원),1645,894,751,0,186,380,425,449,205,0,97,235,228,207,127,0,89,145,197,242,78
20232,A,골목상권,3111089,상일여고(상일초등학교),858,553,305,0,66,157,203,261,171,0,37,92,135,164,125,0,29,65,68,97,46
20232,A,골목상권,3111067,강동구립성내도서관,5641,2901,2740,16,1009,1238,1344,1086,948,11,337,615,758,580,600,5,672,623,586,506,348
20232,A,골목상권,3111081,둔촌푸르지오아파트,986,603,383,2,117,183,200,251,233,1,58,108,117,139,180,1,59,75,83,112,53
20232,A,골목상권,3111059,강동역 4번(강풀만화거리),6849,3822,3027,10,1115,1236,1379,1299,1810,5,483,642,758,760,1174,5,632,594,621,539,636
20232,A,골목상권,3110005,세검정,2126,1089,1037,8,301,565,557,474,221,3,123,271,287,262,143,5,178,294,270,212,78
20232,A,골목상권,3110008,배화여자대학교(박노수미술관),3476,1938,1538,39,627,808,767,729,506,0,227,405,439,476,391,39,400,403,328,253,115
20232,A,골목상권,3110015,청와대사랑채,2312,1284,1028,37,513,765,497,301,199,0,191,422,324,192,155,37,322,343,173,109,44
20232,A,골목상권,3110035,동묘앞역 2번,3390,1775,1615,3,258,367,549,741,1472,0,87,183,285,341,879,3,171,184,264,400,593
20232,A,골목상권,3110055,황학동벼룩시장,2333,1280,1053,28,821,479,422,378,205,15,352,239,270,253,151,13,469,240,152,125,54
20232,A,골목상권,3110027,혜화역 1번,3124,1658,1466,9,394,650,865,728,478,5,112,253,479,462,347,4,282,397,386,266,131
20232,A,골목상권,3110030,동대문역 3번,1126,461,665,0,92,206,371,274,183,0,28,77,108,117,131,0,64,129,263,157,52
20232,A,골목상권,3110011,청운초등학교,1873,802,1071,13,318,482,437,339,284,2,65,197,195,159,184,11,253,285,242,180,100
20232,A,골목상권,3110024,혜회동주민센터,4244,1855,2389,27,697,1078,959,887,596,17,228,488,437,385,300,10,469,590,522,502,296
20232,A,골목상권,3110043,충무초등학교,6397,3882,2515,33,1241,1562,1628,1186,747,16,534,903,1084,808,537,17,707,659,544,378,210
20232,A,골목상권,3110045,동대문역사문화공원역 5번,40455,19049,21406,468,12792,10627,8138,6043,2387,192,5994,6220,4414,1662,567,276,6798,4407,3724,4381,1820
20232,A,골목상권,3110057,황학코아루아파트,1699,938,761,4,273,439,448,319,216,3,142,252,209,171,161,1,131,187,239,148,55
20232,A,골목상권,3110078,이촌동점보아파트,4727,2990,1737,17,766,1262,1193,1032,457,3,410,782,806,673,316,14,356,480,387,359,141
20232,A,골목상권,3110082,용산구청,2532,1305,1227,13,448,730,571,554,216,10,162,304,295,368,166,3,286,426,276,186,50
20232,A,골목상권,3110588,한겨레신문사,1133,567,566,1,166,237,297,284,148,1,73,129,147,128,89,0,93,108,150,156,59
20232,A,골목상권,3110073,삼각지역 3번,21368,6873,14495,123,6007,7127,5572,1957,582,50,2112,2306,1403,668,334,73,3895,4821,4169,1289,248
20232,A,골목상권,3110076,삼각지역 14번,2654,1645,1009,1,399,738,689,600,227,1,224,455,468,356,141,0,175,283,221,244,86
20232,A,골목상권,3110099,유엔빌리지길,21963,17803,4160,47,2625,5547,6288,6683,773,36,1322,4089,5454,6255,647,11,1303,1458,834,428,126
20232,A,골목상권,3110107,금호사거리,2695,1164,1531,16,307,810,1020,361,181,1,105,274,437,205,142,15,202,536,583,156,39
20232,A,골목상권,3110117,성동구보건소,3042,1046,1996,9,527,459,593,877,577,2,180,225,258,242,139,7,347,234,335,635,438
20232,A,골목상권,3110112,행당역 2번,1354,720,634,1,163,289,360,364,177,0,63,131,193,205,128,1,100,158,167,159,49
20232,A,골목상권,3110229,장평중학교,4729,3089,1640,10,521,877,975,1057,1289,6,275,555,639,696,918,4,246,322,336,361,371
20232,A,골목상권,3110113,응봉산,260,138,122,1,39,45,77,52,46,0,10,23,38,26,41,1,29,22,39,26,5
20232,A,골목상권,3110163,성자초등학교,1358,679,679,1,136,233,372,407,209,1,60,112,160,197,149,0,76,121,212,210,60
20232,A,골목상권,3110169,성동초등학교,4265,2889,1376,14,444,930,1078,1032,767,2,248,611,726,722,580,12,196,319,352,310,187
20232,A,골목상권,3110156,군자역 5번,3040,1883,1157,7,484,700,775,587,487,3,263,406,480,355,376,4,221,294,295,232,111
20232,A,골목상권,3110157,자양동우체국,1846,1325,521,14,427,408,437,359,201,10,335,309,286,227,158,4,92,99,151,132,43
20232,A,골목상권,3110168,대원고등학교,1985,1153,832,0,192,440,482,552,319,0,76,207,253,351,266,0,116,233,229,201,53
20232,A,골목상권,3110212,답십리초등학교,3380,2234,1146,24,681,841,827,639,368,21,491,622,488,363,249,3,190,219,339,276,119
20232,A,골목상권,3110187,제기동역 6번,5909,3849,2060,18,1010,1530,1329,1085,937,8,568,966,887,742,678,10,442,564,442,343,259
20232,A,골목상권,3110309,대광초등학교,2784,1954,830,10,336,612,722,679,425,4,187,423,511,486,343,6,149,189,211,193,82
20232,A,골목상권,3110231,장안교,728,483,245,0,55,125,159,208,181,0,22,52,89,162,158,0,33,73,70,46,23
20232,A,골목상권,3110203,떡전교사거리,1653,740,913,2,227,282,322,365,455,2,66,119,144,167,242,0,161,163,178,198,213
20232,A,골목상권,3110194,홍파초등학교,1028,599,429,1,94,200,292,318,123,0,58,123,168,168,82,1,36,77,124,150,41
20232,A,골목상권,3110278,망우본동주민센터,1851,1277,574,3,136,243,393,562,514,1,62,113,218,409,474,2,74,130,175,153,40
20232,A,골목상권,3110242,면목5동주민센터,867,570,297,0,78,153,226,199,211,0,36,99,119,132,184,0,42,54,107,67,27
20232,A,골목상권,3110246,월드순복음교회,1402,769,633,4,139,280,360,346,273,1,42,139,213,197,177,3,97,141,147,149,96
20232,A,골목상권,3110261,사가정역 4번,1640,972,668,5,175,265,434,463,298,4,62,125,253,303,225,1,113,140,181,160,73
20232,A,골목상권,3110241,먹골역 5번,2166,1475,691,1,315,530,524,571,225,1,183,366,341,415,169,0,132,164,183,156,56
20232,A,골목상권,3110233,중랑역 1번,893,461,432,6,154,146,204,200,183,4,65,61,89,121,121,2,89,85,115,79,62
20232,A,골목상권,3110318,KT월곡지사,3595,2540,1055,4,306,612,723,786,1164,2,171,405,460,571,931,2,135,207,263,215,233
20232,A,골목상권,3110377,미아사거리역 3번,694,331,363,7,98,129,184,169,107,6,42,61,75,80,67,1,56,68,109,89,40
20232,A,골목상권,3110281,길상사,16413,13694,2719,22,1927,3775,4747,5449,493,3,1165,2821,4173,5180,352,19,762,954,574,269,141
20232,A,골목상권,3110373,수유역 2번,2772,1558,1214,6,358,532,544,703,629,4,150,310,293,432,369,2,208,222,251,271,260
20232,A,골목상권,3110379,KT&G 북부지사,623,302,321,2,67,85,155,224,90,0,26,30,63,131,52,2,41,55,92,93,38
20232,A,골목상권,3110348,강북문화예술회관,2983,2155,828,0,93,237,630,911,1112,0,20,143,489,717,786,0,73,94,141,194,326
20232,A,골목상권,3110383,덕성여대시반거리,437,131,306,0,77,73,112,105,70,0,9,16,36,28,42,0,68,57,76,77,28
20232,A,골목상권,3110345,솔밭공원역 2번,708,263,445,1,82,141,166,188,130,0,15,41,54,71,82,1,67,100,112,117,48
20232,A,골목상권,3110342,국립재활원,1911,1168,743,0,163,409,566,562,211,0,54,205,383,372,154,0,109,204,183,190,57
20232,A,골목상권,3110338,인수초등학교,1029,648,381,3,137,254,247,265,123,3,70,171,149,154,101,0,67,83,98,111,22
20232,A,골목상권,3110402,도봉구 정병원,1673,968,705,5,226,351,392,442,257,4,101,216,235,250,162,1,125,135,157,192,95
20232,A,골목상권,3110392,발바닥공원,590,396,194,3,85,182,168,101,51,2,37,113,135,71,38,1,48,69,33,30,13
20232,A,골목상권,3110416,노원초등학교,1205,552,653,8,124,241,275,314,243,6,45,126,116,149,110,2,79,115,159,165,133
20232,A,골목상권,3110428,상계5동주민센터,1874,914,960,5,133,226,324,460,726,1,48,116,138,200,411,4,85,110,186,260,315
20232,A,골목상권,3110464,연신내역 5번,1985,1122,863,7,199,380,509,459,431,5,83,205,246,266,317,2,116,175,263,193,114
20232,A,골목상권,3110457,예일여고,3334,1823,1511,11,339,504,700,1175,605,2,131,234,342,705,409,9,208,270,358,470,196
20232,A,골목상권,3110488,우리은행응암동지점,3399,1825,1574,8,407,862,868,872,382,5,208,429,423,511,249,3,199,433,445,361,133
20232,A,골목상권,3110485,연신내우체국,2037,1061,976,2,103,180,239,350,1163,1,45,107,106,143,659,1,58,73,133,207,504
20232,A,골목상권,3110449,증산역 3번,2851,1858,993,1,398,704,743,668,337,0,156,480,515,477,230,1,242,224,228,191,107
20232,A,골목상권,3110523,홍제성원아파트,259,109,150,1,36,55,62,74,31,0,14,19,28,27,21,1,22,36,34,47,10
20232,A,골목상권,3110586,서울서부지방법원,11593,7273,4320,37,2044,3389,3339,2245,539,5,959,1962,2248,1752,347,32,1085,1427,1091,493,192
20232,A,골목상권,3110540,망원나들목체육관,1899,1092,807,8,639,591,325,211,125,1,387,316,158,136,94,7,252,275,167,75,31
20232,A,골목상권,3110567,광흥창역 6번,510,261,249,0,80,126,127,118,59,0,35,61,66,62,37,0,45,65,61,56,22
20232,A,골목상권,3110565,홍익대,4319,2959,1360,13,708,1013,1064,875,646,7,389,669,759,621,514,6,319,344,305,254,132
20232,A,골목상권,3110560,마포FM,4675,2819,1856,11,653,1106,1054,998,853,9,292,695,738,584,501,2,361,411,316,414,352
20232,A,골목상권,3110549,새터산,2447,1476,971,6,323,490,622,631,375,4,169,276,370,408,249,2,154,214,252,223,126
20232,A,골목상권,3110581,염리초등학교,8998,5077,3921,16,1305,2124,2079,1885,1589,7,628,1198,1340,989,915,9,677,926,739,896,674
20232,A,골목상권,3110617,등촌역 4번,2496,1419,1077,2,330,561,641,599,363,0,156,350,350,329,234,2,174,211,291,270,129
20232,A,골목상권,3110676,등촌역 7번,2587,1617,970,12,360,533,656,601,425,6,154,333,395,389,340,6,206,200,261,212,85
20232,A,골목상권,3110656,까치산역 3번,3071,1778,1293,17,286,570,813,925,460,15,146,353,484,505,275,2,140,217,329,420,185
20232,A,골목상권,3110654,까치산역 4번,3556,2235,1321,15,324,625,928,1128,536,13,164,373,533,736,416,2,160,252,395,392,120
20232,A,골목상권,3110597,신월1동주민센터,2472,1402,1070,4,249,481,521,657,560,1,110,252,269,403,367,3,139,229,252,254,193
20232,A,골목상권,3110665,곰달래도서관,2356,1305,1051,4,236,435,587,666,428,4,101,243,325,344,288,0,135,192,262,322,140
20232,A,골목상권,3110615,신서초등학교,848,519,329,2,79,148,152,220,247,1,36,81,84,146,171,1,43,67,68,74,76
20232,A,골목상권,3110674,강서구청가양동별관,2810,1867,943,13,484,647,757,564,345,8,334,446,510,346,223,5,150,201,247,218,122
20232,A,골목상권,3110677,등촌역 1번,3921,2407,1514,15,590,925,884,897,610,12,265,549,522,592,467,3,325,376,362,305,143
20232,A,골목상권,3110631,방화초등학교,2022,1206,816,5,282,386,462,504,383,5,137,222,260,288,294,0,145,164,202,216,89
20232,A,골목상권,3110636,방화역 2번,2261,1548,713,6,180,387,715,586,387,4,92,216,507,418,311,2,88,171,208,168,76
20232,A,골목상권,3110662,까치산역 1번,3644,2133,1511,8,464,871,961,872,468,6,214,496,504,566,347,2,250,375,457,306,121
20232,A,골목상권,3110732,가산초등학교(세일중학교),2697,1734,963,13,406,604,664,616,394,4,232,369,400,410,319,9,174,235,264,206,75
20232,A,골목상권,3110729,가산동우체국,3002,1566,1436,10,310,527,627,607,921,6,171,294,365,336,394,4,139,233,262,271,527
20232,A,골목상권,3110723,가산디지털단지역 1번 출입구,6364,4269,2095,13,1161,2024,1564,904,698,8,553,1337,1145,699,527,5,608,687,419,205,171
20232,A,골목상권,3110691,개봉중학교,2121,1250,871,6,243,460,510,560,342,1,134,278,283,301,253,5,109,182,227,259,89
20232,A,골목상권,3110705,고산초등학교,2324,1523,801,3,295,489,490,507,540,2,148,292,274,324,483,1,147,197,216,183,57
20232,A,골목상권,3110680,온수역 5번(온수산업단지),1651,1405,246,18,174,252,303,480,424,18,138,209,238,407,395,0,36,43,65,73,29
20232,A,골목상권,3110748,백산초등학교,1088,584,504,0,104,213,289,304,178,0,44,118,147,162,113,0,60,95,142,142,65
20232,A,골목상권,3110685,금강수목원아파트,1014,749,265,2,60,190,279,274,209,1,35,123,189,214,187,1,25,67,90,60,22
20232,A,골목상권,3110854,조원동주민센터,3686,2722,964,3,494,609,555,569,1456,1,220,390,345,394,1372,2,274,219,210,175,84
20232,A,골목상권,3110742,KT금천빌딩(금천구시설관리공단),1604,1021,583,0,211,338,390,400,265,0,133,223,244,230,191,0,78,115,146,170,74
20232,A,골목상권,3110750,시흥4동주민센터(서울신흥초등학교),1125,636,489,9,163,218,324,281,130,8,89,133,186,127,93,1,74,85,138,154,37
20232,A,골목상권,3110749,금산초등학교(금천고등학교),7714,4555,3159,13,568,1109,1786,2003,2235,4,300,718,1027,1087,1419,9,268,391,759,916,816
20232,A,골목상권,3110763,영등포구청역 2번,7998,3926,4072,23,1606,2127,1491,1555,1196,12,684,1112,819,673,626,11,922,1015,672,882,570
20232,A,골목상권,3110786,당산역 8번,7202,5111,2091,19,1007,1783,1914,1612,867,6,490,1180,1444,1314,677,13,517,603,470,298,190
20232,A,골목상권,3110762,선유도역 1번,6490,4189,2301,17,859,1406,1594,1541,1073,11,470,902,970,975,861,6,389,504,624,566,212
20232,A,골목상권,3110803,신길2동우편취급국,2306,1308,998,6,226,496,505,482,591,3,103,233,253,261,455,3,123,263,252,221,136
20232,A,골목상권,3110757,양평역 2번,2594,1895,699,3,271,581,643,581,515,2,144,438,483,429,399,1,127,143,160,152,116
20232,A,골목상권,3110817,대방역 4번,3279,1548,1731,9,625,746,811,579,509,4,208,342,403,284,307,5,417,404,408,295,202
20232,A,골목상권,3110807,신길역 3번,994,401,593,5,113,194,247,269,166,2,40,84,97,101,77,3,73,110,150,168,89
20232,A,골목상권,3110847,예술인마을,2033,1270,763,3,284,468,518,409,351,3,131,269,312,253,302,0,153,199,206,156,49
20232,A,골목상권,3110903,방배아이파크아파트,13318,6720,6598,17,2219,3034,3683,2226,2139,5,678,1278,1774,1240,1745,12,1541,1756,1909,986,394
20232,A,골목상권,3110843,사당5동주민센터,856,499,357,1,74,130,224,245,182,0,30,57,123,154,135,1,44,73,101,91,47
20232,A,골목상권,3110898,청림동주민센터(상도중학교),3140,1745,1395,2,453,1024,1007,483,171,1,197,571,572,281,123,1,256,453,435,202,48
20232,A,골목상권,3110835,상도역 1번,1284,685,599,4,217,336,311,268,148,2,91,204,169,124,95,2,126,132,142,144,53
20232,A,골목상권,3110830,상도초등학교,1099,508,591,0,192,255,269,254,129,0,84,114,104,127,79,0,108,141,165,127,50
20232,A,골목상권,3110863,난우초등학교,1274,596,678,21,162,252,274,330,235,16,65,112,116,144,143,5,97,140,158,186,92
20232,A,골목상권,3110882,신성초등학교,1461,843,618,4,181,268,423,344,241,1,87,139,232,207,177,3,94,129,191,137,64
20232,A,골목상권,3110867,국제신학대학원대학교(남서울중학교),1284,802,482,3,150,289,290,284,268,1,93,193,167,179,169,2,57,96,123,105,99
20232,A,골목상권,3110871,신원동주민센터,1221,662,559,5,110,197,235,300,374,0,62,122,135,146,197,5,48,75,100,154,177
20232,A,골목상권,3110864,신림우방아파트,3078,2254,824,2,485,863,972,582,174,2,229,637,794,472,120,0,256,226,178,110,54
20232,A,골목상권,3110917,서초소방서,10472,8160,2312,29,1128,2908,2901,2625,881,18,710,2263,2404,2117,648,11,418,645,497,508,233
20232,A,골목상권,3110927,잠원역,3312,2219,1093,5,550,1142,865,499,251,3,321,787,627,322,159,2,229,355,238,177,92
20232,A,골목상권,3110915,서래초등학교,89045,79397,9648,58,9613,19204,23591,33698,2881,23,6991,15974,21216,32574,2619,35,2622,3230,2375,1124,262
20232,A,골목상권,3110918,방배역 3번,7950,4877,3073,25,1436,1942,1884,1479,1184,9,623,1168,1279,916,882,16,813,774,605,563,302
20232,A,골목상권,3110926,신중초등학교,18935,13842,5093,26,2537,6187,5342,3491,1352,11,1323,4503,4347,2701,957,15,1214,1684,995,790,395
20232,A,골목상권,3110928,서초우방유쉘아파트,8601,5394,3207,32,1319,2349,2192,1755,954,20,686,1554,1461,1019,654,12,633,795,731,736,300
20232,A,골목상권,3110941,언남고등학교,3148,2001,1147,15,501,854,828,599,351,13,285,552,530,367,254,2,216,302,298,232,97
20232,A,골목상권,3110977,논현로18길,8768,6092,2676,17,1345,2688,2352,1426,940,7,731,1839,1812,1000,703,10,614,849,540,426,237
20232,A,골목상권,3110956,언주역 8번,10460,6708,3752,44,2484,3229,2399,1398,906,30,1284,2052,1709,952,681,14,1200,1177,690,446,225
20232,A,골목상권,3110961,언주역 3번,19048,12835,6213,40,3657,5606,4187,2889,2669,10,1697,3702,3162,2277,1987,30,1960,1904,1025,612,682
20232,A,골목상권,3110970,학동초등학교,8274,4686,3588,35,1750,2524,1972,1193,800,17,746,1341,1253,767,562,18,1004,1183,719,426,238
20232,A,골목상권,3110986,삼성중앙역 7번,7054,4250,2804,39,1478,2059,1499,883,1096,9,622,1271,1051,561,736,30,856,788,448,322,360
20232,A,골목상권,3110958,역삼역 4번,13145,7672,5473,25,2620,4104,3148,1957,1291,13,968,2265,2168,1344,914,12,1652,1839,980,613,377
20232,A,골목상권,3111025,경찰병원역 3번,9858,5487,4371,53,1071,1688,1733,1768,3545,24,506,1023,1074,799,2061,29,565,665,659,969,1484
20232,A,골목상권,3111029,오금역 4번,6170,4510,1660,14,1076,1905,1533,1053,589,8,670,1374,1159,778,521,6,406,531,374,275,68
20232,A,골목상권,3111023,문정역 1번,3188,1943,1245,5,559,689,779,662,494,2,274,426,517,382,342,3,285,263,262,280,152
20232,A,골목상권,3111042,거여역 1번(거여공원),4647,2955,1692,20,677,1102,1208,1011,629,16,473,746,745,568,407,4,204,356,463,443,222
20232,A,골목상권,3111006,석촌고분역 1번,13231,9393,3838,32,1634,2684,3221,2686,2974,27,996,1913,2319,1807,2331,5,638,771,902,879,643
20232,A,골목상권,3111090,강일동주민센터,199,120,79,0,24,45,67,44,19,0,9,25,41,30,15,0,15,20,26,14,4
20232,A,골목상권,3111068,강동성심병원,3440,1771,1669,8,770,842,809,570,441,5,225,389,495,352,305,3,545,453,314,218,136
20232,A,골목상권,3111065,천일초등학교,1242,677,565,2,112,177,234,284,433,2,39,75,105,131,325,0,73,102,129,153,108
20232,A,골목상권,3111060,암사역 2번(서울강동초등학교),3038,1600,1438,3,337,620,746,749,583,2,117,297,376,407,401,1,220,323,370,342,182
20232,A,골목상권,3111054,암사역 4번(삼성광나루아파트),3175,1255,1920,2,329,487,578,782,997,2,142,257,245,207,402,0,187,230,333,575,595
20232,A,골목상권,3111049,천호지구대(천호동자전거거리),1795,986,809,7,217,342,414,400,415,3,102,177,213,206,285,4,115,165,201,194,130
20232,A,골목상권,3110007,사직공원(한국사회과학도서관),2261,1151,1110,4,393,616,566,444,238,2,142,279,306,251,171,2,251,337,260,193,67
20232,A,골목상권,3110531,홍지문,828,402,426,2,118,219,178,187,124,0,39,117,90,81,75,2,79,102,88,106,49
20232,A,골목상권,3110010,평창동서측,8863,4827,4036,16,958,2387,3264,1811,427,1,407,1007,1802,1306,304,15,551,1380,1462,505,123
20232,A,골목상권,3110013,체부동홍종문가옥,1116,630,486,4,122,231,265,248,246,0,42,116,139,143,190,4,80,115,126,105,56
20232,A,골목상권,3110051,한양공고앞 교차로,1270,665,605,0,194,259,304,324,189,0,76,137,166,173,113,0,118,122,138,151,76
20232,A,골목상권,3110587,공덕동주민센터,4777,2727,2050,20,903,1328,1318,886,322,3,450,775,774,531,194,17,453,553,544,355,128
20232,A,골목상권,3110075,숙대입구역 1번,11721,3647,8074,164,6494,2357,1245,865,596,15,739,1093,761,587,452,149,5755,1264,484,278,144
20232,A,골목상권,3110094,오산중학교,293,171,122,0,19,48,84,96,46,0,8,24,50,58,31,0,11,24,34,38,15
20232,A,골목상권,3110093,우사단길,5722,3218,2504,28,1105,1870,1447,876,396,11,353,986,985,650,233,17,752,884,462,226,163
20232,A,골목상권,3110089,서빙고동주민센터,1027,643,384,1,125,313,300,153,135,0,47,186,191,106,113,1,78,127,109,47,22
20232,A,골목상권,3110064,효창공원앞역 2번,3452,2255,1197,8,448,903,911,799,383,7,272,598,596,522,260,1,176,305,315,277,123
20232,A,골목상권,3110109,금호삼성래미안아파트,2637,1124,1513,17,315,812,1046,338,109,1,116,291,459,171,86,16,199,521,587,167,23
20232,A,골목상권,3110108,성동구립금호도서관,186,90,96,0,24,35,54,55,18,0,12,20,24,19,15,0,12,15,30,36,3
20232,A,골목상권,3110104,신금호역 4번,732,398,334,0,85,142,175,168,162,0,25,62,94,95,122,0,60,80,81,73,40
20232,A,골목상권,3110133,서울교통공사,4981,3435,1546,23,1308,1313,957,778,602,20,760,917,708,550,480,3,548,396,249,228,122
20232,A,골목상권,3110115,상왕십리역 3번,4711,2086,2625,18,803,828,947,1248,867,3,269,473,519,510,312,15,534,355,428,738,555
20232,A,골목상권,3110126,서울숲역 1번,3085,1944,1141,11,616,755,648,538,517,5,355,479,400,356,349,6,261,276,248,182,168
20232,A,골목상권,3110135,성동세무서,6003,3797,2206,7,862,1512,1538,1291,793,5,450,954,1006,780,602,2,412,558,532,511,191
20232,A,골목상권,3110130,답십리역 6번,5008,2174,2834,4,714,1041,1495,1390,364,2,492,707,504,247,222,2,222,334,991,1143,142
20232,A,골목상권,3110170,동대부여고,1909,989,920,3,252,420,535,456,243,1,90,195,287,248,168,2,162,225,248,208,75
20232,A,골목상권,3110172,광진초등학교,2650,1482,1168,56,464,506,558,636,430,25,237,266,298,348,308,31,227,240,260,288,122
20232,A,골목상권,3110173,구남초등학교,6227,3640,2587,15,457,1113,1646,2007,989,4,265,728,1023,979,641,11,192,385,623,1028,348
20232,A,골목상권,3110143,뚝섬유원지역 1번,1815,1480,335,4,196,506,523,433,153,1,151,416,440,351,121,3,45,90,83,82,32
20232,A,골목상권,3110165,국립정신건강센터,2364,1365,999,3,223,480,601,647,410,0,85,228,319,404,329,3,138,252,282,243,81
20232,A,골목상권,3110185,용두초등학교,8144,4248,3896,8,666,1891,2614,2141,824,3,322,1123,1308,948,544,5,344,768,1306,1193,280
20232,A,골목상권,3110313,안암역 3번,4007,2603,1404,7,479,974,1134,933,480,3,232,606,749,655,358,4,247,368,385,278,122
20232,A,골목상권,3110205,경희대삼거리,2042,1155,887,3,307,699,408,383,242,2,146,461,194,203,149,1,161,238,214,180,93
20232,A,골목상권,3110263,면목역 1번,2374,1295,1079,3,342,596,740,505,188,0,167,400,365,229,134,3,175,196,375,276,54
20232,A,골목상권,3110265,망우역 1번,2560,1588,972,13,240,367,540,748,652,2,93,155,261,513,564,11,147,212,279,235,88
20232,A,골목상권,3110272,신내1동주민센터,3286,2011,1275,4,411,585,632,841,813,4,214,329,339,496,629,0,197,256,293,345,184
20232,A,골목상권,3110429,공릉동 국수거리,4838,2587,2251,6,483,668,995,1400,1286,2,224,366,498,716,781,4,259,302,497,684,505
20232,A,골목상권,3110307,길음역 7번,2161,758,1403,9,665,611,420,293,163,0,120,232,163,133,110,9,545,379,257,160,53
20232,A,골목상권,3110310,길음역 10번,1961,875,1086,9,604,603,400,252,93,0,140,299,228,141,67,9,464,304,172,111,26
20232,A,골목상권,3110288,동구여중,1859,769,1090,6,181,454,656,400,162,0,55,184,238,173,119,6,126,270,418,227,43
20232,A,골목상권,3110326,장위동성당,1271,741,530,3,141,245,334,297,251,3,57,121,191,187,182,0,84,124,143,110,69
20232,A,골목상권,3110282,국민대학교앞,1906,1357,549,15,321,599,445,311,215,14,185,437,349,245,127,1,136,162,96,66,88
20232,A,골목상권,3110358,인수동 우편취급국,1765,939,826,2,170,270,351,489,483,0,51,121,160,260,347,2,119,149,191,229,136
20232,A,골목상권,3110404,신창초등학교,1553,862,691,11,174,258,430,465,215,8,68,144,234,271,137,3,106,114,196,194,78
20232,A,골목상권,3110380,강북문화정보도서관,592,293,299,0,63,86,106,169,168,0,17,49,52,80,95,0,46,37,54,89,73
20232,A,골목상권,3110370,도봉세무서,1155,642,513,7,84,180,290,317,277,6,25,81,136,177,217,1,59,99,154,140,60
20232,A,골목상권,3110359,수유시장옆,1979,746,1233,2,174,251,355,450,747,0,62,112,146,178,248,2,112,139,209,272,499
20232,A,골목상권,3110366,광산사거리,1102,553,549,2,152,230,302,260,156,0,71,120,146,119,97,2,81,110,156,141,59
20232,A,골목상권,3110391,샘말어린이공원,1105,495,610,0,95,176,215,283,336,0,30,73,100,108,184,0,65,103,115,175,152
20232,A,골목상권,3110386,연산군묘,898,534,364,0,132,210,207,211,138,0,60,118,124,120,112,0,72,92,83,91,26
20232,A,골목상권,3110385,효문고등학교,492,210,282,0,72,109,138,115,58,0,15,34,51,62,48,0,57,75,87,53,10
20232,A,골목상권,3110396,쌍문역1번(쌍리단길),873,388,485,4,110,167,201,233,158,1,36,63,88,108,92,3,74,104,113,125,66
20232,A,골목상권,3110438,경춘선숲길 우측,1262,670,592,2,165,313,395,265,122,1,79,159,202,145,84,1,86,154,193,120,38
20232,A,골목상권,3110472,연신내역 4번,2101,1115,986,9,291,420,561,452,368,4,112,235,265,229,270,5,179,185,296,223,98
20232,A,골목상권,3110458,선일여고,1561,717,844,5,204,370,371,412,199,2,85,168,169,166,127,3,119,202,202,246,72
20232,A,골목상권,3110460,구산역 4번,4098,2463,1635,10,303,617,938,1372,858,6,136,347,489,872,613,4,167,270,449,500,245
20232,A,골목상권,3110450,시립서북병원,3765,1891,1874,8,699,863,827,786,582,2,293,433,413,369,381,6,406,430,414,417,201
20232,A,골목상권,3110456,구산보건지소,2822,1445,1377,11,571,580,644,581,435,3,244,277,308,315,298,8,327,303,336,266,137
20232,A,골목상권,3110486,은평구청,3565,1859,1706,8,390,827,963,954,423,5,183,376,460,548,287,3,207,451,503,406,136
20232,A,골목상권,3110484,역촌역 3번,1849,903,946,7,208,399,493,442,300,5,86,179,219,212,202,2,122,220,274,230,98
20232,A,골목상권,3110461,새절역 2번,927,505,422,2,86,134,215,259,231,1,30,51,97,146,180,1,56,83,118,113,51
20232,A,골목상권,3110445,덕산중학교,1113,537,576,5,235,253,205,221,194,0,73,130,116,94,124,5,162,123,89,127,70
20232,A,골목상권,3110451,증산역 4번,2598,1818,780,3,354,592,647,619,383,2,156,421,488,450,301,1,198,171,159,169,82
20232,A,골목상권,3110446,내를건너서숲으로도서관,760,517,243,0,100,159,174,187,140,0,83,108,97,110,119,0,17,51,77,77,21
20232,A,골목상권,3110504,명지전문대,601,306,295,1,61,72,145,194,128,0,30,29,70,105,72,1,31,43,75,89,56
20232,A,골목상권,3110502,남가좌파출소,820,489,331,0,68,121,216,264,151,0,31,62,124,166,106,0,37,59,92,98,45
20232,A,골목상권,3110543,중암중학교,668,466,202,0,37,70,115,223,223,0,16,35,56,145,214,0,21,35,59,78,9
20232,A,골목상권,3110582,이대역 5번,907,344,563,2,105,192,252,226,130,1,24,52,78,110,79,1,81,140,174,116,51
20232,A,골목상권,3110520,경의중앙 신촌역,1500,752,748,8,322,367,324,282,197,5,111,177,147,168,144,3,211,190,177,114,53
20232,A,골목상권,3110566,경의선책거리,7387,4414,2973,27,1465,1717,1712,1423,1043,16,758,1040,1073,796,731,11,707,677,639,627,312
20232,A,골목상권,3110511,연희초등학교,5789,4486,1303,7,719,1297,1142,1990,634,1,495,983,811,1677,519,6,224,314,331,313,115
20232,A,골목상권,3110526,봉원사,367,217,150,1,22,70,135,80,59,1,9,35,92,46,34,0,13,35,43,34,25
20232,A,골목상권,3110585,마포경찰서,3239,2093,1146,1,420,1126,934,559,199,0,226,683,634,427,123,1,194,443,300,132,76
20232,A,골목상권,3110578,대흥역 2번,4903,3185,1718,78,872,1109,1037,1047,760,28,453,737,756,701,510,50,419,372,281,346,250
20232,A,골목상권,3110574,서강대학교,896,599,297,4,117,204,240,201,130,2,74,135,174,124,90,2,43,69,66,77,40
20232,A,골목상권,3110544,망리단길,6222,3617,2605,17,1248,1421,1318,976,1242,8,640,721,675,587,986,9,608,700,643,389,256
20232,A,골목상권,3110548,마포구청역 4번,5895,3452,2443,18,764,1118,1304,1728,963,10,390,797,862,809,584,8,374,321,442,919,379
20232,A,골목상권,3110557,홍대부속여중고앞,5872,3326,2546,15,903,1543,1632,1119,660,15,389,832,977,651,462,0,514,711,655,468,198
20232,A,골목상권,3110618,강서고등학교,3661,1791,1870,7,785,1002,801,724,342,3,195,468,416,435,274,4,590,534,385,289,68
20232,A,골목상권,3110596,서서울호수공원,2036,1321,715,5,229,365,459,585,393,2,117,220,272,383,327,3,112,145,187,202,66
20232,A,골목상권,3110599,신월1파출소,1680,1078,602,4,158,295,421,566,236,2,93,182,259,368,174,2,65,113,162,198,62
20232,A,골목상권,3110651,화원중학교,2712,1532,1180,8,300,556,660,686,502,6,148,340,365,391,282,2,152,216,295,295,220
20232,A,골목상권,3110722,G타워,19389,12310,7079,60,3607,6404,5129,2626,1563,29,1836,4264,3348,1661,1172,31,1771,2140,1781,965,391
20232,A,골목상권,3110623,갈산공원,1473,855,618,6,162,331,380,329,265,4,90,177,200,190,194,2,72,154,180,139,71
20232,A,골목상권,3110632,방화역 3번,3801,2575,1226,6,332,705,1119,1071,568,4,193,413,783,737,445,2,139,292,336,334,123
20232,A,골목상권,3110659,화곡역 4번,3626,1901,1725,18,457,804,957,853,537,15,183,460,522,422,299,3,274,344,435,431,238
20232,A,골목상권,3110696,오류동역 1번,3475,2139,1336,33,914,1147,671,456,254,17,516,814,390,225,177,16,398,333,281,231,77
20232,A,골목상권,3110698,개웅초등학교(개웅중학교),2757,1234,1523,7,405,493,704,774,374,5,210,265,264,263,227,2,195,228,440,511,147
20232,A,골목상권,3110697,개봉3동주민센터,1101,686,415,1,168,226,252,244,210,1,77,141,156,157,154,0,91,85,96,87,56
20232,A,골목상권,3110682,온수역 8번,361,283,78,0,13,52,95,107,94,0,11,34,65,83,90,0,2,18,30,24,4
20232,A,골목상권,3110688,오류지구대,1309,724,585,5,130,240,332,393,209,4,56,137,187,212,128,1,74,103,145,181,81
20232,A,골목상권,3110684,서울공연예술고등학교,980,521,459,4,124,208,238,273,133,2,54,118,122,154,71,2,70,90,116,119,62
20232,A,골목상권,3110728,두산초등학교,7779,4797,2982,17,403,805,1036,1484,4034,15,223,510,611,873,2565,2,180,295,425,611,1469
20232,A,골목상권,3110731,금천구청역 1번 출입구,4469,2258,2211,11,672,1215,1026,1039,506,6,276,550,486,608,332,5,396,665,540,431,174
20232,A,골목상권,3110730,서울축산농협 독산역지점(독산파출소),7158,4528,2630,15,350,639,810,1307,4037,13,197,420,491,801,2606,2,153,219,319,506,1431
20232,A,골목상권,3110752,한울중학교,2059,1251,808,13,294,388,526,539,299,10,181,248,303,289,220,3,113,140,223,250,79
20232,A,골목상권,3110753,시흥동 은행나무사거리,1767,985,782,8,199,364,416,443,337,7,105,218,220,235,200,1,94,146,196,208,137
20232,A,골목상권,3110743,시흥초등학교(시흥1동우체국),1901,835,1066,7,317,358,467,487,265,6,126,168,210,183,142,1,191,190,257,304,123
20232,A,골목상권,3110764,문래역 3번,3153,1905,1248,2,407,744,863,599,538,2,173,425,526,380,399,0,234,319,337,219,139
20232,A,골목상권,3110782,영등포시장역 4번,1839,1063,776,5,208,345,454,439,388,3,97,205,292,249,217,2,111,140,162,190,171
20232,A,골목상권,3110779,대림갑을명가아파트,800,491,309,1,87,130,177,235,170,0,44,84,105,135,123,1,43,46,72,100,47
20232,A,골목상권,3110765,문래동사거리,2020,1394,626,4,169,352,494,465,536,2,82,219,333,315,443,2,87,133,161,150,93
20232,A,골목상권,3110810,영신초등학교,2994,1643,1351,2,368,625,659,659,681,0,176,353,376,324,414,2,192,272,283,335,267
20232,A,골목상권,3110809,장훈고등학교,1484,885,599,1,203,345,302,292,341,0,102,180,180,183,240,1,101,165,122,109,101
20232,A,골목상권,3110824,대방역 3번,2129,1361,768,5,292,552,582,381,317,4,165,378,384,224,206,1,127,174,198,157,111
20232,A,골목상권,3110813,보라매역 6번,5419,3837,1582,9,1033,1296,1111,1526,444,6,590,941,791,1194,315,3,443,355,320,332,129
20232,A,골목상권,3110834,동작구자원봉사센터,2564,1472,1092,14,261,540,690,627,432,11,135,308,409,356,253,3,126,232,281,271,179
20232,A,골목상권,3110828,노량진역 6번,7261,4126,3135,15,905,2214,1977,1542,608,3,417,1160,1187,977,382,12,488,1054,790,565,226
20232,A,골목상권,3110827,NH농협은행 상도동지점,1082,439,643,2,105,183,271,274,247,1,38,79,104,103,114,1,67,104,167,171,133
20232,A,골목상권,3110852,이수역 9번,2529,1175,1354,5,473,620,696,447,288,1,132,264,309,240,229,4,341,356,387,207,59
20232,A,골목상권,3110905,방배노인종합복지관(이수중학교),5242,2054,3188,12,1165,1458,1271,885,451,1,334,540,486,427,266,11,831,918,785,458,185
20232,A,골목상권,3110851,경문고등학교(동작동성당),3368,1773,1595,14,635,1032,934,524,229,8,236,520,595,291,123,6,399,512,339,233,106
20232,A,골목상권,3110899,낙성대역 5번(관악중학교),4614,3107,1507,19,916,1345,1018,737,579,11,468,959,710,495,464,8,448,386,308,242,115
20232,A,골목상권,3110831,상도4동주민센터,1928,1233,695,2,251,423,419,532,301,2,136,263,284,407,141,0,115,160,135,125,160
20232,A,골목상권,3110873,당곡중학교,2525,1427,1098,7,341,547,627,540,463,4,156,299,352,290,326,3,185,248,275,250,137
20232,A,골목상권,3110841,중대부중,360,156,204,0,43,52,85,105,75,0,14,21,31,46,44,0,29,31,54,59,31
20232,A,골목상권,3110900,낙성대역 1번(관악구민 종합체육센터),4337,2627,1710,15,852,1276,966,653,575,7,368,802,610,388,452,8,484,474,356,265,123
20232,A,골목상권,3110892,관악구 중앙길,4005,1888,2117,12,627,825,985,859,697,7,212,389,474,444,362,5,415,436,511,415,335
20232,A,골목상권,3110866,난우중학교,1102,622,480,0,111,196,289,322,184,0,50,105,148,183,136,0,61,91,141,139,48
20232,A,골목상권,3110857,미성동주민센터,1238,578,660,17,154,236,276,322,233,13,73,114,121,124,133,4,81,122,155,198,100
20232,A,골목상권,3110875,보라매동주민센터(당곡고등학교),940,526,414,2,104,162,206,235,231,0,48,85,103,128,162,2,56,77,103,107,69
20232,A,골목상권,3110891,구암초등학교,1342,607,735,0,232,374,420,224,92,0,68,168,205,117,49,0,164,206,215,107,43
20232,A,골목상권,3110944,서울나래학교(염곡어린이공원),1156,798,358,10,148,272,221,240,265,8,109,212,164,151,154,2,39,60,57,89,111
20232,A,골목상권,3110942,염곡동 구룡사(포이동성당),13415,8394,5021,55,2287,3724,3222,2573,1554,26,1169,2292,2042,1698,1167,29,1118,1432,1180,875,387
20232,A,골목상권,3110920,방배역 2번(백석예술대학교),5016,3055,1961,91,1042,1259,931,793,900,26,459,731,622,507,710,65,583,528,309,286,190
20232,A,골목상권,3110910,내방역 5번,6436,3785,2651,20,1118,1455,1481,1224,1138,10,430,857,865,759,864,10,688,598,616,465,274
20232,A,골목상권,3110906,서문여고,11702,5247,6455,16,2248,2996,3566,2017,859,4,688,1244,1668,1074,569,12,1560,1752,1898,943,290
20232,A,골목상권,3110932,서울시인재개발원,4209,2306,1903,8,1038,1226,942,667,328,6,350,687,621,424,218,2,688,539,321,243,110
20232,A,골목상권,3110930,서초동성당,32660,17166,15494,63,6180,7719,7177,9753,1768,35,2030,3676,3572,6555,1298,28,4150,4043,3605,3198,470
20232,A,골목상권,3110931,삼성전자서울R&D(서울우면초등학교),211,106,105,0,53,63,49,28,18,0,20,37,22,17,10,0,33,26,27,11,8
20232,A,골목상권,3110938,바우뫼공원,4722,3197,1525,17,814,1339,1276,836,440,8,422,921,904,581,361,9,392,418,372,255,79
20232,A,골목상권,3110943,법제교육센터(버들어린이공원),5935,3672,2263,18,851,1433,1538,1193,902,10,470,907,945,696,644,8,381,526,593,497,258
20232,A,골목상권,3110994,개포고등학교,4345,2839,1506,57,867,1222,970,768,461,24,505,806,631,503,370,33,362,416,339,265,91
20232,A,골목상권,3110988,청담역 3번,14773,6151,8622,65,3286,4402,3877,2145,998,27,1018,1851,1536,1027,692,38,2268,2551,2341,1118,306
20232,A,골목상권,3111012,석촌역 6번,3563,1857,1706,6,341,717,926,795,778,4,123,380,473,406,471,2,218,337,453,389,307
20232,A,골목상권,3111043,마천공원,1725,1113,612,1,183,389,411,423,318,0,112,251,235,271,244,1,71,138,176,152,74
20232,A,골목상권,3111045,개미어린이공원,1629,952,677,8,240,270,383,466,262,2,144,178,243,239,146,6,96,92,140,227,116
20232,A,골목상권,3111047,마천1치안센터,1130,680,450,1,120,251,299,266,193,1,60,143,171,153,152,0,60,108,128,113,41
20232,A,골목상권,3111028,문현중학교(장지역 1번),2770,1677,1093,9,489,714,682,541,335,5,271,467,421,262,251,4,218,247,261,279,84
20232,A,골목상권,3111035,오금공원(오주중학교),2277,1464,813,2,256,487,582,635,315,1,148,328,395,374,218,1,108,159,187,261,97
20232,A,골목상권,3111053,성내천어린이공원(하니사랑길),13219,9342,3877,40,1620,2605,2692,3224,3038,16,990,1785,1878,2342,2331,24,630,820,814,882,707
20232,A,골목상권,3111087,고덕중학교(고덕2동주민센터),472,171,301,0,46,83,108,137,98,0,8,31,45,43,44,0,38,52,63,94,54
20232,A,골목상권,3111083,GS강동자이아파트,2192,1281,911,3,253,379,423,595,539,3,145,235,242,299,357,0,108,144,181,296,182
20232,A,골목상권,3111074,명일역 1번,1560,927,633,3,195,368,374,356,264,2,96,213,197,225,194,1,99,155,177,131,70
20232,A,골목상권,3110034,창신1동주민센터,1885,871,1014,8,319,394,521,412,231,7,104,157,206,228,169,1,215,237,315,184,62
20232,A,골목상권,3111056,천호태영아파트,2371,1291,1080,1,166,256,372,396,1180,0,61,99,164,203,764,1,105,157,208,193,416
20232,A,골목상권,3111061,암사역 1번,3505,1543,1962,2,374,555,668,876,1030,1,150,309,306,294,483,1,224,246,362,582,547
20232,A,골목상권,3110036,동묘앞역 3번,1190,660,530,2,181,238,291,276,202,0,47,113,169,190,141,2,134,125,122,86,61
20232,A,골목상권,3110028,이화달팽이길,3695,2004,1691,7,657,966,880,710,475,3,229,479,515,444,334,4,428,487,365,266,141
20232,A,골목상권,3110014,경복고등학교,1637,871,766,2,154,436,502,373,170,2,50,215,274,204,126,0,104,221,228,169,44
20232,A,골목상권,3110001,이북5도청사,3311,2335,976,10,598,774,665,978,286,6,331,504,493,810,191,4,267,270,172,168,95
20232,A,골목상권,3110286,한성대입구역 5번,4861,2170,2691,20,736,1306,1268,999,532,9,240,613,591,455,262,11,496,693,677,544,270
20232,A,골목상권,3110283,성북초등학교앞,2067,1295,772,12,288,580,641,380,166,8,150,391,427,218,101,4,138,189,214,162,65
20232,A,골목상권,3110285,홍대부중,2796,1807,989,11,479,748,779,536,243,6,237,471,486,420,187,5,242,277,293,116,56
20232,A,골목상권,3110053,청구역 1번,1887,973,914,1,292,413,473,444,264,0,94,203,258,251,167,1,198,210,215,193,97
20232,A,골목상권,3110040,중구회현체육센터(정화예술대남산캠퍼스),15872,7161,8711,64,2309,4970,5377,2758,394,8,703,2069,2118,2073,190,56,1606,2901,3259,685,204
20232,A,골목상권,3110039,회현역 1번,23622,11623,11999,133,4395,7509,7184,3821,580,38,1547,3599,3487,2668,284,95,2848,3910,3697,1153,296
20232,A,골목상권,3110069,숙대입구,5692,2925,2767,14,842,1738,1501,985,612,6,238,745,833,646,457,8,604,993,668,339,155
20232,A,골목상권,3110077,삼광초등학교,1617,1102,515,8,162,358,490,381,218,7,93,234,360,254,154,1,69,124,130,127,64
20232,A,골목상권,3110072,열정도,1822,1125,697,9,264,375,438,367,369,3,123,236,278,230,255,6,141,139,160,137,114
20232,A,골목상권,3110059,새남터성지,2836,1935,901,8,404,789,837,608,190,3,181,500,636,477,138,5,223,289,201,131,52
20232,A,골목상권,3110095,한강진역 3번,5622,3227,2395,35,1349,2001,1256,664,317,20,544,1116,858,496,193,15,805,885,398,168,124
20232,A,골목상권,3110097,한남초등학교,5721,3746,1975,12,1028,2374,1313,590,404,7,478,1484,985,454,338,5,550,890,328,136,66
20232,A,골목상권,3110106,금북초등학교,123,49,74,0,15,25,38,29,16,0,2,11,13,12,11,0,13,14,25,17,5
20232,A,골목상권,3110103,옥수터널,545,284,261,1,45,141,155,157,46,0,17,64,87,85,31,1,28,77,68,72,15
20232,A,골목상권,3110137,성수초등학교,14338,9448,4890,60,2205,3717,3817,2875,1664,46,1146,2457,2601,1900,1298,14,1059,1260,1216,975,366
20232,A,골목상권,3110138,송정체육공원,2546,1233,1313,1,395,634,646,528,342,0,147,319,328,219,220,1,248,315,318,309,122
20232,A,골목상권,3110150,중곡1동 마을마당,5687,2821,2866,84,1470,1113,1132,1310,578,30,642,611,577,542,419,54,828,502,555,768,159
20232,A,골목상권,3110175,푸른동산공원,7435,3844,3591,8,711,1236,1667,2238,1575,4,374,802,970,930,764,4,337,434,697,1308,811
20232,A,골목상권,3110177,동의초등학교,1191,614,577,1,140,224,315,322,189,0,46,118,168,160,122,1,94,106,147,162,67
20232,A,골목상권,3110146,신자초등학교,2819,2113,706,7,317,659,835,751,250,3,224,506,625,563,192,4,93,153,210,188,58
20232,A,골목상권,3110195,동대문구청,3806,1797,2009,5,412,804,896,1082,607,3,155,327,374,598,340,2,257,477,522,484,267
20232,A,골목상권,3110201,전농119안전센터,669,454,215,0,93,145,215,139,77,0,61,94,144,99,56,0,32,51,71,40,21
20232,A,골목상권,3110189,제기동역 1번,4287,2552,1735,8,675,1174,895,684,851,2,252,688,568,412,630,6,423,486,327,272,221
20232,A,골목상권,3110215,회기역 1번,2285,799,1486,3,612,739,515,282,134,1,114,254,199,124,107,2,498,485,316,158,27
20232,A,골목상권,3110224,외대앞역 2번,1271,746,525,3,119,240,371,332,206,1,48,142,229,232,94,2,71,98,142,100,112
20232,A,골목상권,3110214,경희대후문,3212,1375,1837,1,688,904,837,553,229,1,133,324,406,334,177,0,555,580,431,219,52
20232,A,골목상권,3110334,석관중앙교회,1188,720,468,0,136,249,282,330,191,0,69,127,145,232,147,0,67,122,137,98,44
20232,A,골목상권,3110232,동대부고,2450,1295,1155,3,270,438,601,702,436,1,110,219,302,355,308,2,160,219,299,347,128
20232,A,골목상권,3110190,고대앞사거리,2811,1514,1297,5,408,813,812,528,245,2,171,410,436,326,169,3,237,403,376,202,76
20232,A,골목상권,3110196,홍릉근린공원,813,501,312,1,63,163,273,228,85,1,32,79,174,139,76,0,31,84,99,89,9
20232,A,골목상권,3110312,안암역 2번,1646,844,802,1,199,449,557,333,107,0,70,193,307,200,74,1,129,256,250,133,33
20232,A,골목상권,3110222,회기역 2번,2106,1033,1073,1,371,448,535,549,202,0,86,231,303,298,115,1,285,217,232,251,87
20232,A,골목상권,3110273,장스여성병원,1451,933,518,9,121,171,256,458,436,1,29,69,134,320,380,8,92,102,122,138,56
20232,A,골목상권,3110260,면목역 3번,2350,1372,978,3,344,558,668,508,269,0,147,374,336,286,229,3,197,184,332,222,40
20232,A,골목상권,3110238,배꽃어린이공원,1298,1025,273,1,203,312,289,312,181,1,146,248,219,268,143,0,57,64,70,44,38
20232,A,골목상권,3110257,상봉역 7번,1447,1068,379,2,86,174,301,412,472,1,40,93,179,332,423,1,46,81,122,80,49
20232,A,골목상권,3110239,중랑역 2번,478,213,265,1,58,81,106,116,116,0,23,34,39,50,67,1,35,47,67,66,49
20232,A,골목상권,3110294,서경대학교,1909,1071,838,1,218,284,476,532,398,0,68,128,255,335,285,1,150,156,221,197,113
20232,A,골목상권,3110316,숭곡초등학교,3255,1971,1284,7,264,440,671,666,1207,6,113,208,325,382,937,1,151,232,346,284,270
20232,A,골목상권,3110303,성신여대입구역 1번,1418,675,743,8,188,301,315,361,245,3,62,134,147,190,139,5,126,167,168,171,106
20232,A,골목상권,3110293,삼선중학교,15384,8771,6613,60,2292,3733,4993,2745,1561,27,1049,2116,3024,1840,715,33,1243,1617,1969,905,846
20232,A,골목상권,3110305,보문역 5번,6037,4718,1319,11,742,2042,1228,1245,769,5,463,1703,1006,1012,529,6,279,339,222,233,240
20232,A,골목상권,3110331,돌곶이역 8번,1135,748,387,4,137,251,271,224,248,0,50,166,174,147,211,4,87,85,97,77,37
20232,A,골목상권,3110423,석계역 2번,1311,574,737,4,152,235,386,321,213,2,65,110,173,127,97,2,87,125,213,194,116
20232,A,골목상권,3110319,종암동주민센터,1893,933,960,3,270,388,460,529,243,1,103,217,229,277,106,2,167,171,231,252,137
20232,A,골목상권,3110322,장위1동주민센터,871,527,344,2,161,181,190,183,154,1,77,118,116,111,104,1,84,63,74,72,50
20232,A,골목상권,3110361,삼양사거리역 1번,993,499,494,2,47,112,177,256,399,1,14,50,90,149,195,1,33,62,87,107,204
20232,A,골목상권,3110364,미아역 8번,1531,881,650,2,169,302,433,416,209,1,79,160,252,251,138,1,90,142,181,165,71
20232,A,골목상권,3110360,수유초등학교,2034,877,1157,5,275,331,439,521,463,1,65,139,157,219,296,4,210,192,282,302,167
20232,A,골목상권,3110381,번동주공2단지,791,418,373,5,81,172,201,218,114,4,26,69,100,134,85,1,55,103,101,84,29
20232,A,골목상권,3110363,송천동주민센터,409,210,199,2,30,68,123,98,88,1,8,30,50,50,71,1,22,38,73,48,17
20232,A,골목상권,3110371,삼양입구사거리,930,529,401,1,86,197,218,253,175,1,33,94,108,159,134,0,53,103,110,94,41
20232,A,골목상권,3110374,송중초등학교,1719,817,902,7,155,286,471,442,358,6,44,101,191,221,254,1,111,185,280,221,104
20232,A,골목상권,3110357,가오리역 1번,2168,1460,708,1,94,117,339,588,1029,0,22,54,236,446,702,1,72,63,103,142,327
20232,A,골목상권,3110340,인수중학교,1210,779,431,6,158,254,272,328,192,6,80,172,168,192,161,0,78,82,104,136,31
20232,A,골목상권,3110433,공릉역 2번,3355,1631,1724,8,286,413,725,1012,911,3,111,214,339,463,501,5,175,199,386,549,410
20232,A,골목상권,3110341,북한산우이역 2번,566,439,127,0,22,43,96,273,132,0,5,15,59,245,115,0,17,28,37,28,17
20232,A,골목상권,3110390,방학초등학교,1597,753,844,3,167,399,387,400,241,2,55,196,185,170,145,1,112,203,202,230,96
20232,A,골목상권,3110408,가인초등학교,5003,3437,1566,5,529,1188,1209,961,1111,3,315,894,903,569,753,2,214,294,306,392,358
20232,A,골목상권,3110462,갈현건영아파트,1644,949,695,7,239,380,374,357,287,5,127,224,218,183,192,2,112,156,156,174,95
20232,A,골목상권,3110468,응암역 3번,3641,1667,1974,6,385,681,1020,975,574,1,133,299,452,447,335,5,252,382,568,528,239
20232,A,골목상권,3110478,응암1동주민센터,2441,1361,1080,5,214,382,537,597,706,3,104,189,272,292,501,2,110,193,265,305,205
20232,A,골목상권,3110481,불광역 7번,1180,586,594,2,144,250,312,287,185,2,57,126,153,135,113,0,87,124,159,152,72
20232,A,골목상권,3110443,수색역 1번,216,134,82,0,17,25,57,64,53,0,8,14,33,40,39,0,9,11,24,24,14
20232,A,골목상권,3110463,응암3동주민센터,974,399,575,1,102,172,257,281,161,0,35,51,90,125,98,1,67,121,167,156,63
20232,A,골목상권,3110459,응암역 2번,3086,1443,1643,3,303,575,877,817,511,0,113,267,388,352,323,3,190,308,489,465,188
20232,A,골목상권,3110495,북가좌2동주민센터,3425,1703,1722,7,515,851,808,729,515,3,154,458,454,363,271,4,361,393,354,366,244
20232,A,골목상권,3110507,명지대학교,3062,2160,902,30,511,879,694,667,281,27,328,632,494,452,227,3,183,247,200,215,54
20232,A,골목상권,3110584,아현역 4번,1154,595,559,2,327,402,209,121,93,1,129,232,107,64,62,1,198,170,102,57,31
20232,A,골목상권,3110528,서울여자간호대학교,7567,1522,6045,6,217,511,2006,3643,1184,1,75,158,342,456,490,5,142,353,1664,3187,694
20232,A,골목상권,3110580,양원초등학교,498,212,286,1,65,95,130,125,82,0,16,34,56,63,43,1,49,61,74,62,39
20232,A,골목상권,3110545,마포구청역 1번,2002,1003,999,13,262,386,532,510,299,6,101,203,265,254,174,7,161,183,267,256,125
20232,A,골목상권,3110568,광흥창역 1번,1865,940,925,2,319,532,473,379,160,0,93,278,268,220,81,2,226,254,205,159,79
20232,A,골목상권,3110556,절두산순교성지,1036,634,402,3,129,274,296,242,92,3,52,152,183,174,70,0,77,122,113,68,22
20232,A,골목상권,3110622,달마을공원,3703,2251,1452,3,469,828,1090,957,356,2,224,483,702,584,256,1,245,345,388,373,100
20232,A,골목상권,3110675,화곡4동주민센터,2797,1278,1519,5,643,758,578,544,269,4,133,328,273,318,222,1,510,430,305,226,47
20232,A,골목상권,3110672,백석중학교,3412,1929,1483,2,392,661,820,891,646,1,172,329,509,533,385,1,220,332,311,358,261
20232,A,골목상권,3110601,신월1동우편취급국,2705,1819,886,9,277,464,638,855,462,4,152,304,424,572,363,5,125,160,214,283,99
20232,A,골목상권,3110609,신정네거리역 2번,3128,2387,741,7,203,302,527,602,1487,2,96,167,286,425,1411,5,107,135,241,177,76
20232,A,골목상권,3110598,신월문화체육센터,3588,2130,1458,4,271,421,690,983,1219,3,154,260,389,589,735,1,117,161,301,394,484
20232,A,골목상권,3110655,발산역 5번,4161,1917,2244,5,419,692,805,852,1388,3,173,359,411,358,613,2,246,333,394,494,775
20232,A,골목상권,3110652,양천향교역 2번,5355,3360,1995,14,588,1103,1158,1394,1098,8,298,697,700,851,806,6,290,406,458,543,292
20232,A,골목상권,3110630,공항시장역 1번,3398,1986,1412,9,371,571,654,788,1005,3,149,321,407,512,594,6,222,250,247,276,411
20232,A,골목상권,3110660,등촌3동주민센터,10361,5421,4940,46,1465,2249,2361,2354,1886,16,655,1444,1390,1025,891,30,810,805,971,1329,995
20232,A,골목상권,3110645,우장산역 4번,6211,3689,2522,11,755,1459,1633,1576,777,7,408,941,907,852,574,4,347,518,726,724,203
20232,A,골목상권,3110640,방화역 1번,4330,2746,1584,7,432,979,1112,1131,669,5,222,521,675,783,540,2,210,458,437,348,129
20232,A,골목상권,3110695,개봉1동주민센터,2132,1220,912,8,180,491,579,523,351,7,99,290,309,285,230,1,81,201,270,238,121
20232,A,골목상권,3110692,큰굴다리,3257,2221,1036,5,464,656,827,912,393,4,364,453,539,571,290,1,100,203,288,341,103
20232,A,골목상권,3110714,구로4동주민센터,3993,2731,1262,7,467,935,917,1103,564,4,223,587,636,850,431,3,244,348,281,253,133
20232,A,골목상권,3110715,구로구민회관,4993,2481,2512,4,601,1291,1353,1189,555,2,225,636,658,644,316,2,376,655,695,545,239
20232,A,골목상권,3110708,화원어린이공원,1274,488,786,6,311,266,296,208,187,1,66,71,108,97,145,5,245,195,188,111,42
20232,A,골목상권,3110713,구로보건소,7675,4823,2852,13,1134,1919,2115,1590,904,6,626,1277,1358,961,595,7,508,642,757,629,309
20232,A,골목상권,3110718,한국SGI본부,6477,4079,2398,33,1087,1712,1798,1241,606,26,598,1087,1157,798,413,7,489,625,641,443,193
20232,A,골목상권,3110707,구로창업지원센터,5470,4040,1430,11,555,1651,1506,1116,631,9,302,1244,1178,827,480,2,253,407,328,289,151
20232,A,골목상권,3110727,독산역 1번 출입구,3120,2126,994,18,378,675,804,825,420,18,221,481,534,577,295,0,157,194,270,248,125
20232,A,골목상권,3110726,금천철쭉어린이공원(금하마을),1222,795,427,13,185,229,245,307,243,11,116,157,160,167,184,2,69,72,85,140,59
20232,A,골목상권,3110738,문성초등학교,2470,1462,1008,12,359,479,571,602,447,3,208,314,345,327,265,9,151,165,226,275,182
20232,A,골목상권,3110744,독산동성당,2100,1247,853,1,190,325,415,592,577,0,116,185,232,327,387,1,74,140,183,265,190
20232,A,골목상권,3110754,삼성산자연공원(서울금천초등학교),1854,1031,823,19,228,370,484,441,312,12,101,240,284,208,186,7,127,130,200,233,126
20232,A,골목상권,3110734,금천파출소,1807,760,1047,8,475,533,360,289,142,3,200,263,141,92,61,5,275,270,219,197,81
20232,A,골목상권,3110747,석수역 1번 출입구,1082,802,280,4,73,141,239,286,339,4,48,101,156,202,291,0,25,40,83,84,48
20232,A,골목상권,3110819,신대방역 4번,5159,3199,1960,20,841,1350,1310,962,676,14,426,897,852,558,452,6,415,453,458,404,224
20232,A,골목상권,3110781,대림한신아파트,2145,1183,962,3,313,387,472,543,427,0,106,213,256,304,304,3,207,174,216,239,123
20232,A,골목상권,3110776,도신초등학교,4342,3047,1295,14,543,1061,1275,922,527,5,283,767,959,627,406,9,260,294,316,295,121
20232,A,골목상권,3110798,신풍역 2번,1786,1078,708,7,160,456,560,380,223,6,95,279,287,241,170,1,65,177,273,139,53
20232,A,골목상권,3110792,영등포역 2번,4524,2496,2028,35,680,1023,1028,1131,627,16,283,485,583,698,431,19,397,538,445,433,196
20232,A,골목상권,3110756,문래중학교,1572,1015,557,2,185,356,383,362,284,0,97,271,248,213,186,2,88,85,135,149,98
20232,A,골목상권,3110801,신풍역 6번(신길6동공영주차장),245,84,161,1,32,37,52,64,59,0,1,12,15,24,32,1,31,25,37,40,27
20232,A,골목상권,3110812,신길6동주민센터,2401,1555,846,4,382,558,565,498,394,3,189,346,367,345,305,1,193,212,198,153,89
20232,A,골목상권,3110811,보라매역 4번,1485,937,548,4,212,413,375,284,197,3,100,268,233,183,150,1,112,145,142,101,47
20232,A,골목상권,3110820,성남고등학교,4803,3512,1291,4,807,999,907,1587,499,3,498,725,655,1252,379,1,309,274,252,335,120
20232,A,골목상권,3110800,영등포동성당,4742,2638,2104,14,1219,1149,1000,824,536,6,385,590,637,579,441,8,834,559,363,245,95
20232,A,골목상권,3110806,서울시립영등포장애인복지관,2220,1555,665,16,339,498,524,501,342,8,181,328,388,376,274,8,158,170,136,125,68
20232,A,골목상권,3110839,숭실대입구역 4번,3303,2046,1257,2,371,954,1107,622,247,1,177,536,682,434,216,1,194,418,425,188,31
20232,A,골목상권,3110833,상도역 2번,1336,685,651,6,207,356,332,277,158,2,88,215,184,115,81,4,119,141,148,162,77
20232,A,골목상권,3110876,서원동주민센터(신관중학교),1010,458,552,0,95,206,235,294,180,0,31,95,124,113,95,0,64,111,111,181,85
20232,A,골목상권,3110889,봉천역 6번,1263,796,467,1,114,181,251,361,355,0,57,94,152,270,223,1,57,87,99,91,132
20232,A,골목상권,3110916,내방역 4번,9127,6122,3005,73,1885,2725,2144,1385,915,60,1124,1946,1492,851,649,13,761,779,652,534,266
20232,A,골목상권,3110901,인헌고등학교(인헌중학교),1830,934,896,7,276,482,543,370,152,4,127,251,267,170,115,3,149,231,276,200,37
20232,A,골목상권,3110919,내방역 8번,17656,12077,5579,47,2980,5187,5004,3205,1233,19,1390,3288,3826,2627,927,28,1590,1899,1178,578,306
20232,A,골목상권,3110908,구반포역,8972,4814,4158,21,1548,2263,2440,2159,541,21,607,1187,1452,1153,394,0,941,1076,988,1006,147
20232,A,골목상권,3110914,내방역 6번,6099,3888,2211,13,1069,1570,1366,1162,919,9,527,958,903,780,711,4,542,612,463,382,208
20232,A,골목상권,3110981,국악고교사거리,4814,3009,1805,11,674,1061,1231,1002,835,3,342,675,767,584,638,8,332,386,464,418,197
20232,A,골목상권,3110952,논현목련공원,6619,4360,2259,19,1063,1760,1774,1271,732,13,616,1186,1215,839,491,6,447,574,559,432,241
20232,A,골목상권,3110953,학동근린공원,21063,12969,8094,82,5828,6708,4428,2577,1440,26,2619,4180,3209,1850,1085,56,3209,2528,1219,727,355
20232,A,골목상권,3110968,강남구청역 2번,13705,8449,5256,49,2620,3694,3410,2525,1407,16,1163,2112,2388,1751,1019,33,1457,1582,1022,774,388
20232,A,골목상권,3110966,논현2동주민센터,18787,11747,7040,55,3807,5812,4775,2774,1564,16,1620,3352,3408,2154,1197,39,2187,2460,1367,620,367
20232,A,골목상권,3110973,강남구청역 4번,10030,5790,4240,39,1911,2711,2341,1849,1179,16,845,1639,1467,1073,750,23,1066,1072,874,776,429
20232,A,골목상권,3110996,대치2동주민센터,35867,16914,18953,262,6657,8765,8045,7435,4703,105,3082,5222,4330,2505,1670,157,3575,3543,3715,4930,3033
20232,A,골목상권,3110982,강남구보훈회관,4003,2221,1782,8,984,1036,920,571,484,5,350,614,590,298,364,3,634,422,330,273,120
20232,A,골목상권,3111002,한국교통안전공단 강남자동차검사소,409,194,215,0,27,74,87,129,92,0,8,39,41,58,48,0,19,35,46,71,44
20232,A,골목상권,3110987,영동대교남단,6140,4147,1993,37,1147,1773,1594,1067,522,17,553,1233,1221,750,373,20,594,540,373,317,149
20232,A,골목상권,3111022,석촌중학교(방이육교),7523,4484,3039,23,1128,1955,1970,1642,805,9,549,1248,1293,845,540,14,579,707,677,797,265
20232,A,골목상권,3111041,거여역 8번,2127,1468,659,8,544,521,474,308,272,6,288,381,370,220,203,2,256,140,104,88,69
20232,A,골목상권,3111031,장지동주민센터(한림연예예술고교),34991,27580,7411,16,3048,6307,10062,13354,2204,7,1885,4657,7895,11621,1515,9,1163,1650,2167,1733,689
20232,A,골목상권,3111014,송파나루역 2번,9836,5551,4285,11,1370,2414,2283,2319,1439,5,597,1499,1467,1202,781,6,773,915,816,1117,658
20232,A,골목상권,3111073,둔촌동역 1번(한산중학교),3288,1796,1492,11,429,739,851,706,552,8,165,384,502,371,366,3,264,355,349,335,186
20232,A,골목상권,3111072,굽은다리역 1번(십자성마을),2946,1789,1157,8,298,573,759,699,609,3,146,346,440,433,421,5,152,227,319,266,188
20232,A,골목상권,3111084,길동신동아아파트,1097,568,529,2,102,184,201,327,281,2,56,104,100,149,157,0,46,80,101,178,124
20232,A,골목상권,3110017,정독도서관,4793,3571,1222,1,747,1261,1255,1054,475,1,404,870,1019,890,387,0,343,391,236,164,88
20232,A,골목상권,3110004,대신고등학교,402,232,170,6,56,96,96,104,44,5,32,54,54,53,34,1,24,42,42,51,10
20232,A,골목상권,3110002,독립문역 1번,616,177,439,7,166,170,151,84,38,6,34,34,51,28,24,1,132,136,100,56,14
20232,A,골목상권,3110031,창신역 1번,499,243,256,2,65,123,115,127,67,0,17,56,56,68,46,2,48,67,59,59,21
20232,A,골목상권,3110181,신설동역 9번,11325,6319,5006,32,1034,2438,3253,2841,1727,17,532,1500,1747,1415,1108,15,502,938,1506,1426,619
20232,A,골목상권,3110025,충신시장옆,2953,1750,1203,6,522,768,705,591,361,1,198,408,447,419,277,5,324,360,258,172,84
20232,A,골목상권,3110291,한성대입구역 3번,2792,1638,1154,3,210,450,857,801,471,1,83,257,522,485,290,2,127,193,335,316,181
20232,A,골목상권,3110026,종로5가역 4번,1316,680,636,4,165,282,370,283,212,1,63,132,176,155,153,3,102,150,194,128,59
20232,A,골목상권,3110016,평창동동측,12725,5785,6940,17,1035,3438,5042,2657,536,8,355,1373,2545,1209,295,9,680,2065,2497,1448,241
20232,A,골목상권,3110020,서울국제고등학교,2158,1200,958,4,389,630,516,385,234,3,162,347,310,219,159,1,227,283,206,166,75
20232,A,골목상권,3110048,장충동주민센터,10743,5949,4794,32,1907,2975,2905,2265,659,5,684,1762,1731,1314,453,27,1223,1213,1174,951,206
20232,A,골목상권,3110046,버티고개,2463,1750,713,3,241,901,673,506,139,0,143,678,502,330,97,3,98,223,171,176,42
20232,A,골목상권,3110047,다산성곽길,5084,2935,2149,11,1086,1445,1154,887,501,3,410,865,765,531,361,8,676,580,389,356,140
20232,A,골목상권,3110539,미근동,12732,7479,5253,42,2010,4180,3436,2242,822,19,832,2371,2093,1519,645,23,1178,1809,1343,723,177
20232,A,골목상권,3110110,상왕십리역 6번,2405,1457,948,12,383,537,534,531,408,3,127,319,375,375,258,9,256,218,159,156,150
20232,A,골목상권,3110066,서울역 15번,4167,2123,2044,9,838,1274,877,641,528,4,288,582,482,374,393,5,550,692,395,267,135
20232,A,골목상권,3110591,충정로역 6번,3780,2155,1625,0,729,1051,1004,652,344,0,358,619,586,387,205,0,371,432,418,265,139
20232,A,골목상권,3110086,이태원역 북측,13166,6107,7059,36,4072,5077,2603,1007,371,14,1114,2293,1610,799,277,22,2958,2784,993,208,94
20232,A,골목상권,3110085,경리단길남측,12274,5390,6884,26,3823,4925,2402,861,237,12,993,2133,1397,675,180,14,2830,2792,1005,186,57
20232,A,골목상권,3110105,금동어린이공원,2664,1110,1554,16,327,830,1025,337,129,1,110,292,450,175,82,15,217,538,575,162,47
20232,A,골목상권,3110116,청계천박물관,6537,4739,1798,43,541,1177,1527,2151,1098,31,326,844,1178,1561,799,12,215,333,349,590,299
20232,A,골목상권,3110128,성원중학교,3542,2310,1232,18,454,892,940,801,437,8,266,660,634,494,248,10,188,232,306,307,189
20232,A,골목상권,3110120,서울숲카페거리,835,506,329,0,85,162,225,202,161,0,41,83,109,130,143,0,44,79,116,72,18
20232,A,골목상권,3110124,뚝섬역교차로,2595,1874,721,12,366,472,586,575,584,10,183,303,387,461,530,2,183,169,199,114,54
20232,A,골목상권,3110129,성원어린이공원,3599,2300,1299,18,579,846,820,729,607,14,311,541,561,470,403,4,268,305,259,259,204
20232,A,골목상권,3110132,성수2가3동주민센터,3491,2130,1361,9,415,835,861,811,560,8,209,510,554,495,354,1,206,325,307,316,206
20232,A,골목상권,3110223,군자초등학교,3357,2271,1086,35,621,967,788,549,397,8,327,680,552,382,322,27,294,287,236,167,75
20232,A,골목상권,3110111,대현산장미원,74,52,22,0,7,13,12,21,21,0,6,5,6,16,19,0,1,8,6,5,2
20232,A,골목상권,3110166,구의1동주민센터,13530,10491,3039,13,880,2121,3757,5357,1402,11,448,1352,2902,4600,1178,2,432,769,855,757,224
20232,A,골목상권,3110160,광진경찰서,1622,1121,501,1,270,514,389,345,103,1,174,364,263,239,80,0,96,150,126,106,23
20232,A,골목상권,3110164,아차산역 5번,2452,1482,970,7,311,484,595,582,473,2,153,274,370,328,355,5,158,210,225,254,118
20232,A,골목상권,3110145,장안초등학교,626,318,308,0,48,90,132,215,141,0,20,45,59,100,94,0,28,45,73,115,47
20232,A,골목상권,3110158,중곡3동주민센터,1689,1085,604,3,201,401,431,405,248,0,113,280,259,259,174,3,88,121,172,146,74
20232,A,골목상권,3110253,중곡초등학교,1551,1093,458,2,104,216,386,589,254,1,47,124,250,474,197,1,57,92,136,115,57
20232,A,골목상권,3110227,답십리공원,3666,2141,1525,43,1527,620,564,543,369,25,873,404,327,274,238,18,654,216,237,269,131
20232,A,골목상권,3110192,동의보감타워,1689,798,891,2,156,273,358,433,467,0,54,114,189,200,241,2,102,159,169,233,226
20232,A,골목상권,3110182,용두희망어린이공원,6164,2634,3530,4,747,1233,1297,1729,1154,0,240,665,668,567,494,4,507,568,629,1162,660
20232,A,골목상권,3110208,시조사삼거리,1810,1056,754,3,255,573,311,351,317,2,120,403,184,193,154,1,135,170,127,158,163
20232,A,골목상권,3110191,고려대역 6번,817,524,293,1,45,155,267,206,143,1,24,76,163,146,114,0,21,79,104,60,29
20232,A,골목상권,3110193,고려대역 4번,827,531,296,1,49,167,287,216,107,1,25,93,176,149,87,0,24,74,111,67,20
20232,A,골목상권,3110249,중화역 1번,2900,1839,1061,1,380,672,715,696,436,1,208,379,410,482,359,0,172,293,305,214,77
20232,A,골목상권,3110274,서일대학교,1874,1209,665,2,153,270,455,529,465,1,54,150,285,380,339,1,99,120,170,149,126
20232,A,골목상권,3110270,혜원여고,1057,631,426,0,86,153,246,300,272,0,32,87,130,187,195,0,54,66,116,113,77
20232,A,골목상권,3110277,러스크서울병원,1417,798,619,5,161,220,285,429,317,1,56,69,143,266,263,4,105,151,142,163,54
20232,A,골목상권,3110250,화랑대역 7번,1016,501,515,5,84,215,300,277,135,1,28,102,135,142,93,4,56,113,165,135,42
20232,A,골목상권,3110235,세화어린이공원,352,192,160,6,86,56,94,66,44,5,50,30,41,35,31,1,36,26,53,31,13
20232,A,골목상권,3110306,미아초등학교,5040,2548,2492,418,2027,1281,681,387,246,176,903,701,375,192,201,242,1124,580,306,195,45
20232,A,골목상권,3110304,보문역 4번,3586,1900,1686,4,465,1014,939,889,275,3,200,485,478,545,189,1,265,529,461,344,86
20232,A,골목상권,3110336,석관고등학교,933,606,327,1,108,181,209,262,172,0,57,97,124,192,136,1,51,84,85,70,36
20232,A,골목상권,3110327,상월곡역 2번,1727,1049,678,4,291,422,476,347,187,1,146,269,289,200,144,3,145,153,187,147,43
20232,A,골목상권,3110330,돌곶이역 1번,785,481,304,1,83,124,161,170,246,0,26,63,88,101,203,1,57,61,73,69,43
20232,A,골목상권,3110335,석계역 7번,2390,1663,727,2,154,218,357,467,1192,0,68,110,204,330,951,2,86,108,153,137,241
20232,A,골목상권,3110332,돌곶이역 3번,2136,1489,647,1,156,186,243,364,1186,0,59,94,136,223,977,1,97,92,107,141,209
20232,A,골목상권,3110389,한일병원,2913,1480,1433,1,556,681,702,645,328,1,161,333,390,368,227,0,395,348,312,277,101
20232,A,골목상권,3110347,구세군강북종합사회복지관,229,109,120,0,29,43,60,41,56,0,5,15,30,21,38,0,24,28,30,20,18
20232,A,골목상권,3110344,화계중학교,765,403,362,0,70,135,208,278,74,0,39,56,106,139,63,0,31,79,102,139,11
20232,A,골목상권,3110353,수유동우체국,2195,1467,728,0,76,117,357,593,1052,0,17,56,240,437,717,0,59,61,117,156,335
20232,A,골목상권,3110387,쌍문초등학교,1023,569,454,0,115,155,279,298,176,0,47,78,125,166,153,0,68,77,154,132,23
20232,A,골목상권,3110337,아카데미하우스,1220,817,403,6,149,254,287,330,194,6,70,184,184,207,166,0,79,70,103,123,28
20232,A,골목상권,3110397,도봉산입구,1081,690,391,0,65,132,223,329,332,0,17,63,112,226,272,0,48,69,111,103,60
20232,A,골목상권,3110406,도봉산역 1번,1282,894,388,0,35,92,248,427,480,0,12,56,183,328,315,0,23,36,65,99,165
20232,A,골목상권,3110415,수락산역 4번,3127,1795,1332,19,436,611,756,776,529,16,238,366,437,450,288,3,198,245,319,326,241
20232,A,골목상권,3110435,서울과학기술대,486,320,166,0,28,85,109,148,116,0,14,37,61,104,104,0,14,48,48,44,12
20232,A,골목상권,3110436,상계제일중학교,1604,823,781,12,185,351,391,391,274,7,70,171,207,186,182,5,115,180,184,205,92
20232,A,골목상권,3110432,대진고등학교,2273,1419,854,3,199,364,570,753,384,2,72,175,325,556,289,1,127,189,245,197,95
20232,A,골목상권,3110483,연천초등학교,1888,990,898,2,87,158,205,289,1147,1,35,83,95,136,640,1,52,75,110,153,507
20232,A,골목상권,3110491,불광중학교,467,194,273,1,38,82,132,139,75,1,13,39,53,48,40,0,25,43,79,91,35
20232,A,골목상권,3110452,새절역 3번,1150,767,383,3,83,169,269,341,285,3,52,85,159,216,252,0,31,84,110,125,33
20232,A,골목상권,3110469,응암정보도서관,2593,1307,1286,1,277,517,711,671,416,0,105,249,330,338,285,1,172,268,381,333,131
20232,A,골목상권,3110471,응암동우체국,1068,455,613,2,131,198,295,296,146,1,38,64,109,149,94,1,93,134,186,147,52
20232,A,골목상권,3110494,증산3교남측,1503,1100,403,0,61,162,176,249,855,0,27,76,66,146,785,0,34,86,110,103,70
20232,A,골목상권,3110497,가좌역 3번,3639,2210,1429,4,227,430,591,916,1471,2,157,288,394,494,875,2,70,142,197,422,596
20232,A,골목상권,3110501,연희어린이공원,1435,806,629,9,204,340,341,335,206,8,95,227,185,158,133,1,109,113,156,177,73
20232,A,골목상권,3110500,남가좌동현대아파트,219,118,101,0,28,30,52,77,32,0,13,18,25,47,15,0,15,12,27,30,17
20232,A,골목상권,3110530,아현역 1번,1285,656,629,2,341,431,249,154,108,1,130,243,133,83,66,1,211,188,116,71,42
20232,A,골목상권,3110509,연희대우아파트앞,3108,1452,1656,10,588,768,762,647,333,7,195,340,413,291,206,3,393,428,349,356,127
20232,A,골목상권,3110564,홍대입구역 3번,3719,2005,1714,13,669,919,827,753,538,9,248,448,456,453,391,4,421,471,371,300,147
20232,A,골목상권,3110524,연희세브란스병원,103,61,42,0,12,14,21,21,35,0,6,7,10,13,25,0,6,7,11,8,10
20232,A,골목상권,3110519,서대문구보건소별관,1507,688,819,1,235,290,399,374,208,1,79,135,203,162,108,0,156,155,196,212,100
20232,A,골목상권,3110576,대흥역 3번,5382,3414,1968,79,939,1223,1169,1147,825,29,466,793,820,754,552,50,473,430,349,393,273
20232,A,골목상권,3110573,신촌역 6번,3658,1638,2020,59,1952,841,356,296,154,19,740,412,168,189,110,40,1212,429,188,107,44
20232,A,골목상권,3110563,상수역 3번,1775,1091,684,20,394,537,380,269,175,14,185,322,259,186,125,6,209,215,121,83,50
20232,A,골목상권,3110621,목동역 5번,6561,3403,3158,13,1373,1658,1558,1218,741,7,459,886,925,658,468,6,914,772,633,560,273
20232,A,골목상권,3110604,신월4동주민센터,2562,1829,733,1,147,307,531,813,763,1,63,163,324,591,687,0,84,144,207,222,76
20232,A,골목상권,3110592,서울금융고등학교,1418,826,592,0,159,268,306,388,297,0,60,114,154,262,236,0,99,154,152,126,61
20232,A,골목상권,3110595,메디힐병원,2673,1506,1167,2,265,534,570,717,585,1,120,277,304,429,375,1,145,257,266,288,210
20232,A,골목상권,3110603,지향초등학교,1491,835,656,3,116,242,379,451,300,0,47,129,201,246,212,3,69,113,178,205,88
20232,A,골목상권,3110625,신정2동주민센터,16198,9820,6378,112,2886,5330,4076,2804,990,78,1380,3276,2623,1819,644,34,1506,2054,1453,985,346
20232,A,골목상권,3110694,세곡초등학교,1785,1047,738,2,177,395,445,464,302,0,103,223,225,258,238,2,74,172,220,206,64
20232,A,골목상권,3110614,목동로데오거리,2417,1098,1319,3,334,528,600,608,344,2,114,230,276,284,192,1,220,298,324,324,152
20232,A,골목상권,3110667,가양역 10번,1800,935,865,11,274,339,420,410,346,3,109,178,245,204,196,8,165,161,175,206,150
20232,A,골목상권,3110643,강서구다솔마을,965,598,367,1,130,245,288,220,81,0,61,147,186,143,61,1,69,98,102,77,20
20232,A,골목상권,3110639,신방화역 8번,2731,1181,1550,7,220,288,413,883,920,4,100,169,211,292,405,3,120,119,202,591,515
20232,A,골목상권,3110663,우장산롯데캐슬아파트앞,5359,3199,2160,30,999,1445,1422,975,488,6,423,940,917,567,346,24,576,505,505,408,142
20232,A,골목상권,3110641,공항고등학교,1128,713,415,5,140,196,275,310,202,4,68,126,151,195,169,1,72,70,124,115,33
20232,A,골목상권,3110633,개화산역 1번,1889,1400,489,5,147,329,613,532,263,3,96,226,475,385,215,2,51,103,138,147,48
20232,A,골목상권,3110642,정곡초등학교,685,546,139,4,37,93,162,180,209,3,26,69,120,144,184,1,11,24,42,36,25
20232,A,골목상권,3110678,염창무학아파트,1394,954,440,1,153,288,345,353,254,1,67,196,230,253,207,0,86,92,115,100,47
20232,A,골목상권,3110653,화곡역 2번,3217,1604,1613,4,830,737,647,610,389,2,234,386,349,374,259,2,596,351,298,236,130
20232,A,골목상권,3110664,강서구청옆,5115,3052,2063,3,737,1589,1285,1162,339,2,325,916,765,801,243,1,412,673,520,361,96
20232,A,골목상권,3110661,강서새말어린이공원,5000,2990,2010,3,614,1412,1299,1279,393,1,264,757,773,902,293,2,350,655,526,377,100
20232,A,골목상권,3110710,남구로역 3번,11294,7278,4016,42,2025,3289,2861,1783,1294,27,997,2122,1963,1237,932,15,1028,1167,898,546,362
20232,A,골목상권,3110683,오류고등학교,947,549,398,2,104,203,251,259,128,0,46,117,149,161,76,2,58,86,102,98,52
20232,A,골목상권,3110739,시흥3동 우편취급국,6057,3396,2661,12,415,798,1378,1593,1861,3,218,521,767,793,1094,9,197,277,611,800,767
20232,A,골목상권,3110687,"천왕역 3번(오류2동주민센터, 서울오류남초등학교)",611,327,284,2,64,145,181,164,55,0,25,67,94,101,40,2,39,78,87,63,15
20232,A,골목상권,3110740,금천해태공원,2272,1221,1051,12,314,449,585,607,305,12,140,242,307,289,231,0,174,207,278,318,74
20232,A,골목상권,3110733,금천어울림복지센터,1394,848,546,6,220,294,309,352,213,6,95,175,196,198,178,0,125,119,113,154,35
20232,A,골목상권,3110794,영동초등학교,6731,4384,2347,7,908,1678,1868,1488,782,4,484,1187,1296,880,533,3,424,491,572,608,249
20232,A,골목상권,3110796,한림대학교한강성심병원,4703,2546,2157,8,1205,1185,1032,730,543,0,356,602,664,496,428,8,849,583,368,234,115
20232,A,골목상권,3110773,당산역 13번,2296,1625,671,5,321,455,469,433,613,2,200,319,306,314,484,3,121,136,163,119,129
20232,A,골목상권,3110775,대동초등학교,2205,1172,1033,3,265,305,440,491,701,2,87,154,225,267,437,1,178,151,215,224,264
20232,A,골목상권,3110802,신길동홍어거리,1688,958,730,2,163,356,336,340,491,0,66,161,165,198,368,2,97,195,171,142,123
20232,A,골목상권,3110814,서울지방병무청,7231,4542,2689,9,1277,1559,1449,2091,846,3,648,1005,888,1436,562,6,629,554,561,655,284
20232,A,골목상권,3110791,신풍역 3번,962,409,553,2,107,204,340,219,90,1,55,84,106,98,65,1,52,120,234,121,25
20232,A,골목상권,3110826,장승배기역 4번,1539,717,822,2,208,317,383,327,302,1,88,174,163,145,146,1,120,143,220,182,156
20232,A,골목상권,3110846,남성역 1번,3023,1643,1380,6,279,488,722,688,840,4,110,241,329,370,589,2,169,247,393,318,251
20232,A,골목상권,3110849,이수역 10번,2020,917,1103,9,243,385,555,503,325,3,74,176,237,222,205,6,169,209,318,281,120
20232,A,골목상권,3110904,이수역 5번,7580,3075,4505,27,1481,1942,1814,1328,988,11,481,754,719,541,569,16,1000,1188,1095,787,419
20232,A,골목상권,3110845,사당종합체육관,2216,1328,888,1,343,604,608,487,173,0,142,347,418,296,125,1,201,257,190,191,48
20232,A,골목상권,3110838,상도1동주민센터앞,470,279,191,0,38,134,125,108,65,0,24,64,76,59,56,0,14,70,49,49,9
20232,A,골목상권,3110842,흑리단길,333,124,209,1,42,51,91,88,60,0,9,16,31,31,37,1,33,35,60,57,23
20232,A,골목상권,3110895,샤로수길,9100,5774,3326,22,1457,2643,2011,1949,1018,12,741,1663,1249,1320,789,10,716,980,762,629,229
20232,A,골목상권,3110862,난곡초등학교(난곡동벽화마을),751,369,382,4,90,142,198,179,138,2,33,61,89,89,95,2,57,81,109,90,43
20232,A,골목상권,3110881,구립대학경로당(관악산샘말공원),3491,2506,985,7,487,876,989,802,330,2,285,574,762,628,255,5,202,302,227,174,75
20232,A,골목상권,3110868,남부초등학교,1203,669,534,1,119,222,307,292,262,1,58,121,153,170,166,0,61,101,154,122,96
20232,A,골목상권,3110884,봉천역 4번(봉천110안전센터),2449,1248,1201,5,344,475,517,594,514,2,117,236,287,288,318,3,227,239,230,306,196
20232,A,골목상권,3110945,본마을노인복지센터(서초구립내곡도서관),282,173,109,3,60,68,60,61,30,3,24,39,39,44,24,0,36,29,21,17,6
20232,A,골목상권,3110923,방배역 1번,7685,4925,2760,99,1271,2216,1992,1225,882,30,656,1274,1396,874,695,69,615,942,596,351,187
20232,A,골목상권,3110911,방배배수지체육공원,5174,3320,1854,19,999,1738,1199,574,645,7,472,1151,868,368,454,12,527,587,331,206,191
20232,A,골목상권,3110925,서초중학교,7154,4224,2930,46,1556,2069,1769,1060,654,22,621,1233,1169,687,492,24,935,836,600,373,162
20232,A,골목상권,3110939,양재역 8번(양재동우체국),41563,20436,21127,491,8989,10005,11680,7308,3090,234,4386,5999,4772,2772,2273,257,4603,4006,6908,4536,817
20232,A,골목상권,3110957,언북중학교,19599,10831,8768,50,4379,6251,4791,2651,1477,12,1584,3303,3059,1807,1066,38,2795,2948,1732,844,411
20232,A,골목상권,3110965,언주역 6번,9740,5517,4223,23,2101,3089,2326,1335,866,8,808,1801,1548,764,588,15,1293,1288,778,571,278
20232,A,골목상권,3110989,대치동아우편취급국,11455,6945,4510,30,1728,2699,2466,2216,2316,10,807,1670,1718,1423,1317,20,921,1029,748,793,999
20232,A,골목상권,3110976,언북초등학교,7421,3945,3476,22,1768,2422,1579,974,656,5,662,1328,981,573,396,17,1106,1094,598,401,260
20232,A,골목상권,3111009,송파책박물관,1894,1412,482,3,218,363,367,454,489,1,177,296,267,293,378,2,41,67,100,161,111
20232,A,골목상권,3111036,투구봉어린이공원,2144,1386,758,11,342,562,503,501,225,9,231,389,324,276,157,2,111,173,179,225,68
20232,A,골목상권,3111039,벌말어린이공원,2919,1879,1040,10,337,724,752,674,422,9,200,492,489,409,280,1,137,232,263,265,142
20232,A,골목상권,3111013,송파나루역 1번(송리단길),13204,8353,4851,24,2104,4019,3310,2243,1504,8,1026,2562,2230,1466,1061,16,1078,1457,1080,777,443
20232,A,골목상권,3111063,강동구립 천호도서관,2780,1638,1142,5,183,340,451,548,1253,5,84,173,243,277,856,0,99,167,208,271,397
20232,A,골목상권,3111075,굽은다리역 2번,2417,1284,1133,3,301,474,580,612,447,1,128,269,277,326,283,2,173,205,303,286,164
20232,A,골목상권,3111058,성내중학교,2021,1203,818,3,223,404,536,552,303,1,135,242,295,323,207,2,88,162,241,229,96
20232,A,골목상권,3111055,선사초등학교,1504,437,1067,1,125,210,322,498,348,0,66,114,117,64,76,1,59,96,205,434,272
20232,A,골목상권,3110535,영천시장입구,1407,635,772,2,148,229,338,457,233,2,47,91,151,210,134,0,101,138,187,247,99
20232,A,골목상권,3110009,자하문터널,2236,1348,888,1,463,684,579,375,134,1,207,424,359,259,98,0,256,260,220,116,36
20232,A,골목상권,3110033,창신역 4번,852,441,411,1,111,175,201,230,134,0,33,87,107,143,71,1,78,88,94,87,63
20232,A,골목상권,3110023,서울대병원,2374,1256,1118,7,511,735,518,390,213,2,179,349,299,269,158,5,332,386,219,121,55
20232,A,골목상권,3110022,경신고등학교,5909,2689,3220,26,974,1661,1479,1083,686,19,336,787,696,497,354,7,638,874,783,586,332
20232,A,골목상권,3110280,북정마을,1209,815,394,9,195,326,356,231,92,2,107,241,255,149,61,7,88,85,101,82,31
20232,A,골목상권,3110044,관성묘,34192,15760,18432,442,11564,8837,6437,4830,2082,190,5585,5080,3417,1066,422,252,5979,3757,3020,3764,1660
20232,A,골목상권,3110590,만리재,1137,499,638,0,203,311,256,242,125,0,72,138,121,98,70,0,131,173,135,144,55
20232,A,골목상권,3110538,충정로역 3번,6660,3985,2675,3,1234,1988,1797,1041,597,2,614,1164,1117,687,401,1,620,824,680,354,196
20232,A,골목상권,3110074,서울역 12번,26467,15378,11089,166,9386,8469,5337,2396,713,16,2581,5612,4442,2143,584,150,6805,2857,895,253,129
20232,A,골목상권,3110079,후암동주민센터,23635,17320,6315,25,4338,8442,6036,3464,1330,14,2507,5969,5038,2823,969,11,1831,2473,998,641,361
20232,A,골목상권,3110084,경리단길북측,1137,629,508,2,162,321,292,215,145,0,72,172,152,124,109,2,90,149,140,91,36
20232,A,골목상권,3110081,해방촌 남동측,1004,549,455,0,167,274,244,214,105,0,70,167,133,107,72,0,97,107,111,107,33
20232,A,골목상권,3110071,한강미주맨션아파트,7694,4336,3358,39,937,1689,2729,1822,478,30,410,993,1467,1121,315,9,527,696,1262,701,163
20232,A,골목상권,3110070,용산세무서,4544,2531,2013,7,511,842,1763,1106,315,0,317,511,830,654,219,7,194,331,933,452,96
20232,A,골목상권,3110062,한강로동땡땡거리(은행나무길),6939,4293,2646,11,881,2017,1923,1394,713,7,381,1078,1310,1036,481,4,500,939,613,358,232
20232,A,골목상권,3110101,옥정중학교,7875,6553,1322,8,667,2533,2557,1899,211,4,336,1961,2280,1793,179,4,331,572,277,106,32
20232,A,골목상권,3110102,옥수역 6번,3841,1318,2523,3,1030,1177,844,551,236,0,231,368,353,245,121,3,799,809,491,306,115
20232,A,골목상권,3110142,화양사거리,2804,1663,1141,4,514,723,673,527,363,1,251,457,441,258,255,3,263,266,232,269,108
20232,A,골목상권,3110179,광나루역 1번,5756,3390,2366,160,2246,981,941,998,430,51,1063,679,646,684,267,109,1183,302,295,314,163
20232,A,골목상권,3110180,광진정보도서관,8061,5134,2927,18,2150,2859,1722,920,392,5,1092,1920,1198,611,308,13,1058,939,524,309,84
20232,A,골목상권,3110159,구의역 4번,5367,2836,2531,7,750,1225,1369,1270,746,7,284,550,682,767,546,0,466,675,687,503,200
20232,A,골목상권,3110183,한국의류시험연구원,5635,1896,3739,5,941,1338,1052,1352,947,1,284,602,411,281,317,4,657,736,641,1071,630
20232,A,골목상권,3110148,어린이대공원역 3번,1054,772,282,0,83,139,292,374,166,0,39,93,207,287,146,0,44,46,85,87,20
20232,A,골목상권,3110153,중곡1동주민센터,4344,1904,2440,82,1289,748,851,997,377,28,556,394,376,309,241,54,733,354,475,688,136
20232,A,골목상권,3110228,장안근린공원,5579,2983,2596,50,1846,996,988,1029,670,31,967,565,447,513,460,19,879,431,541,516,210
20232,A,골목상권,3110210,서울시립대,1290,734,556,4,172,214,230,290,380,1,63,119,130,137,284,3,109,95,100,153,96
20232,A,골목상권,3110197,세종대왕기념관교차로,681,441,240,1,42,138,243,179,78,1,22,79,156,117,66,0,20,59,87,62,12
20232,A,골목상권,3110317,종암중학교,856,427,429,0,69,203,291,204,89,0,23,84,143,127,50,0,46,119,148,77,39
20232,A,골목상권,3110269,용마문화복지센터,1193,806,387,1,105,206,253,351,277,0,39,123,168,269,207,1,66,83,85,82,70
20232,A,골목상권,3110262,상봉역 3번,2597,1501,1096,5,405,724,834,459,170,3,233,499,436,209,121,2,172,225,398,250,49
20232,A,골목상권,3110243,중랑노인종합복지관,1280,706,574,2,112,204,300,372,290,1,37,90,161,202,215,1,75,114,139,170,75
20232,A,골목상권,3110252,장안제일시장,1463,895,568,1,172,277,384,342,287,1,77,179,182,215,241,0,95,98,202,127,46
20232,A,골목상권,3110255,상봉역 4번,4054,2483,1571,6,455,886,1164,879,664,1,218,560,648,531,525,5,237,326,516,348,139
20232,A,골목상권,3110259,사가정역 1번,2849,1765,1084,6,311,616,796,665,455,3,137,348,463,463,351,3,174,268,333,202,104
20232,A,골목상권,3110247,먹골역 1번,1727,841,886,0,201,366,470,450,240,0,59,164,206,235,177,0,142,202,264,215,63
20232,A,골목상권,3110244,중화역 4번,2138,1412,726,2,328,556,501,482,269,2,197,350,310,346,207,0,131,206,191,136,62
20232,A,골목상권,3110251,장안중학교,1630,858,772,0,198,364,401,366,301,0,75,156,203,193,231,0,123,208,198,173,70
20232,A,골목상권,3110271,신내역 1번,2482,929,1553,4,592,712,487,573,114,1,121,285,240,223,59,3,471,427,247,350,55
20232,A,골목상권,3110296,성신여대입구역 4번,12695,7697,4998,59,1926,3038,3949,2285,1438,26,872,1766,2632,1690,711,33,1054,1272,1317,595,727
20232,A,골목상권,3110297,경동고등학교,7690,3952,3738,8,907,1939,2285,1889,662,4,314,848,1159,1261,366,4,593,1091,1126,628,296
20232,A,골목상권,3110378,송중동주민센터,1126,533,593,8,114,164,325,277,238,6,49,71,143,123,141,2,65,93,182,154,97
20232,A,골목상권,3110414,장석교회,402,255,147,4,50,79,115,101,53,2,29,47,75,62,40,2,21,32,40,39,13
20232,A,골목상권,3110287,정릉3동주민센터,875,585,290,0,79,170,271,258,97,0,28,91,181,204,81,0,51,79,90,54,16
20232,A,골목상권,3110375,서울북부고용노동지청,845,360,485,1,109,138,239,204,154,0,39,61,79,89,92,1,70,77,160,115,62
20232,A,골목상권,3110399,창2동주민센터,1602,880,722,10,196,366,466,372,192,9,106,227,240,168,130,1,90,139,226,204,62
20232,A,골목상권,3110354,삼각산119안전센터,344,130,214,1,37,80,102,76,48,0,8,21,42,29,30,1,29,59,60,47,18
20232,A,골목상권,3110350,가오리역 2번,1785,1189,596,0,95,235,490,631,334,0,24,137,343,423,262,0,71,98,147,208,72
20232,A,골목상권,3110410,방학역 2번,5184,3020,2164,10,533,1200,1296,1319,826,9,263,670,687,796,595,1,270,530,609,523,231
20232,A,골목상권,3110411,도봉역 3번,1429,925,504,2,98,247,291,426,365,1,28,129,162,293,312,1,70,118,129,133,53
20232,A,골목상권,3110400,도봉구보건소,1846,892,954,4,271,357,453,479,282,3,89,169,210,236,185,1,182,188,243,243,97
20232,A,골목상권,3110409,창동역 2번,5869,3927,1942,2,646,1342,1458,1180,1241,0,365,971,1044,680,867,2,281,371,414,500,374
20232,A,골목상권,3110434,태릉입구역 4번,2447,893,1554,4,239,367,566,692,579,2,84,195,227,195,190,2,155,172,339,497,389
20232,A,골목상권,3110426,상계2동주민센터,2416,1320,1096,14,360,487,625,559,371,11,137,269,322,324,257,3,223,218,303,235,114
20232,A,골목상권,3110465,연신내역 7번,2257,927,1330,9,386,528,559,476,299,5,118,240,230,184,150,4,268,288,329,292,149
20232,A,골목상권,3110490,녹번동근린공원,3783,1923,1860,7,438,883,1034,1016,405,4,202,399,477,577,264,3,236,484,557,439,141
20232,A,골목상권,3110489,불광역 3번,716,357,359,0,96,185,192,137,106,0,35,89,98,60,75,0,61,96,94,77,31
20232,A,골목상권,3110479,연신내역 2번,2576,1321,1255,3,157,300,327,507,1282,1,56,170,162,218,714,2,101,130,165,289,568
20232,A,골목상권,3110493,북가좌초등학교,1809,1358,451,0,58,129,215,372,1035,0,18,54,90,234,962,0,40,75,125,138,73
20232,A,골목상권,3110492,하나고등학교,540,262,278,1,21,104,141,149,124,0,6,75,108,50,23,1,15,29,33,99,101
20232,A,골목상권,3110514,서대문우체국,5884,4292,1592,5,831,1136,1085,2109,718,2,601,819,690,1648,532,3,230,317,395,461,186
20232,A,골목상권,3110562,연트럴파크(연남동주민센터),2875,1653,1222,6,493,708,654,605,409,5,216,416,353,352,311,1,277,292,301,253,98
20232,A,골목상권,3110508,서연중학교,4731,2947,1784,65,1080,1249,854,927,556,33,608,915,530,502,359,32,472,334,324,425,197
20232,A,골목상권,3110513,연희파출소,3363,2204,1159,22,567,790,725,790,469,9,272,540,501,544,338,13,295,250,224,246,131
20232,A,골목상권,3110518,서대문구청,3722,1975,1747,12,546,1034,1058,869,203,9,200,479,568,581,138,3,346,555,490,288,65
20232,A,골목상권,3110525,홍은종합사회복지관,7221,1312,5909,3,183,467,1911,3557,1100,1,69,144,285,391,422,2,114,323,1626,3166,678
20232,A,골목상권,3110515,홍은중학교,1043,706,337,1,143,296,295,199,109,1,75,191,205,147,87,0,68,105,90,52,22
20232,A,골목상권,3110583,공덕래미안3차아파트,6179,4019,2160,25,972,2169,1807,999,207,2,442,1254,1331,841,149,23,530,915,476,158,58
20232,A,골목상권,3110577,용강동주민센터,9059,5496,3563,86,1376,2019,2088,1811,1679,35,752,1266,1421,1058,964,51,624,753,667,753,715
20232,A,골목상권,3110559,성산중학교,3953,2244,1709,15,791,1163,989,658,337,10,291,617,630,448,248,5,500,546,359,210,89
20232,A,골목상권,3110673,뜸부기어린이공원,3925,1626,2299,2,811,1050,872,768,422,1,199,434,404,342,246,1,612,616,468,426,176
20232,A,골목상권,3110593,신월3동주민센터,1762,1006,756,1,186,325,388,471,391,0,75,151,191,286,303,1,111,174,197,185,88
20232,A,골목상권,3110605,목동센트럴아이파크앞,1499,829,670,1,100,208,369,491,330,0,43,115,174,261,236,1,57,93,195,230,94
20232,A,골목상권,3110644,신광명마을,984,638,346,8,82,134,249,286,225,5,35,58,135,196,209,3,47,76,114,90,16
20232,A,골목상권,3110634,송정역 3번,2258,1399,859,4,275,506,610,511,352,1,117,307,373,338,263,3,158,199,237,173,89
20232,A,골목상권,3110637,송정역 2번,2971,1382,1589,8,213,374,533,870,973,1,106,229,321,293,432,7,107,145,212,577,541
20232,A,골목상권,3110717,남구로역 2번,14015,9786,4229,70,2885,4254,3438,2015,1353,55,1641,3012,2557,1417,1104,15,1244,1242,881,598,249
20232,A,골목상권,3110704,고척중학교,2226,1605,621,3,212,447,479,523,562,2,146,303,298,357,499,1,66,144,181,166,63
20232,A,골목상권,3110711,구로초등학교,6053,3126,2927,18,987,1548,1351,1432,717,6,398,756,689,847,430,12,589,792,662,585,287
20232,A,골목상권,3110853,KT구로지사,2641,1608,1033,1,319,772,649,545,355,0,145,461,405,335,262,1,174,311,244,210,93
20232,A,골목상권,3110719,영서중학교,8289,5933,2356,59,1796,2525,2024,1273,612,45,1066,1810,1558,970,484,14,730,715,466,303,128
20232,A,골목상권,3110681,온수역 1번,770,608,162,1,32,106,134,230,267,1,15,68,84,193,247,0,17,38,50,37,20
20232,A,골목상권,3110686,수궁동주민센터,1712,942,770,4,166,281,410,516,335,2,67,147,225,281,220,2,99,134,185,235,115
20232,A,골목상권,3110724,금천구립가산도서관,11383,7546,3837,40,1693,3181,2821,2099,1549,26,938,2131,2094,1485,872,14,755,1050,727,614,677
20232,A,골목상권,3110737,금천세무서,1798,1125,673,11,253,347,446,436,305,2,132,205,256,291,239,9,121,142,190,145,66
20232,A,골목상권,3110751,난곡중학교,4170,2971,1199,5,268,560,768,723,1846,4,152,299,440,412,1664,1,116,261,328,311,182
20232,A,골목상권,3110770,영등포구청역 6번,3743,2293,1450,10,456,798,1009,775,695,8,198,431,610,510,536,2,258,367,399,265,159
20232,A,골목상권,3110774,당산반도유보라팰리스아파트,6057,3990,2067,23,1174,1514,1210,1260,876,16,690,964,811,881,628,7,484,550,399,379,248
20232,A,골목상권,3110784,신대림초등학교,635,358,277,0,52,113,172,193,105,0,17,54,98,114,75,0,35,59,74,79,30
20232,A,골목상권,3110790,대림1동주민센터,1866,1133,733,8,165,442,606,439,206,6,106,276,315,276,154,2,59,166,291,163,52
20232,A,골목상권,3110797,KT대방빌딩,2388,1195,1193,9,744,610,471,373,181,6,202,321,282,247,137,3,542,289,189,126,44
20232,A,골목상권,3110767,도림동주민센터,1986,1301,685,12,195,337,469,452,521,9,94,206,296,293,403,3,101,131,173,159,118
20232,A,골목상권,3110795,도림초등학교,1472,844,628,3,149,235,336,361,388,3,60,124,194,196,267,0,89,111,142,165,121
20232,A,골목상권,3110816,대방역 6번,1738,1058,680,6,221,364,462,314,371,4,113,216,301,190,234,2,108,148,161,124,137
20232,A,골목상권,3110805,신길새마을금고신길4동지점,1023,537,486,1,157,206,259,272,128,0,62,106,133,146,90,1,95,100,126,126,38
20232,A,골목상권,3110760,선유도역 6번,5228,3263,1965,14,772,1203,1346,1246,647,10,420,748,783,769,533,4,352,455,563,477,114
20232,A,골목상권,3110829,장승배기역 5번,1910,1113,797,2,354,419,433,426,276,1,244,230,215,246,177,1,110,189,218,180,99
20232,A,골목상권,3110823,신대방삼거리역 3번,18527,11847,6680,53,3630,3578,3043,4396,3827,29,2845,2902,1956,2093,2022,24,785,676,1087,2303,1805
20232,A,골목상권,3110825,신대방삼거리역 1번,1887,1186,701,4,200,384,537,438,324,2,118,234,332,261,239,2,82,150,205,177,85
20232,A,골목상권,3110902,사당역 4번,4587,2962,1625,5,748,1134,1234,856,610,3,391,730,829,555,454,2,357,404,405,301,156
20232,A,골목상권,3110848,양지어린이공원,2097,1112,985,2,190,322,522,478,583,1,51,160,244,247,409,1,139,162,278,231,174
20232,A,골목상권,3110837,숭실대입구역 1번,7582,3000,4582,54,1016,1317,1684,2308,1203,29,513,708,790,619,341,25,503,609,894,1689,862
20232,A,골목상권,3110869,"신림역 5번(신림동주민센터, 신림동별빛거리)",3655,2148,1507,5,394,824,948,715,769,3,166,460,534,430,555,2,228,364,414,285,214
20232,A,골목상권,3110844,흑석2치안센터,160,91,69,1,22,48,41,25,23,1,12,21,23,16,18,0,10,27,18,9,5
20232,A,골목상권,3110897,서울대입구역 8번,3249,1771,1478,17,519,696,762,756,499,10,216,361,414,426,344,7,303,335,348,330,155
20232,A,골목상권,3110865,남강고등학교(남강중학교),1253,655,598,10,151,251,310,354,177,7,69,139,159,167,114,3,82,112,151,187,63
20232,A,골목상권,3110909,남태령역(서울전자고등학교),640,329,311,2,35,69,132,263,139,2,9,34,62,132,90,0,26,35,70,131,49
20232,A,골목상권,3111007,석촌고분역 4번,4469,2987,1482,9,625,1051,1004,989,791,8,392,705,646,633,603,1,233,346,358,356,188
20232,A,골목상권,3111004,삼전역 1번,11074,7193,3881,42,1623,2462,2544,2663,1740,4,728,1489,1666,1950,1356,38,895,973,878,713,384
20232,A,골목상권,3111051,천호역 6번,3537,1976,1561,10,608,745,821,822,531,4,339,401,414,434,384,6,269,344,407,388,147
20232,A,골목상권,3111018,풍납초등학교(풍납백제문화공원),958,634,324,0,133,194,216,258,157,0,84,122,134,175,119,0,49,72,82,83,38
20232,A,골목상권,3111078,굽은다리역 4번,3935,2367,1568,9,362,678,891,1032,963,5,192,427,513,612,618,4,170,251,378,420,345
20232,A,골목상권,3111082,중앙보훈병원,476,316,160,0,30,57,76,119,194,0,18,40,52,73,133,0,12,17,24,46,61
20232,A,골목상권,3111086,한영중고,702,392,310,1,68,159,171,215,88,1,31,67,87,136,70,0,37,92,84,79,18
20232,A,골목상권,3111064,둔촌동역 4번,2203,1364,839,6,236,423,519,533,486,5,121,252,314,340,332,1,115,171,205,193,154
20232,A,골목상권,3111070,천호초등학교,1434,798,636,6,118,348,397,393,172,1,45,166,221,243,122,5,73,182,176,150,50
20232,A,골목상권,3111057,천호공원(해공체육문화센터),1546,745,801,2,167,228,317,374,458,2,47,73,121,162,340,0,120,155,196,212,118
20232,A,골목상권,3110887,서울산업정보학교(서울삼성초등학교),1438,924,514,2,150,309,356,436,185,0,51,150,237,337,149,2,99,159,119,99,36
20232,A,골목상권,3110860,호림박물관(성보고등학교),1990,1169,821,6,297,530,482,443,232,2,133,294,297,266,177,4,164,236,185,177,55
20232,A,골목상권,3110883,은천초등학교(은천교앞),3082,1294,1788,17,445,582,703,892,443,2,110,250,330,308,294,15,335,332,373,584,149
20232,A,골목상권,3110877,신림역 8번,2858,1276,1582,5,569,617,591,596,480,1,169,257,289,245,315,4,400,360,302,351,165
20232,A,골목상권,3110894,관악동부센트레빌아파트(은천로35라길),7043,2668,4375,54,994,1207,1567,2169,1052,30,470,649,731,579,209,24,524,558,836,1590,843
20232,A,골목상권,3110946,청계산원터골,162,69,93,0,24,18,42,31,47,0,12,10,25,7,15,0,12,8,17,24,32
20232,A,골목상권,3110924,반포4동주민센터(몽마르뜨공원),77734,71457,6277,26,7647,15682,20670,31194,2515,11,6234,13666,18911,30353,2282,15,1413,2016,1759,841,233
20232,A,골목상권,3110922,내방역 1번,15637,10488,5149,75,3040,4842,3871,2935,874,57,1457,2908,2911,2496,659,18,1583,1934,960,439,215
20232,A,골목상권,3110929,남부터미널역 1번,36239,19956,16283,80,7810,8818,7565,9758,2208,25,2589,4537,4266,6904,1635,55,5221,4281,3299,2854,573
20232,A,골목상권,3110980,개포지구대옆,18101,5325,12776,71,2848,3483,6555,4107,1037,34,1294,1688,1158,625,526,37,1554,1795,5397,3482,511
20232,A,골목상권,3110951,신사은행나무공원,9132,5156,3976,46,2729,2597,1929,1129,702,14,1093,1493,1282,764,510,32,1636,1104,647,365,192
20232,A,골목상권,3111024,경찰병원역 4번(건너말공원),10720,6112,4608,57,1433,2394,2566,2144,2126,27,681,1469,1754,1167,1014,30,752,925,812,977,1112
20232,A,골목상권,3111046,마천역(마천초등학교),2560,1555,1005,5,274,560,700,645,376,1,145,333,390,383,303,4,129,227,310,262,73
20232,A,골목상권,3111044,남천초등학교,1831,923,908,1,191,385,506,486,262,0,87,192,216,220,208,1,104,193,290,266,54
20232,A,골목상권,3111033,문정동성당,32663,26076,6587,11,2622,5719,9448,12913,1950,4,1647,4277,7502,11343,1303,7,975,1442,1946,1570,647
20232,A,골목상권,3111019,한성백제역 3번,15362,8061,7301,39,2405,3433,3255,3668,2562,30,1305,2236,1757,1393,1340,9,1100,1197,1498,2275,1222
20233,A,골목상권,3110844,흑석2치안센터,160,91,69,1,22,48,41,25,23,1,12,21,23,16,18,0,10,27,18,9,5
20233,A,골목상권,3110897,서울대입구역 8번,3249,1771,1478,17,519,696,762,756,499,10,216,361,414,426,344,7,303,335,348,330,155
20233,A,골목상권,3110865,남강고등학교(남강중학교),1253,655,598,10,151,251,310,354,177,7,69,139,159,167,114,3,82,112,151,187,63
20233,A,골목상권,3110909,남태령역(서울전자고등학교),640,329,311,2,35,69,132,263,139,2,9,34,62,132,90,0,26,35,70,131,49
20233,A,골목상권,3110887,서울산업정보학교(서울삼성초등학교),1438,924,514,2,150,309,356,436,185,0,51,150,237,337,149,2,99,159,119,99,36
20233,A,골목상권,3110860,호림박물관(성보고등학교),1990,1169,821,6,297,530,482,443,232,2,133,294,297,266,177,4,164,236,185,177,55
20233,A,골목상권,3110883,은천초등학교(은천교앞),3082,1294,1788,17,445,582,703,892,443,2,110,250,330,308,294,15,335,332,373,584,149
20233,A,골목상권,3110877,신림역 8번,2858,1276,1582,5,569,617,591,596,480,1,169,257,289,245,315,4,400,360,302,351,165
20233,A,골목상권,3110894,관악동부센트레빌아파트(은천로35라길),7043,2668,4375,54,994,1207,1567,2169,1052,30,470,649,731,579,209,24,524,558,836,1590,843
20233,A,골목상권,3110946,청계산원터골,162,69,93,0,24,18,42,31,47,0,12,10,25,7,15,0,12,8,17,24,32
20233,A,골목상권,3110924,반포4동주민센터(몽마르뜨공원),77734,71457,6277,26,7647,15682,20670,31194,2515,11,6234,13666,18911,30353,2282,15,1413,2016,1759,841,233
20233,A,골목상권,3110922,내방역 1번,15637,10488,5149,75,3040,4842,3871,2935,874,57,1457,2908,2911,2496,659,18,1583,1934,960,439,215
