기준_년분기_코드,상권_구분_코드,상권_구분_코드_명,상권_코드,상권_코드_명,총_상주인구_수,남성_상주인구_수,여성_상주인구_수,연령대_10_상주인구_수,연령대_20_상주인구_수,연령대_30_상주인구_수,연령대_40_상주인구_수,연령대_50_상주인구_수,연령대_60_이상_상주인구_수,남성연령대_10_상주인구_수,남성연령대_20_상주인구_수,남성연령대_30_상주인구_수,남성연령대_40_상주인구_수,남성연령대_50_상주인구_수,남성연령대_60_이상_상주인구_수,여성연령대_10_상주인구_수,여성연령대_20_상주인구_수,여성연령대_30_상주인구_수,여성연령대_40_상주인구_수,여성연령대_50_상주인구_수,여성연령대_60_이상_상주인구_수,총_가구_수,아파트_가구_수,비_아파트_가구_수
20231,A,골목상권,3110692,큰굴다리,1611,837,774,137,185,206,223,257,603,66,90,106,125,145,305,71,95,100,98,112,298,734,0,734
20232,A,골목상권,3110002,독립문역 1번,663,326,337,52,60,53,79,111,308,30,31,23,44,58,140,22,29,30,35,53,168,343,0,343
20232,A,골목상권,3110003,세검정초등학교,2926,1417,1509,331,413,381,381,533,887,165,206,210,180,237,419,166,207,171,201,296,468,1270,0,1270
20232,A,골목상권,3110004,대신고등학교,529,259,270,51,55,57,78,94,194,28,32,28,39,49,83,23,23,29,39,45,111,244,0,244
20232,A,골목상권,3110005,세검정,2153,1046,1107,243,308,267,285,410,640,133,171,138,124,181,299,110,137,129,161,229,341,878,0,878
20232,A,골목상권,3110006,부암동주민센터,671,329,342,46,68,70,66,127,294,27,40,37,28,65,132,19,28,33,38,62,162,384,0,384
20232,A,골목상권,3110007,사직공원(한국사회과학도서관),2073,950,1123,256,225,309,330,332,621,123,112,136,168,142,269,133,113,173,162,190,352,885,0,885
20232,A,골목상권,3110008,배화여자대학교(박노수미술관),5038,2280,2758,621,598,669,863,875,1412,308,266,314,382,417,593,313,332,355,481,458,819,2045,0,2045
20232,A,골목상권,3110001,이북5도청사,1011,475,536,116,130,122,119,171,353,66,59,70,53,73,154,50,71,52,66,98,199,401,0,401
20232,A,골목상권,3110009,자하문터널,1622,787,835,159,207,221,257,302,476,95,114,117,114,129,218,64,93,104,143,173,258,713,0,713
20232,A,골목상권,3110010,평창동서측,3015,1401,1614,295,368,395,409,517,1031,158,190,193,188,223,449,137,178,202,221,294,582,1417,0,1417
20232,A,골목상권,3110011,청운초등학교,432,204,228,59,67,44,71,83,108,33,41,17,30,36,47,26,26,27,41,47,61,164,0,164
20232,A,골목상권,3110012,성곡미술관,1916,878,1038,262,212,252,312,358,520,138,94,123,131,159,233,124,118,129,181,199,287,847,0,847
20232,A,골목상권,3110013,체부동홍종문가옥,292,137,155,25,30,53,54,46,84,16,15,19,29,19,39,9,15,34,25,27,45,198,0,198
20232,A,골목상권,3110014,경복고등학교,916,447,469,87,122,82,125,165,335,48,76,38,54,79,152,39,46,44,71,86,183,464,0,464
20232,A,골목상권,3110015,청와대사랑채,672,309,363,89,83,94,112,120,174,48,40,38,50,51,82,41,43,56,62,69,92,254,0,254
20232,A,골목상권,3110016,평창동동측,1988,982,1006,217,199,253,247,295,777,118,112,142,125,131,354,99,87,111,122,164,423,901,0,901
20232,A,골목상권,3110017,정독도서관,700,341,359,99,73,76,111,126,215,59,42,35,50,61,94,40,31,41,61,65,121,321,0,321
20232,A,골목상권,3110018,중앙고등학교,2897,1357,1540,278,340,383,489,520,887,131,164,185,222,258,397,147,176,198,267,262,490,1295,0,1295
20232,A,골목상권,3110019,창덕궁,271,150,121,11,16,30,37,45,132,4,8,18,22,30,68,7,8,12,15,15,64,159,0,159
20232,A,골목상권,3110020,서울국제고등학교,4097,2131,1966,312,589,953,537,556,1150,149,289,615,282,285,511,163,300,338,255,271,639,2299,0,2299
20232,A,골목상권,3110021,성균관대학교,1851,925,926,129,316,522,230,207,447,70,121,298,117,103,216,59,195,224,113,104,231,1229,0,1229
20232,A,골목상권,3110022,경신고등학교,1513,742,771,187,235,281,254,224,332,96,118,158,121,107,142,91,117,123,133,117,190,784,0,784
20232,A,골목상권,3110023,서울대병원,681,301,380,47,60,233,106,76,159,24,31,96,49,35,66,23,29,137,57,41,93,365,0,365
20232,A,골목상권,3110024,혜회동주민센터,980,436,544,100,170,194,138,144,234,53,78,86,53,63,103,47,92,108,85,81,131,800,0,800
20232,A,골목상권,3110025,충신시장옆,523,280,243,32,51,96,78,86,180,18,31,53,45,46,87,14,20,43,33,40,93,264,0,264
20232,A,골목상권,3110026,종로5가역 4번,130,61,69,7,13,16,13,24,57,0,8,4,7,11,31,7,5,12,6,13,26,62,0,62
20232,A,골목상권,3110027,혜화역 1번,2999,1400,1599,262,347,594,470,455,871,116,159,298,237,223,367,146,188,296,233,232,504,1450,0,1450
20232,A,골목상권,3110028,이화달팽이길,4475,2311,2164,254,679,787,518,817,1420,120,386,412,293,414,686,134,293,375,225,403,734,2181,0,2181
20232,A,골목상권,3110029,동대문역 1번,6133,3169,2964,458,788,794,763,1261,2069,253,414,422,430,663,987,205,374,372,333,598,1082,2569,0,2569
20232,A,골목상권,3110030,동대문역 3번,239,122,117,14,21,40,25,52,87,7,12,26,10,27,40,7,9,14,15,25,47,116,0,116
20232,A,골목상권,3110031,창신역 1번,350,180,170,26,41,56,38,65,124,14,21,35,19,28,63,12,20,21,19,37,61,266,0,266
20232,A,골목상권,3110032,수족관거리,32,15,17,1,2,4,5,8,12,0,0,2,4,5,4,1,2,2,1,3,8,16,0,16
20232,A,골목상권,3110033,창신역 4번,2222,1111,1111,182,228,304,323,411,774,98,119,159,173,210,352,84,109,145,150,201,422,1077,0,1077
20232,A,골목상권,3110034,창신1동주민센터,330,192,138,1,2,6,27,60,234,0,1,2,15,35,139,1,1,4,12,25,95,308,0,308
20232,A,골목상권,3110035,동묘앞역 2번,3851,1990,1861,241,391,543,511,758,1407,138,189,284,283,403,693,103,202,259,228,355,714,2014,0,2014
20232,A,골목상권,3110036,동묘앞역 3번,162,102,60,3,10,38,22,28,61,1,4,26,16,16,39,2,6,12,6,12,22,342,0,342
20232,A,골목상권,3110037,신설동역 12번,1645,801,844,128,159,233,243,281,601,67,78,117,129,139,271,61,81,116,114,142,330,807,0,807
20232,A,골목상권,3110038,경향신문사,15,12,3,2,0,3,2,2,6,2,0,3,2,2,3,0,0,0,0,0,3,7,0,7
20232,A,골목상권,3110039,회현역 1번,92,53,39,8,10,5,13,16,40,7,2,4,11,10,19,1,8,1,2,6,21,51,0,51
20232,A,골목상권,3110040,중구회현체육센터(정화예술대남산캠퍼스),1084,503,581,73,92,141,163,157,458,32,48,73,86,77,187,41,44,68,77,80,271,482,0,482
20232,A,골목상권,3110041,남산케이블카,765,386,379,81,61,132,126,125,240,40,33,79,66,65,103,41,28,53,60,60,137,439,0,439
20232,A,골목상권,3110042,남산골공원옆,934,456,478,81,73,175,140,141,324,39,33,91,70,75,148,42,40,84,70,66,176,532,0,532
20232,A,골목상권,3110043,충무초등학교,2059,1095,964,161,339,622,262,241,434,83,144,394,143,125,206,78,195,228,119,116,228,1458,0,1458
20232,A,골목상권,3110044,관성묘,259,119,140,23,29,54,46,37,70,12,13,29,25,15,25,11,16,25,21,22,45,130,0,130
20232,A,골목상권,3110045,동대문역사문화공원역 5번,999,495,504,67,89,170,130,141,402,36,39,94,69,74,183,31,50,76,61,67,219,528,0,528
20232,A,골목상권,3110046,버티고개,4037,2045,1992,351,473,706,637,648,1222,196,256,398,335,318,542,155,217,308,302,330,680,1656,0,1656
20232,A,골목상권,3110047,다산성곽길,3006,1461,1545,249,336,410,421,532,1058,128,176,215,200,278,464,121,160,195,221,254,594,1360,0,1360
20232,A,골목상권,3110048,장충동주민센터,2658,1284,1374,257,291,498,419,425,768,133,146,247,205,203,350,124,145,251,214,222,418,1262,0,1262
20232,A,골목상권,3110049,장충단 고개,2063,964,1099,231,231,436,360,306,499,112,112,204,177,137,222,119,119,232,183,169,277,988,0,988
20232,A,골목상권,3110050,약수역 7번,850,391,459,62,93,150,117,137,291,32,49,59,53,74,124,30,44,91,64,63,167,396,0,396
20232,A,골목상권,3110051,한양공고앞 교차로,1236,641,595,88,117,178,159,231,463,41,59,101,95,120,225,47,58,77,64,111,238,710,0,710
20232,A,골목상권,3110052,장충초등학교,1915,948,967,172,226,305,259,353,600,82,109,157,143,181,276,90,117,148,116,172,324,876,0,876
20232,A,골목상권,3110053,청구역 1번,2726,1360,1366,207,340,481,374,516,808,98,172,270,203,257,360,109,168,211,171,259,448,1498,0,1498
20232,A,골목상권,3110054,청구역 3번,1969,946,1023,151,222,482,313,321,480,87,107,208,149,165,230,64,115,274,164,156,250,1121,0,1121
20232,A,골목상권,3110055,황학동벼룩시장,198,115,83,4,17,32,24,34,87,2,9,17,14,20,53,2,8,15,10,14,34,224,0,224
20232,A,골목상권,3110056,신당역 3번,5434,2688,2746,437,597,785,766,1067,1782,221,297,404,409,570,787,216,300,381,357,497,995,2699,0,2699
20232,A,골목상권,3110057,황학코아루아파트,1371,604,767,85,126,501,250,184,225,45,43,193,113,99,111,40,83,308,137,85,114,1288,0,1288
20232,A,골목상권,3110058,성심여자고등학교,4022,1936,2086,398,443,557,618,665,1341,193,225,271,310,344,593,205,218,286,308,321,748,1972,0,1972
20232,A,골목상권,3110059,새남터성지,1903,909,994,151,157,218,251,332,794,86,76,116,137,178,316,65,81,102,114,154,478,953,0,953
20232,A,골목상권,3110060,효창공원앞역 6번,3473,1661,1812,420,315,565,647,511,1015,195,164,262,323,264,453,225,151,303,324,247,562,1728,0,1728
20232,A,골목상권,3110061,효창동주민센터,3737,1818,1919,407,457,623,568,614,1068,212,240,307,291,290,478,195,217,316,277,324,590,1764,0,1764
20232,A,골목상권,3110062,한강로동땡땡거리(은행나무길),1344,724,620,71,105,164,182,195,627,41,63,107,110,123,280,30,42,57,72,72,347,734,0,734
20232,A,골목상권,3110063,효창공원앞역 5번,2463,1276,1187,215,233,381,373,389,872,115,133,217,213,206,392,100,100,164,160,183,480,1651,0,1651
20232,A,골목상권,3110064,효창공원앞역 2번,2816,1315,1501,347,367,478,490,453,681,181,173,215,232,215,299,166,194,263,258,238,382,1454,0,1454
20232,A,골목상권,3110065,남정초등학교,139,64,75,17,18,15,23,24,42,10,6,3,14,12,19,7,12,12,9,12,23,85,0,85
20232,A,골목상권,3110066,서울역 15번,3174,1634,1540,239,343,540,453,622,977,128,179,281,254,332,460,111,164,259,199,290,517,1541,0,1541
20232,A,골목상권,3110067,배문고등학교,8328,4236,4092,820,1058,1548,1266,1413,2223,427,555,845,682,700,1027,393,503,703,584,713,1196,3893,0,3893
20232,A,골목상권,3110068,남영역 1번,3001,1467,1534,246,290,569,516,432,948,126,136,279,265,231,430,120,154,290,251,201,518,2038,0,2038
20232,A,골목상권,3110069,숙대입구,4953,2159,2794,341,705,1105,804,635,1363,170,229,411,379,339,631,171,476,694,425,296,732,3446,0,3446
20232,A,골목상권,3110070,용산세무서,143,69,74,18,21,14,22,16,52,5,9,8,12,6,29,13,12,6,10,10,23,43,0,43
20232,A,골목상권,3110071,한강미주맨션아파트,452,207,245,76,57,32,59,85,143,44,30,13,17,45,58,32,27,19,42,40,85,179,0,179
20232,A,골목상권,3110072,열정도,154,91,63,5,8,20,19,25,77,1,3,14,13,16,44,4,5,6,6,9,33,97,0,97
20232,A,골목상권,3110073,삼각지역 3번,490,237,253,23,37,102,74,69,185,19,23,51,42,34,68,4,14,51,32,35,117,364,0,364
20232,A,골목상권,3110074,서울역 12번,2812,1932,880,112,180,315,326,577,1302,60,96,189,219,444,924,52,84,126,107,133,378,2493,0,2493
20232,A,골목상권,3110075,숙대입구역 1번,3426,1837,1589,248,310,575,521,590,1182,133,170,297,289,337,611,115,140,278,232,253,571,2033,0,2033
20232,A,골목상권,3110076,삼각지역 14번,32,22,10,2,0,1,6,5,18,1,0,1,4,4,12,1,0,0,2,1,6,15,0,15
20232,A,골목상권,3110077,삼광초등학교,1368,671,697,161,147,176,226,230,428,88,76,94,108,116,189,73,71,82,118,114,239,618,0,618
20232,A,골목상권,3110078,이촌동점보아파트,498,228,270,78,63,42,64,92,159,37,34,14,29,40,74,41,29,28,35,52,85,146,0,146
20232,A,골목상권,3110079,후암동주민센터,10496,5151,5345,1216,1121,1544,1849,1775,2991,622,602,796,935,867,1329,594,519,748,914,908,1662,5148,0,5148
20232,A,골목상권,3110080,해방촌예술마을,4324,2140,2184,409,463,665,684,691,1412,216,228,362,371,349,614,193,235,303,313,342,798,2097,0,2097
20232,A,골목상권,3110081,해방촌 남동측,3897,1815,2082,262,353,605,565,622,1490,125,175,285,294,292,644,137,178,320,271,330,846,1950,0,1950
20232,A,골목상권,3110082,용산구청,1040,487,553,89,65,212,168,141,365,51,34,100,87,58,157,38,31,112,81,83,208,564,0,564
20232,A,골목상권,3110083,서빙고역 1번,813,407,406,106,134,74,154,160,185,55,58,41,71,91,91,51,76,33,83,69,94,350,0,350
20232,A,골목상권,3110084,경리단길북측,4008,1823,2185,293,296,658,672,613,1476,149,153,328,313,290,590,144,143,330,359,323,886,2154,0,2154
20232,A,골목상권,3110085,경리단길남측,2556,1181,1375,274,209,412,420,411,830,132,101,207,207,185,349,142,108,205,213,226,481,1508,0,1508
20232,A,골목상권,3110086,이태원역 북측,1009,491,518,150,89,154,168,135,313,74,54,74,81,64,144,76,35,80,87,71,169,549,0,549
20232,A,골목상권,3110087,이태원엔틱가구거리,1794,768,1026,94,113,245,252,290,800,44,53,136,130,132,273,50,60,109,122,158,527,1150,0,1150
20232,A,골목상권,3110088,오산고등학교,1955,972,983,203,223,277,341,361,550,117,122,155,162,175,241,86,101,122,179,186,309,813,0,813
20232,A,골목상권,3110089,서빙고동주민센터,2587,1261,1326,222,264,299,403,440,959,112,130,168,206,217,428,110,134,131,197,223,531,1322,0,1322
20232,A,골목상권,3110090,한국폴리텍대학서울정수캠퍼스,2055,926,1129,162,192,339,323,383,656,78,96,167,143,172,270,84,96,172,180,211,386,1109,0,1109
20232,A,골목상권,3110091,리움미술관,169,85,84,13,6,38,27,19,66,8,3,23,11,7,33,5,3,15,16,12,33,82,0,82
20232,A,골목상권,3110092,NH농협은행 보광동지점,3884,1878,2006,270,428,626,579,691,1290,147,236,336,290,328,541,123,192,290,289,363,749,1848,0,1848
20232,A,골목상권,3110093,우사단길,6433,3253,3180,466,544,1169,1135,1042,2077,248,290,673,605,542,895,218,254,496,530,500,1182,3613,0,3613
20232,A,골목상권,3110094,오산중학교,372,193,179,14,45,63,46,82,122,6,29,35,28,42,53,8,16,28,18,40,69,201,0,201
20232,A,골목상권,3110095,한강진역 3번,2490,1092,1398,161,143,330,451,437,968,80,66,140,229,201,376,81,77,190,222,236,592,1717,0,1717
20232,A,골목상권,3110096,한남힐사이드아파트,1080,486,594,122,97,154,226,175,306,64,49,63,112,76,122,58,48,91,114,99,184,454,0,454
20232,A,골목상권,3110097,한남초등학교,225,104,121,31,5,55,57,21,56,18,3,25,28,5,25,13,2,30,29,16,31,131,0,131
20232,A,골목상권,3110098,서울독일학교,219,103,116,28,21,37,26,34,73,15,9,18,12,16,33,13,12,19,14,18,40,117,0,117
20232,A,골목상권,3110099,유엔빌리지길,1635,781,854,274,137,248,282,251,443,145,72,111,129,118,206,129,65,137,153,133,237,835,0,835
20232,A,골목상권,3110100,옥수동우편취급국,113,53,60,13,15,27,12,13,33,8,6,15,4,6,14,5,9,12,8,7,19,43,0,43
20232,A,골목상권,3110101,옥정중학교,693,321,372,82,49,152,156,103,151,42,19,69,78,47,66,40,30,83,78,56,85,378,0,378
20232,A,골목상권,3110102,옥수역 6번,995,479,516,114,90,179,178,134,300,64,43,83,88,67,134,50,47,96,90,67,166,455,0,455
20232,A,골목상권,3110103,옥수터널,480,231,249,46,50,81,76,78,149,28,32,41,41,36,53,18,18,40,35,42,96,215,0,215
20232,A,골목상권,3110104,신금호역 4번,3310,1604,1706,331,411,439,494,567,1068,166,204,217,255,292,470,165,207,222,239,275,598,1334,0,1334
20232,A,골목상권,3110105,금동어린이공원,2997,1488,1509,244,326,423,404,528,1072,134,185,231,195,285,458,110,141,192,209,243,614,1398,0,1398
20232,A,골목상권,3110106,금북초등학교,1081,541,540,103,125,157,140,179,377,56,76,73,75,79,182,47,49,84,65,100,195,407,0,407
20232,A,골목상권,3110107,금호사거리,269,137,132,22,22,44,42,34,105,14,8,24,23,22,46,8,14,20,19,12,59,132,0,132
20232,A,골목상권,3110108,성동구립금호도서관,3,1,2,0,0,0,1,0,2,0,0,0,0,0,1,0,0,0,1,0,1,1,0,1
20232,A,골목상권,3110109,금호삼성래미안아파트,503,259,244,32,59,57,74,88,193,15,35,31,44,48,86,17,24,26,30,40,107,242,0,242
20232,A,골목상권,3110110,상왕십리역 6번,2125,1045,1080,140,212,432,357,332,652,75,111,198,196,165,300,65,101,234,161,167,352,1159,0,1159
20232,A,골목상권,3110111,대현산장미원,1594,799,795,160,173,182,257,273,549,81,86,99,146,139,248,79,87,83,111,134,301,617,0,617
20232,A,골목상권,3110112,행당역 2번,2881,1365,1516,275,393,460,427,509,817,126,200,229,209,228,373,149,193,231,218,281,444,1348,0,1348
20232,A,골목상권,3110113,응봉산,1614,788,826,181,206,196,240,281,510,109,106,96,119,130,228,72,100,100,121,151,282,633,0,633
20232,A,골목상권,3110114,왕십리파출소,769,379,390,93,83,113,141,128,211,47,46,57,74,66,89,46,37,56,67,62,122,372,0,372
20232,A,골목상권,3110115,상왕십리역 3번,2074,1046,1028,162,262,431,277,381,561,90,143,209,144,201,259,72,119,222,133,180,302,1116,0,1116
20232,A,골목상권,3110116,청계천박물관,2169,1108,1061,198,279,283,275,438,696,116,148,158,136,216,334,82,131,125,139,222,362,948,0,948
20232,A,골목상권,3110117,성동구보건소,1620,819,801,135,197,269,214,288,517,70,118,128,122,145,236,65,79,141,92,143,281,795,0,795
20232,A,골목상권,3110118,왕십리역 9번,1163,614,549,81,106,206,156,203,411,41,60,125,80,108,200,40,46,81,76,95,211,694,0,694
20232,A,골목상권,3110119,마장지하차도,268,139,129,13,24,45,43,42,101,5,12,23,25,25,49,8,12,22,18,17,52,147,0,147
20232,A,골목상권,3110120,서울숲카페거리,1198,621,577,121,139,225,199,175,339,69,80,122,108,87,155,52,59,103,91,88,184,432,0,432
20232,A,골목상권,3110121,한양대역 4번,712,413,299,34,186,246,56,63,127,15,89,183,37,36,53,19,97,63,19,27,74,771,0,771
20232,A,골목상권,3110122,마장역 2번,706,359,347,100,93,114,101,117,181,51,49,57,50,58,94,49,44,57,51,59,87,365,0,365
20232,A,골목상권,3110123,마장역 3번,2880,1460,1420,219,314,426,377,478,1066,115,162,219,203,254,507,104,152,207,174,224,559,1611,0,1611
20232,A,골목상권,3110124,뚝섬역교차로,825,444,381,48,77,175,109,115,301,27,44,98,56,64,155,21,33,77,53,51,146,512,0,512
20232,A,골목상권,3110125,사근동살곶이상점가,4154,2274,1880,278,714,1018,458,525,1161,142,384,703,255,259,531,136,330,315,203,266,630,2833,0,2833
20232,A,골목상권,3110126,서울숲역 1번,543,265,278,47,67,99,77,93,160,28,34,51,41,37,74,19,33,48,36,56,86,316,0,316
20232,A,골목상권,3110127,성수1가1동주민센터,942,484,458,57,53,282,193,143,214,30,24,134,100,85,111,27,29,148,93,58,103,715,0,715
20232,A,골목상권,3110128,성원중학교,8370,4430,3940,702,1043,1194,1172,1695,2564,370,546,659,638,922,1295,332,497,535,534,773,1269,4002,0,4002
20232,A,골목상권,3110129,성원어린이공원,1687,836,851,168,148,335,342,270,424,88,75,168,180,130,195,80,73,167,162,140,229,833,0,833
20232,A,골목상권,3110130,답십리역 6번,2008,1016,992,144,233,286,289,360,696,76,106,146,164,189,335,68,127,140,125,171,361,627,0,627
20232,A,골목상권,3110131,성수동카페거리,2841,1538,1303,247,277,584,434,458,841,129,140,312,244,261,452,118,137,272,190,197,389,1526,0,1526
20232,A,골목상권,3110132,성수2가3동주민센터,1918,1011,907,129,161,375,286,308,659,68,85,189,160,170,339,61,76,186,126,138,320,1318,0,1318
20232,A,골목상권,3110133,서울교통공사,1527,819,708,132,140,209,248,319,479,63,68,113,140,185,250,69,72,96,108,134,229,977,0,977
20232,A,골목상권,3110134,성수119안전센터,6354,3316,3038,611,594,974,1021,1086,2068,314,317,512,541,589,1043,297,277,462,480,497,1025,2888,0,2888
20232,A,골목상권,3110135,성동세무서,1108,596,512,95,90,229,195,181,318,51,46,131,104,107,157,44,44,98,91,74,161,657,0,657
20232,A,골목상권,3110136,경수초등학교,2695,1404,1291,295,255,400,423,447,875,140,135,212,230,242,445,155,120,188,193,205,430,1203,0,1203
20232,A,골목상권,3110137,성수초등학교,1666,903,763,214,135,339,373,226,379,107,70,174,221,132,199,107,65,165,152,94,180,920,0,920
20232,A,골목상권,3110138,송정체육공원,3537,1903,1634,271,385,568,470,680,1163,136,218,305,262,381,601,135,167,263,208,299,562,1973,0,1973
20232,A,골목상권,3110139,자양4동주민센터,5586,2830,2756,358,523,800,823,1049,2033,155,271,415,443,568,978,203,252,385,380,481,1055,3040,0,3040
20232,A,골목상권,3110140,건대입구역 6번,5668,2843,2825,400,556,1062,865,950,1835,204,275,544,470,501,849,196,281,518,395,449,986,2848,0,2848
20232,A,골목상권,3110141,건대입구역 1번,3006,1430,1576,166,347,1072,455,335,631,82,127,504,251,170,296,84,220,568,204,165,335,2208,0,2208
20232,A,골목상권,3110142,화양사거리,5301,2606,2695,230,792,2113,735,543,888,111,314,1071,390,297,423,119,478,1042,345,246,465,4850,0,4850
20232,A,골목상권,3110143,뚝섬유원지역 1번,140,74,66,20,19,13,13,36,39,9,12,5,6,22,20,11,7,8,7,14,19,49,0,49
20232,A,골목상권,3110144,어린이대공원역 4번,2006,981,1025,71,281,664,254,239,497,32,107,333,134,152,223,39,174,331,120,87,274,1732,0,1732
20232,A,골목상권,3110145,장안초등학교,635,303,332,57,59,157,96,92,174,26,27,81,52,40,77,31,32,76,44,52,97,308,0,308
20232,A,골목상권,3110146,신자초등학교,4081,2073,2008,459,462,599,629,707,1225,217,257,324,331,349,595,242,205,275,298,358,630,1853,0,1853
20232,A,골목상권,3110147,능동우편취급국,6391,3243,3148,648,676,1432,1102,879,1654,348,350,743,599,431,772,300,326,689,503,448,882,3407,0,3407
20232,A,골목상권,3110148,어린이대공원역 3번,1427,737,690,72,213,379,186,196,381,39,113,218,95,101,171,33,100,161,91,95,210,1068,0,1068
20232,A,골목상권,3110149,세종대학교,923,410,513,72,127,264,148,129,183,37,48,112,66,63,84,35,79,152,82,66,99,598,0,598
20232,A,골목상권,3110150,중곡1동 마을마당,5846,2926,2920,514,468,1189,999,896,1780,259,262,568,533,460,844,255,206,621,466,436,936,3330,0,3330
20232,A,골목상권,3110151,자양한강도서관,4707,2315,2392,515,519,750,870,780,1273,266,276,366,441,385,581,249,243,384,429,395,692,2312,0,2312
20232,A,골목상권,3110152,중곡어린이공원,2070,1067,1003,229,215,359,322,364,581,123,108,191,171,201,273,106,107,168,151,163,308,996,0,996
20232,A,골목상권,3110153,중곡1동주민센터,2407,1168,1239,245,235,516,467,329,615,126,106,255,246,145,290,119,129,261,221,184,325,1412,0,1412
20232,A,골목상권,3110154,광진정말공원,4782,2336,2446,519,528,794,796,765,1380,294,250,394,405,384,609,225,278,400,391,381,771,2148,0,2148
20232,A,골목상권,3110155,광진구청,3905,1939,1966,342,490,728,635,666,1044,177,248,378,326,317,493,165,242,350,309,349,551,2111,0,2111
20232,A,골목상권,3110156,군자역 5번,6196,2946,3250,617,514,1552,1214,763,1536,321,260,675,632,373,685,296,254,877,582,390,851,3544,0,3544
20232,A,골목상권,3110157,자양동우체국,5967,2977,2990,780,746,930,1044,1009,1458,418,417,455,504,504,679,362,329,475,540,505,779,2602,0,2602
20232,A,골목상권,3110158,중곡3동주민센터,7012,3495,3517,687,741,1100,1088,1241,2155,359,371,573,582,614,996,328,370,527,506,627,1159,3649,0,3649
20232,A,골목상권,3110159,구의역 4번,9198,4495,4703,819,967,1742,1508,1479,2683,404,502,847,787,712,1243,415,465,895,721,767,1440,4855,0,4855
20232,A,골목상권,3110160,광진경찰서,1905,915,990,195,260,335,333,327,455,99,124,171,155,152,214,96,136,164,178,175,241,944,0,944
20232,A,골목상권,3110161,중곡역 3번,5088,2512,2576,501,589,848,754,896,1500,254,309,424,402,433,690,247,280,424,352,463,810,2469,0,2469
20232,A,골목상권,3110162,군자역 4번,4032,1934,2098,539,440,744,705,618,986,273,239,339,323,308,452,266,201,405,382,310,534,1665,0,1665
20232,A,골목상권,3110163,성자초등학교,2989,1434,1555,410,341,449,590,469,730,186,169,219,310,217,333,224,172,230,280,252,397,1278,0,1278
20232,A,골목상권,3110164,아차산역 5번,3100,1474,1626,320,283,755,607,406,729,175,140,335,308,190,326,145,143,420,299,216,403,1755,0,1755
20232,A,골목상권,3110165,국립정신건강센터,4490,2211,2279,462,577,756,682,799,1214,230,302,389,356,360,574,232,275,367,326,439,640,1913,0,1913
20232,A,골목상권,3110166,구의1동주민센터,6518,3073,3445,500,705,1479,1165,1005,1664,256,336,672,577,488,744,244,369,807,588,517,920,3508,0,3508
20232,A,골목상권,3110167,용마초등학교,6898,3400,3498,830,757,1229,1152,1140,1790,427,399,627,585,535,827,403,358,602,567,605,963,3155,0,3155
20232,A,골목상권,3110168,대원고등학교,2608,1281,1327,314,445,338,389,536,586,157,227,176,190,252,279,157,218,162,199,284,307,1104,0,1104
20232,A,골목상권,3110169,성동초등학교,2355,1188,1167,199,266,448,380,369,693,116,138,233,204,167,330,83,128,215,176,202,363,1360,0,1360
20232,A,골목상권,3110170,동대부여고,6314,3055,3259,500,628,1334,1168,968,1716,254,321,662,587,482,749,246,307,672,581,486,967,3367,0,3367
20232,A,골목상권,3110171,중곡4동주민센터,2691,1316,1375,230,339,361,351,524,886,122,180,184,186,254,390,108,159,177,165,270,496,1190,0,1190
20232,A,골목상권,3110172,광진초등학교,3768,1834,1934,437,436,554,606,644,1091,229,224,257,312,322,490,208,212,297,294,322,601,1960,0,1960
20232,A,골목상권,3110173,구남초등학교,1446,686,760,130,177,260,211,225,443,74,81,124,102,100,205,56,96,136,109,125,238,716,0,716
20232,A,골목상권,3110174,아차산역 1번,5080,2472,2608,608,551,757,820,823,1521,312,282,358,417,390,713,296,269,399,403,433,808,2047,0,2047
20232,A,골목상권,3110175,푸른동산공원,4810,2314,2496,571,515,910,887,744,1183,292,252,435,463,337,535,279,263,475,424,407,648,2478,0,2478
20232,A,골목상권,3110176,해오름공원,6416,3169,3247,616,711,1021,950,1112,2006,331,351,526,518,563,880,285,360,495,432,549,1126,2913,0,2913
20232,A,골목상권,3110177,동의초등학교,1692,842,850,196,189,187,302,274,544,99,115,88,154,146,240,97,74,99,148,128,304,661,0,661
20232,A,골목상권,3110178,장로회신학대학교,1265,595,670,146,144,202,178,199,396,68,69,98,84,101,175,78,75,104,94,98,221,559,0,559
20232,A,골목상권,3110179,광나루역 1번,788,389,399,78,105,125,125,134,221,45,56,66,59,63,100,33,49,59,66,71,121,580,0,580
20232,A,골목상권,3110180,광진정보도서관,1113,567,546,128,123,181,174,197,310,70,71,91,85,96,154,58,52,90,89,101,156,618,0,618
20232,A,골목상권,3110181,신설동역 9번,593,330,263,71,56,94,102,106,164,36,37,55,50,65,87,35,19,39,52,41,77,1033,0,1033
20232,A,골목상권,3110182,용두희망어린이공원,941,546,395,61,145,321,135,104,175,30,81,221,75,57,82,31,64,100,60,47,93,700,0,700
20232,A,골목상권,3110183,한국의류시험연구원,408,229,179,31,41,56,60,63,157,14,22,32,34,40,87,17,19,24,26,23,70,350,0,350
20232,A,골목상권,3110184,용두사거리,235,121,114,22,19,37,49,36,72,12,11,16,30,20,32,10,8,21,19,16,40,135,0,135
20232,A,골목상권,3110185,용두초등학교,416,221,195,35,32,58,48,86,157,15,14,33,25,54,80,20,18,25,23,32,77,249,0,249
20232,A,골목상권,3110186,종암초등학교,418,239,179,24,57,141,63,41,92,12,29,93,38,23,44,12,28,48,25,18,48,295,0,295
20232,A,골목상권,3110187,제기동역 6번,3256,1635,1621,223,342,654,503,507,1027,114,166,336,272,265,482,109,176,318,231,242,545,2930,0,2930
20232,A,골목상권,3110188,용두동신동아아파트,1769,903,866,187,190,259,285,303,545,98,102,147,156,153,247,89,88,112,129,150,298,2161,0,2161
20232,A,골목상권,3110189,제기동역 1번,2067,1006,1061,225,223,417,342,314,546,108,121,211,163,154,249,117,102,206,179,160,297,1104,0,1104
20232,A,골목상권,3110190,고대앞사거리,2054,1095,959,195,207,429,301,293,629,100,99,261,170,166,299,95,108,168,131,127,330,1415,0,1415
20232,A,골목상권,3110191,고려대역 6번,1068,572,496,58,98,221,173,135,383,30,51,127,109,75,180,28,47,94,64,60,203,843,0,843
20232,A,골목상권,3110192,동의보감타워,515,278,237,11,28,137,98,69,172,5,15,74,50,37,97,6,13,63,48,32,75,481,0,481
20232,A,골목상권,3110193,고려대역 4번,1474,781,693,93,154,386,180,162,499,50,72,236,94,95,234,43,82,150,86,67,265,875,0,875
20232,A,골목상권,3110194,홍파초등학교,1586,789,797,122,120,238,232,202,672,68,64,132,132,107,286,54,56,106,100,95,386,922,0,922
20232,A,골목상권,3110195,동대문구청,3313,1664,1649,240,289,556,426,487,1315,131,142,287,229,270,605,109,147,269,197,217,710,2226,0,2226
20232,A,골목상권,3110196,홍릉근린공원,1125,580,545,70,95,93,146,169,552,32,46,51,87,97,267,38,49,42,59,72,285,820,0,820
20232,A,골목상권,3110197,세종대왕기념관교차로,511,263,248,60,55,78,73,78,167,30,26,47,41,46,73,30,29,31,32,32,94,307,0,307
20232,A,골목상권,3110198,동대문중앙새마을금고본점,120,58,62,8,6,11,21,12,62,2,2,7,12,8,27,6,4,4,9,4,35,80,0,80
20232,A,골목상권,3110199,홍릉시장,943,485,458,41,68,126,122,130,456,21,34,73,74,77,206,20,34,53,48,53,250,699,0,699
20232,A,골목상권,3110200,동대문경찰서,708,366,342,45,61,110,102,110,280,24,35,56,59,63,129,21,26,54,43,47,151,463,0,463
20232,A,골목상권,3110201,전농119안전센터,474,246,228,34,42,32,82,81,203,21,20,15,49,47,94,13,22,17,33,34,109,354,0,354
20232,A,골목상권,3110202,전농1동주민센터(전농시장),1358,761,597,35,89,77,144,270,743,17,50,32,87,171,404,18,39,45,57,99,339,1053,0,1053
20232,A,골목상권,3110203,떡전교사거리,1844,914,930,149,168,284,258,281,704,73,83,163,138,158,299,76,85,121,120,123,405,1013,0,1013
20232,A,골목상권,3110204,간데메공원,3304,1649,1655,433,323,461,536,502,1049,220,168,235,265,268,493,213,155,226,271,234,556,1692,0,1692
20232,A,골목상권,3110205,경희대삼거리,2619,1294,1325,173,383,703,366,337,657,92,160,378,199,182,283,81,223,325,167,155,374,1683,0,1683
20232,A,골목상권,3110206,텃골근린공원,4002,2020,1982,361,477,575,552,697,1340,202,264,293,289,349,623,159,213,282,263,348,717,2011,0,2011
20232,A,골목상권,3110207,시립대앞사거리,831,422,409,54,104,129,106,131,307,30,51,68,61,66,146,24,53,61,45,65,161,576,0,576
20232,A,골목상권,3110208,시조사삼거리,764,408,356,46,100,209,101,91,217,23,53,122,56,45,109,23,47,87,45,46,108,540,0,540
20232,A,골목상권,3110209,답십리 장령당공원,722,369,353,63,79,103,101,127,249,30,44,58,53,74,110,33,35,45,48,53,139,372,0,372
20232,A,골목상권,3110210,서울시립대,3215,1612,1603,249,493,715,450,377,931,124,213,428,244,185,418,125,280,287,206,192,513,2186,0,2186
20232,A,골목상권,3110211,전곡마을마당공원,3640,1812,1828,260,449,467,478,657,1329,134,228,262,260,342,586,126,221,205,218,315,743,1938,0,1938
20232,A,골목상권,3110212,답십리초등학교,2315,1154,1161,210,263,287,313,404,838,116,131,159,167,208,373,94,132,128,146,196,465,1077,0,1077
20232,A,골목상권,3110213,청량초등학교,762,380,382,60,134,207,85,129,147,24,69,122,39,59,67,36,65,85,46,70,80,500,0,500
20232,A,골목상권,3110214,경희대후문,2343,1221,1122,139,551,826,182,217,428,68,230,535,91,99,198,71,321,291,91,118,230,1930,0,1930
20232,A,골목상권,3110215,회기역 1번,2080,1040,1040,78,339,799,265,189,410,37,133,418,149,111,192,41,206,381,116,78,218,1579,0,1579
20232,A,골목상권,3110216,전농중학교,1200,593,607,115,128,156,177,206,418,59,61,93,90,106,184,56,67,63,87,100,234,589,0,589
20232,A,골목상권,3110217,자동차부품상가,613,319,294,33,71,81,79,140,209,20,38,45,49,77,90,13,33,36,30,63,119,301,0,301
20232,A,골목상권,3110218,답십리사거리,2799,1418,1381,283,265,380,409,498,964,126,144,216,214,260,458,157,121,164,195,238,506,1289,0,1289
20232,A,골목상권,3110219,삼육보건대학교,6613,3372,3241,479,1092,1638,804,856,1744,252,512,962,447,397,802,227,580,676,357,459,942,4386,0,4386
20232,A,골목상권,3110220,외대앞역 1번,1939,976,963,87,316,478,246,257,555,46,132,271,137,140,250,41,184,207,109,117,305,1341,0,1341
20232,A,골목상권,3110221,의릉,977,458,519,80,129,188,168,149,263,36,54,90,95,71,112,44,75,98,73,78,151,565,0,565
20232,A,골목상권,3110222,회기역 2번,27,15,12,4,1,3,2,4,13,2,0,2,2,4,5,2,1,1,0,0,8,44,0,44
20232,A,골목상권,3110223,군자초등학교,1638,837,801,188,162,287,258,258,485,108,85,140,137,134,233,80,77,147,121,124,252,750,0,750
20232,A,골목상권,3110224,외대앞역 2번,1570,827,743,78,163,243,241,280,565,41,84,134,139,164,265,37,79,109,102,116,300,321,0,321
20232,A,골목상권,3110225,촬영소사거리,1339,690,649,101,170,171,179,247,471,46,88,97,96,129,234,55,82,74,83,118,237,603,0,603
20232,A,골목상권,3110226,장안1동주민센터,9890,5049,4841,904,970,1523,1573,1729,3191,457,515,788,856,887,1546,447,455,735,717,842,1645,5867,0,5867
20232,A,골목상권,3110227,답십리공원,749,370,379,68,92,102,96,150,241,38,37,50,52,80,113,30,55,52,44,70,128,380,0,380
20232,A,골목상권,3110228,장안근린공원,5180,2631,2549,373,614,645,693,913,1942,179,326,358,381,480,907,194,288,287,312,433,1035,2855,0,2855
20232,A,골목상권,3110229,장평중학교,7419,3695,3724,1054,617,1155,1364,1001,2228,553,311,565,716,495,1055,501,306,590,648,506,1173,3145,0,3145
20232,A,골목상권,3110230,장안현대홈타운1차아파트,2960,1492,1468,415,278,452,559,431,825,225,140,217,299,220,391,190,138,235,260,211,434,1685,0,1685
20232,A,골목상권,3110231,장안교,118,63,55,15,10,20,20,23,30,7,8,8,9,15,16,8,2,12,11,8,14,83,0,83
20232,A,골목상권,3110232,동대부고,2829,1441,1388,370,300,408,476,454,821,199,171,201,244,232,394,171,129,207,232,222,427,1455,0,1455
20232,A,골목상권,3110233,중랑역 1번,5266,2761,2505,386,508,841,709,960,1862,197,272,440,412,509,931,189,236,401,297,451,931,2875,0,2875
20232,A,골목상권,3110234,중랑역 4번,729,360,369,79,55,183,163,117,132,47,21,74,86,63,69,32,34,109,77,54,63,494,0,494
20232,A,골목상권,3110235,세화어린이공원,1418,794,624,93,134,184,200,287,520,48,78,105,118,167,278,45,56,79,82,120,242,799,0,799
20232,A,골목상권,3110236,신묵초등학교,7715,3884,3831,867,813,1293,1345,1217,2180,473,418,644,729,617,1003,394,395,649,616,600,1177,4017,0,4017
20232,A,골목상권,3110237,메가박스 상봉,4317,2148,2169,362,472,659,679,786,1359,176,231,326,379,419,617,186,241,333,300,367,742,2348,0,2348
20232,A,골목상권,3110238,배꽃어린이공원,1172,586,586,103,104,140,163,222,440,44,53,79,86,114,210,59,51,61,77,108,230,785,0,785
20232,A,골목상권,3110239,중랑역 2번,293,151,142,15,33,51,27,62,105,9,20,26,11,31,54,6,13,25,16,31,51,166,0,166
20232,A,골목상권,3110240,태릉시장 특화거리,1289,663,626,88,136,179,166,247,473,40,72,95,93,137,226,48,64,84,73,110,247,706,0,706
20232,A,골목상권,3110241,먹골역 5번,2629,1303,1326,230,271,427,420,437,844,120,115,216,227,231,394,110,156,211,193,206,450,1755,0,1755
20232,A,골목상권,3110242,면목5동주민센터,4308,2181,2127,494,464,594,640,792,1324,256,231,301,331,421,641,238,233,293,309,371,683,2108,0,2108
20232,A,골목상권,3110243,중랑노인종합복지관,4889,2474,2415,544,589,637,748,951,1420,265,283,330,412,487,697,279,306,307,336,464,723,2219,0,2219
20232,A,골목상권,3110244,중화역 4번,1073,560,513,88,111,171,161,172,370,53,62,83,91,96,175,35,49,88,70,76,195,847,0,847
20232,A,골목상권,3110245,KB국민은행 중화동지점,2503,1260,1243,194,272,338,320,477,902,105,126,177,181,245,426,89,146,161,139,232,476,1317,0,1317
20232,A,골목상권,3110246,월드순복음교회,2488,1240,1248,252,239,558,438,381,620,134,129,257,228,200,292,118,110,301,210,181,328,1591,0,1591
20232,A,골목상권,3110247,먹골역 1번,6235,3084,3151,571,590,1137,1069,934,1934,294,310,568,567,459,886,277,280,569,502,475,1048,3032,0,3032
20232,A,골목상권,3110248,먹골파출소,1465,761,704,138,143,247,214,221,502,75,81,128,122,118,237,63,62,119,92,103,265,810,0,810
20232,A,골목상권,3110249,중화역 1번,6619,3324,3295,698,745,1046,1020,1047,2063,347,399,546,531,528,973,351,346,500,489,519,1090,2908,0,2908
20232,A,골목상권,3110250,화랑대역 7번,1576,767,809,191,200,202,226,265,492,96,106,107,106,131,221,95,94,95,120,134,271,684,0,684
20232,A,골목상권,3110251,장안중학교,3901,1891,2010,387,470,666,527,629,1222,180,249,327,282,287,566,207,221,339,245,342,656,1895,0,1895
20232,A,골목상권,3110252,장안제일시장,4747,2416,2331,513,516,763,679,825,1451,253,258,405,352,429,719,260,258,358,327,396,732,2120,0,2120
20232,A,골목상권,3110253,중곡초등학교,3662,1848,1814,358,427,532,562,671,1112,193,223,262,298,346,526,165,204,270,264,325,586,1666,0,1666
20232,A,골목상권,3110254,오거리공원,7809,3930,3879,820,903,1042,1227,1397,2420,420,461,543,643,727,1136,400,442,499,584,670,1284,3458,0,3458
20232,A,골목상권,3110255,상봉역 4번,6496,3237,3259,543,591,1262,982,1097,2021,272,313,606,532,558,956,271,278,656,450,539,1065,3575,0,3575
20232,A,골목상권,3110256,면목2동체육관,8303,4279,4024,855,867,1216,1279,1495,2591,463,453,639,711,754,1259,392,414,577,568,741,1332,3930,0,3930
20232,A,골목상권,3110257,상봉역 7번,3869,1961,1908,427,403,600,572,620,1247,219,213,303,295,328,603,208,190,297,277,292,644,2178,0,2178
20232,A,골목상권,3110258,면동초등학교,5746,2931,2815,576,584,868,890,1062,1766,297,312,438,467,548,869,279,272,430,423,514,897,3214,0,3214
20232,A,골목상권,3110259,사가정역 1번,4080,2061,2019,358,396,709,699,647,1271,197,199,350,374,341,600,161,197,359,325,306,671,2160,0,2160
20232,A,골목상권,3110260,면목역 3번,2218,1133,1085,176,209,390,353,388,702,92,106,198,184,216,337,84,103,192,169,172,365,1261,0,1261
20232,A,골목상권,3110261,사가정역 4번,5043,2476,2567,442,539,837,811,829,1585,230,273,410,418,413,732,212,266,427,393,416,853,2655,0,2655
20232,A,골목상권,3110262,상봉역 3번,2915,1489,1426,310,228,528,457,429,963,167,135,269,261,203,454,143,93,259,196,226,509,2768,0,2768
20232,A,골목상권,3110263,면목역 1번,7265,3581,3684,695,804,1165,1108,1211,2282,331,409,603,608,599,1031,364,395,562,500,612,1251,3743,0,3743
20232,A,골목상권,3110264,면목역 2번,9684,4902,4782,841,1090,1730,1545,1648,2830,437,571,885,845,821,1343,404,519,845,700,827,1487,4953,0,4953
20232,A,골목상권,3110265,망우역 1번,1035,540,495,84,114,149,120,183,385,44,62,79,66,93,196,40,52,70,54,90,189,551,0,551
20232,A,골목상권,3110266,면목동우체국,5266,2589,2677,433,648,837,760,963,1625,206,348,439,394,473,729,227,300,398,366,490,896,2780,0,2780
20232,A,골목상권,3110267,망우역 2번,4466,2222,2244,532,518,686,733,699,1298,292,268,345,381,342,594,240,250,341,352,357,704,2073,0,2073
20232,A,골목상권,3110268,망우3동주민센터,2588,1293,1295,248,312,363,382,469,814,112,163,185,195,245,393,136,149,178,187,224,421,1439,0,1439
20232,A,골목상권,3110269,용마문화복지센터,1355,701,654,103,179,181,171,249,472,47,80,97,96,144,237,56,99,84,75,105,235,841,0,841
20232,A,골목상권,3110270,혜원여고,1235,592,643,128,155,175,169,216,392,56,81,91,79,108,177,72,74,84,90,108,215,550,0,550
20232,A,골목상권,3110271,신내역 1번,138,74,64,13,12,23,23,14,53,7,8,10,15,4,30,6,4,13,8,10,23,125,0,125
20232,A,골목상권,3110272,신내1동주민센터,3548,1733,1815,457,415,462,541,616,1057,231,229,206,284,310,473,226,186,256,257,306,584,1656,0,1656
20232,A,골목상권,3110273,장스여성병원,2369,1266,1103,161,269,340,293,418,888,80,145,198,165,219,459,81,124,142,128,199,429,1186,0,1186
20232,A,골목상권,3110274,서일대학교,6866,3490,3376,755,807,913,972,1264,2155,379,412,469,521,663,1046,376,395,444,451,601,1109,3294,0,3294
20232,A,골목상권,3110275,하나은행 망우동지점,896,476,420,70,93,121,118,159,335,39,52,54,69,95,167,31,41,67,49,64,168,487,0,487
20232,A,골목상권,3110276,신내IC북측,366,196,170,45,30,42,68,54,127,24,19,23,40,29,61,21,11,19,28,25,66,256,0,256
20232,A,골목상권,3110277,러스크서울병원,3593,1856,1737,329,415,512,516,598,1223,178,224,272,275,306,601,151,191,240,241,292,622,1806,0,1806
20232,A,골목상권,3110278,망우본동주민센터,3928,2053,1875,273,501,495,483,726,1450,142,271,262,269,377,732,131,230,233,214,349,718,2334,0,2334
20232,A,골목상권,3110279,신내역 2번,25,15,10,3,2,0,4,7,9,0,1,0,2,5,7,3,1,0,2,2,2,25,0,25
20232,A,골목상권,3110280,북정마을,713,356,357,47,71,85,110,102,298,28,38,37,61,56,136,19,33,48,49,46,162,378,0,378
20232,A,골목상권,3110281,길상사,912,459,453,106,91,123,125,155,312,70,42,62,58,79,148,36,49,61,67,76,164,486,0,486
20232,A,골목상권,3110282,국민대학교앞,676,330,346,67,106,129,74,79,221,26,48,76,40,42,98,41,58,53,34,37,123,473,0,473
20232,A,골목상권,3110283,성북초등학교앞,518,243,275,52,56,64,89,97,160,22,27,34,45,46,69,30,29,30,44,51,91,244,0,244
20232,A,골목상권,3110284,정릉북한산국립공원입구,1404,722,682,129,209,163,165,235,503,75,116,79,84,118,250,54,93,84,81,117,253,609,0,609
20232,A,골목상권,3110285,홍대부중,2137,1042,1095,248,243,295,388,383,580,135,139,149,175,200,244,113,104,146,213,183,336,897,0,897
20232,A,골목상권,3110286,한성대입구역 5번,2598,1223,1375,190,263,512,417,452,764,90,129,241,206,214,343,100,134,271,211,238,421,1433,0,1433
20232,A,골목상권,3110287,정릉3동주민센터,1888,990,898,132,328,349,210,306,563,68,168,234,111,148,261,64,160,115,99,158,302,1036,0,1036
20232,A,골목상권,3110288,동구여중,1648,790,858,178,210,232,253,276,499,86,113,115,127,128,221,92,97,117,126,148,278,889,0,889
20232,A,골목상권,3110289,북한산보국문역 2번,4966,2453,2513,489,645,702,720,760,1650,257,320,377,382,396,721,232,325,325,338,364,929,2448,0,2448
20232,A,골목상권,3110290,북한산보국문역 1번,1428,729,699,124,171,180,207,219,527,76,88,103,112,112,238,48,83,77,95,107,289,682,0,682
20232,A,골목상권,3110291,한성대입구역 3번,4426,2124,2302,354,576,826,696,684,1290,182,286,407,360,325,564,172,290,419,336,359,726,2385,0,2385
20232,A,골목상권,3110292,정릉역 2번,560,273,287,22,37,38,54,107,302,10,17,23,30,58,135,12,20,15,24,49,167,333,0,333
20232,A,골목상권,3110293,삼선중학교,2527,1171,1356,256,289,586,408,387,601,128,137,245,210,179,272,128,152,341,198,208,329,1340,0,1340
20232,A,골목상권,3110294,서경대학교,7169,3527,3642,792,883,1021,1088,1130,2255,427,444,523,570,542,1021,365,439,498,518,588,1234,3065,0,3065
20232,A,골목상권,3110295,정릉우체국,4685,2307,2378,530,487,632,734,694,1608,282,252,341,383,333,716,248,235,291,351,361,892,2294,0,2294
20232,A,골목상권,3110296,성신여대입구역 4번,1902,870,1032,238,224,294,303,313,530,118,100,134,142,155,221,120,124,160,161,158,309,952,0,952
20232,A,골목상권,3110297,경동고등학교,6534,3135,3399,559,808,1388,999,1042,1738,300,384,680,501,511,759,259,424,708,498,531,979,3502,0,3502
20232,A,골목상권,3110298,솔숲어린이공원,732,368,364,67,88,83,103,128,263,40,47,49,46,60,126,27,41,34,57,68,137,323,0,323
20232,A,골목상권,3110299,정릉역 1번,3547,1751,1796,364,381,455,506,543,1298,191,191,233,267,286,583,173,190,222,239,257,715,1690,0,1690
20232,A,골목상권,3110300,삼선동주민센터,2912,1235,1677,127,409,829,388,381,778,70,137,316,189,184,339,57,272,513,199,197,439,3186,0,3186
20232,A,골목상권,3110301,성신여대입구역 7번,3589,1650,1939,253,416,898,558,460,1004,134,175,405,292,221,423,119,241,493,266,239,581,2066,0,2066
20232,A,골목상권,3110302,보문역 8번,2263,1109,1154,186,213,457,368,341,698,95,112,229,199,174,300,91,101,228,169,167,398,1187,0,1187
20232,A,골목상권,3110303,성신여대입구역 1번,3389,1399,1990,205,448,964,443,416,913,100,115,367,210,199,408,105,333,597,233,217,505,2158,0,2158
20232,A,골목상권,3110304,보문역 4번,395,181,214,22,45,136,65,47,80,11,18,65,30,23,34,11,27,71,35,24,46,1203,0,1203
20232,A,골목상권,3110305,보문역 5번,779,412,367,55,84,175,100,119,246,33,40,102,59,62,116,22,44,73,41,57,130,2282,0,2282
20232,A,골목상권,3110306,미아초등학교,930,456,474,122,89,135,142,124,318,68,40,74,72,65,137,54,49,61,70,59,181,526,0,526
20232,A,골목상권,3110307,길음역 7번,226,112,114,48,24,36,50,35,33,21,15,14,27,21,14,27,9,22,23,14,19,121,0,121
20232,A,골목상권,3110308,길음역 8번,1086,541,545,80,106,142,160,171,427,44,50,82,82,95,188,36,56,60,78,76,239,556,0,556
20232,A,골목상권,3110309,대광초등학교,1377,708,669,77,159,323,198,219,401,40,70,184,122,105,187,37,89,139,76,114,214,825,0,825
20232,A,골목상권,3110310,길음역 10번,263,94,169,14,34,48,41,47,79,4,13,11,27,14,25,10,21,37,14,33,54,168,0,168
20232,A,골목상권,3110311,종암아이파크2차후문,1189,618,571,104,146,174,164,225,376,55,85,97,87,112,182,49,61,77,77,113,194,542,0,542
20232,A,골목상권,3110312,안암역 2번,934,491,443,18,223,370,82,68,173,9,103,215,50,36,78,9,120,155,32,32,95,1306,0,1306
20232,A,골목상권,3110313,안암역 3번,568,354,214,16,113,245,55,52,87,8,58,172,39,32,45,8,55,73,16,20,42,968,0,968
20232,A,골목상권,3110314,종암경찰서,1052,535,517,102,120,198,139,150,343,51,57,102,84,75,166,51,63,96,55,75,177,615,0,615
20232,A,골목상권,3110315,종암아이파크2차,3110,1521,1589,255,402,549,450,529,925,132,201,296,226,253,413,123,201,253,224,276,512,1486,0,1486
20232,A,골목상권,3110316,숭곡초등학교,4741,2330,2411,447,433,575,698,775,1813,219,234,292,364,412,809,228,199,283,334,363,1004,2347,0,2347
20232,A,골목상권,3110317,종암중학교,2192,1237,955,128,289,747,258,234,536,67,153,490,147,129,251,61,136,257,111,105,285,1588,0,1588
20232,A,골목상권,3110318,KT월곡지사,1456,742,714,152,148,206,243,208,499,94,80,105,138,106,219,58,68,101,105,102,280,884,0,884
20232,A,골목상권,3110319,종암동주민센터,2991,1415,1576,221,242,335,326,479,1388,122,122,174,171,242,584,99,120,161,155,237,804,1909,0,1909
20232,A,골목상권,3110320,KB국민은행 종암동지점,925,476,449,119,123,153,116,169,245,70,64,93,59,73,117,49,59,60,57,96,128,477,0,477
20232,A,골목상권,3110321,동덕여대,214,110,104,19,36,50,24,31,54,9,15,28,12,18,28,10,21,22,12,13,26,133,0,133
20232,A,골목상권,3110322,장위1동주민센터,2307,1112,1195,286,310,340,327,409,635,137,153,174,169,189,290,149,157,166,158,220,345,1288,0,1288
20232,A,골목상권,3110323,상월곡역 1번,2012,932,1080,156,316,366,244,331,599,88,95,167,133,181,268,68,221,199,111,150,331,1417,0,1417
20232,A,골목상권,3110324,월곡역 4번,656,322,334,19,83,135,66,100,253,11,29,72,33,56,121,8,54,63,33,44,132,481,0,481
20232,A,골목상권,3110325,장곡초등학교,3172,1586,1586,340,377,418,412,554,1071,183,205,226,219,275,478,157,172,192,193,279,593,1632,0,1632
20232,A,골목상권,3110326,장위동성당,1545,751,794,194,221,164,221,289,456,101,112,87,109,142,200,93,109,77,112,147,256,597,0,597
20232,A,골목상권,3110327,상월곡역 2번,3612,1823,1789,338,425,453,506,639,1251,174,220,240,279,316,594,164,205,213,227,323,657,1591,0,1591
20232,A,골목상권,3110328,상월곡역 3번,1950,1014,936,153,200,272,306,302,717,80,112,150,176,161,335,73,88,122,130,141,382,1208,0,1208
20232,A,골목상권,3110329,우리은행체육관,2675,1343,1332,251,303,329,373,438,981,127,155,178,199,210,474,124,148,151,174,228,507,1219,0,1219
20232,A,골목상권,3110330,돌곶이역 1번,2045,1034,1011,196,234,271,280,361,703,97,122,147,152,190,326,99,112,124,128,171,377,928,0,928
20232,A,골목상권,3110331,돌곶이역 8번,3234,1588,1646,272,405,523,477,534,1023,155,197,266,239,261,470,117,208,257,238,273,553,1801,0,1801
20232,A,골목상권,3110332,돌곶이역 3번,743,398,345,63,71,95,121,140,253,30,38,52,65,81,132,33,33,43,56,59,121,481,0,481
20232,A,골목상권,3110333,돌곶이역 5번,1229,600,629,111,144,184,190,190,410,50,67,100,96,85,202,61,77,84,94,105,208,680,0,680
20232,A,골목상권,3110334,석관중앙교회,3034,1526,1508,247,350,395,387,542,1113,138,176,215,198,282,517,109,174,180,189,260,596,1359,0,1359
20232,A,골목상권,3110335,석계역 7번,4330,2201,2129,330,442,696,653,755,1454,176,225,356,355,367,722,154,217,340,298,388,732,2385,0,2385
20232,A,골목상권,3110336,석관고등학교,2293,1170,1123,179,264,320,305,428,797,95,144,177,164,204,386,84,120,143,141,224,411,1121,0,1121
20232,A,골목상권,3110337,아카데미하우스,2659,1286,1373,346,305,315,393,432,868,176,164,151,186,208,401,170,141,164,207,224,467,1196,0,1196
20232,A,골목상권,3110338,인수초등학교,2381,1195,1186,176,223,249,307,444,982,89,131,118,166,224,467,87,92,131,141,220,515,1213,0,1213
20232,A,골목상권,3110339,국립4.19민주묘지,15,7,8,0,1,0,2,2,10,0,1,0,2,0,4,0,0,0,0,2,6,20,0,20
20232,A,골목상권,3110340,인수중학교,1661,834,827,165,196,222,214,299,565,70,115,105,123,150,271,95,81,117,91,149,294,687,0,687
20232,A,골목상권,3110341,북한산우이역 2번,2263,1100,1163,223,247,259,284,397,853,115,132,124,152,191,386,108,115,135,132,206,467,988,0,988
20232,A,골목상권,3110342,국립재활원,2743,1329,1414,294,340,360,384,461,904,145,166,185,199,222,412,149,174,175,185,239,492,1187,0,1187
20232,A,골목상권,3110343,무너미어린이공원,4511,2169,2342,596,536,561,700,761,1357,298,265,270,366,355,615,298,271,291,334,406,742,1981,0,1981
20232,A,골목상권,3110344,화계중학교,1201,621,580,122,121,160,185,181,432,70,66,86,103,83,213,52,55,74,82,98,219,509,0,509
20232,A,골목상권,3110345,솔밭공원역 2번,2834,1383,1451,332,296,331,431,473,971,169,145,165,234,237,433,163,151,166,197,236,538,1405,0,1405
20232,A,골목상권,3110346,4.19민주묘지역 2번,1247,596,651,135,121,134,190,190,477,73,57,62,93,95,216,62,64,72,97,95,261,618,0,618
20232,A,골목상권,3110347,구세군강북종합사회복지관,1479,751,728,127,209,216,207,293,427,77,101,114,113,141,205,50,108,102,94,152,222,644,0,644
20232,A,골목상권,3110348,강북문화예술회관,4200,2029,2171,414,414,546,607,638,1581,204,217,274,312,324,698,210,197,272,295,314,883,1800,0,1800
20232,A,골목상권,3110349,화계역 2번,1028,512,516,112,104,143,161,173,335,71,56,63,95,85,142,41,48,80,66,88,193,511,0,511
20232,A,골목상권,3110350,가오리역 2번,2933,1444,1489,348,305,393,448,475,964,174,174,202,233,238,423,174,131,191,215,237,541,1299,0,1299
20232,A,골목상권,3110351,수유북부시장옆,3235,1578,1657,303,425,411,406,565,1125,158,216,199,227,270,508,145,209,212,179,295,617,1406,0,1406
20232,A,골목상권,3110352,수유1동주민센터,5051,2516,2535,550,562,608,791,804,1736,269,296,328,425,397,801,281,266,280,366,407,935,2418,0,2418
20232,A,골목상권,3110353,수유동우체국,2158,1076,1082,181,219,310,308,359,781,95,115,159,183,179,345,86,104,151,125,180,436,1100,0,1100
20232,A,골목상권,3110354,삼각산119안전센터,221,106,115,46,22,14,57,36,46,21,10,6,28,21,20,25,12,8,29,15,26,159,0,159
20232,A,골목상권,3110355,삼양사거리역 2번,3439,1718,1721,242,391,399,420,641,1346,130,200,220,229,339,600,112,191,179,191,302,746,1654,0,1654
20232,A,골목상권,3110356,덕수교,3110,1528,1582,275,423,390,454,521,1047,140,210,208,237,239,494,135,213,182,217,282,553,1631,0,1631
20232,A,골목상권,3110357,가오리역 1번,1747,900,847,155,190,203,258,306,635,71,114,122,139,154,300,84,76,81,119,152,335,809,0,809
20232,A,골목상권,3110358,인수동 우편취급국,3656,1798,1858,288,364,602,587,583,1232,141,188,313,314,302,540,147,176,289,273,281,692,1850,0,1850
20232,A,골목상권,3110359,수유시장옆,6671,3331,3340,584,679,1108,1022,1064,2214,306,381,569,561,503,1011,278,298,539,461,561,1203,3291,0,3291
20232,A,골목상권,3110360,수유초등학교,3937,1933,2004,376,413,636,594,608,1310,182,221,301,335,296,598,194,192,335,259,312,712,2172,0,2172
20232,A,골목상권,3110361,삼양사거리역 1번,2599,1318,1281,228,263,351,352,440,965,112,145,173,210,223,455,116,118,178,142,217,510,1292,0,1292
20232,A,골목상권,3110362,우이천 계성교,5208,2524,2684,522,563,728,787,860,1748,264,305,391,404,423,737,258,258,337,383,437,1011,2541,0,2541
20232,A,골목상권,3110363,송천동주민센터,1137,581,556,30,71,84,144,207,601,17,32,49,83,117,283,13,39,35,61,90,318,669,0,669
20232,A,골목상권,3110364,미아역 8번,4491,2231,2260,369,457,683,659,766,1557,200,241,372,337,380,701,169,216,311,322,386,856,2314,0,2314
20232,A,골목상권,3110365,미아역 5번,4908,2356,2552,438,508,707,779,830,1646,211,253,349,400,382,761,227,255,358,379,448,885,2432,0,2432
20232,A,골목상권,3110366,광산사거리,2163,1082,1081,167,223,329,316,359,769,85,112,170,177,187,351,82,111,159,139,172,418,1091,0,1091
20232,A,골목상권,3110367,강북구청,1918,914,1004,124,197,330,307,283,677,59,92,164,167,133,299,65,105,166,140,150,378,1041,0,1041
20232,A,골목상권,3110368,송천초등학교,4067,2046,2021,308,446,554,511,768,1480,159,240,309,270,388,680,149,206,245,241,380,800,1910,0,1910
20232,A,골목상권,3110369,성신여대운정그린캠퍼스,4494,2201,2293,326,499,715,628,706,1620,174,216,361,335,370,745,152,283,354,293,336,875,2544,0,2544
20232,A,골목상권,3110370,도봉세무서,3153,1560,1593,235,350,434,468,522,1144,119,185,229,242,255,530,116,165,205,226,267,614,1495,0,1495
20232,A,골목상권,3110371,삼양입구사거리,1716,858,858,98,189,258,207,321,643,50,103,122,118,164,301,48,86,136,89,157,342,930,0,930
20232,A,골목상권,3110372,강북중학교,2725,1350,1375,178,298,502,385,472,890,96,155,267,203,229,400,82,143,235,182,243,490,1632,0,1632
20232,A,골목상권,3110373,수유역 2번,3609,1745,1864,200,382,651,597,594,1185,104,175,320,317,295,534,96,207,331,280,299,651,2096,0,2096
20232,A,골목상권,3110374,송중초등학교,5837,2943,2894,471,612,806,856,1001,2091,238,328,446,469,504,958,233,284,360,387,497,1133,2617,0,2617
20232,A,골목상권,3110375,서울북부고용노동지청,2257,1129,1128,193,275,287,324,388,790,98,147,154,168,213,349,95,128,133,156,175,441,1138,0,1138
20232,A,골목상권,3110376,수송초등학교,8107,4028,4079,756,921,1181,1286,1342,2621,407,480,569,662,727,1183,349,441,612,624,615,1438,4334,0,4334
20232,A,골목상권,3110377,미아사거리역 3번,944,479,465,55,81,141,132,178,357,30,40,76,76,91,166,25,41,65,56,87,191,510,0,510
20232,A,골목상권,3110378,송중동주민센터,1918,970,948,158,216,286,287,320,651,89,120,151,147,161,302,69,96,135,140,159,349,982,0,982
20232,A,골목상권,3110379,KT&G 북부지사,1003,535,468,75,107,136,131,176,378,39,64,77,72,96,187,36,43,59,59,80,191,497,0,497
20232,A,골목상권,3110380,강북문화정보도서관,2622,1271,1351,262,313,330,419,444,854,135,162,169,225,204,376,127,151,161,194,240,478,1043,0,1043
20232,A,골목상권,3110381,번동주공2단지,1186,592,594,95,173,108,176,156,478,49,86,59,102,92,204,46,87,49,74,64,274,438,0,438
20232,A,골목상권,3110382,솔밭공원역 1번,670,322,348,83,98,89,115,99,186,44,47,45,58,53,75,39,51,44,57,46,111,376,0,376
20232,A,골목상권,3110383,덕성여대시반거리,614,285,329,75,72,78,103,92,194,44,32,26,48,44,91,31,40,52,55,48,103,358,0,358
20232,A,골목상권,3110384,문이교,1052,520,532,80,125,136,123,181,407,44,70,71,55,78,202,36,55,65,68,103,205,568,0,568
20232,A,골목상권,3110385,효문고등학교,1749,857,892,155,230,188,216,313,647,68,105,99,116,167,302,87,125,89,100,146,345,786,0,786
20232,A,골목상권,3110386,연산군묘,372,185,187,45,41,34,69,52,131,28,16,17,34,31,59,17,25,17,35,21,72,149,0,149
20232,A,골목상권,3110387,쌍문초등학교,5438,2707,2731,630,667,722,832,898,1689,315,350,381,428,445,788,315,317,341,404,453,901,2276,0,2276
20232,A,골목상권,3110388,도봉우체국,3076,1510,1566,367,333,433,539,474,930,191,166,226,277,221,429,176,167,207,262,253,501,1192,0,1192
20232,A,골목상권,3110389,한일병원,1010,497,513,63,108,168,165,156,350,32,56,81,90,75,163,31,52,87,75,81,187,561,0,561
20232,A,골목상권,3110390,방학초등학교,1396,686,710,147,193,184,184,262,426,77,102,99,86,121,201,70,91,85,98,141,225,746,0,746
20232,A,골목상권,3110391,샘말어린이공원,5239,2618,2621,587,694,664,757,871,1666,295,376,359,382,439,767,292,318,305,375,432,899,2152,0,2152
20232,A,골목상권,3110392,발바닥공원,171,83,88,17,25,22,24,38,45,7,12,12,11,19,22,10,13,10,13,19,23,53,0,53
20232,A,골목상권,3110393,국민은행방학지점,267,138,129,26,31,34,31,44,101,18,19,18,15,22,46,8,12,16,16,22,55,89,0,89
20232,A,골목상권,3110394,방학중학교,7266,3703,3563,664,865,881,1024,1352,2480,348,460,490,547,714,1144,316,405,391,477,638,1336,3411,0,3411
20232,A,골목상권,3110395,신한은행 방학동지점,1590,805,785,120,200,222,208,298,542,68,113,114,117,133,260,52,87,108,91,165,282,687,0,687
20232,A,골목상권,3110396,쌍문역1번(쌍리단길),2209,1064,1145,135,237,358,371,371,737,64,120,176,193,179,332,71,117,182,178,192,405,1149,0,1149
20232,A,골목상권,3110397,도봉산입구,8097,4064,4033,726,891,1015,1110,1246,3109,358,472,542,614,603,1475,368,419,473,496,643,1634,3609,0,3609
20232,A,골목상권,3110398,쌍문2동우체국,3261,1610,1651,338,384,543,495,502,999,192,180,277,263,238,460,146,204,266,232,264,539,1349,0,1349
20232,A,골목상권,3110399,창2동주민센터,8808,4307,4501,1194,1126,1201,1431,1533,2323,605,576,600,718,741,1067,589,550,601,713,792,1256,3469,0,3469
20232,A,골목상권,3110400,도봉구보건소,4140,2022,2118,447,472,589,595,661,1376,239,231,290,319,317,626,208,241,299,276,344,750,1925,0,1925
20232,A,골목상권,3110401,도봉구민회관,775,391,384,73,102,109,118,125,248,37,60,57,65,60,112,36,42,52,53,65,136,338,0,338
20232,A,골목상권,3110402,도봉구 정병원,2998,1506,1492,271,331,403,437,490,1066,149,180,213,225,252,487,122,151,190,212,238,579,1499,0,1499
20232,A,골목상권,3110403,방학1동주민센터,6580,3303,3277,523,753,872,890,1184,2358,269,402,465,480,614,1073,254,351,407,410,570,1285,3104,0,3104
20232,A,골목상권,3110404,신창초등학교,10836,5515,5321,1137,1355,1350,1554,1948,3492,610,722,726,831,984,1642,527,633,624,723,964,1850,4828,0,4828
20232,A,골목상권,3110405,방학역 1번,7456,3813,3643,582,894,907,1070,1315,2688,307,469,462,596,680,1299,275,425,445,474,635,1389,3425,0,3425
20232,A,골목상권,3110406,도봉산역 1번,1518,785,733,121,142,204,221,229,601,58,75,98,126,132,296,63,67,106,95,97,305,780,0,780
20232,A,골목상권,3110407,도봉역 2번,6902,3562,3340,474,728,874,922,1259,2645,241,408,467,509,653,1284,233,320,407,413,606,1361,3354,0,3354
20232,A,골목상권,3110408,가인초등학교,817,386,431,103,125,129,105,154,201,52,62,66,50,64,92,51,63,63,55,90,109,649,0,649
20232,A,골목상권,3110409,창동역 2번,2979,1490,1489,262,366,482,427,522,920,138,191,243,220,246,452,124,175,239,207,276,468,1286,0,1286
20232,A,골목상권,3110410,방학역 2번,2578,1346,1232,175,258,454,412,441,838,96,130,239,237,226,418,79,128,215,175,215,420,1650,0,1650
20232,A,골목상권,3110411,도봉역 3번,1676,883,793,174,170,197,212,261,662,95,91,113,133,140,311,79,79,84,79,121,351,768,0,768
20232,A,골목상권,3110412,창동중학교,382,189,193,48,56,59,58,61,100,20,33,32,28,24,52,28,23,27,30,37,48,154,0,154
20232,A,골목상권,3110413,누원고등학교,772,370,402,119,81,86,122,115,249,59,40,44,59,57,111,60,41,42,63,58,138,1047,0,1047
20232,A,골목상권,3110414,장석교회,1149,582,567,135,154,138,176,177,369,73,78,79,87,95,170,62,76,59,89,82,199,465,0,465
20232,A,골목상권,3110415,수락산역 4번,5231,2638,2593,543,671,747,762,909,1599,275,363,419,380,440,761,268,308,328,382,469,838,2328,0,2328
20232,A,골목상권,3110416,노원초등학교,2601,1251,1350,321,398,336,378,477,691,151,210,161,179,218,332,170,188,175,199,259,359,920,0,920
20232,A,골목상권,3110417,월계역 3번,958,506,452,66,111,131,142,153,355,39,59,66,86,82,174,27,52,65,56,71,181,590,0,590
20232,A,골목상권,3110418,광운대학교 남단,1590,891,699,99,265,310,181,221,514,49,158,208,109,113,254,50,107,102,72,108,260,824,0,824
20232,A,골목상권,3110419,수락산디자인거리,3256,1582,1674,303,397,494,442,530,1090,161,200,256,206,248,511,142,197,238,236,282,579,1365,0,1365
20232,A,골목상권,3110420,광운대역 1번,1358,778,580,107,287,247,161,185,371,52,174,183,86,109,174,55,113,64,75,76,197,856,0,856
20232,A,골목상권,3110421,석계역 1번,1483,779,704,94,139,191,206,231,622,50,83,106,114,135,291,44,56,85,92,96,331,735,0,735
20232,A,골목상권,3110422,노원역 9번,1005,489,516,124,138,135,177,174,257,62,65,65,89,85,123,62,73,70,88,89,134,354,0,354
20232,A,골목상권,3110423,석계역 2번,547,260,287,108,40,75,81,79,164,47,17,33,43,40,80,61,23,42,38,39,84,229,0,229
20232,A,골목상권,3110424,상계초등학교,3092,1569,1523,265,435,445,419,531,997,130,239,215,227,257,501,135,196,230,192,274,496,1378,0,1378
20232,A,골목상권,3110425,계상초등학교,3869,1906,1963,354,503,487,546,646,1333,178,259,261,280,322,606,176,244,226,266,324,727,1627,0,1627
20232,A,골목상권,3110426,상계2동주민센터,4253,2093,2160,286,503,652,571,746,1495,147,251,339,319,365,672,139,252,313,252,381,823,2202,0,2202
20232,A,골목상권,3110427,노원 을지대학교병원,640,320,320,66,95,103,64,122,190,33,52,60,32,58,85,33,43,43,32,64,105,216,0,216
20232,A,골목상권,3110428,상계5동주민센터,9414,4650,4764,780,1110,1172,1288,1624,3440,379,585,620,680,807,1579,401,525,552,608,817,1861,4351,0,4351
20232,A,골목상권,3110429,공릉동 국수거리,5140,2545,2595,481,549,1094,873,678,1465,235,268,537,487,332,686,246,281,557,386,346,779,2470,0,2470
20232,A,골목상권,3110430,중계초등학교,66,32,34,1,13,4,11,18,19,0,7,3,5,8,9,1,6,1,6,10,10,25,0,25
20232,A,골목상권,3110431,상계역,910,492,418,80,120,114,113,172,311,34,71,63,63,95,166,46,49,51,50,77,145,466,0,466
20232,A,골목상권,3110432,대진고등학교,1926,946,980,227,340,288,201,360,510,118,179,147,91,158,253,109,161,141,110,202,257,906,0,906
20232,A,골목상권,3110433,공릉역 2번,4427,2292,2135,316,730,1004,564,578,1235,160,357,589,330,267,589,156,373,415,234,311,646,2643,0,2643
20232,A,골목상권,3110434,태릉입구역 4번,1746,874,872,154,166,382,255,262,527,75,68,195,154,131,251,79,98,187,101,131,276,862,0,862
20232,A,골목상권,3110435,서울과학기술대,266,131,135,21,49,40,38,43,75,11,21,18,19,23,39,10,28,22,19,20,36,146,0,146
20232,A,골목상권,3110436,상계제일중학교,1370,676,694,126,245,171,176,283,369,54,130,108,83,133,168,72,115,63,93,150,201,633,0,633
20232,A,골목상권,3110437,당고개역 2번,1563,800,763,100,142,177,213,265,666,59,68,99,124,141,309,41,74,78,89,124,357,823,0,823
20232,A,골목상권,3110438,경춘선숲길 우측,3249,1746,1503,268,722,663,429,411,756,157,380,401,236,204,368,111,342,262,193,207,388,2292,0,2292
20232,A,골목상권,3110439,당고개역 5번,4557,2268,2289,392,543,545,628,815,1634,216,298,286,343,414,711,176,245,259,285,401,923,1835,0,1835
20232,A,골목상권,3110440,상계3동4동주민센터,1943,1010,933,178,208,253,285,312,707,102,113,145,167,160,323,76,95,108,118,152,384,750,0,750
20232,A,골목상권,3110441,영신여고,2426,1171,1255,333,441,233,348,499,572,164,221,112,150,253,271,169,220,121,198,246,301,856,0,856
20232,A,골목상권,3110442,화랑대철도공원,328,112,216,39,98,56,31,44,60,19,19,12,17,19,26,20,79,44,14,25,34,234,0,234
20232,A,골목상권,3110443,수색역 1번,14,9,5,0,0,0,3,3,8,0,0,0,3,2,4,0,0,0,0,1,4,12,0,12
20232,A,골목상권,3110444,수색성당,595,296,299,76,55,75,104,82,203,35,33,40,54,39,95,41,22,35,50,43,108,219,0,219
20232,A,골목상권,3110445,덕산중학교,1544,756,788,188,190,197,238,238,493,85,102,100,131,118,220,103,88,97,107,120,273,716,0,716
20232,A,골목상권,3110446,내를건너서숲으로도서관,1379,646,733,130,150,178,221,228,472,60,67,91,111,109,208,70,83,87,110,119,264,936,0,936
20232,A,골목상권,3110447,구산초등학교,1543,744,799,182,178,219,253,217,494,89,92,107,131,110,215,93,86,112,122,107,279,758,0,758
20232,A,골목상권,3110448,상신초등학교입구,2590,1319,1271,317,313,349,416,461,734,164,178,204,219,226,328,153,135,145,197,235,406,1145,0,1145
20232,A,골목상권,3110449,증산역 3번,5484,2684,2800,579,601,729,812,880,1883,316,300,375,392,450,851,263,301,354,420,430,1032,2367,0,2367
20232,A,골목상권,3110450,시립서북병원,8809,4214,4595,1080,1114,1195,1456,1453,2511,521,554,575,723,686,1155,559,560,620,733,767,1356,3281,0,3281
20232,A,골목상권,3110451,증산역 4번,5672,2807,2865,546,641,784,856,935,1910,270,326,398,448,459,906,276,315,386,408,476,1004,2491,0,2491
20232,A,골목상권,3110452,새절역 3번,2660,1325,1335,236,286,402,414,387,935,120,155,202,228,189,431,116,131,200,186,198,504,1375,0,1375
20232,A,골목상권,3110453,신사1동주민센터,8614,4195,4419,862,919,1313,1528,1363,2629,439,508,632,791,641,1184,423,411,681,737,722,1445,3890,0,3890
20232,A,골목상권,3110454,선정중학교,6292,2990,3302,773,808,842,1141,988,1740,390,378,405,596,483,738,383,430,437,545,505,1002,2535,0,2535
20232,A,골목상권,3110455,역촌노인복지관,8351,4010,4341,1018,951,1142,1498,1392,2350,499,471,540,763,689,1048,519,480,602,735,703,1302,3763,0,3763
20232,A,골목상권,3110456,구산보건지소,8243,3966,4277,1027,1064,1103,1397,1409,2243,518,527,537,717,681,986,509,537,566,680,728,1257,3437,0,3437
20232,A,골목상권,3110457,예일여고,4391,2071,2320,436,578,625,687,778,1287,220,263,302,339,353,594,216,315,323,348,425,693,1882,0,1882
20232,A,골목상권,3110458,선일여고,5649,2711,2938,640,869,846,833,985,1476,333,450,404,411,441,672,307,419,442,422,544,804,2329,0,2329
20232,A,골목상권,3110459,응암역 2번,4912,2315,2597,661,579,627,889,791,1365,323,306,291,429,368,598,338,273,336,460,423,767,2094,0,2094
20232,A,골목상권,3110460,구산역 4번,5531,2689,2842,629,717,751,903,960,1571,330,367,372,469,458,693,299,350,379,434,502,878,2394,0,2394
20232,A,골목상권,3110461,새절역 2번,1773,835,938,163,179,291,287,261,592,89,95,138,136,126,251,74,84,153,151,135,341,880,0,880
20232,A,골목상권,3110462,갈현건영아파트,6346,3133,3213,555,797,851,876,1086,2181,303,426,448,464,531,961,252,371,403,412,555,1220,2879,0,2879
20232,A,골목상권,3110463,응암3동주민센터,2226,1083,1143,160,205,304,312,426,819,85,112,153,170,208,355,75,93,151,142,218,464,1236,0,1236
20232,A,골목상권,3110464,연신내역 5번,4084,1940,2144,417,528,625,669,679,1166,229,268,274,355,308,506,188,260,351,314,371,660,2154,0,2154
20232,A,골목상권,3110465,연신내역 7번,2589,1225,1364,251,296,460,404,398,780,121,151,222,210,181,340,130,145,238,194,217,440,1335,0,1335
20232,A,골목상권,3110466,구산역 2번,4374,2093,2281,482,491,598,708,707,1388,250,237,293,360,345,608,232,254,305,348,362,780,1938,0,1938
20232,A,골목상권,3110467,은평요양병원,1109,543,566,109,103,176,177,152,392,58,52,84,100,71,178,51,51,92,77,81,214,776,0,776
20232,A,골목상권,3110468,응암역 3번,12111,5748,6363,1485,1360,1675,2186,1950,3455,749,693,747,1084,942,1533,736,667,928,1102,1008,1922,5100,0,5100
20232,A,골목상권,3110469,응암정보도서관,7458,3707,3751,589,882,938,974,1306,2769,296,472,518,505,665,1251,293,410,420,469,641,1518,3710,0,3710
20232,A,골목상권,3110470,신진과학기술고등학교,2018,961,1057,343,193,290,389,298,505,167,102,134,185,152,221,176,91,156,204,146,284,971,0,971
20232,A,골목상권,3110471,응암동우체국,4124,2054,2070,346,484,510,600,731,1453,172,262,265,325,367,663,174,222,245,275,364,790,2292,0,2292
20232,A,골목상권,3110472,연신내역 4번,5473,2569,2904,524,568,931,914,829,1707,237,268,446,452,394,772,287,300,485,462,435,935,2742,0,2742
20232,A,골목상권,3110473,구산역 1번,9899,4707,5192,1129,1098,1330,1670,1647,3025,546,540,662,843,781,1335,583,558,668,827,866,1690,4409,0,4409
20232,A,골목상권,3110474,세명컴퓨터고등학교,4603,2302,2301,396,525,736,700,739,1507,199,284,387,386,350,696,197,241,349,314,389,811,2247,0,2247
20232,A,골목상권,3110475,백련산해모로아파트,3424,1656,1768,457,385,438,608,538,998,232,196,213,302,269,444,225,189,225,306,269,554,1420,0,1420
20232,A,골목상권,3110476,역촌역 2번,1270,592,678,122,130,213,197,221,387,64,52,104,94,106,172,58,78,109,103,115,215,591,0,591
20232,A,골목상권,3110477,은평세무서,3132,1489,1643,372,318,421,517,493,1011,180,165,196,258,235,455,192,153,225,259,258,556,1409,0,1409
20232,A,골목상권,3110478,응암1동주민센터,3246,1546,1700,357,363,378,511,572,1065,184,176,190,252,284,460,173,187,188,259,288,605,1584,0,1584
20232,A,골목상권,3110479,연신내역 2번,3962,1955,2007,292,411,548,541,675,1495,167,228,292,278,316,674,125,183,256,263,359,821,1915,0,1915
20232,A,골목상권,3110480,연신내역 3번,3157,1492,1665,275,313,546,511,459,1053,137,163,270,267,201,454,138,150,276,244,258,599,1554,0,1554
20232,A,골목상권,3110481,불광역 7번,3327,1596,1731,285,350,677,573,490,952,166,158,300,311,235,426,119,192,377,262,255,526,1750,0,1750
20232,A,골목상권,3110482,연신초등학교,1593,789,804,121,182,209,208,314,559,61,99,104,109,151,265,60,83,105,99,163,294,780,0,780
20232,A,골목상권,3110483,연천초등학교,3404,1599,1805,320,416,476,495,595,1102,148,205,227,257,282,480,172,211,249,238,313,622,1585,0,1585
20232,A,골목상권,3110484,역촌역 3번,8280,4024,4256,887,773,1113,1406,1323,2778,436,403,569,724,681,1211,451,370,544,682,642,1567,4081,0,4081
20232,A,골목상권,3110485,연신내우체국,2599,1237,1362,280,257,341,386,426,909,138,129,171,199,208,392,142,128,170,187,218,517,1231,0,1231
20232,A,골목상권,3110486,은평구청,1966,990,976,270,187,285,361,306,557,156,102,127,193,164,248,114,85,158,168,142,309,931,0,931
20232,A,골목상권,3110487,불광역 8번,291,147,144,19,28,27,39,46,132,13,16,13,20,23,62,6,12,14,19,23,70,200,0,200
20232,A,골목상권,3110488,우리은행응암동지점,3057,1459,1598,370,299,407,508,499,974,189,147,211,259,235,418,181,152,196,249,264,556,1384,0,1384
20232,A,골목상권,3110489,불광역 3번,1329,613,716,105,103,232,205,183,501,54,51,113,103,86,206,51,52,119,102,97,295,709,0,709
20232,A,골목상권,3110490,녹번동근린공원,5238,2575,2663,538,575,705,867,847,1706,295,289,389,445,414,743,243,286,316,422,433,963,2447,0,2447
20232,A,골목상권,3110491,불광중학교,1436,705,731,155,156,161,222,224,518,78,86,81,121,103,236,77,70,80,101,121,282,651,0,651
20232,A,골목상권,3110492,하나고등학교,144,72,72,14,21,6,18,32,53,9,11,5,8,17,22,5,10,1,10,15,31,227,0,227
20232,A,골목상권,3110493,북가좌초등학교,1505,758,747,163,139,214,209,227,553,89,74,107,117,121,250,74,65,107,92,106,303,613,0,613
20232,A,골목상권,3110494,증산3교남측,868,427,441,97,91,130,122,149,279,46,43,64,60,75,139,51,48,66,62,74,140,363,0,363
20232,A,골목상권,3110495,북가좌2동주민센터,6502,3141,3361,701,667,883,1134,1004,2113,360,352,418,581,478,952,341,315,465,553,526,1161,3036,0,3036
20232,A,골목상권,3110496,모래내우체국,2178,1065,1113,237,231,314,330,326,740,127,108,158,168,172,332,110,123,156,162,154,408,967,0,967
20232,A,골목상권,3110497,가좌역 3번,31,14,17,3,2,4,2,4,16,2,0,3,1,2,6,1,2,1,1,2,10,135,0,135
20232,A,골목상권,3110498,증산역 1번,3569,1761,1808,311,364,531,587,535,1241,152,204,284,305,267,549,159,160,247,282,268,692,1638,0,1638
20232,A,골목상권,3110499,연가초등학교,6430,3205,3225,711,971,909,994,1132,1713,368,502,499,496,546,794,343,469,410,498,586,919,2724,0,2724
20232,A,골목상권,3110500,남가좌동현대아파트,772,372,400,174,77,106,147,100,168,77,43,51,82,44,75,97,34,55,65,56,93,247,0,247
20232,A,골목상권,3110501,연희어린이공원,1522,758,764,91,152,304,213,229,533,51,80,155,114,104,254,40,72,149,99,125,279,664,0,664
20232,A,골목상권,3110502,남가좌파출소,3808,1878,1930,364,410,529,566,600,1339,190,219,267,301,322,579,174,191,262,265,278,760,1922,0,1922
20232,A,골목상권,3110503,명지대학교교회,5162,2592,2570,441,749,956,713,822,1481,231,345,537,350,432,697,210,404,419,363,390,784,2865,0,2865
20232,A,골목상권,3110504,명지전문대,207,101,106,26,34,20,31,40,56,14,14,14,12,23,24,12,20,6,19,17,32,99,0,99
20232,A,골목상권,3110505,홍남교남측,227,121,106,15,33,26,32,50,71,7,19,15,22,26,32,8,14,11,10,24,39,77,0,77
20232,A,골목상권,3110506,연희임광아파트,582,260,322,57,46,161,127,77,114,24,19,74,58,40,45,33,27,87,69,37,69,354,0,354
20232,A,골목상권,3110507,명지대학교,6854,3335,3519,624,833,1122,970,1117,2188,311,396,595,495,547,991,313,437,527,475,570,1197,3598,0,3598
20232,A,골목상권,3110508,서연중학교,2270,1105,1165,304,223,282,355,352,754,150,124,145,162,168,356,154,99,137,193,184,398,949,0,949
20232,A,골목상권,3110509,연희대우아파트앞,3724,1745,1979,272,370,1238,612,432,800,147,156,573,303,216,350,125,214,665,309,216,450,2210,0,2210
20232,A,골목상권,3110510,홍연시장,1178,609,569,95,129,147,147,195,465,47,71,92,78,111,210,48,58,55,69,84,255,511,0,511
20232,A,골목상권,3110511,연희초등학교,5399,2802,2597,360,693,1944,779,582,1041,182,352,1139,379,280,470,178,341,805,400,302,571,3984,0,3984
20232,A,골목상권,3110512,연희지하차도,3384,1639,1745,316,412,468,503,568,1117,163,218,243,256,273,486,153,194,225,247,295,631,1743,0,1743
20232,A,골목상권,3110513,연희파출소,1052,493,559,139,110,191,183,159,270,67,49,86,88,83,120,72,61,105,95,76,150,489,0,489
20232,A,골목상권,3110514,서대문우체국,2136,1081,1055,82,297,888,251,195,423,45,140,479,137,90,190,37,157,409,114,105,233,1583,0,1583
20232,A,골목상권,3110515,홍은중학교,2507,1210,1297,253,315,310,376,414,839,133,148,158,194,200,377,120,167,152,182,214,462,1163,0,1163
20232,A,골목상권,3110516,정원여중,1230,587,643,109,143,176,184,233,385,43,76,89,92,114,173,66,67,87,92,119,212,468,0,468
20232,A,골목상권,3110517,서대문소방서,969,465,504,196,127,139,135,158,214,109,62,61,61,72,100,87,65,78,74,86,114,430,0,430
20232,A,골목상권,3110518,서대문구청,557,256,301,68,69,73,80,97,170,30,34,33,37,46,76,38,35,40,43,51,94,242,0,242
20232,A,골목상권,3110519,서대문구보건소별관,4078,1910,2168,516,474,523,604,638,1323,223,237,264,310,315,561,293,237,259,294,323,762,1696,0,1696
20232,A,골목상권,3110520,경의중앙 신촌역,1512,713,799,58,223,479,202,170,380,33,86,245,101,94,154,25,137,234,101,76,226,1101,0,1101
20232,A,골목상권,3110521,홍제역 4번,1021,502,519,73,102,145,157,162,382,40,59,72,77,79,175,33,43,73,80,83,207,490,0,490
20232,A,골목상권,3110522,홍제역 3번,1411,646,765,128,164,163,220,223,513,59,84,81,112,101,209,69,80,82,108,122,304,654,0,654
20232,A,골목상권,3110523,홍제성원아파트,575,281,294,49,76,72,77,82,219,24,33,38,40,38,108,25,43,34,37,44,111,227,0,227
20232,A,골목상권,3110524,연희세브란스병원,216,94,122,27,21,70,37,17,44,14,4,30,16,10,20,13,17,40,21,7,24,174,0,174
20232,A,골목상권,3110525,홍은종합사회복지관,415,196,219,50,44,33,71,71,146,25,22,15,34,35,65,25,22,18,37,36,81,251,0,251
20232,A,골목상권,3110526,봉원사,1129,503,626,114,140,338,134,135,268,60,45,137,61,69,131,54,95,201,73,66,137,773,0,773
20232,A,골목상권,3110527,홍제역 2번,1705,820,885,123,172,276,189,301,644,65,90,136,93,150,286,58,82,140,96,151,358,993,0,993
20232,A,골목상권,3110528,서울여자간호대학교,1349,677,672,129,160,160,176,254,470,77,79,88,100,128,205,52,81,72,76,126,265,711,0,711
20232,A,골목상권,3110529,홍제3동주민센터,3657,1771,1886,258,389,461,482,633,1434,125,196,237,282,312,619,133,193,224,200,321,815,1765,0,1765
20232,A,골목상권,3110530,아현역 1번,288,144,144,16,23,47,46,40,116,8,8,28,25,22,53,8,15,19,21,18,63,169,0,169
20232,A,골목상권,3110531,홍지문,460,229,231,29,69,88,57,69,148,14,36,46,30,41,62,15,33,42,27,28,86,228,0,228
20232,A,골목상권,3110532,아현역 2번,2224,1049,1175,159,221,313,332,404,795,74,107,166,179,212,311,85,114,147,153,192,484,1212,0,1212
20232,A,골목상권,3110533,충정로역 7번,1174,606,568,53,121,195,178,216,411,28,64,113,92,119,190,25,57,82,86,97,221,650,0,650
20232,A,골목상권,3110534,경기대학교,1726,845,881,141,205,283,205,286,606,63,96,154,109,154,269,78,109,129,96,132,337,871,0,871
20232,A,골목상권,3110535,영천시장입구,1441,663,778,144,149,180,215,230,523,81,76,85,100,122,199,63,73,95,115,108,324,726,0,726
20232,A,골목상권,3110536,돈의문센트레빌아파트입구,750,392,358,36,81,143,107,146,237,15,47,72,60,76,122,21,34,71,47,70,115,399,0,399
20232,A,골목상권,3110537,충정로현대아파트,760,352,408,85,67,209,123,95,181,33,30,96,55,53,85,52,37,113,68,42,96,607,0,607
20232,A,골목상권,3110538,충정로역 3번,313,159,154,14,30,80,62,37,90,4,16,46,33,21,39,10,14,34,29,16,51,297,0,297
20232,A,골목상권,3110539,미근동,512,263,249,24,34,137,66,67,184,13,21,70,40,34,85,11,13,67,26,33,99,314,0,314
20232,A,골목상권,3110540,망원나들목체육관,3204,1642,1562,407,327,495,604,504,867,212,181,251,314,279,405,195,146,244,290,225,462,1320,0,1320
20232,A,골목상권,3110541,동교초등학교,4956,2368,2588,662,534,739,925,773,1323,318,265,343,445,384,613,344,269,396,480,389,710,2229,0,2229
20232,A,골목상권,3110542,마포구청역 7번,5409,2639,2770,654,573,920,1017,855,1390,334,315,425,504,431,630,320,258,495,513,424,760,2483,0,2483
20232,A,골목상권,3110543,중암중학교,1093,532,561,132,141,180,158,194,288,70,74,97,68,98,125,62,67,83,90,96,163,493,0,493
20232,A,골목상권,3110544,망리단길,13911,6611,7300,1411,1456,2574,2519,2165,3786,739,711,1181,1247,1069,1664,672,745,1393,1272,1096,2122,6618,0,6618
20232,A,골목상권,3110545,마포구청역 1번,2474,1057,1417,230,246,708,526,320,444,108,99,255,223,161,211,122,147,453,303,159,233,3987,0,3987
20232,A,골목상권,3110546,양화대교북단,2927,1427,1500,292,271,679,561,378,746,133,134,341,289,184,346,159,137,338,272,194,400,1357,0,1357
20232,A,골목상권,3110547,KB국민은행 망원동지점,2759,1298,1461,327,302,420,454,446,810,159,156,180,227,222,354,168,146,240,227,224,456,1165,0,1165
20232,A,골목상권,3110548,마포구청역 4번,2818,1341,1477,261,296,537,546,451,727,141,155,248,263,216,318,120,141,289,283,235,409,1437,0,1437
20232,A,골목상권,3110549,새터산,2754,1349,1405,334,319,432,446,453,770,167,161,214,224,238,345,167,158,218,222,215,425,1262,0,1262
20232,A,골목상권,3110550,합정역 8번,6202,2844,3358,614,625,1406,1227,837,1493,287,268,593,625,405,666,327,357,813,602,432,827,3047,0,3047
20232,A,골목상권,3110551,성서초등학교,4480,2137,2343,639,528,633,853,786,1041,315,277,278,397,388,482,324,251,355,456,398,559,1840,0,1840
20232,A,골목상권,3110552,성미산체육관,2104,1010,1094,190,214,342,339,378,641,91,106,162,165,180,306,99,108,180,174,198,335,1133,0,1133
20232,A,골목상권,3110553,가좌역 2번,3229,1595,1634,276,357,485,515,556,1040,158,169,244,252,299,473,118,188,241,263,257,567,1770,0,1770
20232,A,골목상권,3110554,망원역 1번,4497,2051,2446,354,414,906,893,682,1248,171,197,373,418,332,560,183,217,533,475,350,688,2550,0,2550
20232,A,골목상권,3110555,홍익지구대,261,124,137,17,24,59,53,43,65,13,10,22,30,20,29,4,14,37,23,23,36,130,0,130
20232,A,골목상권,3110556,절두산순교성지,1314,629,685,100,126,257,234,190,407,53,71,114,127,77,187,47,55,143,107,113,220,540,0,540
20232,A,골목상권,3110557,홍대부속여중고앞,3595,1650,1945,351,321,747,789,555,832,168,158,331,382,248,363,183,163,416,407,307,469,1775,0,1775
20232,A,골목상권,3110558,경성고등학교,8634,4138,4496,815,880,1547,1561,1342,2489,405,479,729,779,651,1095,410,401,818,782,691,1394,4349,0,4349
20232,A,골목상권,3110559,성산중학교,2954,1362,1592,229,302,676,555,424,768,122,142,287,276,206,329,107,160,389,279,218,439,1347,0,1347
20232,A,골목상권,3110560,마포FM,1685,797,888,155,160,366,339,234,431,84,62,172,167,115,197,71,98,194,172,119,234,874,0,874
20232,A,골목상권,3110561,상수역 4번,2572,1243,1329,140,266,677,540,338,611,71,112,354,284,156,266,69,154,323,256,182,345,1379,0,1379
20232,A,골목상권,3110562,연트럴파크(연남동주민센터),3257,1535,1722,373,291,677,658,434,824,197,148,314,323,200,353,176,143,363,335,234,471,1601,0,1601
20232,A,골목상권,3110563,상수역 3번,765,369,396,62,73,245,139,84,162,37,32,112,72,41,75,25,41,133,67,43,87,453,0,453
20232,A,골목상권,3110564,홍대입구역 3번,767,360,407,57,56,204,174,96,180,31,26,103,78,47,75,26,30,101,96,49,105,398,0,398
20232,A,골목상권,3110565,홍익대,1663,824,839,89,278,550,235,229,282,44,115,323,115,104,123,45,163,227,120,125,159,1065,0,1065
20232,A,골목상권,3110566,경의선책거리,2138,995,1143,135,238,623,394,284,464,73,95,295,188,145,199,62,143,328,206,139,265,1223,0,1223
20232,A,골목상권,3110567,광흥창역 6번,321,136,185,21,36,97,47,35,85,5,15,38,24,17,37,16,21,59,23,18,48,202,0,202
20232,A,골목상권,3110568,광흥창역 1번,350,185,165,54,44,46,59,73,74,31,26,26,30,39,33,23,18,20,29,34,41,150,0,150
20232,A,골목상권,3110569,홍대땡땡거리,2009,986,1023,102,207,651,335,232,482,59,97,316,177,122,215,43,110,335,158,110,267,1348,0,1348
20232,A,골목상권,3110570,KB국민은행 서강지점,556,262,294,120,34,79,124,80,119,60,16,35,62,35,54,60,18,44,62,45,65,255,0,255
20232,A,골목상권,3110571,신수동주민센터,2470,1210,1260,243,265,357,403,391,811,121,139,199,203,201,347,122,126,158,200,190,464,1172,0,1172
20232,A,골목상권,3110572,서강대역 1번,2863,1504,1359,166,370,804,424,392,707,91,185,468,227,217,316,75,185,336,197,175,391,1946,0,1946
20232,A,골목상권,3110573,신촌역 6번,209,114,95,16,23,73,34,22,41,11,13,41,13,15,21,5,10,32,21,7,20,143,0,143
20232,A,골목상권,3110574,서강대학교,166,92,74,13,11,40,30,26,46,6,5,27,16,17,21,7,6,13,14,9,25,107,0,107
20232,A,골목상권,3110575,대흥동주민센터,2817,1400,1417,159,282,548,392,423,1013,78,124,302,214,234,448,81,158,246,178,189,565,1876,0,1876
20232,A,골목상권,3110576,대흥역 3번,1224,606,618,121,118,167,211,176,431,68,56,84,104,90,204,53,62,83,107,86,227,592,0,592
20232,A,골목상권,3110577,용강동주민센터,828,388,440,100,101,113,142,144,228,52,41,56,69,70,100,48,60,57,73,74,128,472,0,472
20232,A,골목상권,3110578,대흥역 2번,2888,1450,1438,216,322,375,384,515,1076,115,180,204,201,267,483,101,142,171,183,248,593,1618,0,1618
20232,A,골목상권,3110579,마포역 4번,849,451,398,66,79,227,144,115,218,42,40,119,82,64,104,24,39,108,62,51,114,469,0,469
20232,A,골목상권,3110580,양원초등학교,1415,709,706,68,184,326,175,202,460,40,96,171,104,97,201,28,88,155,71,105,259,824,0,824
20232,A,골목상권,3110581,염리초등학교,319,163,156,99,12,29,102,34,43,57,7,14,47,19,19,42,5,15,55,15,24,99,0,99
20232,A,골목상권,3110582,이대역 5번,1676,792,884,69,237,362,225,249,534,34,87,182,109,117,263,35,150,180,116,132,271,1021,0,1021
20232,A,골목상권,3110583,공덕래미안3차아파트,185,87,98,13,22,47,31,27,45,6,8,24,15,17,17,7,14,23,16,10,28,111,0,111
20232,A,골목상권,3110584,아현역 4번,101,60,41,6,4,16,11,18,46,4,2,6,4,14,30,2,2,10,7,4,16,39,0,39
20232,A,골목상권,3110585,마포경찰서,247,124,123,61,16,60,57,22,31,40,7,19,35,10,13,21,9,41,22,12,18,93,0,93
20232,A,골목상권,3110586,서울서부지방법원,1395,660,735,59,87,390,298,222,339,34,31,149,140,130,176,25,56,241,158,92,163,1165,0,1165
20232,A,골목상권,3110587,공덕동주민센터,2632,1277,1355,177,206,454,413,463,919,82,104,224,209,240,418,95,102,230,204,223,501,2427,0,2427
20232,A,골목상권,3110588,한겨레신문사,2918,1389,1529,235,338,470,482,516,877,118,160,215,246,259,391,117,178,255,236,257,486,1569,0,1569
20232,A,골목상권,3110589,애오개역 3번,1922,945,977,132,253,291,216,324,706,66,132,166,120,156,305,66,121,125,96,168,401,847,0,847
20232,A,골목상권,3110591,충정로역 6번,2504,1244,1260,173,252,361,348,396,974,85,130,197,187,210,435,88,122,164,161,186,539,1150,0,1150
20232,A,골목상권,3110592,서울금융고등학교,1460,730,730,127,205,220,193,256,459,71,102,115,100,131,211,56,103,105,93,125,248,565,0,565
20232,A,골목상권,3110593,신월3동주민센터,7506,4034,3472,567,754,932,1064,1436,2753,286,367,518,610,850,1403,281,387,414,454,586,1350,3863,0,3863
20232,A,골목상권,3110594,신월중학교,3509,1725,1784,570,426,463,631,549,870,289,227,224,320,257,408,281,199,239,311,292,462,1263,0,1263
20232,A,골목상권,3110595,메디힐병원,6049,2972,3077,602,718,874,909,1044,1902,304,352,438,475,518,885,298,366,436,434,526,1017,2719,0,2719
20232,A,골목상권,3110596,서서울호수공원,3809,1912,1897,462,457,553,597,653,1087,246,235,291,315,306,519,216,222,262,282,347,568,1587,0,1587
20232,A,골목상권,3110597,신월1동주민센터,6370,3302,3068,573,692,862,977,1067,2199,304,359,454,554,545,1086,269,333,408,423,522,1113,3070,0,3070
20232,A,골목상권,3110598,신월문화체육센터,3560,1744,1816,360,397,474,513,591,1225,168,218,258,277,290,533,192,179,216,236,301,692,1385,0,1385
20232,A,골목상권,3110599,신월1파출소,4594,2377,2217,507,530,587,689,808,1473,270,281,316,373,427,710,237,249,271,316,381,763,1946,0,1946
20232,A,골목상권,3110600,신월7동주민센터,5360,2643,2717,407,651,744,736,923,1899,203,332,389,390,468,861,204,319,355,346,455,1038,2225,0,2225
20232,A,골목상권,3110601,신월1동우편취급국,6682,3457,3225,701,725,927,1123,1137,2069,338,383,501,631,576,1028,363,342,426,492,561,1041,3198,0,3198
20232,A,골목상권,3110602,신월시영아파트중문,1603,808,795,107,215,195,210,271,605,51,118,108,116,138,277,56,97,87,94,133,328,632,0,632
20232,A,골목상권,3110603,지향초등학교,349,173,176,73,41,34,41,62,98,39,16,19,21,31,47,34,25,15,20,31,51,133,0,133
20232,A,골목상권,3110604,신월4동주민센터,7161,3539,3622,1192,785,844,1312,1043,1985,598,394,420,667,523,937,594,391,424,645,520,1048,2626,0,2626
20232,A,골목상권,3110605,목동센트럴아이파크앞,1132,555,577,135,142,158,171,177,349,68,75,93,75,84,160,67,67,65,96,93,189,531,0,531
20232,A,골목상권,3110606,신한은행 신월동지점,7141,3474,3667,939,853,903,1159,1137,2150,475,442,443,570,535,1009,464,411,460,589,602,1141,2708,0,2708
20232,A,골목상권,3110607,금빛새마을금고본점,964,500,464,100,109,133,148,145,329,53,68,73,80,78,148,47,41,60,68,67,181,389,0,389
20232,A,골목상권,3110608,신월2동주민센터,9298,4679,4619,1153,1080,1235,1484,1486,2860,587,572,639,774,732,1375,566,508,596,710,754,1485,3561,0,3561
20232,A,골목상권,3110609,신정네거리역 2번,2309,1139,1170,258,272,371,367,363,678,131,138,198,187,166,319,127,134,173,180,197,359,1086,0,1086
20232,A,골목상권,3110610,계남근린공원,3055,1575,1480,234,381,397,442,538,1063,128,210,214,246,272,505,106,171,183,196,266,558,1428,0,1428
20232,A,골목상권,3110611,신정역 1번,4821,2376,2445,546,540,709,873,718,1435,279,276,348,452,340,681,267,264,361,421,378,754,2098,0,2098
20232,A,골목상권,3110612,신정역 5번,8575,4209,4366,888,943,1285,1453,1353,2653,470,475,641,767,635,1221,418,468,644,686,718,1432,4006,0,4006
20232,A,골목상권,3110613,신정네거리역 4번,525,252,273,48,78,50,73,99,177,20,45,26,30,53,78,28,33,24,43,46,99,254,0,254
20232,A,골목상권,3110614,목동로데오거리,2453,1175,1278,306,223,398,420,344,762,136,124,202,212,153,348,170,99,196,208,191,414,1053,0,1053
20232,A,골목상권,3110615,신서초등학교,1139,555,584,175,179,133,170,217,265,97,89,71,78,97,123,78,90,62,92,120,142,385,0,385
20232,A,골목상권,3110616,양목초등학교,977,471,506,145,113,145,209,151,214,71,61,64,116,69,90,74,52,81,93,82,124,361,0,361
20232,A,골목상권,3110617,등촌역 4번,2491,1160,1331,272,255,453,416,360,735,136,137,201,224,155,307,136,118,252,192,205,428,1192,0,1192
20232,A,골목상권,3110618,강서고등학교,6476,3213,3263,733,1030,902,1002,1222,1587,370,605,459,507,561,711,363,425,443,495,661,876,2696,0,2696
20232,A,골목상권,3110619,목4동주민센터,1406,674,732,150,187,221,210,240,398,82,103,109,95,109,176,68,84,112,115,131,222,633,0,633
20232,A,골목상권,3110620,목동보건지소,8846,4409,4437,1187,1466,1115,1339,1730,2009,617,844,557,624,843,924,570,622,558,715,887,1085,3458,0,3458
20232,A,골목상권,3110621,목동역 5번,779,367,412,115,133,96,121,153,161,61,62,42,50,78,74,54,71,54,71,75,87,253,0,253
20232,A,골목상권,3110622,달마을공원,4212,2032,2180,429,476,907,719,607,1074,210,245,428,389,267,493,219,231,479,330,340,581,1886,0,1886
20232,A,골목상권,3110623,갈산공원,202,97,105,46,18,29,39,23,47,26,11,13,16,9,22,20,7,16,23,14,25,64,0,64
20232,A,골목상권,3110624,목동문화체육센터,2611,1278,1333,321,386,372,421,494,617,164,219,186,211,226,272,157,167,186,210,268,345,922,0,922
20232,A,골목상권,3110625,신정2동주민센터,3574,1774,1800,454,633,363,468,814,842,237,340,172,203,412,410,217,293,191,265,402,432,1261,0,1261
20232,A,골목상권,3110626,양화초등학교,6664,3188,3476,720,643,1490,1212,918,1681,374,348,677,620,414,755,346,295,813,592,504,926,3118,0,3118
20232,A,골목상권,3110627,신정롯데캐슬아파트,2534,1263,1271,266,393,325,338,506,706,136,218,172,161,246,330,130,175,153,177,260,376,1036,0,1036
20232,A,골목상권,3110628,신목동역,1474,750,724,174,158,326,250,227,339,99,86,148,137,114,166,75,72,178,113,113,173,706,0,706
20232,A,골목상권,3110629,송정역 4번,955,467,488,55,92,227,150,114,317,27,36,114,83,55,152,28,56,113,67,59,165,529,0,529
20232,A,골목상권,3110630,공항시장역 1번,5954,2910,3044,484,576,1243,857,882,1912,237,264,619,449,451,890,247,312,624,408,431,1022,3565,0,3565
20232,A,골목상권,3110631,방화초등학교,3603,1793,1810,478,404,489,573,608,1051,258,214,227,300,318,476,220,190,262,273,290,575,1654,0,1654
20232,A,골목상권,3110632,방화역 3번,1548,745,803,144,189,246,203,256,510,68,88,128,99,123,239,76,101,118,104,133,271,723,0,723
20232,A,골목상권,3110633,개화산역 1번,395,203,192,35,51,52,50,78,129,14,22,29,28,44,66,21,29,23,22,34,63,228,0,228
20232,A,골목상권,3110634,송정역 3번,8166,4182,3984,926,777,1430,1427,1234,2372,492,370,761,779,648,1132,434,407,669,648,586,1240,4417,0,4417
20232,A,골목상권,3110635,공항시장역 3번,3190,1622,1568,319,350,455,447,482,1137,167,185,242,238,258,532,152,165,213,209,224,605,1395,0,1395
20232,A,골목상권,3110636,방화역 2번,1290,649,641,185,116,208,232,171,378,93,68,94,111,100,183,92,48,114,121,71,195,563,0,563
20232,A,골목상권,3110637,송정역 2번,1930,977,953,176,214,320,281,307,632,86,119,160,155,157,300,90,95,160,126,150,332,1002,0,1002
20232,A,골목상권,3110638,신방화역 2번,5376,2740,2636,637,554,840,913,814,1618,327,297,439,492,419,766,310,257,401,421,395,852,2781,0,2781
20232,A,골목상권,3110639,신방화역 8번,3143,1576,1567,289,379,421,452,507,1095,145,195,214,247,255,520,144,184,207,205,252,575,1435,0,1435
20232,A,골목상권,3110640,방화역 1번,2336,1135,1201,218,200,479,442,360,637,112,85,178,241,211,308,106,115,301,201,149,329,1575,0,1575
20232,A,골목상권,3110641,공항고등학교,1547,785,762,219,159,221,282,241,425,121,80,114,136,121,213,98,79,107,146,120,212,651,0,651
20232,A,골목상권,3110642,정곡초등학교,829,406,423,134,80,116,151,118,230,63,39,62,79,48,115,71,41,54,72,70,115,329,0,329
20232,A,골목상권,3110643,강서구다솔마을,2448,1285,1163,290,206,355,515,396,686,156,107,185,293,209,335,134,99,170,222,187,351,1152,0,1152
20232,A,골목상권,3110644,신광명마을,813,402,411,104,85,102,136,133,253,54,44,52,69,74,109,50,41,50,67,59,144,407,0,407
20232,A,골목상권,3110645,우장산역 4번,7298,3471,3827,1035,1294,801,1135,1426,1607,505,600,394,526,707,739,530,694,407,609,719,868,2826,0,2826
20232,A,골목상권,3110646,푸른들청소년도서관,9126,4439,4687,947,1049,1502,1400,1419,2809,488,529,747,710,665,1300,459,520,755,690,754,1509,3861,0,3861
20232,A,골목상권,3110647,화곡역 5번,9384,4554,4830,1168,877,1617,1869,1341,2512,584,435,777,970,644,1144,584,442,840,899,697,1368,4116,0,4116
20232,A,골목상권,3110648,양천향교역 7번,1356,587,769,9,171,730,302,92,52,5,40,285,177,51,29,4,131,445,125,41,23,3656,0,3656
20232,A,골목상권,3110649,우장산역 1번,3107,1461,1646,521,491,372,535,574,614,244,220,190,234,282,291,277,271,182,301,292,323,1242,0,1242
20232,A,골목상권,3110650,우장산힐스테이트,884,415,469,148,118,94,151,154,219,73,52,43,67,79,101,75,66,51,84,75,118,310,0,310
20232,A,골목상권,3110651,화원중학교,6065,3010,3055,728,674,931,1072,915,1745,370,356,469,565,440,810,358,318,462,507,475,935,2783,0,2783
20232,A,골목상권,3110652,양천향교역 2번,1472,771,701,150,173,294,234,217,404,84,93,153,139,107,195,66,80,141,95,110,209,1193,0,1193
20232,A,골목상권,3110653,화곡역 2번,4682,2237,2445,437,429,852,822,629,1513,241,217,407,424,281,667,196,212,445,398,348,846,1528,0,1528
20232,A,골목상권,3110654,까치산역 4번,12767,6301,6466,1306,1303,2319,2197,1944,3698,665,655,1183,1166,938,1694,641,648,1136,1031,1006,2004,5977,0,5977
20232,A,골목상권,3110655,발산역 5번,1111,542,569,158,139,152,216,178,268,79,66,82,106,84,125,79,73,70,110,94,143,479,0,479
20232,A,골목상권,3110656,까치산역 3번,8787,4484,4303,684,617,2353,1770,1050,2313,307,294,1205,1027,557,1094,377,323,1148,743,493,1219,5966,0,5966
20232,A,골목상권,3110657,양천향교역 5번,962,470,492,73,111,206,184,145,243,41,58,96,99,67,109,32,53,110,85,78,134,1125,0,1125
20232,A,골목상권,3110658,화곡초등학교,3509,1765,1744,285,326,876,715,476,831,151,155,461,390,247,361,134,171,415,325,229,470,1821,0,1821
20232,A,골목상권,3110659,화곡역 4번,21341,10459,10882,3078,2295,3346,4280,3161,5181,1586,1133,1668,2235,1577,2260,1492,1162,1678,2045,1584,2921,8411,0,8411
20232,A,골목상권,3110660,등촌3동주민센터,1635,818,817,136,177,275,196,238,613,68,96,146,107,118,283,68,81,129,89,120,330,968,0,968
20232,A,골목상권,3110661,강서새말어린이공원,1462,716,746,200,160,193,291,238,380,100,81,97,150,113,175,100,79,96,141,125,205,660,0,660
20232,A,골목상권,3110662,까치산역 1번,13489,6575,6914,1612,1334,2120,2590,1941,3892,796,708,1024,1358,938,1751,816,626,1096,1232,1003,2141,5837,0,5837
20232,A,골목상권,3110663,우장산롯데캐슬아파트앞,1571,766,805,182,188,252,276,259,414,97,101,109,141,120,198,85,87,143,135,139,216,642,0,642
20232,A,골목상권,3110664,강서구청옆,672,328,344,122,64,102,147,67,170,68,36,44,80,28,72,54,28,58,67,39,98,240,0,240
20232,A,골목상권,3110665,곰달래도서관,5926,2957,2969,674,500,941,1062,839,1910,352,255,478,552,432,888,322,245,463,510,407,1022,2504,0,2504
20232,A,골목상권,3110666,KC대학교,2040,1034,1006,209,220,311,308,326,666,108,120,159,171,178,298,101,100,152,137,148,368,861,0,861
20232,A,골목상권,3110667,가양역 10번,593,252,341,41,56,103,91,83,219,20,28,38,46,38,82,21,28,65,45,45,137,380,0,380
20232,A,골목상권,3110668,화곡2동주민센터,9692,4732,4960,1393,1007,1410,1926,1484,2472,724,541,695,947,721,1104,669,466,715,979,763,1368,3863,0,3863
20232,A,골목상권,3110669,화곡보람2차아파트,775,378,397,104,83,139,174,112,163,51,48,61,90,53,75,53,35,78,84,59,88,371,0,371
20232,A,골목상권,3110670,신곡초등학교,8201,4004,4197,1204,981,1113,1506,1352,2045,595,500,579,753,652,925,609,481,534,753,700,1120,3183,0,3183
20232,A,골목상권,3110671,등촌1동주민센터,5933,2914,3019,735,571,1340,1102,795,1390,413,287,596,570,392,656,322,284,744,532,403,734,3888,0,3888
20232,A,골목상권,3110672,백석중학교,3285,1674,1611,394,467,497,497,592,838,213,269,272,255,275,390,181,198,225,242,317,448,1424,0,1424
20232,A,골목상권,3110673,뜸부기어린이공원,4489,2216,2273,435,396,765,779,623,1491,209,213,399,414,296,685,226,183,366,365,327,806,2099,0,2099
20232,A,골목상권,3110674,강서구청가양동별관,161,84,77,9,13,15,33,42,49,3,7,9,21,18,26,6,6,6,12,24,23,124,0,124
20232,A,골목상권,3110675,화곡4동주민센터,7877,3873,4004,861,882,1258,1385,1221,2270,447,448,655,732,589,1002,414,434,603,653,632,1268,3535,0,3535
20232,A,골목상권,3110676,등촌역 7번,3643,1728,1915,460,404,731,699,532,817,239,202,319,356,246,366,221,202,412,343,286,451,1562,0,1562
20232,A,골목상권,3110677,등촌역 1번,933,475,458,151,110,129,177,143,223,84,55,68,83,76,109,67,55,61,94,67,114,889,0,889
20232,A,골목상권,3110678,염창무학아파트,965,478,487,138,101,200,146,120,260,75,53,97,79,55,119,63,48,103,67,65,141,610,0,610
20232,A,골목상권,3110679,염창역 2번,774,348,426,61,60,241,160,102,150,26,23,94,85,49,71,35,37,147,75,53,79,667,0,667
20232,A,골목상권,3110680,온수역 5번(온수산업단지),1694,857,837,197,117,248,330,239,563,112,62,118,180,129,256,85,55,130,150,110,307,761,0,761
20232,A,골목상권,3110681,온수역 1번,182,95,87,15,12,36,40,13,66,12,3,18,22,6,34,3,9,18,18,7,32,84,0,84
20232,A,골목상권,3110682,온수역 8번,1003,489,514,126,107,121,168,144,337,62,54,56,82,75,160,64,53,65,86,69,177,433,0,433
20232,A,골목상권,3110683,오류고등학교,1603,800,803,231,222,201,253,258,438,126,119,96,130,131,198,105,103,105,123,127,240,646,0,646
20232,A,골목상권,3110684,서울공연예술고등학교,1392,673,719,158,193,187,213,232,409,76,110,94,103,108,182,82,83,93,110,124,227,602,0,602
20232,A,골목상권,3110685,금강수목원아파트,214,104,110,31,23,23,41,36,60,13,13,11,19,21,27,18,10,12,22,15,33,82,0,82
20232,A,골목상권,3110686,수궁동주민센터,4719,2323,2396,584,541,631,789,766,1408,290,302,312,405,372,642,294,239,319,384,394,766,2114,0,2114
20232,A,골목상권,3110687,"천왕역 3번(오류2동주민센터, 서울오류남초등학교)",631,317,314,77,81,72,122,94,185,39,38,38,69,48,85,38,43,34,53,46,100,244,0,244
20232,A,골목상권,3110688,오류지구대,2559,1261,1298,285,297,366,404,384,823,161,145,180,214,190,371,124,152,186,190,194,452,1254,0,1254
20232,A,골목상권,3110689,오류동역 3번,3159,1565,1594,335,340,450,490,501,1043,159,168,218,263,265,492,176,172,232,227,236,551,1637,0,1637
20232,A,골목상권,3110690,오류2동버들시장,5289,2640,2649,599,481,741,860,824,1784,313,260,348,481,411,827,286,221,393,379,413,957,2555,0,2555
20232,A,골목상권,3110691,개봉중학교,3182,1606,1576,312,393,423,485,534,1035,140,225,224,258,275,484,172,168,199,227,259,551,1362,0,1362
20232,A,골목상권,3110692,큰굴다리,1611,837,774,137,185,206,223,257,603,66,90,106,125,145,305,71,95,100,98,112,298,1025,0,1025
20232,A,골목상권,3110693,오류동역 4번,689,363,326,23,57,283,162,58,106,14,27,136,98,32,56,9,30,147,64,26,50,599,0,599
20232,A,골목상권,3110694,세곡초등학교,7183,3589,3594,671,906,961,988,1334,2323,314,507,470,517,680,1101,357,399,491,471,654,1222,3369,0,3369
20232,A,골목상권,3110695,개봉1동주민센터,5758,2949,2809,437,610,675,771,1004,2261,207,327,360,423,527,1105,230,283,315,348,477,1156,2950,0,2950
20232,A,골목상권,3110696,오류동역 1번,3472,1753,1719,367,352,501,607,554,1091,190,179,247,335,272,530,177,173,254,272,282,561,1590,0,1590
20232,A,골목상권,3110697,개봉3동주민센터,2743,1359,1384,333,329,374,486,452,769,166,158,193,278,212,352,167,171,181,208,240,417,1313,0,1313
20232,A,골목상권,3110698,개웅초등학교(개웅중학교),6663,3271,3392,725,843,893,1051,1127,2024,365,447,468,519,547,925,360,396,425,532,580,1099,2850,0,2850
20232,A,골목상권,3110699,덕의초등학교,1776,892,884,218,205,210,283,318,542,120,101,109,147,162,253,98,104,101,136,156,289,759,0,759
20232,A,골목상권,3110700,고척초등학교,3390,1713,1677,364,414,412,529,557,1114,183,217,222,291,281,519,181,197,190,238,276,595,1605,0,1605
20232,A,골목상권,3110701,고척동성당,1041,506,535,109,107,209,188,125,303,56,49,103,100,54,144,53,58,106,88,71,159,570,0,570
20232,A,골목상권,3110702,개봉초등학교,2019,977,1042,302,185,283,378,284,587,156,97,142,188,124,270,146,88,141,190,160,317,1101,0,1101
20232,A,골목상권,3110703,개봉역,2024,1001,1023,225,184,291,384,283,657,112,89,145,196,148,311,113,95,146,188,135,346,966,0,966
20232,A,골목상권,3110704,고척중학교,109,67,42,0,26,43,13,18,9,0,14,23,11,14,5,0,12,20,2,4,4,87,0,87
20232,A,골목상권,3110705,고산초등학교,551,270,281,78,100,104,105,79,85,45,54,56,52,28,35,33,46,48,53,51,50,287,0,287
20232,A,골목상권,3110706,그라운드 고척,530,295,235,28,49,95,84,81,193,18,25,54,49,49,100,10,24,41,35,32,93,408,0,408
20232,A,골목상권,3110707,구로창업지원센터,2357,1220,1137,196,261,334,320,359,887,88,140,186,173,202,431,108,121,148,147,157,456,1038,0,1038
20232,A,골목상권,3110708,화원어린이공원,1359,690,669,116,100,240,238,207,458,70,48,114,137,115,206,46,52,126,101,92,252,765,0,765
20232,A,골목상권,3110709,구로119안전센터,2908,1482,1426,217,270,371,402,578,1070,98,140,194,240,303,507,119,130,177,162,275,563,1413,0,1413
20232,A,골목상권,3110710,남구로역 3번,6572,3472,3100,419,579,713,850,1211,2800,230,308,383,499,672,1380,189,271,330,351,539,1420,3012,0,3012
20232,A,골목상권,3110711,구로초등학교,4335,2137,2198,379,464,496,571,792,1633,184,234,243,298,434,744,195,230,253,273,358,889,2056,0,2056
20232,A,골목상권,3110712,남구로역 5번,6148,3078,3070,481,695,811,891,1061,2209,252,416,441,464,510,995,229,279,370,427,551,1214,2382,0,2382
20232,A,골목상권,3110713,구로보건소,7582,3801,3781,713,778,1197,1146,1282,2466,342,409,586,620,671,1173,371,369,611,526,611,1293,3672,0,3672
20232,A,골목상권,3110714,구로4동주민센터,4887,2451,2436,465,431,558,725,915,1793,230,228,268,398,502,825,235,203,290,327,413,968,2250,0,2250
20232,A,골목상권,3110715,구로구민회관,1084,560,524,87,123,122,138,202,412,45,70,67,78,102,198,42,53,55,60,100,214,460,0,460
20232,A,골목상권,3110716,구로나눔길,815,414,401,61,83,87,102,156,326,33,38,44,59,91,149,28,45,43,43,65,177,434,0,434
20232,A,골목상권,3110717,남구로역 2번,8335,4343,3992,660,796,971,1249,1549,3110,327,411,512,709,860,1524,333,385,459,540,689,1586,4187,0,4187
20232,A,골목상권,3110718,한국SGI본부,2758,1278,1480,163,279,943,447,346,580,83,103,390,230,172,300,80,176,553,217,174,280,1911,0,1911
20232,A,골목상권,3110719,영서중학교,391,176,215,65,39,48,69,58,112,30,13,28,32,26,47,35,26,20,37,32,65,227,0,227
20232,A,골목상권,3110720,대림역 2번,2822,1404,1418,225,249,352,396,513,1087,110,135,182,212,259,506,115,114,170,184,254,581,1199,0,1199
20232,A,골목상권,3110721,가리봉파출소,2589,1348,1241,195,228,467,414,541,744,98,116,259,230,278,367,97,112,208,184,263,377,1654,0,1654
20232,A,골목상권,3110722,G타워,3967,2182,1785,64,207,2349,800,246,301,38,63,1243,518,162,158,26,144,1106,282,84,143,3378,0,3378
20232,A,골목상권,3110723,가산디지털단지역 1번 출입구,903,466,437,51,76,131,137,164,344,17,40,78,76,88,167,34,36,53,61,76,177,540,0,540
20232,A,골목상권,3110724,금천구립가산도서관,2731,1679,1052,154,190,1009,506,367,505,76,90,651,353,231,278,78,100,358,153,136,227,2068,0,2068
20232,A,골목상권,3110725,가산동주민센터,1069,613,456,13,39,367,184,204,262,4,11,170,108,148,172,9,28,197,76,56,90,1752,0,1752
20232,A,골목상권,3110726,금천철쭉어린이공원(금하마을),2030,1029,1001,187,265,253,304,404,617,89,124,145,175,204,292,98,141,108,129,200,325,884,0,884
20232,A,골목상권,3110727,독산역 1번 출입구,858,463,395,94,48,228,177,107,204,47,25,132,104,46,109,47,23,96,73,61,95,771,0,771
20232,A,골목상권,3110728,두산초등학교,1428,797,631,93,118,584,258,150,225,48,42,327,175,89,116,45,76,257,83,61,109,1123,0,1123
20232,A,골목상권,3110729,가산동우체국,2732,1576,1156,94,227,915,468,399,629,48,81,524,319,266,338,46,146,391,149,133,291,2268,0,2268
20232,A,골목상권,3110730,서울축산농협 독산역지점(독산파출소),2024,1150,874,185,181,452,340,314,552,100,93,268,215,194,280,85,88,184,125,120,272,1728,0,1728
20232,A,골목상권,3110731,금천구청역 1번 출입구,1175,594,581,160,92,240,268,170,245,83,44,115,140,91,121,77,48,125,128,79,124,662,0,662
20232,A,골목상권,3110732,가산초등학교(세일중학교),2396,1296,1100,144,191,699,342,364,656,74,76,367,213,223,343,70,115,332,129,141,313,1961,0,1961
20232,A,골목상권,3110733,금천어울림복지센터,284,144,140,17,30,81,44,35,77,6,16,40,28,14,40,11,14,41,16,21,37,309,0,309
20232,A,골목상권,3110734,금천파출소,208,118,90,14,10,23,28,41,92,8,5,15,16,33,41,6,5,8,12,8,51,210,0,210
20232,A,골목상권,3110736,독산119안전센터,5078,2522,2556,514,540,726,770,927,1601,243,256,383,377,472,791,271,284,343,393,455,810,2240,0,2240
20232,A,골목상권,3110737,금천세무서,2339,1213,1126,174,242,426,328,431,738,83,141,208,179,229,373,91,101,218,149,202,365,1467,0,1467
20232,A,골목상권,3110738,문성초등학교,3587,1805,1782,233,369,384,442,756,1403,119,189,209,219,408,661,114,180,175,223,348,742,2045,0,2045
20232,A,골목상권,3110739,시흥3동 우편취급국,305,157,148,14,48,47,27,61,108,7,27,27,13,31,52,7,21,20,14,30,56,129,0,129
20232,A,골목상권,3110740,금천해태공원,5596,2822,2774,514,613,767,772,985,1945,254,318,413,422,508,907,260,295,354,350,477,1038,2696,0,2696
20232,A,골목상권,3110741,독산2동주민센터,3979,2022,1957,359,478,602,537,789,1214,170,262,327,284,391,588,189,216,275,253,398,626,1857,0,1857
20232,A,골목상권,3110742,KT금천빌딩(금천구시설관리공단),225,111,114,16,26,20,36,49,78,6,16,10,21,22,36,10,10,10,15,27,42,125,0,125
20232,A,골목상권,3110743,시흥초등학교(시흥1동우체국),4739,2391,2348,468,531,640,663,873,1564,250,290,336,351,451,713,218,241,304,312,422,851,2100,0,2100
20232,A,골목상권,3110744,독산동성당,9027,4576,4451,743,1048,1166,1252,1809,3009,363,536,639,666,930,1442,380,512,527,586,879,1567,4148,0,4148
20232,A,골목상권,3110745,독산동정훈단지,3025,1549,1476,247,380,390,383,647,978,125,201,218,202,336,467,122,179,172,181,311,511,1509,0,1509
20232,A,골목상권,3110746,금천금빛공원(은행나무사거리서측),1705,833,872,129,205,220,232,330,589,65,98,108,124,165,273,64,107,112,108,165,316,882,0,882
20232,A,골목상권,3110747,석수역 1번 출입구,1088,544,544,98,100,162,144,149,435,43,57,84,87,66,207,55,43,78,57,83,228,442,0,442
20232,A,골목상권,3110748,백산초등학교,2000,1012,988,176,206,260,316,338,704,92,118,154,144,173,331,84,88,106,172,165,373,978,0,978
20232,A,골목상권,3110749,금산초등학교(금천고등학교),5178,2588,2590,603,548,725,788,788,1726,288,291,380,412,394,823,315,257,345,376,394,903,2009,0,2009
20232,A,골목상권,3110750,시흥4동주민센터(서울신흥초등학교),5109,2598,2511,474,530,608,736,924,1837,241,268,314,413,495,867,233,262,294,323,429,970,2417,0,2417
20232,A,골목상권,3110751,난곡중학교,5859,2920,2939,502,633,844,861,1082,1937,246,336,419,475,542,902,256,297,425,386,540,1035,2857,0,2857
20232,A,골목상권,3110752,한울중학교,6605,3294,3311,685,792,918,924,1205,2081,357,410,472,470,609,976,328,382,446,454,596,1105,2845,0,2845
20232,A,골목상권,3110753,시흥동 은행나무사거리,7155,3629,3526,676,859,897,952,1225,2546,357,440,476,514,635,1207,319,419,421,438,590,1339,3427,0,3427
20232,A,골목상권,3110754,삼성산자연공원(서울금천초등학교),4570,2256,2314,482,533,625,574,824,1532,260,256,345,289,409,697,222,277,280,285,415,835,2625,0,2625
20232,A,골목상권,3110755,동일여자고등학교,1546,786,760,174,207,169,221,306,469,80,106,98,116,163,223,94,101,71,105,143,246,643,0,643
20232,A,골목상권,3110756,문래중학교,2567,1274,1293,411,194,678,703,267,314,217,86,312,380,134,145,194,108,366,323,133,169,1406,0,1406
20232,A,골목상권,3110757,양평역 2번,1494,812,682,57,145,436,271,238,347,28,71,235,169,152,157,29,74,201,102,86,190,1565,0,1565
20232,A,골목상권,3110758,문래소공원,1219,601,618,242,125,196,275,182,199,128,55,90,140,98,90,114,70,106,135,84,109,686,0,686
20232,A,골목상권,3110759,문래예술촌(문래창작촌),1455,814,641,170,70,341,265,183,426,95,32,179,170,120,218,75,38,162,95,63,208,744,0,744
20232,A,골목상권,3110760,선유도역 6번,964,492,472,127,99,221,181,112,224,66,54,114,103,57,98,61,45,107,78,55,126,600,0,600
20232,A,골목상권,3110761,문래동남성맨션,25,16,9,0,0,2,6,0,17,0,0,1,4,0,11,0,0,1,2,0,6,14,0,14
20232,A,골목상권,3110762,선유도역 1번,10608,5340,5268,1338,1012,2473,1896,1447,2442,667,501,1178,1017,777,1200,671,511,1295,879,670,1242,5787,0,5787
20232,A,골목상권,3110763,영등포구청역 2번,1021,514,507,141,77,202,201,125,275,77,32,99,105,66,135,64,45,103,96,59,140,702,0,702
20232,A,골목상권,3110764,문래역 3번,56,33,23,1,4,29,7,6,9,1,2,15,3,5,7,0,2,14,4,1,2,68,0,68
20232,A,골목상권,3110765,문래동사거리,122,66,56,7,6,13,21,13,62,4,3,10,14,9,26,3,3,3,7,4,36,58,0,58
20232,A,골목상권,3110766,대림역 5번,2819,1434,1385,238,241,428,422,500,990,125,128,240,226,258,457,113,113,188,196,242,533,1295,0,1295
20232,A,골목상권,3110767,도림동주민센터,944,505,439,48,56,135,115,194,396,22,32,69,66,116,200,26,24,66,49,78,196,623,0,623
20232,A,골목상권,3110768,도림2동유수지내체육시설,1403,676,727,105,111,525,265,139,258,59,55,218,138,72,134,46,56,307,127,67,124,873,0,873
20232,A,골목상권,3110769,대림차이나타운(대림역 12번),973,464,509,80,84,90,139,180,400,40,49,44,59,86,186,40,35,46,80,94,214,397,0,397
20232,A,골목상권,3110770,영등포구청역 6번,1717,813,904,119,165,362,239,259,573,51,80,165,130,142,245,68,85,197,109,117,328,1223,0,1223
20232,A,골목상권,3110771,대림역 11번,859,428,431,52,62,76,139,183,347,22,35,36,68,100,167,30,27,40,71,83,180,476,0,476
20232,A,골목상권,3110772,신우어린이공원,1357,704,653,138,158,207,207,245,402,76,85,123,92,133,195,62,73,84,115,112,207,568,0,568
20232,A,골목상권,3110773,당산역 13번,139,61,78,6,14,35,34,23,27,3,4,14,13,14,13,3,10,21,21,9,14,111,0,111
20232,A,골목상권,3110774,당산반도유보라팰리스아파트,1173,570,603,82,99,470,216,115,191,50,46,216,114,48,96,32,53,254,102,67,95,935,0,935
20232,A,골목상권,3110775,대동초등학교,925,466,459,75,80,114,119,174,363,47,42,64,58,85,170,28,38,50,61,89,193,402,0,402
20232,A,골목상권,3110776,도신초등학교,3951,2025,1926,377,499,489,532,763,1291,180,287,260,290,393,615,197,212,229,242,370,676,1527,0,1527
20232,A,골목상권,3110777,구로세무서,161,121,40,2,7,6,14,25,107,2,4,2,11,20,82,0,3,4,3,5,25,110,0,110
20232,A,골목상권,3110778,구로디지털단지역 4번,4386,2156,2230,343,409,570,573,769,1722,163,210,299,305,382,797,180,199,271,268,387,925,2361,0,2361
20232,A,골목상권,3110779,대림갑을명가아파트,337,167,170,24,30,27,49,64,143,13,16,12,27,37,62,11,14,15,22,27,81,171,0,171
20232,A,골목상권,3110780,신길대성유니드아파트,3774,1920,1854,407,398,438,592,655,1284,228,209,238,318,342,585,179,189,200,274,313,699,1539,0,1539
20232,A,골목상권,3110781,대림한신아파트,3804,1931,1873,342,465,477,506,684,1330,167,242,278,292,336,616,175,223,199,214,348,714,1609,0,1609
20232,A,골목상권,3110782,영등포시장역 4번,524,283,241,31,44,202,97,52,98,19,19,116,54,29,46,12,25,86,43,23,52,565,0,565
20232,A,골목상권,3110783,영등포시장역 1번,822,451,371,87,63,105,123,141,303,45,28,59,66,84,169,42,35,46,57,57,134,430,0,430
20232,A,골목상권,3110784,신대림초등학교,1161,579,582,98,121,179,173,190,400,42,61,94,96,102,184,56,60,85,77,88,216,558,0,558
20232,A,골목상권,3110785,영등포푸르지오아파트,3762,1908,1854,333,354,486,568,682,1339,172,193,250,309,352,632,161,161,236,259,330,707,1778,0,1778
20232,A,골목상권,3110786,당산역 8번,2123,1085,1038,169,191,582,336,277,568,89,96,305,183,148,264,80,95,277,153,129,304,1368,0,1368
20232,A,골목상권,3110787,신길3동주민센터,3666,1877,1789,276,391,432,497,743,1327,146,211,229,267,398,626,130,180,203,230,345,701,1757,0,1757
20232,A,골목상권,3110788,영등포시장역 3번,29,14,15,0,0,3,6,3,17,0,0,1,4,1,8,0,0,2,2,2,9,170,0,170
20232,A,골목상권,3110789,대림성모병원,1863,931,932,140,175,283,277,319,669,69,93,140,147,172,310,71,82,143,130,147,359,977,0,977
20232,A,골목상권,3110790,대림1동주민센터,3498,1717,1781,257,393,497,461,615,1275,140,210,266,230,295,576,117,183,231,231,320,699,1933,0,1933
20232,A,골목상권,3110791,신풍역 3번,237,125,112,28,18,32,53,28,78,14,13,12,30,15,41,14,5,20,23,13,37,95,0,95
20232,A,골목상권,3110792,영등포역 2번,4329,2212,2117,330,351,736,623,750,1539,173,189,393,342,387,728,157,162,343,281,363,811,2228,0,2228
20232,A,골목상권,3110793,대림썬프라자,9,5,4,0,0,3,0,1,5,0,0,1,0,1,3,0,0,2,0,0,2,1,0,1
20232,A,골목상권,3110794,영동초등학교,2865,1276,1589,144,184,1530,521,203,283,76,79,578,281,115,147,68,105,952,240,88,136,2698,0,2698
20232,A,골목상권,3110795,도림초등학교,1969,978,991,181,196,230,235,356,771,93,110,116,121,180,358,88,86,114,114,176,413,1053,0,1053
20232,A,골목상권,3110796,한림대학교한강성심병원,888,503,385,61,70,279,167,103,208,33,35,142,101,75,117,28,35,137,66,28,91,945,0,945
20232,A,골목상권,3110797,KT대방빌딩,282,143,139,26,21,38,43,42,112,13,12,20,23,23,52,13,9,18,20,19,60,110,0,110
20232,A,골목상권,3110798,신풍역 2번,628,329,299,87,54,94,97,105,191,48,32,52,49,50,98,39,22,42,48,55,93,265,0,265
20232,A,골목상권,3110799,영등포본동주민센터,657,312,345,46,72,107,79,114,239,19,35,59,41,50,108,27,37,48,38,64,131,348,0,348
20232,A,골목상권,3110800,영등포동성당,589,366,223,12,29,264,96,61,127,5,14,175,65,47,60,7,15,89,31,14,67,680,0,680
20232,A,골목상권,3110801,신풍역 6번(신길6동공영주차장),249,128,121,20,19,29,31,40,110,9,11,17,15,24,52,11,8,12,16,16,58,108,0,108
20232,A,골목상권,3110802,신길동홍어거리,1321,639,682,107,145,185,177,240,467,54,80,94,89,119,203,53,65,91,88,121,264,742,0,742
20232,A,골목상권,3110803,신길2동우편취급국,2778,1427,1351,191,250,411,389,419,1118,99,141,224,210,226,527,92,109,187,179,193,591,1531,0,1531
20232,A,골목상권,3110804,신풍역 1번,2096,1012,1084,163,198,362,290,322,761,73,95,203,149,161,331,90,103,159,141,161,430,1383,0,1383
20232,A,골목상권,3110805,신길새마을금고신길4동지점,615,318,297,31,64,98,85,106,231,12,30,55,51,60,110,19,34,43,34,46,121,494,0,494
20232,A,골목상권,3110807,신길역 3번,1313,718,595,35,95,767,229,85,102,20,31,420,141,53,53,15,64,347,88,32,49,1993,0,1993
20232,A,골목상권,3110808,신길역 1번,711,403,308,50,70,173,100,120,198,26,37,116,63,68,93,24,33,57,37,52,105,395,0,395
20232,A,골목상권,3110809,장훈고등학교,781,395,386,55,79,117,104,152,274,26,39,58,55,82,135,29,40,59,49,70,139,379,0,379
20232,A,골목상권,3110810,영신초등학교,3227,1604,1623,233,312,453,414,537,1278,119,168,239,237,266,575,114,144,214,177,271,703,1892,0,1892
20232,A,골목상권,3110811,보라매역 4번,1721,874,847,143,170,378,259,249,522,84,88,190,139,128,245,59,82,188,120,121,277,971,0,971
20232,A,골목상권,3110812,신길6동주민센터,1484,726,758,111,154,355,248,216,400,62,89,148,132,105,190,49,65,207,116,111,210,932,0,932
20232,A,골목상권,3110813,보라매역 6번,2000,1007,993,170,201,295,261,309,764,92,114,152,144,156,349,78,87,143,117,153,415,1397,0,1397
20232,A,골목상권,3110814,서울지방병무청,3842,1926,1916,308,435,738,557,674,1130,171,208,378,318,340,511,137,227,360,239,334,619,1846,0,1846
20232,A,골목상권,3110815,공군호텔,4845,2490,2355,374,451,1078,817,742,1383,198,226,560,454,415,637,176,225,518,363,327,746,3342,0,3342
20232,A,골목상권,3110816,대방역 6번,1934,999,935,149,137,407,359,263,619,77,68,229,204,138,283,72,69,178,155,125,336,1108,0,1108
20232,A,골목상권,3110817,대방역 4번,690,386,304,25,43,271,109,77,165,15,19,157,72,43,80,10,24,114,37,34,85,704,0,704
20232,A,골목상권,3110818,신대방역 3번,811,398,413,58,81,198,143,119,212,20,35,103,78,66,96,38,46,95,65,53,116,551,0,551
20232,A,골목상권,3110819,신대방역 4번,5348,2634,2714,449,596,862,781,920,1740,238,298,444,393,473,788,211,298,418,388,447,952,3065,0,3065
20232,A,골목상권,3110820,성남고등학교,3939,1939,2000,521,582,675,657,706,798,254,320,319,329,355,362,267,262,356,328,351,436,1995,0,1995
20232,A,골목상권,3110821,보라매역 2번,6552,3216,3336,768,722,1103,1219,1011,1729,420,356,537,641,496,766,348,366,566,578,515,963,3036,0,3036
20232,A,골목상권,3110822,신대방삼거리역 4번(대림초등학교),5124,2467,2657,577,706,902,834,858,1247,288,391,420,383,422,563,289,315,482,451,436,684,2442,0,2442
20232,A,골목상권,3110823,신대방삼거리역 3번,3347,1649,1698,317,364,733,558,500,875,181,194,333,291,231,419,136,170,400,267,269,456,2045,0,2045
20232,A,골목상권,3110824,대방역 3번,518,251,267,66,55,140,79,85,93,34,24,66,42,49,36,32,31,74,37,36,57,391,0,391
20232,A,골목상권,3110825,신대방삼거리역 1번,8895,4304,4591,913,877,1863,1596,1202,2444,478,432,879,818,580,1117,435,445,984,778,622,1327,4854,0,4854
20232,A,골목상권,3110826,장승배기역 4번,4270,2092,2178,348,400,1021,723,557,1221,173,204,511,389,264,551,175,196,510,334,293,670,2612,0,2612
20232,A,골목상권,3110827,NH농협은행 상도동지점,2352,1171,1181,199,263,409,381,389,711,100,141,206,202,196,326,99,122,203,179,193,385,1436,0,1436
20232,A,골목상권,3110828,노량진역 6번,7794,3977,3817,514,865,1459,1059,1213,2684,278,439,818,584,622,1236,236,426,641,475,591,1448,4212,0,4212
20232,A,골목상권,3110829,장승배기역 5번,3301,1655,1646,216,334,565,391,563,1232,114,183,289,210,297,562,102,151,276,181,266,670,1658,0,1658
20232,A,골목상권,3110830,상도초등학교,4589,2268,2321,456,417,676,766,710,1564,242,222,346,412,360,686,214,195,330,354,350,878,2109,0,2109
20232,A,골목상권,3110831,상도4동주민센터,2614,1294,1320,335,282,470,447,404,676,178,156,232,228,202,298,157,126,238,219,202,378,1294,0,1294
20232,A,골목상권,3110832,노량진초등학교,3203,1648,1555,209,307,618,428,475,1166,95,156,382,239,258,518,114,151,236,189,217,648,2081,0,2081
20232,A,골목상권,3110833,상도역 2번,2057,1007,1050,212,242,499,350,263,491,118,112,252,181,133,211,94,130,247,169,130,280,1121,0,1121
20232,A,골목상권,3110834,동작구자원봉사센터,1044,560,484,78,108,284,163,138,273,38,52,179,99,79,113,40,56,105,64,59,160,705,0,705
20232,A,골목상권,3110835,상도역 1번,1187,557,630,101,121,321,166,128,350,46,65,151,83,58,154,55,56,170,83,70,196,697,0,697
20232,A,골목상권,3110836,상도역 5번,9006,4589,4417,877,1446,2237,1287,1060,2099,469,710,1308,659,504,939,408,736,929,628,556,1160,5244,0,5244
20232,A,골목상권,3110837,숭실대입구역 1번,4190,2068,2122,348,547,1115,633,472,1075,181,250,590,330,232,485,167,297,525,303,240,590,2434,0,2434
20232,A,골목상권,3110838,상도1동주민센터앞,105,60,45,3,13,28,14,15,32,2,7,18,8,11,14,1,6,10,6,4,18,74,0,74
20232,A,골목상권,3110839,숭실대입구역 4번,1966,1019,947,130,305,594,244,186,507,66,145,364,120,92,232,64,160,230,124,94,275,1183,0,1183
20232,A,골목상권,3110841,중대부중,2378,1172,1206,152,228,387,372,369,870,78,112,212,203,184,383,74,116,175,169,185,487,1081,0,1081
20232,A,골목상권,3110842,흑리단길,564,251,313,50,60,91,72,88,203,23,27,39,33,42,87,27,33,52,39,46,116,287,0,287
20232,A,골목상권,3110843,사당5동주민센터,1751,844,907,192,174,340,316,253,476,110,85,143,166,129,211,82,89,197,150,124,265,966,0,966
20232,A,골목상권,3110844,흑석2치안센터,923,458,465,74,80,140,141,140,348,42,41,80,78,69,148,32,39,60,63,71,200,410,0,410
20232,A,골목상권,3110845,사당종합체육관,1728,845,883,223,191,208,291,276,539,113,101,107,156,137,231,110,90,101,135,139,308,722,0,722
20232,A,골목상권,3110846,남성역 1번,8784,4256,4528,815,864,1586,1558,1270,2691,418,421,779,814,628,1196,397,443,807,744,642,1495,4850,0,4850
20232,A,골목상권,3110847,예술인마을,4390,2167,2223,391,390,913,769,547,1380,216,225,449,393,245,639,175,165,464,376,302,741,2213,0,2213
20232,A,골목상권,3110848,양지어린이공원,4937,2356,2581,497,448,1022,923,673,1374,250,227,472,474,327,606,247,221,550,449,346,768,2701,0,2701
20232,A,골목상권,3110849,이수역 10번,3953,1945,2008,312,355,755,649,612,1270,159,184,389,320,313,580,153,171,366,329,299,690,1849,0,1849
20232,A,골목상권,3110850,사당역 10번,8052,3855,4197,567,657,2250,1377,934,2267,317,324,1046,707,446,1015,250,333,1204,670,488,1252,5113,0,5113
20232,A,골목상권,3110851,경문고등학교(동작동성당),3500,1719,1781,296,339,584,540,525,1216,145,200,295,285,248,546,151,139,289,255,277,670,1778,0,1778
20232,A,골목상권,3110852,이수역 9번,1866,887,979,123,139,402,319,268,615,68,74,160,181,135,269,55,65,242,138,133,346,1198,0,1198
20232,A,골목상권,3110853,KT구로지사,2045,1088,957,152,121,623,369,266,514,81,53,338,222,147,247,71,68,285,147,119,267,1645,0,1645
20232,A,골목상권,3110854,조원동주민센터,2214,1144,1070,212,217,390,417,326,652,110,101,220,233,167,313,102,116,170,184,159,339,1233,0,1233
20232,A,골목상권,3110855,신대방역 2번,4326,2140,2186,328,397,1214,790,564,1033,165,168,594,410,300,503,163,229,620,380,264,530,3109,0,3109
20232,A,골목상권,3110856,미성초등학교,3964,1960,2004,390,379,751,631,606,1207,196,174,395,355,299,541,194,205,356,276,307,666,2252,0,2252
20232,A,골목상권,3110857,미성동주민센터,5001,2552,2449,518,567,697,781,833,1605,286,303,376,416,426,745,232,264,321,365,407,860,2338,0,2338
20232,A,골목상권,3110858,신대방역 1번,803,395,408,57,70,227,129,108,212,32,30,106,58,64,105,25,40,121,71,44,107,586,0,586
20232,A,골목상권,3110859,난향초등학교,3305,1704,1601,318,367,406,495,531,1188,151,201,219,277,305,551,167,166,187,218,226,637,1407,0,1407
20232,A,골목상권,3110860,호림박물관(성보고등학교),2239,1110,1129,119,313,608,365,326,508,59,132,317,204,151,247,60,181,291,161,175,261,1478,0,1478
20232,A,골목상권,3110861,관악구신사동주민센터,7384,3718,3666,629,835,1600,1213,1263,1844,330,427,833,645,614,869,299,408,767,568,649,975,4152,0,4152
20232,A,골목상권,3110862,난곡초등학교(난곡동벽화마을),2392,1185,1207,215,259,394,357,388,779,97,125,215,181,196,371,118,134,179,176,192,408,1181,0,1181
20232,A,골목상권,3110863,난우초등학교,4371,2206,2165,497,540,583,664,742,1345,249,293,306,355,367,636,248,247,277,309,375,709,1873,0,1873
20232,A,골목상권,3110864,신림우방아파트,5109,2576,2533,492,562,1020,850,770,1415,257,282,549,425,387,676,235,280,471,425,383,739,3022,0,3022
20232,A,골목상권,3110865,남강고등학교(남강중학교),9533,4766,4767,1018,1168,1336,1392,1715,2904,532,600,720,750,833,1331,486,568,616,642,882,1573,4205,0,4205
20232,A,골목상권,3110866,난우중학교,5150,2631,2519,508,563,686,786,807,1800,272,283,385,435,416,840,236,280,301,351,391,960,2473,0,2473
20232,A,골목상권,3110867,국제신학대학원대학교(남서울중학교),3398,1712,1686,232,300,870,560,431,1005,114,146,460,315,205,472,118,154,410,245,226,533,2280,0,2280
20232,A,골목상권,3110868,남부초등학교,3111,1602,1509,261,319,668,499,461,903,140,170,369,275,229,419,121,149,299,224,232,484,1864,0,1864
20232,A,골목상권,3110869,"신림역 5번(신림동주민센터, 신림동별빛거리)",10494,5254,5240,479,953,4207,1949,1014,1892,257,387,2137,1099,525,849,222,566,2070,850,489,1043,8805,0,8805
20232,A,골목상권,3110870,신림주공2단지(광신고등학교),2327,1168,1159,181,227,256,348,400,915,98,117,143,192,201,417,83,110,113,156,199,498,934,0,934
20232,A,골목상권,3110871,신원동주민센터,1957,971,986,130,183,457,301,267,619,64,94,250,165,126,272,66,89,207,136,141,347,1512,0,1512
20232,A,골목상권,3110872,신림초등학교,2895,1430,1465,286,328,565,518,409,789,149,171,306,260,211,333,137,157,259,258,198,456,1495,0,1495
20232,A,골목상권,3110873,당곡중학교,4993,2495,2498,475,547,857,815,799,1500,251,293,443,416,404,688,224,254,414,399,395,812,2473,0,2473
20232,A,골목상권,3110874,원신초등학교(구세군관악영문교회),3303,1679,1624,179,262,376,417,536,1533,89,123,227,244,321,675,90,139,149,173,215,858,1765,0,1765
20232,A,골목상권,3110875,보라매동주민센터(당곡고등학교),3019,1512,1507,288,289,573,537,456,876,138,150,319,284,215,406,150,139,254,253,241,470,1751,0,1751
20232,A,골목상권,3110876,서원동주민센터(신관중학교),2916,1485,1431,155,245,1036,542,302,636,79,116,561,298,152,279,76,129,475,244,150,357,1925,0,1925
20232,A,골목상권,3110877,신림역 8번,3188,1649,1539,101,308,1354,539,285,601,55,109,709,321,171,284,46,199,645,218,114,317,2898,0,2898
20232,A,골목상권,3110878,미림여고,1998,1022,976,204,215,314,301,340,624,110,117,163,167,174,291,94,98,151,134,166,333,790,0,790
20232,A,골목상권,3110879,신림현대아파트,1784,959,825,108,157,297,251,309,662,68,77,163,162,177,312,40,80,134,89,132,350,1092,0,1092
20232,A,골목상권,3110880,신림역 1번,1419,703,716,90,132,437,256,160,344,50,56,240,131,70,156,40,76,197,125,90,188,959,0,959
20232,A,골목상권,3110881,구립대학경로당(관악산샘말공원),9588,6116,3472,437,1037,3103,1809,1328,1874,241,531,2148,1299,956,941,196,506,955,510,372,933,7777,0,7777
20232,A,골목상권,3110882,신성초등학교,5168,2995,2173,329,529,1493,952,716,1149,173,271,948,616,429,558,156,258,545,336,287,591,3577,0,3577
20232,A,골목상권,3110883,은천초등학교(은천교앞),4525,2275,2250,403,384,882,789,633,1434,205,197,463,448,336,626,198,187,419,341,297,808,2668,0,2668
20232,A,골목상권,3110884,봉천역 4번(봉천110안전센터),1189,576,613,83,112,327,169,149,349,42,52,145,97,73,167,41,60,182,72,76,182,827,0,827
20232,A,골목상권,3110885,영락고등학교,6068,3189,2879,492,634,1516,1034,796,1596,256,326,850,594,425,738,236,308,666,440,371,858,4361,0,4361
20232,A,골목상권,3110886,관악해태어린이공원,3250,2111,1139,117,402,1415,552,301,463,73,208,986,409,206,229,44,194,429,143,95,234,2813,0,2813
20232,A,골목상권,3110887,서울산업정보학교(서울삼성초등학교),1703,1054,649,98,199,648,270,166,322,51,117,467,178,97,144,47,82,181,92,69,178,1392,0,1392
20232,A,골목상권,3110888,청룡동주민센터,1357,708,649,72,100,225,212,235,513,46,44,109,106,146,257,26,56,116,106,89,256,1027,0,1027
20232,A,골목상권,3110889,봉천역 6번,2316,1164,1152,203,205,576,396,282,654,112,108,292,204,143,305,91,97,284,192,139,349,1347,0,1347
20232,A,골목상권,3110890,봉천역 1번(관악초등학교),3044,1466,1578,165,317,1102,490,333,637,80,150,518,267,162,289,85,167,584,223,171,348,2373,0,2373
20232,A,골목상권,3110891,구암초등학교,983,489,494,95,118,121,143,168,338,43,58,73,71,97,147,52,60,48,72,71,191,336,0,336
20232,A,골목상권,3110892,관악구 중앙길,11827,5825,6002,881,1159,2939,1791,1603,3454,459,540,1484,970,820,1552,422,619,1455,821,783,1902,7180,0,7180
20232,A,골목상권,3110893,관악소방서(문영여고),292,145,147,17,50,96,45,36,48,8,19,51,23,20,24,9,31,45,22,16,24,164,0,164
20232,A,골목상권,3110894,관악동부센트레빌아파트(은천로35라길),1703,832,871,217,168,270,334,242,472,113,86,137,163,115,218,104,82,133,171,127,254,820,0,820
20232,A,골목상권,3110895,샤로수길,9132,4648,4484,684,1011,2923,1389,1045,2080,365,461,1568,761,543,950,319,550,1355,628,502,1130,5577,0,5577
20232,A,골목상권,3110896,관악우성아파트,222,115,107,23,25,31,36,33,74,13,14,19,18,18,33,10,11,12,18,15,41,152,0,152
20232,A,골목상권,3110897,서울대입구역 8번,5445,2717,2728,368,494,1410,800,701,1672,177,245,720,436,369,770,191,249,690,364,332,902,3553,0,3553
20232,A,골목상권,3110898,청림동주민센터(상도중학교),2605,1303,1302,325,283,326,391,424,856,159,145,199,204,219,377,166,138,127,187,205,479,992,0,992
20232,A,골목상권,3110899,낙성대역 5번(관악중학교),3172,1513,1659,155,232,1282,598,281,624,80,90,607,322,144,270,75,142,675,276,137,354,2234,0,2234
20232,A,골목상권,3110900,낙성대역 1번(관악구민 종합체육센터),6613,3335,3278,512,611,2338,1116,733,1303,246,307,1184,628,384,586,266,304,1154,488,349,717,3992,0,3992
20232,A,골목상권,3110901,인헌고등학교(인헌중학교),5321,2566,2755,524,567,1001,932,828,1469,275,290,489,449,398,665,249,277,512,483,430,804,2485,0,2485
20232,A,골목상권,3110902,사당역 4번,9327,4431,4896,794,814,2483,1568,1105,2563,400,359,1186,812,506,1168,394,455,1297,756,599,1395,5442,0,5442
20232,A,골목상권,3110903,방배아이파크아파트,4273,1955,2318,466,667,602,638,886,1014,238,266,283,287,412,469,228,401,319,351,474,545,1661,0,1661
20232,A,골목상권,3110904,이수역 5번,902,421,481,93,106,162,138,129,274,46,46,68,64,62,135,47,60,94,74,67,139,486,0,486
20232,A,골목상권,3110905,방배노인종합복지관(이수중학교),4142,1966,2176,504,518,696,668,661,1095,250,261,335,328,306,486,254,257,361,340,355,609,1635,0,1635
20232,A,골목상권,3110906,서문여고,1209,535,674,156,191,171,198,226,267,67,70,84,84,109,121,89,121,87,114,117,146,501,0,501
20232,A,골목상권,3110907,방배초등학교,3382,1521,1861,493,474,477,585,600,753,234,182,204,277,277,347,259,292,273,308,323,406,1441,0,1441
20232,A,골목상권,3110908,구반포역,85,47,38,12,17,3,8,27,18,7,9,3,3,14,11,5,8,0,5,13,7,81,0,81
20232,A,골목상권,3110909,남태령역(서울전자고등학교),769,380,389,60,98,115,101,111,284,31,45,68,53,51,132,29,53,47,48,60,152,362,0,362
20232,A,골목상권,3110910,내방역 5번,2373,1061,1312,306,221,494,512,357,483,142,93,199,236,174,217,164,128,295,276,183,266,1168,0,1168
20232,A,골목상권,3110911,방배배수지체육공원,29,14,15,2,5,8,2,3,9,1,2,4,1,1,5,1,3,4,1,2,4,72,0,72
20232,A,골목상권,3110912,방배동사이길,359,163,196,59,30,54,69,60,87,30,13,21,36,27,36,29,17,33,33,33,51,146,0,146
20232,A,골목상권,3110913,방현초등학교(방배119안전센터),4942,2345,2597,410,663,828,764,800,1477,200,326,417,377,364,661,210,337,411,387,436,816,1749,0,1749
20232,A,골목상권,3110914,내방역 6번,234,121,113,19,35,48,36,40,56,11,19,25,18,21,27,8,16,23,18,19,29,150,0,150
20232,A,골목상권,3110915,서래초등학교,1494,687,807,266,176,200,234,244,374,122,92,82,100,112,179,144,84,118,134,132,195,542,0,542
20232,A,골목상권,3110916,내방역 4번,3749,1760,1989,433,402,729,747,532,906,223,215,302,377,233,410,210,187,427,370,299,496,1829,0,1829
20232,A,골목상권,3110917,서초소방서,851,406,445,128,95,135,137,154,202,69,49,57,59,73,99,59,46,78,78,81,103,370,0,370
20232,A,골목상권,3110918,방배역 3번,2876,1347,1529,289,387,485,516,449,750,149,222,207,236,193,340,140,165,278,280,256,410,1298,0,1298
20232,A,골목상권,3110919,내방역 8번,2558,1237,1321,326,346,358,379,467,682,175,191,156,165,219,331,151,155,202,214,248,351,1195,0,1195
20232,A,골목상권,3110920,방배역 2번(백석예술대학교),152,75,77,20,22,32,21,25,32,11,12,13,11,11,17,9,10,19,10,14,15,53,0,53
20232,A,골목상권,3110921,서울프랑스학교,1174,537,637,177,124,176,205,179,313,86,64,86,73,82,146,91,60,90,132,97,167,443,0,443
20232,A,골목상권,3110922,내방역 1번,2568,1261,1307,298,260,535,482,380,613,168,146,250,239,177,281,130,114,285,243,203,332,1261,0,1261
20232,A,골목상권,3110923,방배역 1번,492,228,264,46,66,81,74,76,149,22,30,39,36,35,66,24,36,42,38,41,83,189,0,189
20232,A,골목상권,3110924,반포4동주민센터(몽마르뜨공원),2203,1012,1191,290,232,342,389,348,602,151,113,143,177,160,268,139,119,199,212,188,334,1118,0,1118
20232,A,골목상권,3110925,서초중학교,3146,1528,1618,329,449,499,504,588,777,166,265,225,246,275,351,163,184,274,258,313,426,1263,0,1263
20232,A,골목상권,3110926,신중초등학교,3535,1702,1833,424,509,545,508,636,913,218,298,246,238,291,411,206,211,299,270,345,502,1596,0,1596
20232,A,골목상권,3110927,잠원역,121,46,75,13,7,17,19,15,50,5,3,6,6,5,21,8,4,11,13,10,29,152,0,152
20232,A,골목상권,3110928,서초우방유쉘아파트,452,230,222,39,37,109,69,51,147,19,18,58,38,26,71,20,19,51,31,25,76,234,0,234
20232,A,골목상권,3110929,남부터미널역 1번,4523,2273,2250,642,522,700,814,692,1153,328,288,353,429,337,538,314,234,347,385,355,615,1776,0,1776
20232,A,골목상권,3110930,서초동성당,1776,875,901,264,219,277,291,289,436,136,124,131,137,149,198,128,95,146,154,140,238,825,0,825
20232,A,골목상권,3110931,삼성전자서울R&D(서울우면초등학교),147,69,78,15,14,16,22,17,63,8,7,9,10,9,26,7,7,7,12,8,37,66,0,66
20232,A,골목상권,3110932,서울시인재개발원,654,310,344,106,68,108,148,97,127,49,33,57,74,45,52,57,35,51,74,52,75,281,0,281
20232,A,골목상권,3110933,한국상담대학원대학교,481,247,234,97,50,63,84,87,100,57,28,28,39,46,49,40,22,35,45,41,51,163,0,163
20232,A,골목상권,3110934,우면주공아파트,3084,1509,1575,332,315,513,558,381,985,176,169,277,290,186,411,156,146,236,268,195,574,1300,0,1300
20232,A,골목상권,3110935,한전아트센터,1161,588,573,172,138,174,202,195,280,91,86,86,106,88,131,81,52,88,96,107,149,461,0,461
20232,A,골목상권,3110936,더케이호텔(양재리본타워2단지아파트),892,448,444,97,71,174,182,122,246,50,45,85,93,60,115,47,26,89,89,62,131,425,0,425
20232,A,골목상권,3110937,방아다리근린공원(횃불트리니티신학대학원대학교),326,163,163,30,24,46,31,33,162,17,11,20,15,19,81,13,13,26,16,14,81,191,0,191
20232,A,골목상권,3110938,바우뫼공원,690,335,355,77,60,135,125,97,196,45,29,58,65,46,92,32,31,77,60,51,104,385,0,385
20232,A,골목상권,3110939,양재역 8번(양재동우체국),6221,2973,3248,649,489,1378,1214,805,1686,337,241,668,601,370,756,312,248,710,613,435,930,3102,0,3102
20232,A,골목상권,3110940,양재근린공원(양재2동주민센터),1204,591,613,154,116,253,245,182,254,72,54,131,125,95,114,82,62,122,120,87,140,531,0,531
20232,A,골목상권,3110941,언남고등학교,973,496,477,100,96,191,188,145,253,51,54,95,103,72,121,49,42,96,85,73,132,425,0,425
20232,A,골목상권,3110942,염곡동 구룡사(포이동성당),8851,4329,4522,1078,884,1807,1696,1366,2020,539,449,903,858,682,898,539,435,904,838,684,1122,3987,0,3987
20232,A,골목상권,3110943,법제교육센터(버들어린이공원),1664,864,800,187,161,355,351,263,347,94,97,187,193,132,161,93,64,168,158,131,186,756,0,756
20232,A,골목상권,3110944,서울나래학교(염곡어린이공원),538,265,273,54,45,90,66,65,218,26,17,56,34,28,104,28,28,34,32,37,114,318,0,318
20232,A,골목상권,3110945,본마을노인복지센터(서초구립내곡도서관),372,191,181,22,35,51,42,65,157,8,17,28,22,33,83,14,18,23,20,32,74,146,0,146
20232,A,골목상권,3110947,청계산입구역 2번(내곡동주민센터),336,183,153,34,17,33,51,40,161,22,14,16,30,23,78,12,3,17,21,17,83,181,0,181
20232,A,골목상권,3110948,헌인가구단지,159,85,74,7,4,19,17,20,92,5,1,10,8,13,48,2,3,9,9,7,44,54,0,54
20232,A,골목상권,3110949,한남IC,613,281,332,68,69,133,123,103,117,33,37,54,54,47,56,35,32,79,69,56,61,281,0,281
20232,A,골목상권,3110950,논현역 7번,822,383,439,90,72,124,163,116,257,46,30,57,77,46,127,44,42,67,86,70,130,338,0,338
20232,A,골목상권,3110951,신사은행나무공원,1055,466,589,104,92,282,209,137,231,56,41,112,93,66,98,48,51,170,116,71,133,557,0,557
20232,A,골목상권,3110952,논현목련공원,925,408,517,56,75,283,218,101,192,35,34,118,96,43,82,21,41,165,122,58,110,571,0,571
20232,A,골목상권,3110953,학동근린공원,912,403,509,98,83,175,166,120,270,46,41,76,64,53,123,52,42,99,102,67,147,442,0,442
20232,A,골목상권,3110954,국기원,483,242,241,25,28,163,115,52,100,9,22,75,58,25,53,16,6,88,57,27,47,303,0,303
20232,A,골목상권,3110955,논현초등학교,7070,3285,3785,474,548,2063,1677,849,1459,233,271,913,796,427,645,241,277,1150,881,422,814,4495,0,4495
20232,A,골목상권,3110956,언주역 8번,573,267,306,57,36,133,132,65,150,19,15,69,58,36,70,38,21,64,74,29,80,384,0,384
20232,A,골목상권,3110957,언북중학교,1907,855,1052,158,149,452,462,267,419,81,67,183,216,131,177,77,82,269,246,136,242,1088,0,1088
20232,A,골목상권,3110958,역삼역 4번,825,427,398,59,48,245,195,98,180,28,24,119,103,62,91,31,24,126,92,36,89,512,0,512
20232,A,골목상권,3110959,신구중학교,361,165,196,58,42,44,74,57,86,33,18,14,42,25,33,25,24,30,32,32,53,170,0,170
20232,A,골목상권,3110960,은광여고,678,340,338,62,51,219,141,80,125,28,24,102,82,45,59,34,27,117,59,35,66,476,0,476
20232,A,골목상권,3110961,언주역 3번,2098,956,1142,171,143,578,493,258,455,87,67,243,223,127,209,84,76,335,270,131,246,1314,0,1314
20232,A,골목상권,3110962,도산공원북측,28,11,17,3,4,8,6,3,4,3,0,4,1,1,2,0,4,4,5,2,2,16,0,16
20232,A,골목상권,3110963,역삼월드메르디앙아파트,1866,877,989,194,168,412,405,253,434,110,90,167,198,123,189,84,78,245,207,130,245,873,0,873
20232,A,골목상권,3110964,싸리고개근린공원,959,443,516,130,109,110,149,144,317,49,53,45,67,73,156,81,56,65,82,71,161,370,0,370
20232,A,골목상권,3110965,언주역 6번,2376,1026,1350,177,149,733,632,290,395,82,60,288,262,150,184,95,89,445,370,140,211,1500,0,1500
20232,A,골목상권,3110966,논현2동주민센터,2647,1183,1464,241,269,590,537,347,663,122,124,234,255,158,290,119,145,356,282,189,373,1558,0,1558
20232,A,골목상권,3110967,역삼역 8번,1326,598,728,99,81,383,354,164,245,50,32,163,160,80,113,49,49,220,194,84,132,864,0,864
20232,A,골목상권,3110968,강남구청역 2번,567,262,305,43,51,124,142,85,122,19,24,59,66,38,56,24,27,65,76,47,66,314,0,314
20232,A,골목상권,3110969,베르사이유1아파트,1391,679,712,107,117,343,349,213,262,48,57,159,175,116,124,59,60,184,174,97,138,754,0,754
20232,A,골목상권,3110970,학동초등학교,852,389,463,86,97,184,172,123,190,42,57,74,69,61,86,44,40,110,103,62,104,540,0,540
20232,A,골목상권,3110971,선정릉역 4번,3781,1684,2097,213,291,1103,971,501,702,99,131,468,443,244,299,114,160,635,528,257,403,2549,0,2549
20232,A,골목상권,3110972,강남세브란스병원미래의학연구센터,2073,957,1116,212,193,460,429,288,491,107,88,194,196,149,223,105,105,266,233,139,268,1003,0,1003
20232,A,골목상권,3110973,강남구청역 4번,2417,1124,1293,397,299,338,475,391,517,210,153,132,205,194,230,187,146,206,270,197,287,952,0,952
20232,A,골목상권,3110974,언주중학교,1418,653,765,130,182,303,313,238,252,68,93,121,137,116,118,62,89,182,176,122,134,765,0,765
20232,A,골목상권,3110975,매봉역 1번,929,435,494,100,113,157,116,136,307,54,57,69,51,63,141,46,56,88,65,73,166,353,0,353
20232,A,골목상권,3110976,언북초등학교,2077,957,1120,216,237,440,383,334,467,107,117,192,189,156,196,109,120,248,194,178,271,1080,0,1080
20232,A,골목상권,3110977,논현로18길,728,354,374,62,99,138,95,147,187,32,42,70,52,69,89,30,57,68,43,78,98,340,0,340
20232,A,골목상권,3110978,도곡2동주민센터(대치중학교),282,125,157,6,17,32,41,55,131,3,9,13,16,25,59,3,8,19,25,30,72,255,0,255
20232,A,골목상권,3110979,청담초등학교,1114,532,582,189,151,118,143,201,312,97,82,50,58,91,154,92,69,68,85,110,158,397,0,397
20232,A,골목상권,3110980,개포지구대옆,2531,1233,1298,336,322,362,478,434,599,185,159,176,225,205,283,151,163,186,253,229,316,1125,0,1125
20232,A,골목상권,3110981,국악고교사거리,2055,1003,1052,245,307,318,346,425,414,124,162,150,177,195,195,121,145,168,169,230,219,907,0,907
20232,A,골목상권,3110982,강남구보훈회관,841,377,464,100,104,160,165,132,180,46,58,66,67,60,80,54,46,94,98,72,100,406,0,406
20232,A,골목상권,3110983,국립국악고등학교,2786,1348,1438,324,391,328,500,565,678,165,191,152,240,284,316,159,200,176,260,281,362,1231,0,1231
20232,A,골목상권,3110984,포이초등학교(개포목련어린이공원),4410,2215,2195,571,564,730,786,779,980,300,306,367,413,376,453,271,258,363,373,403,527,1912,0,1912
20232,A,골목상권,3110985,청담근린공원,1031,497,534,92,125,187,174,180,273,50,67,95,87,83,115,42,58,92,87,97,158,480,0,480
20232,A,골목상권,3110986,삼성중앙역 7번,734,338,396,76,68,151,195,103,141,40,35,70,84,47,62,36,33,81,111,56,79,396,0,396
20232,A,골목상권,3110987,영동대교남단,505,242,263,60,72,80,69,80,144,30,37,35,33,35,72,30,35,45,36,45,72,199,0,199
20232,A,골목상권,3110988,청담역 3번,1347,673,674,149,184,175,188,215,436,83,117,89,82,100,202,66,67,86,106,115,234,474,0,474
20232,A,골목상권,3110989,대치동아우편취급국,1499,686,813,120,198,348,339,244,250,56,94,151,150,118,117,64,104,197,189,126,133,904,0,904
20232,A,골목상권,3110990,청담역 12번,157,77,80,13,20,36,19,25,44,7,10,20,10,10,20,6,10,16,9,15,24,77,0,77
20232,A,골목상권,3110991,삼성중앙역 5번,341,165,176,33,31,60,55,52,110,20,20,26,26,23,50,13,11,34,29,29,60,154,0,154
20232,A,골목상권,3110992,도곡초등학교,8225,3886,4339,735,1542,1256,1332,1835,1525,395,827,587,560,824,693,340,715,669,772,1011,832,3681,0,3681
20232,A,골목상권,3110993,개포지하차도 북측,236,107,129,28,25,45,44,31,63,17,15,19,14,13,29,11,10,26,30,18,34,119,0,119
20232,A,골목상권,3110994,개포고등학교,1848,928,920,196,238,262,270,293,589,108,134,144,131,129,282,88,104,118,139,164,307,797,0,797
20232,A,골목상권,3110995,봉은사역 4번,2831,1382,1449,360,414,421,431,500,705,170,244,209,199,225,335,190,170,212,232,275,370,1097,0,1097
20232,A,골목상권,3110996,대치2동주민센터,1387,701,686,105,248,123,165,335,411,65,155,60,76,159,186,40,93,63,89,176,225,664,0,664
20232,A,골목상권,3110997,대청초등학교,7646,3808,3838,839,1015,1452,1066,1294,1980,458,593,665,526,625,941,381,422,787,540,669,1039,3441,0,3441
20232,A,골목상권,3110998,은곡마을(은곡마을공원),225,106,119,50,15,35,49,32,44,19,12,17,23,16,19,31,3,18,26,16,25,312,0,312
20232,A,골목상권,3110999,윗방죽마을공원,2348,1105,1243,166,149,796,523,277,437,78,75,321,280,152,199,88,74,475,243,125,238,2418,0,2418
20232,A,골목상권,3111000,대왕초등학교(세곡동사거리서남측),416,199,217,52,41,52,54,55,162,23,22,29,26,27,72,29,19,23,28,28,90,196,0,196
20232,A,골목상권,3111001,아래방죽마을공원(율현초등학교),814,387,427,175,58,108,186,82,205,83,29,58,93,34,90,92,29,50,93,48,115,777,0,777
20232,A,골목상권,3111003,삼전역 4번,11562,5503,6059,1301,1345,2239,2351,1741,2585,665,647,1034,1156,821,1180,636,698,1205,1195,920,1405,5373,0,5373
20232,A,골목상권,3111004,삼전역 1번,10291,4856,5435,911,1051,2265,1996,1569,2499,498,534,1025,958,734,1107,413,517,1240,1038,835,1392,5691,0,5691
20232,A,골목상권,3111005,삼전역 3번,9342,4577,4765,1092,1027,1801,1801,1436,2185,555,549,867,920,685,1001,537,478,934,881,751,1184,4280,0,4280
20232,A,골목상권,3111006,석촌고분역 1번,9335,4356,4979,980,917,1856,1980,1367,2235,503,466,823,956,635,973,477,451,1033,1024,732,1262,4597,0,4597
20232,A,골목상권,3111007,석촌고분역 4번,8691,4241,4450,1080,918,1633,1795,1295,1970,551,527,778,902,612,871,529,391,855,893,683,1099,4119,0,4119
20232,A,골목상권,3111008,석촌고분역 3번,5167,2549,2618,588,532,942,924,814,1367,291,290,470,478,391,629,297,242,472,446,423,738,2338,0,2338
20232,A,골목상권,3111009,송파책박물관,1250,643,607,113,159,202,206,204,366,65,89,104,116,103,166,48,70,98,90,101,200,523,0,523
20232,A,골목상권,3111010,석촌역 7번,9772,4595,5177,1076,797,2267,2070,1253,2309,567,396,994,1017,598,1023,509,401,1273,1053,655,1286,4884,0,4884
20232,A,골목상권,3111011,잠실나루역,328,167,161,64,42,32,64,48,78,35,27,13,29,24,39,29,15,19,35,24,39,102,0,102
20232,A,골목상권,3111012,석촌역 6번,6850,3364,3486,776,674,1190,1250,1118,1842,386,354,577,632,566,849,390,320,613,618,552,993,3287,0,3287
20232,A,골목상권,3111013,송파나루역 1번(송리단길),9152,4325,4827,990,818,2039,1845,1202,2258,483,404,913,902,576,1047,507,414,1126,943,626,1211,4484,0,4484
20232,A,골목상권,3111014,송파나루역 2번,3551,1717,1834,334,304,753,681,486,993,165,174,349,364,228,437,169,130,404,317,258,556,1683,0,1683
20232,A,골목상권,3111015,석촌역 3번,10674,5103,5571,1097,1151,2217,1943,1623,2643,540,559,1032,979,758,1235,557,592,1185,964,865,1408,5279,0,5279
20232,A,골목상권,3111016,송파역 2번,3633,1735,1898,403,527,548,500,620,1035,194,253,274,258,300,456,209,274,274,242,320,579,1498,0,1498
20232,A,골목상권,3111017,송파나루역 3번,1086,527,559,110,122,189,191,181,293,52,62,96,96,80,141,58,60,93,95,101,152,504,0,504
20232,A,골목상권,3111018,풍납초등학교(풍납백제문화공원),952,508,444,125,112,114,171,145,285,66,68,69,97,79,129,59,44,45,74,66,156,331,0,331
20232,A,골목상권,3111019,한성백제역 3번,8922,4344,4578,1086,1012,1552,1566,1344,2362,602,529,753,758,612,1090,484,483,799,808,732,1272,3835,0,3835
20232,A,골목상권,3111020,방이동고분군(방산고등학교),656,334,322,69,116,106,85,125,155,43,63,58,40,52,78,26,53,48,45,73,77,276,0,276
20232,A,골목상권,3111021,방이역 4번,9517,4621,4896,1201,1321,1347,1567,1694,2387,589,679,662,751,821,1119,612,642,685,816,873,1268,4179,0,4179
20232,A,골목상권,3111022,석촌중학교(방이육교),2863,1447,1416,303,409,480,425,488,758,168,238,239,220,212,370,135,171,241,205,276,388,1218,0,1218
20232,A,골목상권,3111023,문정역 1번,2201,1101,1100,196,253,452,391,360,549,97,124,232,212,174,262,99,129,220,179,186,287,1026,0,1026
20232,A,골목상권,3111024,경찰병원역 4번(건너말공원),1605,813,792,170,207,294,277,267,390,93,113,150,142,149,166,77,94,144,135,118,224,738,0,738
20232,A,골목상권,3111025,경찰병원역 3번,3177,1579,1598,307,370,749,534,483,734,165,194,339,298,231,352,142,176,410,236,252,382,1468,0,1468
20232,A,골목상권,3111026,문정역 2번,4486,2219,2267,595,492,791,772,692,1144,314,238,421,392,330,524,281,254,370,380,362,620,1963,0,1963
20232,A,골목상권,3111027,문정초등학교,5390,2660,2730,614,640,1043,874,889,1330,308,326,528,472,413,613,306,314,515,402,476,717,2489,0,2489
20232,A,골목상권,3111028,문현중학교(장지역 1번),1734,848,886,176,197,316,304,278,463,95,94,149,158,141,211,81,103,167,146,137,252,915,0,915
20232,A,골목상권,3111029,오금역 4번,1254,630,624,104,132,186,173,227,432,54,67,92,93,108,216,50,65,94,80,119,216,664,0,664
20232,A,골목상권,3111030,방이역 2번,1695,830,865,160,246,270,222,308,489,82,133,134,93,152,236,78,113,136,129,156,253,803,0,803
20232,A,골목상권,3111031,장지동주민센터(한림연예예술고교),3682,1814,1868,472,503,496,574,657,980,244,242,267,273,330,458,228,261,229,301,327,522,1605,0,1605
20232,A,골목상권,3111032,방이역 1번,1872,908,964,189,267,299,224,301,592,100,135,157,101,129,286,89,132,142,123,172,306,636,0,636
20232,A,골목상권,3111033,문정동성당,703,349,354,87,83,106,135,108,184,37,44,55,73,57,83,50,39,51,62,51,101,325,0,325
20232,A,골목상권,3111034,오동나무공원(송파레미니스1단지),3817,1897,1920,459,525,570,569,704,990,236,280,284,282,340,475,223,245,286,287,364,515,2058,0,2058
20232,A,골목상권,3111035,오금공원(오주중학교),3963,1981,1982,471,510,580,596,717,1089,248,263,293,312,361,504,223,247,287,284,356,585,1672,0,1672
20232,A,골목상권,3111036,투구봉어린이공원,1368,684,684,158,196,214,225,240,335,76,100,117,124,114,153,82,96,97,101,126,182,570,0,570
20232,A,골목상권,3111037,Sh수협은행 오금동금융센터(아랫말어린이공원),537,295,242,56,54,83,86,108,150,30,35,47,43,57,83,26,19,36,43,51,67,245,0,245
20232,A,골목상권,3111038,보인중학교,2669,1334,1335,354,350,357,412,473,723,204,183,172,208,226,341,150,167,185,204,247,382,1006,0,1006
20232,A,골목상권,3111039,벌말어린이공원,1887,987,900,192,248,277,293,338,539,99,134,158,169,164,263,93,114,119,124,174,276,960,0,960
20232,A,골목상권,3111040,거여초등학교,2546,1262,1284,261,351,370,355,472,737,133,187,203,174,215,350,128,164,167,181,257,387,961,0,961
20232,A,골목상권,3111041,거여역 8번,288,156,132,20,32,36,37,43,120,11,15,21,22,26,61,9,17,15,15,17,59,666,0,666
20232,A,골목상권,3111042,거여역 1번(거여공원),5600,2883,2717,584,703,702,842,1028,1741,308,377,393,419,539,847,276,326,309,423,489,894,2667,0,2667
20232,A,골목상권,3111043,마천공원,2741,1436,1305,285,339,393,439,489,796,154,205,220,237,245,375,131,134,173,202,244,421,1302,0,1302
20232,A,골목상권,3111044,남천초등학교,5301,2683,2618,574,590,646,796,934,1761,284,325,342,428,489,815,290,265,304,368,445,946,2445,0,2445
20232,A,골목상권,3111045,개미어린이공원,2557,1284,1273,274,302,325,398,433,825,118,173,183,210,233,367,156,129,142,188,200,458,1020,0,1020
20232,A,골목상권,3111046,마천역(마천초등학교),10304,5230,5074,1068,1052,1198,1579,1717,3690,544,545,632,816,932,1761,524,507,566,763,785,1929,4437,0,4437
20232,A,골목상권,3111047,마천1치안센터,2809,1469,1340,253,298,306,381,500,1071,126,147,172,218,285,521,127,151,134,163,215,550,1315,0,1315
20232,A,골목상권,3111048,천호역 1번(천호문구완구거리),2502,1237,1265,171,196,423,362,400,950,71,105,219,200,216,426,100,91,204,162,184,524,1328,0,1328
20232,A,골목상권,3111049,천호지구대(천호동자전거거리),3521,1826,1695,394,339,510,566,569,1143,217,175,271,300,307,556,177,164,239,266,262,587,2053,0,2053
20232,A,골목상권,3111050,강동구청(강동구청역 2번),1106,534,572,159,112,172,188,161,314,82,59,80,89,77,147,77,53,92,99,84,167,412,0,412
20232,A,골목상권,3111051,천호역 6번,6263,3109,3154,523,576,1078,973,1026,2087,266,287,536,525,533,962,257,289,542,448,493,1125,3895,0,3895
20232,A,골목상권,3111052,암사역 3번(천호동자전거거리),4815,2414,2401,654,437,849,909,743,1223,322,213,390,515,390,584,332,224,459,394,353,639,2679,0,2679
20232,A,골목상권,3111053,성내천어린이공원(하니사랑길),3839,1871,1968,534,425,563,694,577,1046,271,235,296,331,275,463,263,190,267,363,302,583,1768,0,1768
20232,A,골목상권,3111054,암사역 4번(삼성광나루아파트),393,189,204,50,27,58,80,46,132,21,15,30,38,25,60,29,12,28,42,21,72,234,0,234
20232,A,골목상권,3111055,선사초등학교,103,60,43,13,17,12,14,19,28,11,11,9,7,10,12,2,6,3,7,9,16,60,0,60
20232,A,골목상권,3111056,천호태영아파트,411,207,204,14,21,123,104,74,75,8,10,52,46,47,44,6,11,71,58,27,31,681,0,681
20232,A,골목상권,3111057,천호공원(해공체육문화센터),3883,1993,1890,364,404,498,532,669,1416,181,230,266,283,338,695,183,174,232,249,331,721,2178,0,2178
20232,A,골목상권,3111058,성내중학교,1635,810,825,204,189,285,290,255,412,104,97,137,152,132,188,100,92,148,138,123,224,702,0,702
20232,A,골목상권,3111059,강동역 4번(강풀만화거리),11657,5873,5784,1167,1062,2035,2035,1707,3651,631,540,1044,1074,845,1739,536,522,991,961,862,1912,5801,0,5801
20232,A,골목상권,3111060,암사역 2번(서울강동초등학교),9658,4824,4834,1121,995,1477,1635,1551,2879,583,541,754,865,769,1312,538,454,723,770,782,1567,4684,0,4684
20232,A,골목상권,3111061,암사역 1번,9628,4750,4878,1059,976,1440,1747,1521,2885,523,538,706,933,753,1297,536,438,734,814,768,1588,4713,0,4713
20232,A,골목상권,3111062,둔촌동역 3번(성내3동주민센터),3392,1729,1663,473,423,435,584,591,886,263,237,245,287,287,410,210,186,190,297,304,476,1406,0,1406
20232,A,골목상권,3111063,강동구립 천호도서관,5742,2947,2795,500,471,983,846,923,2019,246,253,512,482,498,956,254,218,471,364,425,1063,3706,0,3706
20232,A,골목상권,3111064,둔촌동역 4번,2476,1240,1236,274,335,350,432,424,661,143,192,186,228,213,278,131,143,164,204,211,383,1196,0,1196
20232,A,골목상권,3111065,천일초등학교,2673,1391,1282,226,312,363,369,469,934,114,165,204,209,246,453,112,147,159,160,223,481,1431,0,1431
20232,A,골목상권,3111066,암사동성당(효정하나플러스아파트),5397,2711,2686,589,579,824,899,907,1599,294,321,424,464,463,745,295,258,400,435,444,854,2600,0,2600
20232,A,골목상권,3111067,강동구립성내도서관,9505,4678,4827,1073,891,1686,1790,1373,2692,552,506,811,932,678,1199,521,385,875,858,695,1493,4459,0,4459
20232,A,골목상권,3111068,강동성심병원,386,187,199,59,19,95,89,58,66,34,9,37,48,29,30,25,10,58,41,29,36,171,0,171
20232,A,골목상권,3111069,천호1동주민센터,5164,2658,2506,479,533,697,792,890,1773,258,273,364,427,473,863,221,260,333,365,417,910,2810,0,2810
20232,A,골목상권,3111070,천호초등학교,2407,1189,1218,302,241,343,384,372,765,148,123,171,204,191,352,154,118,172,180,181,413,1283,0,1283
20232,A,골목상권,3111071,천동초등학교,1018,515,503,119,94,165,173,135,332,65,52,82,95,63,158,54,42,83,78,72,174,531,0,531
20232,A,골목상권,3111072,굽은다리역 1번(십자성마을),7213,3605,3608,875,823,1067,1191,1062,2195,455,420,550,641,519,1020,420,403,517,550,543,1175,3168,0,3168
20232,A,골목상권,3111073,둔촌동역 1번(한산중학교),7458,3688,3770,878,889,1141,1140,1256,2154,473,439,596,562,600,1018,405,450,545,578,656,1136,3295,0,3295
20232,A,골목상권,3111074,명일역 1번,2307,1124,1183,320,252,335,406,345,649,164,124,176,208,165,287,156,128,159,198,180,362,964,0,964
20232,A,골목상권,3111075,굽은다리역 2번,4718,2349,2369,461,521,703,656,739,1638,217,264,390,355,357,766,244,257,313,301,382,872,2011,0,2011
20232,A,골목상권,3111076,둔촌2동주민센터,1743,898,845,149,204,250,246,302,592,80,102,136,142,149,289,69,102,114,104,153,303,1011,0,1011
20232,A,골목상권,3111077,길동주민센터(강동도서관),11358,5637,5721,1309,1147,1759,1965,1764,3414,701,597,869,1010,867,1593,608,550,890,955,897,1821,5387,0,5387
20232,A,골목상권,3111078,굽은다리역 4번,10272,5040,5232,1043,1233,1645,1625,1616,3110,549,634,809,845,783,1420,494,599,836,780,833,1690,4316,0,4316
20232,A,골목상권,3111079,둔촌고등학교(둔촌중학교),1969,981,988,193,248,311,268,325,624,100,134,154,148,166,279,93,114,157,120,159,345,910,0,910
20232,A,골목상권,3111080,굽은다리역 3번,3247,1574,1673,385,444,447,452,551,968,205,216,241,221,253,438,180,228,206,231,298,530,1228,0,1228
20232,A,골목상권,3111081,둔촌푸르지오아파트,284,140,144,14,50,41,29,59,91,5,31,22,14,28,40,9,19,19,15,31,51,114,0,114
20232,A,골목상권,3111082,중앙보훈병원,1250,610,640,155,167,176,182,196,374,87,79,97,89,93,165,68,88,79,93,103,209,480,0,480
20232,A,골목상권,3111083,GS강동자이아파트,3443,1725,1718,404,413,503,563,583,977,205,217,258,302,287,456,199,196,245,261,296,521,1379,0,1379
20232,A,골목상권,3111084,길동신동아아파트,1100,531,569,173,164,135,174,190,264,89,88,63,77,85,129,84,76,72,97,105,135,354,0,354
20232,A,골목상권,3111085,묘곡초등학교(고덕아이파크아파트),5017,2602,2415,480,688,676,602,915,1656,245,387,381,322,465,802,235,301,295,280,450,854,1980,0,1980
20232,A,골목상권,3111086,한영중고,2818,1392,1426,332,473,313,355,553,792,174,262,168,170,263,355,158,211,145,185,290,437,1056,0,1056
20232,A,골목상권,3111087,고덕중학교(고덕2동주민센터),2973,1575,1398,251,378,374,361,550,1059,130,219,220,200,288,518,121,159,154,161,262,541,1224,0,1224
20232,A,골목상권,3111088,고덕동성당,2415,1236,1179,214,260,303,298,427,913,107,152,169,157,227,424,107,108,134,141,200,489,967,0,967
20232,A,골목상권,3111089,상일여고(상일초등학교),4387,2269,2118,440,557,662,531,803,1394,238,280,371,288,401,691,202,277,291,243,402,703,1702,0,1702
20232,A,골목상권,3111090,강일동주민센터,604,322,282,27,45,172,141,95,124,17,15,88,86,49,67,10,30,84,55,46,57,826,0,826
20233,A,골목상권,3110412,창동중학교,382,189,193,48,56,59,58,61,100,20,33,32,28,24,52,28,23,27,30,37,48,154,0,154
20233,A,골목상권,3110413,누원고등학교,772,370,402,119,81,86,122,115,249,59,40,44,59,57,111,60,41,42,63,58,138,1047,0,1047
20233,A,골목상권,3110414,장석교회,1149,582,567,135,154,138,176,177,369,73,78,79,87,95,170,62,76,59,89,82,199,465,0,465
20233,A,골목상권,3110415,수락산역 4번,5231,2638,2593,543,671,747,762,909,1599,275,363,419,380,440,761,268,308,328,382,469,838,2328,0,2328
20233,A,골목상권,3110416,노원초등학교,2601,1251,1350,321,398,336,378,477,691,151,210,161,179,218,332,170,188,175,199,259,359,920,0,920
20233,A,골목상권,3110417,월계역 3번,958,506,452,66,111,131,142,153,355,39,59,66,86,82,174,27,52,65,56,71,181,590,0,590
20233,A,골목상권,3110418,광운대학교 남단,1590,891,699,99,265,310,181,221,514,49,158,208,109,113,254,50,107,102,72,108,260,824,0,824
20233,A,골목상권,3110419,수락산디자인거리,3256,1582,1674,303,397,494,442,530,1090,161,200,256,206,248,511,142,197,238,236,282,579,1365,0,1365
20233,A,골목상권,3110420,광운대역 1번,1358,778,580,107,287,247,161,185,371,52,174,183,86,109,174,55,113,64,75,76,197,856,0,856
20233,A,골목상권,3110421,석계역 1번,1483,779,704,94,139,191,206,231,622,50,83,106,114,135,291,44,56,85,92,96,331,735,0,735
20233,A,골목상권,3110422,노원역 9번,1005,489,516,124,138,135,177,174,257,62,65,65,89,85,123,62,73,70,88,89,134,354,0,354
20233,A,골목상권,3110423,석계역 2번,547,260,287,108,40,75,81,79,164,47,17,33,43,40,80,61,23,42,38,39,84,229,0,229
20233,A,골목상권,3110424,상계초등학교,3092,1569,1523,265,435,445,419,531,997,130,239,215,227,257,501,135,196,230,192,274,496,1378,0,1378
20233,A,골목상권,3110425,계상초등학교,3869,1906,1963,354,503,487,546,646,1333,178,259,261,280,322,606,176,244,226,266,324,727,1627,0,1627
20233,A,골목상권,3110426,상계2동주민센터,4253,2093,2160,286,503,652,571,746,1495,147,251,339,319,365,672,139,252,313,252,381,823,2202,0,2202
20233,A,골목상권,3110427,노원 을지대학교병원,640,320,320,66,95,103,64,122,190,33,52,60,32,58,85,33,43,43,32,64,105,216,0,216
20233,A,골목상권,3110428,상계5동주민센터,9414,4650,4764,780,1110,1172,1288,1624,3440,379,585,620,680,807,1579,401,525,552,608,817,1861,4351,0,4351
20233,A,골목상권,3110429,공릉동 국수거리,5140,2545,2595,481,549,1094,873,678,1465,235,268,537,487,332,686,246,281,557,386,346,779,2470,0,2470
20233,A,골목상권,3110430,중계초등학교,66,32,34,1,13,4,11,18,19,0,7,3,5,8,9,1,6,1,6,10,10,25,0,25
20233,A,골목상권,3110431,상계역,910,492,418,80,120,114,113,172,311,34,71,63,63,95,166,46,49,51,50,77,145,466,0,466
20233,A,골목상권,3110432,대진고등학교,1926,946,980,227,340,288,201,360,510,118,179,147,91,158,253,109,161,141,110,202,257,906,0,906
20233,A,골목상권,3110433,공릉역 2번,4427,2292,2135,316,730,1004,564,578,1235,160,357,589,330,267,589,156,373,415,234,311,646,2643,0,2643
20233,A,골목상권,3110434,태릉입구역 4번,1746,874,872,154,166,382,255,262,527,75,68,195,154,131,251,79,98,187,101,131,276,862,0,862
20233,A,골목상권,3110435,서울과학기술대,266,131,135,21,49,40,38,43,75,11,21,18,19,23,39,10,28,22,19,20,36,146,0,146
20233,A,골목상권,3110436,상계제일중학교,1370,676,694,126,245,171,176,283,369,54,130,108,83,133,168,72,115,63,93,150,201,633,0,633
20233,A,골목상권,3110437,당고개역 2번,1563,800,763,100,142,177,213,265,666,59,68,99,124,141,309,41,74,78,89,124,357,823,0,823
20233,A,골목상권,3110438,경춘선숲길 우측,3249,1746,1503,268,722,663,429,411,756,157,380,401,236,204,368,111,342,262,193,207,388,2292,0,2292
20233,A,골목상권,3110439,당고개역 5번,4557,2268,2289,392,543,545,628,815,1634,216,298,286,343,414,711,176,245,259,285,401,923,1835,0,1835
20233,A,골목상권,3110440,상계3동4동주민센터,1943,1010,933,178,208,253,285,312,707,102,113,145,167,160,323,76,95,108,118,152,384,750,0,750
20233,A,골목상권,3110441,영신여고,2426,1171,1255,333,441,233,348,499,572,164,221,112,150,253,271,169,220,121,198,246,301,856,0,856
20233,A,골목상권,3110442,화랑대철도공원,328,112,216,39,98,56,31,44,60,19,19,12,17,19,26,20,79,44,14,25,34,234,0,234
20233,A,골목상권,3110443,수색역 1번,14,9,5,0,0,0,3,3,8,0,0,0,3,2,4,0,0,0,0,1,4,12,0,12
20233,A,골목상권,3110444,수색성당,595,296,299,76,55,75,104,82,203,35,33,40,54,39,95,41,22,35,50,43,108,219,0,219
20233,A,골목상권,3110445,덕산중학교,1544,756,788,188,190,197,238,238,493,85,102,100,131,118,220,103,88,97,107,120,273,716,0,716
20233,A,골목상권,3110446,내를건너서숲으로도서관,1379,646,733,130,150,178,221,228,472,60,67,91,111,109,208,70,83,87,110,119,264,936,0,936
20233,A,골목상권,3110447,구산초등학교,1543,744,799,182,178,219,253,217,494,89,92,107,131,110,215,93,86,112,122,107,279,758,0,758
20233,A,골목상권,3110448,상신초등학교입구,2590,1319,1271,317,313,349,416,461,734,164,178,204,219,226,328,153,135,145,197,235,406,1145,0,1145
20233,A,골목상권,3110449,증산역 3번,5484,2684,2800,579,601,729,812,880,1883,316,300,375,392,450,851,263,301,354,420,430,1032,2367,0,2367
20233,A,골목상권,3110450,시립서북병원,8809,4214,4595,1080,1114,1195,1456,1453,2511,521,554,575,723,686,1155,559,560,620,733,767,1356,3281,0,3281
20233,A,골목상권,3110451,증산역 4번,5672,2807,2865,546,641,784,856,935,1910,270,326,398,448,459,906,276,315,386,408,476,1004,2491,0,2491
20233,A,골목상권,3110452,새절역 3번,2660,1325,1335,236,286,402,414,387,935,120,155,202,228,189,431,116,131,200,186,198,504,1375,0,1375
20233,A,골목상권,3110453,신사1동주민센터,8614,4195,4419,862,919,1313,1528,1363,2629,439,508,632,791,641,1184,423,411,681,737,722,1445,3890,0,3890
20233,A,골목상권,3110454,선정중학교,6292,2990,3302,773,808,842,1141,988,1740,390,378,405,596,483,738,383,430,437,545,505,1002,2535,0,2535
20233,A,골목상권,3110455,역촌노인복지관,8351,4010,4341,1018,951,1142,1498,1392,2350,499,471,540,763,689,1048,519,480,602,735,703,1302,3763,0,3763
20233,A,골목상권,3110456,구산보건지소,8243,3966,4277,1027,1064,1103,1397,1409,2243,518,527,537,717,681,986,509,537,566,680,728,1257,3437,0,3437
20233,A,골목상권,3110457,예일여고,4391,2071,2320,436,578,625,687,778,1287,220,263,302,339,353,594,216,315,323,348,425,693,1882,0,1882
20233,A,골목상권,3110458,선일여고,5649,2711,2938,640,869,846,833,985,1476,333,450,404,411,441,672,307,419,442,422,544,804,2329,0,2329
20233,A,골목상권,3110459,응암역 2번,4912,2315,2597,661,579,627,889,791,1365,323,306,291,429,368,598,338,273,336,460,423,767,2094,0,2094
20233,A,골목상권,3110460,구산역 4번,5531,2689,2842,629,717,751,903,960,1571,330,367,372,469,458,693,299,350,379,434,502,878,2394,0,2394
20233,A,골목상권,3110461,새절역 2번,1773,835,938,163,179,291,287,261,592,89,95,138,136,126,251,74,84,153,151,135,341,880,0,880
20233,A,골목상권,3110462,갈현건영아파트,6346,3133,3213,555,797,851,876,1086,2181,303,426,448,464,531,961,252,371,403,412,555,1220,2879,0,2879
20233,A,골목상권,3110463,응암3동주민센터,2226,1083,1143,160,205,304,312,426,819,85,112,153,170,208,355,75,93,151,142,218,464,1236,0,1236
20233,A,골목상권,3110464,연신내역 5번,4084,1940,2144,417,528,625,669,679,1166,229,268,274,355,308,506,188,260,351,314,371,660,2154,0,2154
20233,A,골목상권,3110465,연신내역 7번,2589,1225,1364,251,296,460,404,398,780,121,151,222,210,181,340,130,145,238,194,217,440,1335,0,1335
20233,A,골목상권,3110466,구산역 2번,4374,2093,2281,482,491,598,708,707,1388,250,237,293,360,345,608,232,254,305,348,362,780,1938,0,1938
20233,A,골목상권,3110467,은평요양병원,1109,543,566,109,103,176,177,152,392,58,52,84,100,71,178,51,51,92,77,81,214,776,0,776
20233,A,골목상권,3110468,응암역 3번,12111,5748,6363,1485,1360,1675,2186,1950,3455,749,693,747,1084,942,1533,736,667,928,1102,1008,1922,5100,0,5100
20233,A,골목상권,3110469,응암정보도서관,7458,3707,3751,589,882,938,974,1306,2769,296,472,518,505,665,1251,293,410,420,469,641,1518,3710,0,3710
20233,A,골목상권,3110470,신진과학기술고등학교,2018,961,1057,343,193,290,389,298,505,167,102,134,185,152,221,176,91,156,204,146,284,971,0,971
20233,A,골목상권,3110471,응암동우체국,4124,2054,2070,346,484,510,600,731,1453,172,262,265,325,367,663,174,222,245,275,364,790,2292,0,2292
20233,A,골목상권,3110472,연신내역 4번,5473,2569,2904,524,568,931,914,829,1707,237,268,446,452,394,772,287,300,485,462,435,935,2742,0,2742
20233,A,골목상권,3110473,구산역 1번,9899,4707,5192,1129,1098,1330,1670,1647,3025,546,540,662,843,781,1335,583,558,668,827,866,1690,4409,0,4409
20233,A,골목상권,3110474,세명컴퓨터고등학교,4603,2302,2301,396,525,736,700,739,1507,199,284,387,386,350,696,197,241,349,314,389,811,2247,0,2247
20233,A,골목상권,3110475,백련산해모로아파트,3424,1656,1768,457,385,438,608,538,998,232,196,213,302,269,444,225,189,225,306,269,554,1420,0,1420
20233,A,골목상권,3110476,역촌역 2번,1270,592,678,122,130,213,197,221,387,64,52,104,94,106,172,58,78,109,103,115,215,591,0,591
20233,A,골목상권,3110477,은평세무서,3132,1489,1643,372,318,421,517,493,1011,180,165,196,258,235,455,192,153,225,259,258,556,1409,0,1409
20233,A,골목상권,3110478,응암1동주민센터,3246,1546,1700,357,363,378,511,572,1065,184,176,190,252,284,460,173,187,188,259,288,605,1584,0,1584
20233,A,골목상권,3110479,연신내역 2번,3962,1955,2007,292,411,548,541,675,1495,167,228,292,278,316,674,125,183,256,263,359,821,1915,0,1915
20233,A,골목상권,3110480,연신내역 3번,3157,1492,1665,275,313,546,511,459,1053,137,163,270,267,201,454,138,150,276,244,258,599,1554,0,1554
20233,A,골목상권,3110481,불광역 7번,3327,1596,1731,285,350,677,573,490,952,166,158,300,311,235,426,119,192,377,262,255,526,1750,0,1750
20233,A,골목상권,3110482,연신초등학교,1593,789,804,121,182,209,208,314,559,61,99,104,109,151,265,60,83,105,99,163,294,780,0,780
20233,A,골목상권,3110483,연천초등학교,3404,1599,1805,320,416,476,495,595,1102,148,205,227,257,282,480,172,211,249,238,313,622,1585,0,1585
20233,A,골목상권,3110484,역촌역 3번,8280,4024,4256,887,773,1113,1406,1323,2778,436,403,569,724,681,1211,451,370,544,682,642,1567,4081,0,4081
20233,A,골목상권,3110485,연신내우체국,2599,1237,1362,280,257,341,386,426,909,138,129,171,199,208,392,142,128,170,187,218,517,1231,0,1231
20233,A,골목상권,3110486,은평구청,1966,990,976,270,187,285,361,306,557,156,102,127,193,164,248,114,85,158,168,142,309,931,0,931
20233,A,골목상권,3110487,불광역 8번,291,147,144,19,28,27,39,46,132,13,16,13,20,23,62,6,12,14,19,23,70,200,0,200
20233,A,골목상권,3110488,우리은행응암동지점,3057,1459,1598,370,299,407,508,499,974,189,147,211,259,235,418,181,152,196,249,264,556,1384,0,1384
20233,A,골목상권,3110489,불광역 3번,1329,613,716,105,103,232,205,183,501,54,51,113,103,86,206,51,52,119,102,97,295,709,0,709
20233,A,골목상권,3110490,녹번동근린공원,5238,2575,2663,538,575,705,867,847,1706,295,289,389,445,414,743,243,286,316,422,433,963,2447,0,2447
20233,A,골목상권,3110491,불광중학교,1436,705,731,155,156,161,222,224,518,78,86,81,121,103,236,77,70,80,101,121,282,651,0,651
20233,A,골목상권,3110492,하나고등학교,144,72,72,14,21,6,18,32,53,9,11,5,8,17,22,5,10,1,10,15,31,227,0,227
20233,A,골목상권,3110493,북가좌초등학교,1505,758,747,163,139,214,209,227,553,89,74,107,117,121,250,74,65,107,92,106,303,613,0,613
20233,A,골목상권,3110494,증산3교남측,868,427,441,97,91,130,122,149,279,46,43,64,60,75,139,51,48,66,62,74,140,363,0,363
20233,A,골목상권,3110495,북가좌2동주민센터,6502,3141,3361,701,667,883,1134,1004,2113,360,352,418,581,478,952,341,315,465,553,526,1161,3036,0,3036
20233,A,골목상권,3110496,모래내우체국,2178,1065,1113,237,231,314,330,326,740,127,108,158,168,172,332,110,123,156,162,154,408,967,0,967
20233,A,골목상권,3110497,가좌역 3번,31,14,17,3,2,4,2,4,16,2,0,3,1,2,6,1,2,1,1,2,10,135,0,135
20233,A,골목상권,3110498,증산역 1번,3569,1761,1808,311,364,531,587,535,1241,152,204,284,305,267,549,159,160,247,282,268,692,1638,0,1638
20233,A,골목상권,3110499,연가초등학교,6430,3205,3225,711,971,909,994,1132,1713,368,502,499,496,546,794,343,469,410,498,586,919,2724,0,2724
20233,A,골목상권,3110500,남가좌동현대아파트,772,372,400,174,77,106,147,100,168,77,43,51,82,44,75,97,34,55,65,56,93,247,0,247
20233,A,골목상권,3110501,연희어린이공원,1522,758,764,91,152,304,213,229,533,51,80,155,114,104,254,40,72,149,99,125,279,664,0,664
20233,A,골목상권,3110502,남가좌파출소,3808,1878,1930,364,410,529,566,600,1339,190,219,267,301,322,579,174,191,262,265,278,760,1922,0,1922
20233,A,골목상권,3110503,명지대학교교회,5162,2592,2570,441,749,956,713,822,1481,231,345,537,350,432,697,210,404,419,363,390,784,2865,0,2865
20233,A,골목상권,3110504,명지전문대,207,101,106,26,34,20,31,40,56,14,14,14,12,23,24,12,20,6,19,17,32,99,0,99
20233,A,골목상권,3110505,홍남교남측,227,121,106,15,33,26,32,50,71,7,19,15,22,26,32,8,14,11,10,24,39,77,0,77
20233,A,골목상권,3110506,연희임광아파트,582,260,322,57,46,161,127,77,114,24,19,74,58,40,45,33,27,87,69,37,69,354,0,354
20233,A,골목상권,3110507,명지대학교,6854,3335,3519,624,833,1122,970,1117,2188,311,396,595,495,547,991,313,437,527,475,570,1197,3598,0,3598
20233,A,골목상권,3110508,서연중학교,2270,1105,1165,304,223,282,355,352,754,150,124,145,162,168,356,154,99,137,193,184,398,949,0,949
20233,A,골목상권,3110509,연희대우아파트앞,3724,1745,1979,272,370,1238,612,432,800,147,156,573,303,216,350,125,214,665,309,216,450,2210,0,2210
20233,A,골목상권,3110510,홍연시장,1178,609,569,95,129,147,147,195,465,47,71,92,78,111,210,48,58,55,69,84,255,511,0,511
20233,A,골목상권,3110511,연희초등학교,5399,2802,2597,360,693,1944,779,582,1041,182,352,1139,379,280,470,178,341,805,400,302,571,3984,0,3984
20233,A,골목상권,3110512,연희지하차도,3384,1639,1745,316,412,468,503,568,1117,163,218,243,256,273,486,153,194,225,247,295,631,1743,0,1743
20233,A,골목상권,3110513,연희파출소,1052,493,559,139,110,191,183,159,270,67,49,86,88,83,120,72,61,105,95,76,150,489,0,489
20233,A,골목상권,3110514,서대문우체국,2136,1081,1055,82,297,888,251,195,423,45,140,479,137,90,190,37,157,409,114,105,233,1583,0,1583
20233,A,골목상권,3110515,홍은중학교,2507,1210,1297,253,315,310,376,414,839,133,148,158,194,200,377,120,167,152,182,214,462,1163,0,1163
20233,A,골목상권,3110516,정원여중,1230,587,643,109,143,176,184,233,385,43,76,89,92,114,173,66,67,87,92,119,212,468,0,468
20233,A,골목상권,3110517,서대문소방서,969,465,504,196,127,139,135,158,214,109,62,61,61,72,100,87,65,78,74,86,114,430,0,430
20233,A,골목상권,3110518,서대문구청,557,256,301,68,69,73,80,97,170,30,34,33,37,46,76,38,35,40,43,51,94,242,0,242
20233,A,골목상권,3110519,서대문구보건소별관,4078,1910,2168,516,474,523,604,638,1323,223,237,264,310,315,561,293,237,259,294,323,762,1696,0,1696
20233,A,골목상권,3110520,경의중앙 신촌역,1512,713,799,58,223,479,202,170,380,33,86,245,101,94,154,25,137,234,101,76,226,1101,0,1101
20233,A,골목상권,3110521,홍제역 4번,1021,502,519,73,102,145,157,162,382,40,59,72,77,79,175,33,43,73,80,83,207,490,0,490
20233,A,골목상권,3110522,홍제역 3번,1411,646,765,128,164,163,220,223,513,59,84,81,112,101,209,69,80,82,108,122,304,654,0,654
20233,A,골목상권,3110523,홍제성원아파트,575,281,294,49,76,72,77,82,219,24,33,38,40,38,108,25,43,34,37,44,111,227,0,227
20233,A,골목상권,3110524,연희세브란스병원,216,94,122,27,21,70,37,17,44,14,4,30,16,10,20,13,17,40,21,7,24,174,0,174
20233,A,골목상권,3110525,홍은종합사회복지관,415,196,219,50,44,33,71,71,146,25,22,15,34,35,65,25,22,18,37,36,81,251,0,251
20233,A,골목상권,3110526,봉원사,1129,503,626,114,140,338,134,135,268,60,45,137,61,69,131,54,95,201,73,66,137,773,0,773
20233,A,골목상권,3110527,홍제역 2번,1705,820,885,123,172,276,189,301,644,65,90,136,93,150,286,58,82,140,96,151,358,993,0,993
20233,A,골목상권,3110528,서울여자간호대학교,1349,677,672,129,160,160,176,254,470,77,79,88,100,128,205,52,81,72,76,126,265,711,0,711
20233,A,골목상권,3110529,홍제3동주민센터,3657,1771,1886,258,389,461,482,633,1434,125,196,237,282,312,619,133,193,224,200,321,815,1765,0,1765
20233,A,골목상권,3110530,아현역 1번,288,144,144,16,23,47,46,40,116,8,8,28,25,22,53,8,15,19,21,18,63,169,0,169
20233,A,골목상권,3110531,홍지문,460,229,231,29,69,88,57,69,148,14,36,46,30,41,62,15,33,42,27,28,86,228,0,228
20233,A,골목상권,3110532,아현역 2번,2224,1049,1175,159,221,313,332,404,795,74,107,166,179,212,311,85,114,147,153,192,484,1212,0,1212
20233,A,골목상권,3110533,충정로역 7번,1174,606,568,53,121,195,178,216,411,28,64,113,92,119,190,25,57,82,86,97,221,650,0,650
20233,A,골목상권,3110534,경기대학교,1726,845,881,141,205,283,205,286,606,63,96,154,109,154,269,78,109,129,96,132,337,871,0,871
20233,A,골목상권,3110535,영천시장입구,1441,663,778,144,149,180,215,230,523,81,76,85,100,122,199,63,73,95,115,108,324,726,0,726
20233,A,골목상권,3110536,돈의문센트레빌아파트입구,750,392,358,36,81,143,107,146,237,15,47,72,60,76,122,21,34,71,47,70,115,399,0,399
20233,A,골목상권,3110537,충정로현대아파트,760,352,408,85,67,209,123,95,181,33,30,96,55,53,85,52,37,113,68,42,96,607,0,607
20233,A,골목상권,3110538,충정로역 3번,313,159,154,14,30,80,62,37,90,4,16,46,33,21,39,10,14,34,29,16,51,297,0,297
20233,A,골목상권,3110539,미근동,512,263,249,24,34,137,66,67,184,13,21,70,40,34,85,11,13,67,26,33,99,314,0,314
20233,A,골목상권,3110540,망원나들목체육관,3204,1642,1562,407,327,495,604,504,867,212,181,251,314,279,405,195,146,244,290,225,462,1320,0,1320
20233,A,골목상권,3110541,동교초등학교,4956,2368,2588,662,534,739,925,773,1323,318,265,343,445,384,613,344,269,396,480,389,710,2229,0,2229
20233,A,골목상권,3110542,마포구청역 7번,5409,2639,2770,654,573,920,1017,855,1390,334,315,425,504,431,630,320,258,495,513,424,760,2483,0,2483
20233,A,골목상권,3110543,중암중학교,1093,532,561,132,141,180,158,194,288,70,74,97,68,98,125,62,67,83,90,96,163,493,0,493
20233,A,골목상권,3110544,망리단길,13911,6611,7300,1411,1456,2574,2519,2165,3786,739,711,1181,1247,1069,1664,672,745,1393,1272,1096,2122,6618,0,6618
20233,A,골목상권,3110545,마포구청역 1번,2474,1057,1417,230,246,708,526,320,444,108,99,255,223,161,211,122,147,453,303,159,233,3987,0,3987
20233,A,골목상권,3110546,양화대교북단,2927,1427,1500,292,271,679,561,378,746,133,134,341,289,184,346,159,137,338,272,194,400,1357,0,1357
20233,A,골목상권,3110547,KB국민은행 망원동지점,2759,1298,1461,327,302,420,454,446,810,159,156,180,227,222,354,168,146,240,227,224,456,1165,0,1165
20233,A,골목상권,3110548,마포구청역 4번,2818,1341,1477,261,296,537,546,451,727,141,155,248,263,216,318,120,141,289,283,235,409,1437,0,1437
20233,A,골목상권,3110549,새터산,2754,1349,1405,334,319,432,446,453,770,167,161,214,224,238,345,167,158,218,222,215,425,1262,0,1262
20233,A,골목상권,3110550,합정역 8번,6202,2844,3358,614,625,1406,1227,837,1493,287,268,593,625,405,666,327,357,813,602,432,827,3047,0,3047
20233,A,골목상권,3110551,성서초등학교,4480,2137,2343,639,528,633,853,786,1041,315,277,278,397,388,482,324,251,355,456,398,559,1840,0,1840
20233,A,골목상권,3110552,성미산체육관,2104,1010,1094,190,214,342,339,378,641,91,106,162,165,180,306,99,108,180,174,198,335,1133,0,1133
20233,A,골목상권,3110553,가좌역 2번,3229,1595,1634,276,357,485,515,556,1040,158,169,244,252,299,473,118,188,241,263,257,567,1770,0,1770
20233,A,골목상권,3110554,망원역 1번,4497,2051,2446,354,414,906,893,682,1248,171,197,373,418,332,560,183,217,533,475,350,688,2550,0,2550
20233,A,골목상권,3110555,홍익지구대,261,124,137,17,24,59,53,43,65,13,10,22,30,20,29,4,14,37,23,23,36,130,0,130
20233,A,골목상권,3110556,절두산순교성지,1314,629,685,100,126,257,234,190,407,53,71,114,127,77,187,47,55,143,107,113,220,540,0,540
20233,A,골목상권,3110557,홍대부속여중고앞,3595,1650,1945,351,321,747,789,555,832,168,158,331,382,248,363,183,163,416,407,307,469,1775,0,1775
20233,A,골목상권,3110558,경성고등학교,8634,4138,4496,815,880,1547,1561,1342,2489,405,479,729,779,651,1095,410,401,818,782,691,1394,4349,0,4349
20233,A,골목상권,3110559,성산중학교,2954,1362,1592,229,302,676,555,424,768,122,142,287,276,206,329,107,160,389,279,218,439,1347,0,1347
20233,A,골목상권,3110560,마포FM,1685,797,888,155,160,366,339,234,431,84,62,172,167,115,197,71,98,194,172,119,234,874,0,874
20233,A,골목상권,3110561,상수역 4번,2572,1243,1329,140,266,677,540,338,611,71,112,354,284,156,266,69,154,323,256,182,345,1379,0,1379
20233,A,골목상권,3110562,연트럴파크(연남동주민센터),3257,1535,1722,373,291,677,658,434,824,197,148,314,323,200,353,176,143,363,335,234,471,1601,0,1601
20233,A,골목상권,3110563,상수역 3번,765,369,396,62,73,245,139,84,162,37,32,112,72,41,75,25,41,133,67,43,87,453,0,453
20233,A,골목상권,3110564,홍대입구역 3번,767,360,407,57,56,204,174,96,180,31,26,103,78,47,75,26,30,101,96,49,105,398,0,398
20233,A,골목상권,3110565,홍익대,1663,824,839,89,278,550,235,229,282,44,115,323,115,104,123,45,163,227,120,125,159,1065,0,1065
20233,A,골목상권,3110566,경의선책거리,2138,995,1143,135,238,623,394,284,464,73,95,295,188,145,199,62,143,328,206,139,265,1223,0,1223
20233,A,골목상권,3110567,광흥창역 6번,321,136,185,21,36,97,47,35,85,5,15,38,24,17,37,16,21,59,23,18,48,202,0,202
20233,A,골목상권,3110568,광흥창역 1번,350,185,165,54,44,46,59,73,74,31,26,26,30,39,33,23,18,20,29,34,41,150,0,150
20233,A,골목상권,3110569,홍대땡땡거리,2009,986,1023,102,207,651,335,232,482,59,97,316,177,122,215,43,110,335,158,110,267,1348,0,1348
20233,A,골목상권,3110570,KB국민은행 서강지점,556,262,294,120,34,79,124,80,119,60,16,35,62,35,54,60,18,44,62,45,65,255,0,255
20233,A,골목상권,3110571,신수동주민센터,2470,1210,1260,243,265,357,403,391,811,121,139,199,203,201,347,122,126,158,200,190,464,1172,0,1172
20233,A,골목상권,3110572,서강대역 1번,2863,1504,1359,166,370,804,424,392,707,91,185,468,227,217,316,75,185,336,197,175,391,1946,0,1946
20233,A,골목상권,3110573,신촌역 6번,209,114,95,16,23,73,34,22,41,11,13,41,13,15,21,5,10,32,21,7,20,143,0,143
20233,A,골목상권,3110574,서강대학교,166,92,74,13,11,40,30,26,46,6,5,27,16,17,21,7,6,13,14,9,25,107,0,107
20233,A,골목상권,3110575,대흥동주민센터,2817,1400,1417,159,282,548,392,423,1013,78,124,302,214,234,448,81,158,246,178,189,565,1876,0,1876
20233,A,골목상권,3110576,대흥역 3번,1224,606,618,121,118,167,211,176,431,68,56,84,104,90,204,53,62,83,107,86,227,592,0,592
20233,A,골목상권,3110577,용강동주민센터,828,388,440,100,101,113,142,144,228,52,41,56,69,70,100,48,60,57,73,74,128,472,0,472
20233,A,골목상권,3110578,대흥역 2번,2888,1450,1438,216,322,375,384,515,1076,115,180,204,201,267,483,101,142,171,183,248,593,1618,0,1618
20233,A,골목상권,3110579,마포역 4번,849,451,398,66,79,227,144,115,218,42,40,119,82,64,104,24,39,108,62,51,114,469,0,469
20233,A,골목상권,3110580,양원초등학교,1415,709,706,68,184,326,175,202,460,40,96,171,104,97,201,28,88,155,71,105,259,824,0,824
20233,A,골목상권,3110581,염리초등학교,319,163,156,99,12,29,102,34,43,57,7,14,47,19,19,42,5,15,55,15,24,99,0,99
20233,A,골목상권,3110582,이대역 5번,1676,792,884,69,237,362,225,249,534,34,87,182,109,117,263,35,150,180,116,132,271,1021,0,1021
20233,A,골목상권,3110583,공덕래미안3차아파트,185,87,98,13,22,47,31,27,45,6,8,24,15,17,17,7,14,23,16,10,28,111,0,111
20233,A,골목상권,3110584,아현역 4번,101,60,41,6,4,16,11,18,46,4,2,6,4,14,30,2,2,10,7,4,16,39,0,39
20233,A,골목상권,3110585,마포경찰서,247,124,123,61,16,60,57,22,31,40,7,19,35,10,13,21,9,41,22,12,18,93,0,93
20233,A,골목상권,3110586,서울서부지방법원,1395,660,735,59,87,390,298,222,339,34,31,149,140,130,176,25,56,241,158,92,163,1165,0,1165
20233,A,골목상권,3110587,공덕동주민센터,2632,1277,1355,177,206,454,413,463,919,82,104,224,209,240,418,95,102,230,204,223,501,2427,0,2427
20233,A,골목상권,3110588,한겨레신문사,2918,1389,1529,235,338,470,482,516,877,118,160,215,246,259,391,117,178,255,236,257,486,1569,0,1569
20233,A,골목상권,3110589,애오개역 3번,1922,945,977,132,253,291,216,324,706,66,132,166,120,156,305,66,121,125,96,168,401,847,0,847
20233,A,골목상권,3110590,만리재,2742,1329,1413,215,359,398,387,564,819,108,191,206,203,272,349,107,168,192,184,292,470,1212,0,1212
20233,A,골목상권,3110591,충정로역 6번,2504,1244,1260,173,252,361,348,396,974,85,130,197,187,210,435,88,122,164,161,186,539,1150,0,1150
20233,A,골목상권,3110592,서울금융고등학교,1460,730,730,127,205,220,193,256,459,71,102,115,100,131,211,56,103,105,93,125,248,565,0,565
20233,A,골목상권,3110593,신월3동주민센터,7506,4034,3472,567,754,932,1064,1436,2753,286,367,518,610,850,1403,281,387,414,454,586,1350,3863,0,3863
20233,A,골목상권,3110594,신월중학교,3509,1725,1784,570,426,463,631,549,870,289,227,224,320,257,408,281,199,239,311,292,462,1263,0,1263
20233,A,골목상권,3110595,메디힐병원,6049,2972,3077,602,718,874,909,1044,1902,304,352,438,475,518,885,298,366,436,434,526,1017,2719,0,2719
20233,A,골목상권,3110596,서서울호수공원,3809,1912,1897,462,457,553,597,653,1087,246,235,291,315,306,519,216,222,262,282,347,568,1587,0,1587
20233,A,골목상권,3110597,신월1동주민센터,6370,3302,3068,573,692,862,977,1067,2199,304,359,454,554,545,1086,269,333,408,423,522,1113,3070,0,3070
20233,A,골목상권,3110598,신월문화체육센터,3560,1744,1816,360,397,474,513,591,1225,168,218,258,277,290,533,192,179,216,236,301,692,1385,0,1385
20233,A,골목상권,3110599,신월1파출소,4594,2377,2217,507,530,587,689,808,1473,270,281,316,373,427,710,237,249,271,316,381,763,1946,0,1946
20233,A,골목상권,3110600,신월7동주민센터,5360,2643,2717,407,651,744,736,923,1899,203,332,389,390,468,861,204,319,355,346,455,1038,2225,0,2225
20233,A,골목상권,3110601,신월1동우편취급국,6682,3457,3225,701,725,927,1123,1137,2069,338,383,501,631,576,1028,363,342,426,492,561,1041,3198,0,3198
20233,A,골목상권,3110602,신월시영아파트중문,1603,808,795,107,215,195,210,271,605,51,118,108,116,138,277,56,97,87,94,133,328,632,0,632
20233,A,골목상권,3110603,지향초등학교,349,173,176,73,41,34,41,62,98,39,16,19,21,31,47,34,25,15,20,31,51,133,0,133
20233,A,골목상권,3110604,신월4동주민센터,7161,3539,3622,1192,785,844,1312,1043,1985,598,394,420,667,523,937,594,391,424,645,520,1048,2626,0,2626
20233,A,골목상권,3110605,목동센트럴아이파크앞,1132,555,577,135,142,158,171,177,349,68,75,93,75,84,160,67,67,65,96,93,189,531,0,531
20233,A,골목상권,3110606,신한은행 신월동지점,7141,3474,3667,939,853,903,1159,1137,2150,475,442,443,570,535,1009,464,411,460,589,602,1141,2708,0,2708
20233,A,골목상권,3110607,금빛새마을금고본점,964,500,464,100,109,133,148,145,329,53,68,73,80,78,148,47,41,60,68,67,181,389,0,389
20233,A,골목상권,3110608,신월2동주민센터,9298,4679,4619,1153,1080,1235,1484,1486,2860,587,572,639,774,732,1375,566,508,596,710,754,1485,3561,0,3561
20233,A,골목상권,3110609,신정네거리역 2번,2309,1139,1170,258,272,371,367,363,678,131,138,198,187,166,319,127,134,173,180,197,359,1086,0,1086
20233,A,골목상권,3110610,계남근린공원,3055,1575,1480,234,381,397,442,538,1063,128,210,214,246,272,505,106,171,183,196,266,558,1428,0,1428
20233,A,골목상권,3110611,신정역 1번,4821,2376,2445,546,540,709,873,718,1435,279,276,348,452,340,681,267,264,361,421,378,754,2098,0,2098
20233,A,골목상권,3110612,신정역 5번,8575,4209,4366,888,943,1285,1453,1353,2653,470,475,641,767,635,1221,418,468,644,686,718,1432,4006,0,4006
20233,A,골목상권,3110613,신정네거리역 4번,525,252,273,48,78,50,73,99,177,20,45,26,30,53,78,28,33,24,43,46,99,254,0,254
20233,A,골목상권,3110614,목동로데오거리,2453,1175,1278,306,223,398,420,344,762,136,124,202,212,153,348,170,99,196,208,191,414,1053,0,1053
20233,A,골목상권,3110615,신서초등학교,1139,555,584,175,179,133,170,217,265,97,89,71,78,97,123,78,90,62,92,120,142,385,0,385
20233,A,골목상권,3110616,양목초등학교,977,471,506,145,113,145,209,151,214,71,61,64,116,69,90,74,52,81,93,82,124,361,0,361
20233,A,골목상권,3110617,등촌역 4번,2491,1160,1331,272,255,453,416,360,735,136,137,201,224,155,307,136,118,252,192,205,428,1192,0,1192
20233,A,골목상권,3110618,강서고등학교,6476,3213,3263,733,1030,902,1002,1222,1587,370,605,459,507,561,711,363,425,443,495,661,876,2696,0,2696
20233,A,골목상권,3110619,목4동주민센터,1406,674,732,150,187,221,210,240,398,82,103,109,95,109,176,68,84,112,115,131,222,633,0,633
20233,A,골목상권,3110620,목동보건지소,8846,4409,4437,1187,1466,1115,1339,1730,2009,617,844,557,624,843,924,570,622,558,715,887,1085,3458,0,3458
20233,A,골목상권,3110621,목동역 5번,779,367,412,115,133,96,121,153,161,61,62,42,50,78,74,54,71,54,71,75,87,253,0,253
20233,A,골목상권,3110622,달마을공원,4212,2032,2180,429,476,907,719,607,1074,210,245,428,389,267,493,219,231,479,330,340,581,1886,0,1886
20233,A,골목상권,3110623,갈산공원,202,97,105,46,18,29,39,23,47,26,11,13,16,9,22,20,7,16,23,14,25,64,0,64
20233,A,골목상권,3110624,목동문화체육센터,2611,1278,1333,321,386,372,421,494,617,164,219,186,211,226,272,157,167,186,210,268,345,922,0,922
20233,A,골목상권,3110625,신정2동주민센터,3574,1774,1800,454,633,363,468,814,842,237,340,172,203,412,410,217,293,191,265,402,432,1261,0,1261
20233,A,골목상권,3110626,양화초등학교,6664,3188,3476,720,643,1490,1212,918,1681,374,348,677,620,414,755,346,295,813,592,504,926,3118,0,3118
20233,A,골목상권,3110627,신정롯데캐슬아파트,2534,1263,1271,266,393,325,338,506,706,136,218,172,161,246,330,130,175,153,177,260,376,1036,0,1036
20233,A,골목상권,3110628,신목동역,1474,750,724,174,158,326,250,227,339,99,86,148,137,114,166,75,72,178,113,113,173,706,0,706
20233,A,골목상권,3110629,송정역 4번,955,467,488,55,92,227,150,114,317,27,36,114,83,55,152,28,56,113,67,59,165,529,0,529
20233,A,골목상권,3110630,공항시장역 1번,5954,2910,3044,484,576,1243,857,882,1912,237,264,619,449,451,890,247,312,624,408,431,1022,3565,0,3565
20233,A,골목상권,3110631,방화초등학교,3603,1793,1810,478,404,489,573,608,1051,258,214,227,300,318,476,220,190,262,273,290,575,1654,0,1654
20233,A,골목상권,3110632,방화역 3번,1548,745,803,144,189,246,203,256,510,68,88,128,99,123,239,76,101,118,104,133,271,723,0,723
20233,A,골목상권,3110633,개화산역 1번,395,203,192,35,51,52,50,78,129,14,22,29,28,44,66,21,29,23,22,34,63,228,0,228
20233,A,골목상권,3110634,송정역 3번,8166,4182,3984,926,777,1430,1427,1234,2372,492,370,761,779,648,1132,434,407,669,648,586,1240,4417,0,4417
20233,A,골목상권,3110635,공항시장역 3번,3190,1622,1568,319,350,455,447,482,1137,167,185,242,238,258,532,152,165,213,209,224,605,1395,0,1395
20233,A,골목상권,3110636,방화역 2번,1290,649,641,185,116,208,232,171,378,93,68,94,111,100,183,92,48,114,121,71,195,563,0,563
20233,A,골목상권,3110637,송정역 2번,1930,977,953,176,214,320,281,307,632,86,119,160,155,157,300,90,95,160,126,150,332,1002,0,1002
20233,A,골목상권,3110638,신방화역 2번,5376,2740,2636,637,554,840,913,814,1618,327,297,439,492,419,766,310,257,401,421,395,852,2781,0,2781
20233,A,골목상권,3110639,신방화역 8번,3143,1576,1567,289,379,421,452,507,1095,145,195,214,247,255,520,144,184,207,205,252,575,1435,0,1435
20233,A,골목상권,3110640,방화역 1번,2336,1135,1201,218,200,479,442,360,637,112,85,178,241,211,308,106,115,301,201,149,329,1575,0,1575
20233,A,골목상권,3110641,공항고등학교,1547,785,762,219,159,221,282,241,425,121,80,114,136,121,213,98,79,107,146,120,212,651,0,651
20233,A,골목상권,3110642,정곡초등학교,829,406,423,134,80,116,151,118,230,63,39,62,79,48,115,71,41,54,72,70,115,329,0,329
20233,A,골목상권,3110643,강서구다솔마을,2448,1285,1163,290,206,355,515,396,686,156,107,185,293,209,335,134,99,170,222,187,351,1152,0,1152
20233,A,골목상권,3110644,신광명마을,813,402,411,104,85,102,136,133,253,54,44,52,69,74,109,50,41,50,67,59,144,407,0,407
20233,A,골목상권,3110645,우장산역 4번,7298,3471,3827,1035,1294,801,1135,1426,1607,505,600,394,526,707,739,530,694,407,609,719,868,2826,0,2826
20233,A,골목상권,3110646,푸른들청소년도서관,9126,4439,4687,947,1049,1502,1400,1419,2809,488,529,747,710,665,1300,459,520,755,690,754,1509,3861,0,3861
20233,A,골목상권,3110647,화곡역 5번,9384,4554,4830,1168,877,1617,1869,1341,2512,584,435,777,970,644,1144,584,442,840,899,697,1368,4116,0,4116
20233,A,골목상권,3110648,양천향교역 7번,1356,587,769,9,171,730,302,92,52,5,40,285,177,51,29,4,131,445,125,41,23,3656,0,3656
20233,A,골목상권,3110649,우장산역 1번,3107,1461,1646,521,491,372,535,574,614,244,220,190,234,282,291,277,271,182,301,292,323,1242,0,1242
20233,A,골목상권,3110650,우장산힐스테이트,884,415,469,148,118,94,151,154,219,73,52,43,67,79,101,75,66,51,84,75,118,310,0,310
20233,A,골목상권,3110651,화원중학교,6065,3010,3055,728,674,931,1072,915,1745,370,356,469,565,440,810,358,318,462,507,475,935,2783,0,2783
20233,A,골목상권,3110652,양천향교역 2번,1472,771,701,150,173,294,234,217,404,84,93,153,139,107,195,66,80,141,95,110,209,1193,0,1193
20233,A,골목상권,3110653,화곡역 2번,4682,2237,2445,437,429,852,822,629,1513,241,217,407,424,281,667,196,212,445,398,348,846,1528,0,1528
20233,A,골목상권,3110654,까치산역 4번,12767,6301,6466,1306,1303,2319,2197,1944,3698,665,655,1183,1166,938,1694,641,648,1136,1031,1006,2004,5977,0,5977
20233,A,골목상권,3110655,발산역 5번,1111,542,569,158,139,152,216,178,268,79,66,82,106,84,125,79,73,70,110,94,143,479,0,479
20233,A,골목상권,3110656,까치산역 3번,8787,4484,4303,684,617,2353,1770,1050,2313,307,294,1205,1027,557,1094,377,323,1148,743,493,1219,5966,0,5966
20233,A,골목상권,3110657,양천향교역 5번,962,470,492,73,111,206,184,145,243,41,58,96,99,67,109,32,53,110,85,78,134,1125,0,1125
20233,A,골목상권,3110658,화곡초등학교,3509,1765,1744,285,326,876,715,476,831,151,155,461,390,247,361,134,171,415,325,229,470,1821,0,1821
20233,A,골목상권,3110659,화곡역 4번,21341,10459,10882,3078,2295,3346,4280,3161,5181,1586,1133,1668,2235,1577,2260,1492,1162,1678,2045,1584,2921,8411,0,8411
20233,A,골목상권,3110660,등촌3동주민센터,1635,818,817,136,177,275,196,238,613,68,96,146,107,118,283,68,81,129,89,120,330,968,0,968
20233,A,골목상권,3110661,강서새말어린이공원,1462,716,746,200,160,193,291,238,380,100,81,97,150,113,175,100,79,96,141,125,205,660,0,660
20233,A,골목상권,3110662,까치산역 1번,13489,6575,6914,1612,1334,2120,2590,1941,3892,796,708,1024,1358,938,1751,816,626,1096,1232,1003,2141,5837,0,5837
20233,A,골목상권,3110663,우장산롯데캐슬아파트앞,1571,766,805,182,188,252,276,259,414,97,101,109,141,120,198,85,87,143,135,139,216,642,0,642
20233,A,골목상권,3110664,강서구청옆,672,328,344,122,64,102,147,67,170,68,36,44,80,28,72,54,28,58,67,39,98,240,0,240
20233,A,골목상권,3110665,곰달래도서관,5926,2957,2969,674,500,941,1062,839,1910,352,255,478,552,432,888,322,245,463,510,407,1022,2504,0,2504
20233,A,골목상권,3110666,KC대학교,2040,1034,1006,209,220,311,308,326,666,108,120,159,171,178,298,101,100,152,137,148,368,861,0,861
20233,A,골목상권,3110667,가양역 10번,593,252,341,41,56,103,91,83,219,20,28,38,46,38,82,21,28,65,45,45,137,380,0,380
20233,A,골목상권,3110668,화곡2동주민센터,9692,4732,4960,1393,1007,1410,1926,1484,2472,724,541,695,947,721,1104,669,466,715,979,763,1368,3863,0,3863
20233,A,골목상권,3110669,화곡보람2차아파트,775,378,397,104,83,139,174,112,163,51,48,61,90,53,75,53,35,78,84,59,88,371,0,371
20233,A,골목상권,3110670,신곡초등학교,8201,4004,4197,1204,981,1113,1506,1352,2045,595,500,579,753,652,925,609,481,534,753,700,1120,3183,0,3183
20233,A,골목상권,3110671,등촌1동주민센터,5933,2914,3019,735,571,1340,1102,795,1390,413,287,596,570,392,656,322,284,744,532,403,734,3888,0,3888
20233,A,골목상권,3110672,백석중학교,3285,1674,1611,394,467,497,497,592,838,213,269,272,255,275,390,181,198,225,242,317,448,1424,0,1424
20233,A,골목상권,3110673,뜸부기어린이공원,4489,2216,2273,435,396,765,779,623,1491,209,213,399,414,296,685,226,183,366,365,327,806,2099,0,2099
20233,A,골목상권,3110674,강서구청가양동별관,161,84,77,9,13,15,33,42,49,3,7,9,21,18,26,6,6,6,12,24,23,124,0,124
20233,A,골목상권,3110675,화곡4동주민센터,7877,3873,4004,861,882,1258,1385,1221,2270,447,448,655,732,589,1002,414,434,603,653,632,1268,3535,0,3535
20233,A,골목상권,3110676,등촌역 7번,3643,1728,1915,460,404,731,699,532,817,239,202,319,356,246,366,221,202,412,343,286,451,1562,0,1562
20233,A,골목상권,3110677,등촌역 1번,933,475,458,151,110,129,177,143,223,84,55,68,83,76,109,67,55,61,94,67,114,889,0,889
20233,A,골목상권,3110678,염창무학아파트,965,478,487,138,101,200,146,120,260,75,53,97,79,55,119,63,48,103,67,65,141,610,0,610
20233,A,골목상권,3110679,염창역 2번,774,348,426,61,60,241,160,102,150,26,23,94,85,49,71,35,37,147,75,53,79,667,0,667
20233,A,골목상권,3110680,온수역 5번(온수산업단지),1694,857,837,197,117,248,330,239,563,112,62,118,180,129,256,85,55,130,150,110,307,761,0,761
20233,A,골목상권,3110681,온수역 1번,182,95,87,15,12,36,40,13,66,12,3,18,22,6,34,3,9,18,18,7,32,84,0,84
20233,A,골목상권,3110682,온수역 8번,1003,489,514,126,107,121,168,144,337,62,54,56,82,75,160,64,53,65,86,69,177,433,0,433
20233,A,골목상권,3110683,오류고등학교,1603,800,803,231,222,201,253,258,438,126,119,96,130,131,198,105,103,105,123,127,240,646,0,646
20233,A,골목상권,3110684,서울공연예술고등학교,1392,673,719,158,193,187,213,232,409,76,110,94,103,108,182,82,83,93,110,124,227,602,0,602
20233,A,골목상권,3110685,금강수목원아파트,214,104,110,31,23,23,41,36,60,13,13,11,19,21,27,18,10,12,22,15,33,82,0,82
20233,A,골목상권,3110686,수궁동주민센터,4719,2323,2396,584,541,631,789,766,1408,290,302,312,405,372,642,294,239,319,384,394,766,2114,0,2114
20233,A,골목상권,3110687,"천왕역 3번(오류2동주민센터, 서울오류남초등학교)",631,317,314,77,81,72,122,94,185,39,38,38,69,48,85,38,43,34,53,46,100,244,0,244
20233,A,골목상권,3110688,오류지구대,2559,1261,1298,285,297,366,404,384,823,161,145,180,214,190,371,124,152,186,190,194,452,1254,0,1254
20233,A,골목상권,3110689,오류동역 3번,3159,1565,1594,335,340,450,490,501,1043,159,168,218,263,265,492,176,172,232,227,236,551,1637,0,1637
20233,A,골목상권,3110690,오류2동버들시장,5289,2640,2649,599,481,741,860,824,1784,313,260,348,481,411,827,286,221,393,379,413,957,2555,0,2555
20233,A,골목상권,3110691,개봉중학교,3182,1606,1576,312,393,423,485,534,1035,140,225,224,258,275,484,172,168,199,227,259,551,1362,0,1362
20233,A,골목상권,3110692,큰굴다리,1611,837,774,137,185,206,223,257,603,66,90,106,125,145,305,71,95,100,98,112,298,1025,0,1025
20233,A,골목상권,3110693,오류동역 4번,689,363,326,23,57,283,162,58,106,14,27,136,98,32,56,9,30,147,64,26,50,599,0,599
20233,A,골목상권,3110694,세곡초등학교,7183,3589,3594,671,906,961,988,1334,2323,314,507,470,517,680,1101,357,399,491,471,654,1222,3369,0,3369
20233,A,골목상권,3110695,개봉1동주민센터,5758,2949,2809,437,610,675,771,1004,2261,207,327,360,423,527,1105,230,283,315,348,477,1156,2950,0,2950
20233,A,골목상권,3110696,오류동역 1번,3472,1753,1719,367,352,501,607,554,1091,190,179,247,335,272,530,177,173,254,272,282,561,1590,0,1590
20233,A,골목상권,3110697,개봉3동주민센터,2743,1359,1384,333,329,374,486,452,769,166,158,193,278,212,352,167,171,181,208,240,417,1313,0,1313
20233,A,골목상권,3110698,개웅초등학교(개웅중학교),6663,3271,3392,725,843,893,1051,1127,2024,365,447,468,519,547,925,360,396,425,532,580,1099,2850,0,2850
20233,A,골목상권,3110699,덕의초등학교,1776,892,884,218,205,210,283,318,542,120,101,109,147,162,253,98,104,101,136,156,289,759,0,759
20233,A,골목상권,3110700,고척초등학교,3390,1713,1677,364,414,412,529,557,1114,183,217,222,291,281,519,181,197,190,238,276,595,1605,0,1605
20233,A,골목상권,3110701,고척동성당,1041,506,535,109,107,209,188,125,303,56,49,103,100,54,144,53,58,106,88,71,159,570,0,570
20233,A,골목상권,3110702,개봉초등학교,2019,977,1042,302,185,283,378,284,587,156,97,142,188,124,270,146,88,141,190,160,317,1101,0,1101
20233,A,골목상권,3110703,개봉역,2024,1001,1023,225,184,291,384,283,657,112,89,145,196,148,311,113,95,146,188,135,346,966,0,966
20233,A,골목상권,3110704,고척중학교,109,67,42,0,26,43,13,18,9,0,14,23,11,14,5,0,12,20,2,4,4,87,0,87
20233,A,골목상권,3110705,고산초등학교,551,270,281,78,100,104,105,79,85,45,54,56,52,28,35,33,46,48,53,51,50,287,0,287
20233,A,골목상권,3110706,그라운드 고척,530,295,235,28,49,95,84,81,193,18,25,54,49,49,100,10,24,41,35,32,93,408,0,408
20233,A,골목상권,3110707,구로창업지원센터,2357,1220,1137,196,261,334,320,359,887,88,140,186,173,202,431,108,121,148,147,157,456,1038,0,1038
20233,A,골목상권,3110708,화원어린이공원,1359,690,669,116,100,240,238,207,458,70,48,114,137,115,206,46,52,126,101,92,252,765,0,765
20233,A,골목상권,3110709,구로119안전센터,2908,1482,1426,217,270,371,402,578,1070,98,140,194,240,303,507,119,130,177,162,275,563,1413,0,1413
20233,A,골목상권,3110710,남구로역 3번,6572,3472,3100,419,579,713,850,1211,2800,230,308,383,499,672,1380,189,271,330,351,539,1420,3012,0,3012
20233,A,골목상권,3110711,구로초등학교,4335,2137,2198,379,464,496,571,792,1633,184,234,243,298,434,744,195,230,253,273,358,889,2056,0,2056
20233,A,골목상권,3110712,남구로역 5번,6148,3078,3070,481,695,811,891,1061,2209,252,416,441,464,510,995,229,279,370,427,551,1214,2382,0,2382
20233,A,골목상권,3110713,구로보건소,7582,3801,3781,713,778,1197,1146,1282,2466,342,409,586,620,671,1173,371,369,611,526,611,1293,3672,0,3672
20233,A,골목상권,3110714,구로4동주민센터,4887,2451,2436,465,431,558,725,915,1793,230,228,268,398,502,825,235,203,290,327,413,968,2250,0,2250
20233,A,골목상권,3110715,구로구민회관,1084,560,524,87,123,122,138,202,412,45,70,67,78,102,198,42,53,55,60,100,214,460,0,460
20233,A,골목상권,3110716,구로나눔길,815,414,401,61,83,87,102,156,326,33,38,44,59,91,149,28,45,43,43,65,177,434,0,434
20233,A,골목상권,3110717,남구로역 2번,8335,4343,3992,660,796,971,1249,1549,3110,327,411,512,709,860,1524,333,385,459,540,689,1586,4187,0,4187
20233,A,골목상권,3110718,한국SGI본부,2758,1278,1480,163,279,943,447,346,580,83,103,390,230,172,300,80,176,553,217,174,280,1911,0,1911
20233,A,골목상권,3110719,영서중학교,391,176,215,65,39,48,69,58,112,30,13,28,32,26,47,35,26,20,37,32,65,227,0,227
20233,A,골목상권,3110720,대림역 2번,2822,1404,1418,225,249,352,396,513,1087,110,135,182,212,259,506,115,114,170,184,254,581,1199,0,1199
20233,A,골목상권,3110721,가리봉파출소,2589,1348,1241,195,228,467,414,541,744,98,116,259,230,278,367,97,112,208,184,263,377,1654,0,1654
20233,A,골목상권,3110722,G타워,3967,2182,1785,64,207,2349,800,246,301,38,63,1243,518,162,158,26,144,1106,282,84,143,3378,0,3378
20233,A,골목상권,3110723,가산디지털단지역 1번 출입구,903,466,437,51,76,131,137,164,344,17,40,78,76,88,167,34,36,53,61,76,177,540,0,540
20233,A,골목상권,3110724,금천구립가산도서관,2731,1679,1052,154,190,1009,506,367,505,76,90,651,353,231,278,78,100,358,153,136,227,2068,0,2068
20233,A,골목상권,3110725,가산동주민센터,1069,613,456,13,39,367,184,204,262,4,11,170,108,148,172,9,28,197,76,56,90,1752,0,1752
20233,A,골목상권,3110726,금천철쭉어린이공원(금하마을),2030,1029,1001,187,265,253,304,404,617,89,124,145,175,204,292,98,141,108,129,200,325,884,0,884
20233,A,골목상권,3110727,독산역 1번 출입구,858,463,395,94,48,228,177,107,204,47,25,132,104,46,109,47,23,96,73,61,95,771,0,771
20233,A,골목상권,3110728,두산초등학교,1428,797,631,93,118,584,258,150,225,48,42,327,175,89,116,45,76,257,83,61,109,1123,0,1123
20233,A,골목상권,3110729,가산동우체국,2732,1576,1156,94,227,915,468,399,629,48,81,524,319,266,338,46,146,391,149,133,291,2268,0,2268
20233,A,골목상권,3110730,서울축산농협 독산역지점(독산파출소),2024,1150,874,185,181,452,340,314,552,100,93,268,215,194,280,85,88,184,125,120,272,1728,0,1728
20233,A,골목상권,3110731,금천구청역 1번 출입구,1175,594,581,160,92,240,268,170,245,83,44,115,140,91,121,77,48,125,128,79,124,662,0,662
20233,A,골목상권,3110732,가산초등학교(세일중학교),2396,1296,1100,144,191,699,342,364,656,74,76,367,213,223,343,70,115,332,129,141,313,1961,0,1961
20233,A,골목상권,3110733,금천어울림복지센터,284,144,140,17,30,81,44,35,77,6,16,40,28,14,40,11,14,41,16,21,37,309,0,309
20233,A,골목상권,3110734,금천파출소,208,118,90,14,10,23,28,41,92,8,5,15,16,33,41,6,5,8,12,8,51,210,0,210
20233,A,골목상권,3110735,말미고개,5877,2975,2902,623,616,988,815,1020,1815,337,320,520,426,510,862,286,296,468,389,510,953,2688,0,2688
20233,A,골목상권,3110736,독산119안전센터,5078,2522,2556,514,540,726,770,927,1601,243,256,383,377,472,791,271,284,343,393,455,810,2240,0,2240
20233,A,골목상권,3110737,금천세무서,2339,1213,1126,174,242,426,328,431,738,83,141,208,179,229,373,91,101,218,149,202,365,1467,0,1467
20233,A,골목상권,3110738,문성초등학교,3587,1805,1782,233,369,384,442,756,1403,119,189,209,219,408,661,114,180,175,223,348,742,2045,0,2045
20233,A,골목상권,3110739,시흥3동 우편취급국,305,157,148,14,48,47,27,61,108,7,27,27,13,31,52,7,21,20,14,30,56,129,0,129
20233,A,골목상권,3110740,금천해태공원,5596,2822,2774,514,613,767,772,985,1945,254,318,413,422,508,907,260,295,354,350,477,1038,2696,0,2696
20233,A,골목상권,3110741,독산2동주민센터,3979,2022,1957,359,478,602,537,789,1214,170,262,327,284,391,588,189,216,275,253,398,626,1857,0,1857
20233,A,골목상권,3110742,KT금천빌딩(금천구시설관리공단),225,111,114,16,26,20,36,49,78,6,16,10,21,22,36,10,10,10,15,27,42,125,0,125
20233,A,골목상권,3110743,시흥초등학교(시흥1동우체국),4739,2391,2348,468,531,640,663,873,1564,250,290,336,351,451,713,218,241,304,312,422,851,2100,0,2100
20233,A,골목상권,3110744,독산동성당,9027,4576,4451,743,1048,1166,1252,1809,3009,363,536,639,666,930,1442,380,512,527,586,879,1567,4148,0,4148
20233,A,골목상권,3110745,독산동정훈단지,3025,1549,1476,247,380,390,383,647,978,125,201,218,202,336,467,122,179,172,181,311,511,1509,0,1509
20233,A,골목상권,3110746,금천금빛공원(은행나무사거리서측),1705,833,872,129,205,220,232,330,589,65,98,108,124,165,273,64,107,112,108,165,316,882,0,882
20233,A,골목상권,3110747,석수역 1번 출입구,1088,544,544,98,100,162,144,149,435,43,57,84,87,66,207,55,43,78,57,83,228,442,0,442
20233,A,골목상권,3110748,백산초등학교,2000,1012,988,176,206,260,316,338,704,92,118,154,144,173,331,84,88,106,172,165,373,978,0,978
20233,A,골목상권,3110749,금산초등학교(금천고등학교),5178,2588,2590,603,548,725,788,788,1726,288,291,380,412,394,823,315,257,345,376,394,903,2009,0,2009
20233,A,골목상권,3110750,시흥4동주민센터(서울신흥초등학교),5109,2598,2511,474,530,608,736,924,1837,241,268,314,413,495,867,233,262,294,323,429,970,2417,0,2417
20233,A,골목상권,3110751,난곡중학교,5859,2920,2939,502,633,844,861,1082,1937,246,336,419,475,542,902,256,297,425,386,540,1035,2857,0,2857
20233,A,골목상권,3110752,한울중학교,6605,3294,3311,685,792,918,924,1205,2081,357,410,472,470,609,976,328,382,446,454,596,1105,2845,0,2845
20233,A,골목상권,3110753,시흥동 은행나무사거리,7155,3629,3526,676,859,897,952,1225,2546,357,440,476,514,635,1207,319,419,421,438,590,1339,3427,0,3427
20233,A,골목상권,3110754,삼성산자연공원(서울금천초등학교),4570,2256,2314,482,533,625,574,824,1532,260,256,345,289,409,697,222,277,280,285,415,835,2625,0,2625
20233,A,골목상권,3110755,동일여자고등학교,1546,786,760,174,207,169,221,306,469,80,106,98,116,163,223,94,101,71,105,143,246,643,0,643
20233,A,골목상권,3110756,문래중학교,2567,1274,1293,411,194,678,703,267,314,217,86,312,380,134,145,194,108,366,323,133,169,1406,0,1406
20233,A,골목상권,3110757,양평역 2번,1494,812,682,57,145,436,271,238,347,28,71,235,169,152,157,29,74,201,102,86,190,1565,0,1565
20233,A,골목상권,3110758,문래소공원,1219,601,618,242,125,196,275,182,199,128,55,90,140,98,90,114,70,106,135,84,109,686,0,686
20233,A,골목상권,3110759,문래예술촌(문래창작촌),1455,814,641,170,70,341,265,183,426,95,32,179,170,120,218,75,38,162,95,63,208,744,0,744
20233,A,골목상권,3110760,선유도역 6번,964,492,472,127,99,221,181,112,224,66,54,114,103,57,98,61,45,107,78,55,126,600,0,600
20233,A,골목상권,3110761,문래동남성맨션,25,16,9,0,0,2,6,0,17,0,0,1,4,0,11,0,0,1,2,0,6,14,0,14
20233,A,골목상권,3110762,선유도역 1번,10608,5340,5268,1338,1012,2473,1896,1447,2442,667,501,1178,1017,777,1200,671,511,1295,879,670,1242,5787,0,5787
20233,A,골목상권,3110763,영등포구청역 2번,1021,514,507,141,77,202,201,125,275,77,32,99,105,66,135,64,45,103,96,59,140,702,0,702
20233,A,골목상권,3110764,문래역 3번,56,33,23,1,4,29,7,6,9,1,2,15,3,5,7,0,2,14,4,1,2,68,0,68
20233,A,골목상권,3110765,문래동사거리,122,66,56,7,6,13,21,13,62,4,3,10,14,9,26,3,3,3,7,4,36,58,0,58
20233,A,골목상권,3110766,대림역 5번,2819,1434,1385,238,241,428,422,500,990,125,128,240,226,258,457,113,113,188,196,242,533,1295,0,1295
20233,A,골목상권,3110767,도림동주민센터,944,505,439,48,56,135,115,194,396,22,32,69,66,116,200,26,24,66,49,78,196,623,0,623
20233,A,골목상권,3110768,도림2동유수지내체육시설,1403,676,727,105,111,525,265,139,258,59,55,218,138,72,134,46,56,307,127,67,124,873,0,873
20233,A,골목상권,3110769,대림차이나타운(대림역 12번),973,464,509,80,84,90,139,180,400,40,49,44,59,86,186,40,35,46,80,94,214,397,0,397
20233,A,골목상권,3110770,영등포구청역 6번,1717,813,904,119,165,362,239,259,573,51,80,165,130,142,245,68,85,197,109,117,328,1223,0,1223
20233,A,골목상권,3110771,대림역 11번,859,428,431,52,62,76,139,183,347,22,35,36,68,100,167,30,27,40,71,83,180,476,0,476
20233,A,골목상권,3110772,신우어린이공원,1357,704,653,138,158,207,207,245,402,76,85,123,92,133,195,62,73,84,115,112,207,568,0,568
20233,A,골목상권,3110773,당산역 13번,139,61,78,6,14,35,34,23,27,3,4,14,13,14,13,3,10,21,21,9,14,111,0,111
20233,A,골목상권,3110774,당산반도유보라팰리스아파트,1173,570,603,82,99,470,216,115,191,50,46,216,114,48,96,32,53,254,102,67,95,935,0,935
20233,A,골목상권,3110775,대동초등학교,925,466,459,75,80,114,119,174,363,47,42,64,58,85,170,28,38,50,61,89,193,402,0,402
20233,A,골목상권,3110776,도신초등학교,3951,2025,1926,377,499,489,532,763,1291,180,287,260,290,393,615,197,212,229,242,370,676,1527,0,1527
20233,A,골목상권,3110777,구로세무서,161,121,40,2,7,6,14,25,107,2,4,2,11,20,82,0,3,4,3,5,25,110,0,110
20233,A,골목상권,3110778,구로디지털단지역 4번,4386,2156,2230,343,409,570,573,769,1722,163,210,299,305,382,797,180,199,271,268,387,925,2361,0,2361
20233,A,골목상권,3110779,대림갑을명가아파트,337,167,170,24,30,27,49,64,143,13,16,12,27,37,62,11,14,15,22,27,81,171,0,171
20233,A,골목상권,3110780,신길대성유니드아파트,3774,1920,1854,407,398,438,592,655,1284,228,209,238,318,342,585,179,189,200,274,313,699,1539,0,1539
20233,A,골목상권,3110781,대림한신아파트,3804,1931,1873,342,465,477,506,684,1330,167,242,278,292,336,616,175,223,199,214,348,714,1609,0,1609
20233,A,골목상권,3110782,영등포시장역 4번,524,283,241,31,44,202,97,52,98,19,19,116,54,29,46,12,25,86,43,23,52,565,0,565
20233,A,골목상권,3110783,영등포시장역 1번,822,451,371,87,63,105,123,141,303,45,28,59,66,84,169,42,35,46,57,57,134,430,0,430
20233,A,골목상권,3110784,신대림초등학교,1161,579,582,98,121,179,173,190,400,42,61,94,96,102,184,56,60,85,77,88,216,558,0,558
20233,A,골목상권,3110785,영등포푸르지오아파트,3762,1908,1854,333,354,486,568,682,1339,172,193,250,309,352,632,161,161,236,259,330,707,1778,0,1778
20233,A,골목상권,3110786,당산역 8번,2123,1085,1038,169,191,582,336,277,568,89,96,305,183,148,264,80,95,277,153,129,304,1368,0,1368
20233,A,골목상권,3110787,신길3동주민센터,3666,1877,1789,276,391,432,497,743,1327,146,211,229,267,398,626,130,180,203,230,345,701,1757,0,1757
20233,A,골목상권,3110788,영등포시장역 3번,29,14,15,0,0,3,6,3,17,0,0,1,4,1,8,0,0,2,2,2,9,170,0,170
20233,A,골목상권,3110789,대림성모병원,1863,931,932,140,175,283,277,319,669,69,93,140,147,172,310,71,82,143,130,147,359,977,0,977
20233,A,골목상권,3110790,대림1동주민센터,3498,1717,1781,257,393,497,461,615,1275,140,210,266,230,295,576,117,183,231,231,320,699,1933,0,1933
20233,A,골목상권,3110791,신풍역 3번,237,125,112,28,18,32,53,28,78,14,13,12,30,15,41,14,5,20,23,13,37,95,0,95
20233,A,골목상권,3110792,영등포역 2번,4329,2212,2117,330,351,736,623,750,1539,173,189,393,342,387,728,157,162,343,281,363,811,2228,0,2228
20233,A,골목상권,3110793,대림썬프라자,9,5,4,0,0,3,0,1,5,0,0,1,0,1,3,0,0,2,0,0,2,1,0,1
20233,A,골목상권,3110794,영동초등학교,2865,1276,1589,144,184,1530,521,203,283,76,79,578,281,115,147,68,105,952,240,88,136,2698,0,2698
20233,A,골목상권,3110795,도림초등학교,1969,978,991,181,196,230,235,356,771,93,110,116,121,180,358,88,86,114,114,176,413,1053,0,1053
20233,A,골목상권,3110796,한림대학교한강성심병원,888,503,385,61,70,279,167,103,208,33,35,142,101,75,117,28,35,137,66,28,91,945,0,945
20233,A,골목상권,3110797,KT대방빌딩,282,143,139,26,21,38,43,42,112,13,12,20,23,23,52,13,9,18,20,19,60,110,0,110
20233,A,골목상권,3110798,신풍역 2번,628,329,299,87,54,94,97,105,191,48,32,52,49,50,98,39,22,42,48,55,93,265,0,265
20233,A,골목상권,3110799,영등포본동주민센터,657,312,345,46,72,107,79,114,239,19,35,59,41,50,108,27,37,48,38,64,131,348,0,348
20233,A,골목상권,3110800,영등포동성당,589,366,223,12,29,264,96,61,127,5,14,175,65,47,60,7,15,89,31,14,67,680,0,680
20233,A,골목상권,3110801,신풍역 6번(신길6동공영주차장),249,128,121,20,19,29,31,40,110,9,11,17,15,24,52,11,8,12,16,16,58,108,0,108
20233,A,골목상권,3110802,신길동홍어거리,1321,639,682,107,145,185,177,240,467,54,80,94,89,119,203,53,65,91,88,121,264,742,0,742
20233,A,골목상권,3110803,신길2동우편취급국,2778,1427,1351,191,250,411,389,419,1118,99,141,224,210,226,527,92,109,187,179,193,591,1531,0,1531
20233,A,골목상권,3110804,신풍역 1번,2096,1012,1084,163,198,362,290,322,761,73,95,203,149,161,331,90,103,159,141,161,430,1383,0,1383
20233,A,골목상권,3110805,신길새마을금고신길4동지점,615,318,297,31,64,98,85,106,231,12,30,55,51,60,110,19,34,43,34,46,121,494,0,494
20233,A,골목상권,3110807,신길역 3번,1313,718,595,35,95,767,229,85,102,20,31,420,141,53,53,15,64,347,88,32,49,1993,0,1993
20233,A,골목상권,3110808,신길역 1번,711,403,308,50,70,173,100,120,198,26,37,116,63,68,93,24,33,57,37,52,105,395,0,395
20233,A,골목상권,3110809,장훈고등학교,781,395,386,55,79,117,104,152,274,26,39,58,55,82,135,29,40,59,49,70,139,379,0,379
20233,A,골목상권,3110810,영신초등학교,3227,1604,1623,233,312,453,414,537,1278,119,168,239,237,266,575,114,144,214,177,271,703,1892,0,1892
20233,A,골목상권,3110811,보라매역 4번,1721,874,847,143,170,378,259,249,522,84,88,190,139,128,245,59,82,188,120,121,277,971,0,971
20233,A,골목상권,3110812,신길6동주민센터,1484,726,758,111,154,355,248,216,400,62,89,148,132,105,190,49,65,207,116,111,210,932,0,932
20233,A,골목상권,3110813,보라매역 6번,2000,1007,993,170,201,295,261,309,764,92,114,152,144,156,349,78,87,143,117,153,415,1397,0,1397
20233,A,골목상권,3110814,서울지방병무청,3842,1926,1916,308,435,738,557,674,1130,171,208,378,318,340,511,137,227,360,239,334,619,1846,0,1846
20233,A,골목상권,3110815,공군호텔,4845,2490,2355,374,451,1078,817,742,1383,198,226,560,454,415,637,176,225,518,363,327,746,3342,0,3342
20233,A,골목상권,3110816,대방역 6번,1934,999,935,149,137,407,359,263,619,77,68,229,204,138,283,72,69,178,155,125,336,1108,0,1108
20233,A,골목상권,3110817,대방역 4번,690,386,304,25,43,271,109,77,165,15,19,157,72,43,80,10,24,114,37,34,85,704,0,704
20233,A,골목상권,3110818,신대방역 3번,811,398,413,58,81,198,143,119,212,20,35,103,78,66,96,38,46,95,65,53,116,551,0,551
20233,A,골목상권,3110819,신대방역 4번,5348,2634,2714,449,596,862,781,920,1740,238,298,444,393,473,788,211,298,418,388,447,952,3065,0,3065
20233,A,골목상권,3110820,성남고등학교,3939,1939,2000,521,582,675,657,706,798,254,320,319,329,355,362,267,262,356,328,351,436,1995,0,1995
20233,A,골목상권,3110821,보라매역 2번,6552,3216,3336,768,722,1103,1219,1011,1729,420,356,537,641,496,766,348,366,566,578,515,963,3036,0,3036
20233,A,골목상권,3110822,신대방삼거리역 4번(대림초등학교),5124,2467,2657,577,706,902,834,858,1247,288,391,420,383,422,563,289,315,482,451,436,684,2442,0,2442
20233,A,골목상권,3110823,신대방삼거리역 3번,3347,1649,1698,317,364,733,558,500,875,181,194,333,291,231,419,136,170,400,267,269,456,2045,0,2045
20233,A,골목상권,3110824,대방역 3번,518,251,267,66,55,140,79,85,93,34,24,66,42,49,36,32,31,74,37,36,57,391,0,391
20233,A,골목상권,3110825,신대방삼거리역 1번,8895,4304,4591,913,877,1863,1596,1202,2444,478,432,879,818,580,1117,435,445,984,778,622,1327,4854,0,4854
20233,A,골목상권,3110826,장승배기역 4번,4270,2092,2178,348,400,1021,723,557,1221,173,204,511,389,264,551,175,196,510,334,293,670,2612,0,2612
20233,A,골목상권,3110827,NH농협은행 상도동지점,2352,1171,1181,199,263,409,381,389,711,100,141,206,202,196,326,99,122,203,179,193,385,1436,0,1436
20233,A,골목상권,3110828,노량진역 6번,7794,3977,3817,514,865,1459,1059,1213,2684,278,439,818,584,622,1236,236,426,641,475,591,1448,4212,0,4212
20233,A,골목상권,3110829,장승배기역 5번,3301,1655,1646,216,334,565,391,563,1232,114,183,289,210,297,562,102,151,276,181,266,670,1658,0,1658
20233,A,골목상권,3110830,상도초등학교,4589,2268,2321,456,417,676,766,710,1564,242,222,346,412,360,686,214,195,330,354,350,878,2109,0,2109
20233,A,골목상권,3110831,상도4동주민센터,2614,1294,1320,335,282,470,447,404,676,178,156,232,228,202,298,157,126,238,219,202,378,1294,0,1294
20233,A,골목상권,3110832,노량진초등학교,3203,1648,1555,209,307,618,428,475,1166,95,156,382,239,258,518,114,151,236,189,217,648,2081,0,2081
20233,A,골목상권,3110833,상도역 2번,2057,1007,1050,212,242,499,350,263,491,118,112,252,181,133,211,94,130,247,169,130,280,1121,0,1121
20233,A,골목상권,3110834,동작구자원봉사센터,1044,560,484,78,108,284,163,138,273,38,52,179,99,79,113,40,56,105,64,59,160,705,0,705
20233,A,골목상권,3110835,상도역 1번,1187,557,630,101,121,321,166,128,350,46,65,151,83,58,154,55,56,170,83,70,196,697,0,697
20233,A,골목상권,3110836,상도역 5번,9006,4589,4417,877,1446,2237,1287,1060,2099,469,710,1308,659,504,939,408,736,929,628,556,1160,5244,0,5244
20233,A,골목상권,3110837,숭실대입구역 1번,4190,2068,2122,348,547,1115,633,472,1075,181,250,590,330,232,485,167,297,525,303,240,590,2434,0,2434
20233,A,골목상권,3110838,상도1동주민센터앞,105,60,45,3,13,28,14,15,32,2,7,18,8,11,14,1,6,10,6,4,18,74,0,74
20233,A,골목상권,3110839,숭실대입구역 4번,1966,1019,947,130,305,594,244,186,507,66,145,364,120,92,232,64,160,230,124,94,275,1183,0,1183
20233,A,골목상권,3110840,중앙대학교,2040,1035,1005,157,284,520,263,246,570,76,132,324,139,120,244,81,152,196,124,126,326,1415,0,1415
20233,A,골목상권,3110841,중대부중,2378,1172,1206,152,228,387,372,369,870,78,112,212,203,184,383,74,116,175,169,185,487,1081,0,1081
20233,A,골목상권,3110842,흑리단길,564,251,313,50,60,91,72,88,203,23,27,39,33,42,87,27,33,52,39,46,116,287,0,287
20233,A,골목상권,3110843,사당5동주민센터,1751,844,907,192,174,340,316,253,476,110,85,143,166,129,211,82,89,197,150,124,265,966,0,966
20233,A,골목상권,3110844,흑석2치안센터,923,458,465,74,80,140,141,140,348,42,41,80,78,69,148,32,39,60,63,71,200,410,0,410
20233,A,골목상권,3110845,사당종합체육관,1728,845,883,223,191,208,291,276,539,113,101,107,156,137,231,110,90,101,135,139,308,722,0,722
20233,A,골목상권,3110846,남성역 1번,8784,4256,4528,815,864,1586,1558,1270,2691,418,421,779,814,628,1196,397,443,807,744,642,1495,4850,0,4850
20233,A,골목상권,3110847,예술인마을,4390,2167,2223,391,390,913,769,547,1380,216,225,449,393,245,639,175,165,464,376,302,741,2213,0,2213
20233,A,골목상권,3110848,양지어린이공원,4937,2356,2581,497,448,1022,923,673,1374,250,227,472,474,327,606,247,221,550,449,346,768,2701,0,2701
20233,A,골목상권,3110849,이수역 10번,3953,1945,2008,312,355,755,649,612,1270,159,184,389,320,313,580,153,171,366,329,299,690,1849,0,1849
20233,A,골목상권,3110850,사당역 10번,8052,3855,4197,567,657,2250,1377,934,2267,317,324,1046,707,446,1015,250,333,1204,670,488,1252,5113,0,5113
20233,A,골목상권,3110851,경문고등학교(동작동성당),3500,1719,1781,296,339,584,540,525,1216,145,200,295,285,248,546,151,139,289,255,277,670,1778,0,1778
20233,A,골목상권,3110852,이수역 9번,1866,887,979,123,139,402,319,268,615,68,74,160,181,135,269,55,65,242,138,133,346,1198,0,1198
20233,A,골목상권,3110853,KT구로지사,2045,1088,957,152,121,623,369,266,514,81,53,338,222,147,247,71,68,285,147,119,267,1645,0,1645
20233,A,골목상권,3110854,조원동주민센터,2214,1144,1070,212,217,390,417,326,652,110,101,220,233,167,313,102,116,170,184,159,339,1233,0,1233
20233,A,골목상권,3110855,신대방역 2번,4326,2140,2186,328,397,1214,790,564,1033,165,168,594,410,300,503,163,229,620,380,264,530,3109,0,3109
20233,A,골목상권,3110856,미성초등학교,3964,1960,2004,390,379,751,631,606,1207,196,174,395,355,299,541,194,205,356,276,307,666,2252,0,2252
20233,A,골목상권,3110857,미성동주민센터,5001,2552,2449,518,567,697,781,833,1605,286,303,376,416,426,745,232,264,321,365,407,860,2338,0,2338
20233,A,골목상권,3110858,신대방역 1번,803,395,408,57,70,227,129,108,212,32,30,106,58,64,105,25,40,121,71,44,107,586,0,586
20233,A,골목상권,3110859,난향초등학교,3305,1704,1601,318,367,406,495,531,1188,151,201,219,277,305,551,167,166,187,218,226,637,1407,0,1407
20233,A,골목상권,3110860,호림박물관(성보고등학교),2239,1110,1129,119,313,608,365,326,508,59,132,317,204,151,247,60,181,291,161,175,261,1478,0,1478
20233,A,골목상권,3110861,관악구신사동주민센터,7384,3718,3666,629,835,1600,1213,1263,1844,330,427,833,645,614,869,299,408,767,568,649,975,4152,0,4152
20233,A,골목상권,3110862,난곡초등학교(난곡동벽화마을),2392,1185,1207,215,259,394,357,388,779,97,125,215,181,196,371,118,134,179,176,192,408,1181,0,1181
20233,A,골목상권,3110863,난우초등학교,4371,2206,2165,497,540,583,664,742,1345,249,293,306,355,367,636,248,247,277,309,375,709,1873,0,1873
20233,A,골목상권,3110864,신림우방아파트,5109,2576,2533,492,562,1020,850,770,1415,257,282,549,425,387,676,235,280,471,425,383,739,3022,0,3022
20233,A,골목상권,3110865,남강고등학교(남강중학교),9533,4766,4767,1018,1168,1336,1392,1715,2904,532,600,720,750,833,1331,486,568,616,642,882,1573,4205,0,4205
20233,A,골목상권,3110866,난우중학교,5150,2631,2519,508,563,686,786,807,1800,272,283,385,435,416,840,236,280,301,351,391,960,2473,0,2473
20233,A,골목상권,3110867,국제신학대학원대학교(남서울중학교),3398,1712,1686,232,300,870,560,431,1005,114,146,460,315,205,472,118,154,410,245,226,533,2280,0,2280
20233,A,골목상권,3110868,남부초등학교,3111,1602,1509,261,319,668,499,461,903,140,170,369,275,229,419,121,149,299,224,232,484,1864,0,1864
20233,A,골목상권,3110869,"신림역 5번(신림동주민센터, 신림동별빛거리)",10494,5254,5240,479,953,4207,1949,1014,1892,257,387,2137,1099,525,849,222,566,2070,850,489,1043,8805,0,8805
20233,A,골목상권,3110870,신림주공2단지(광신고등학교),2327,1168,1159,181,227,256,348,400,915,98,117,143,192,201,417,83,110,113,156,199,498,934,0,934
20233,A,골목상권,3110871,신원동주민센터,1957,971,986,130,183,457,301,267,619,64,94,250,165,126,272,66,89,207,136,141,347,1512,0,1512
20233,A,골목상권,3110872,신림초등학교,2895,1430,1465,286,328,565,518,409,789,149,171,306,260,211,333,137,157,259,258,198,456,1495,0,1495
20233,A,골목상권,3110873,당곡중학교,4993,2495,2498,475,547,857,815,799,1500,251,293,443,416,404,688,224,254,414,399,395,812,2473,0,2473
20233,A,골목상권,3110874,원신초등학교(구세군관악영문교회),3303,1679,1624,179,262,376,417,536,1533,89,123,227,244,321,675,90,139,149,173,215,858,1765,0,1765
20233,A,골목상권,3110875,보라매동주민센터(당곡고등학교),3019,1512,1507,288,289,573,537,456,876,138,150,319,284,215,406,150,139,254,253,241,470,1751,0,1751
20233,A,골목상권,3110876,서원동주민센터(신관중학교),2916,1485,1431,155,245,1036,542,302,636,79,116,561,298,152,279,76,129,475,244,150,357,1925,0,1925
20233,A,골목상권,3110877,신림역 8번,3188,1649,1539,101,308,1354,539,285,601,55,109,709,321,171,284,46,199,645,218,114,317,2898,0,2898
20233,A,골목상권,3110878,미림여고,1998,1022,976,204,215,314,301,340,624,110,117,163,167,174,291,94,98,151,134,166,333,790,0,790
20233,A,골목상권,3110879,신림현대아파트,1784,959,825,108,157,297,251,309,662,68,77,163,162,177,312,40,80,134,89,132,350,1092,0,1092
20233,A,골목상권,3110880,신림역 1번,1419,703,716,90,132,437,256,160,344,50,56,240,131,70,156,40,76,197,125,90,188,959,0,959
20233,A,골목상권,3110881,구립대학경로당(관악산샘말공원),9588,6116,3472,437,1037,3103,1809,1328,1874,241,531,2148,1299,956,941,196,506,955,510,372,933,7777,0,7777
20233,A,골목상권,3110882,신성초등학교,5168,2995,2173,329,529,1493,952,716,1149,173,271,948,616,429,558,156,258,545,336,287,591,3577,0,3577
20233,A,골목상권,3110883,은천초등학교(은천교앞),4525,2275,2250,403,384,882,789,633,1434,205,197,463,448,336,626,198,187,419,341,297,808,2668,0,2668
20233,A,골목상권,3110884,봉천역 4번(봉천110안전센터),1189,576,613,83,112,327,169,149,349,42,52,145,97,73,167,41,60,182,72,76,182,827,0,827
20233,A,골목상권,3110885,영락고등학교,6068,3189,2879,492,634,1516,1034,796,1596,256,326,850,594,425,738,236,308,666,440,371,858,4361,0,4361
20233,A,골목상권,3110886,관악해태어린이공원,3250,2111,1139,117,402,1415,552,301,463,73,208,986,409,206,229,44,194,429,143,95,234,2813,0,2813
20233,A,골목상권,3110887,서울산업정보학교(서울삼성초등학교),1703,1054,649,98,199,648,270,166,322,51,117,467,178,97,144,47,82,181,92,69,178,1392,0,1392
20233,A,골목상권,3110888,청룡동주민센터,1357,708,649,72,100,225,212,235,513,46,44,109,106,146,257,26,56,116,106,89,256,1027,0,1027
20233,A,골목상권,3110889,봉천역 6번,2316,1164,1152,203,205,576,396,282,654,112,108,292,204,143,305,91,97,284,192,139,349,1347,0,1347
20233,A,골목상권,3110890,봉천역 1번(관악초등학교),3044,1466,1578,165,317,1102,490,333,637,80,150,518,267,162,289,85,167,584,223,171,348,2373,0,2373
20233,A,골목상권,3110891,구암초등학교,983,489,494,95,118,121,143,168,338,43,58,73,71,97,147,52,60,48,72,71,191,336,0,336
20233,A,골목상권,3110892,관악구 중앙길,11827,5825,6002,881,1159,2939,1791,1603,3454,459,540,1484,970,820,1552,422,619,1455,821,783,1902,7180,0,7180
20233,A,골목상권,3110893,관악소방서(문영여고),292,145,147,17,50,96,45,36,48,8,19,51,23,20,24,9,31,45,22,16,24,164,0,164
20233,A,골목상권,3110894,관악동부센트레빌아파트(은천로35라길),1703,832,871,217,168,270,334,242,472,113,86,137,163,115,218,104,82,133,171,127,254,820,0,820
20233,A,골목상권,3110895,샤로수길,9132,4648,4484,684,1011,2923,1389,1045,2080,365,461,1568,761,543,950,319,550,1355,628,502,1130,5577,0,5577
20233,A,골목상권,3110896,관악우성아파트,222,115,107,23,25,31,36,33,74,13,14,19,18,18,33,10,11,12,18,15,41,152,0,152
20233,A,골목상권,3110897,서울대입구역 8번,5445,2717,2728,368,494,1410,800,701,1672,177,245,720,436,369,770,191,249,690,364,332,902,3553,0,3553
20233,A,골목상권,3110898,청림동주민센터(상도중학교),2605,1303,1302,325,283,326,391,424,856,159,145,199,204,219,377,166,138,127,187,205,479,992,0,992
20233,A,골목상권,3110899,낙성대역 5번(관악중학교),3172,1513,1659,155,232,1282,598,281,624,80,90,607,322,144,270,75,142,675,276,137,354,2234,0,2234
20233,A,골목상권,3110900,낙성대역 1번(관악구민 종합체육센터),6613,3335,3278,512,611,2338,1116,733,1303,246,307,1184,628,384,586,266,304,1154,488,349,717,3992,0,3992
20233,A,골목상권,3110901,인헌고등학교(인헌중학교),5321,2566,2755,524,567,1001,932,828,1469,275,290,489,449,398,665,249,277,512,483,430,804,2485,0,2485
20233,A,골목상권,3110902,사당역 4번,9327,4431,4896,794,814,2483,1568,1105,2563,400,359,1186,812,506,1168,394,455,1297,756,599,1395,5442,0,5442
20233,A,골목상권,3110903,방배아이파크아파트,4273,1955,2318,466,667,602,638,886,1014,238,266,283,287,412,469,228,401,319,351,474,545,1661,0,1661
20233,A,골목상권,3110904,이수역 5번,902,421,481,93,106,162,138,129,274,46,46,68,64,62,135,47,60,94,74,67,139,486,0,486
20233,A,골목상권,3110905,방배노인종합복지관(이수중학교),4142,1966,2176,504,518,696,668,661,1095,250,261,335,328,306,486,254,257,361,340,355,609,1635,0,1635
20233,A,골목상권,3110906,서문여고,1209,535,674,156,191,171,198,226,267,67,70,84,84,109,121,89,121,87,114,117,146,501,0,501
20233,A,골목상권,3110907,방배초등학교,3382,1521,1861,493,474,477,585,600,753,234,182,204,277,277,347,259,292,273,308,323,406,1441,0,1441
20233,A,골목상권,3110908,구반포역,85,47,38,12,17,3,8,27,18,7,9,3,3,14,11,5,8,0,5,13,7,81,0,81
20233,A,골목상권,3110909,남태령역(서울전자고등학교),769,380,389,60,98,115,101,111,284,31,45,68,53,51,132,29,53,47,48,60,152,362,0,362
20233,A,골목상권,3110910,내방역 5번,2373,1061,1312,306,221,494,512,357,483,142,93,199,236,174,217,164,128,295,276,183,266,1168,0,1168
20233,A,골목상권,3110911,방배배수지체육공원,29,14,15,2,5,8,2,3,9,1,2,4,1,1,5,1,3,4,1,2,4,72,0,72
20233,A,골목상권,3110912,방배동사이길,359,163,196,59,30,54,69,60,87,30,13,21,36,27,36,29,17,33,33,33,51,146,0,146
20233,A,골목상권,3110913,방현초등학교(방배119안전센터),4942,2345,2597,410,663,828,764,800,1477,200,326,417,377,364,661,210,337,411,387,436,816,1749,0,1749
20233,A,골목상권,3110914,내방역 6번,234,121,113,19,35,48,36,40,56,11,19,25,18,21,27,8,16,23,18,19,29,150,0,150
20233,A,골목상권,3110915,서래초등학교,1494,687,807,266,176,200,234,244,374,122,92,82,100,112,179,144,84,118,134,132,195,542,0,542
20233,A,골목상권,3110916,내방역 4번,3749,1760,1989,433,402,729,747,532,906,223,215,302,377,233,410,210,187,427,370,299,496,1829,0,1829
20233,A,골목상권,3110917,서초소방서,851,406,445,128,95,135,137,154,202,69,49,57,59,73,99,59,46,78,78,81,103,370,0,370
20233,A,골목상권,3110918,방배역 3번,2876,1347,1529,289,387,485,516,449,750,149,222,207,236,193,340,140,165,278,280,256,410,1298,0,1298
20233,A,골목상권,3110919,내방역 8번,2558,1237,1321,326,346,358,379,467,682,175,191,156,165,219,331,151,155,202,214,248,351,1195,0,1195
20233,A,골목상권,3110920,방배역 2번(백석예술대학교),152,75,77,20,22,32,21,25,32,11,12,13,11,11,17,9,10,19,10,14,15,53,0,53
20233,A,골목상권,3110921,서울프랑스학교,1174,537,637,177,124,176,205,179,313,86,64,86,73,82,146,91,60,90,132,97,167,443,0,443
20233,A,골목상권,3110922,내방역 1번,2568,1261,1307,298,260,535,482,380,613,168,146,250,239,177,281,130,114,285,243,203,332,1261,0,1261
20233,A,골목상권,3110923,방배역 1번,492,228,264,46,66,81,74,76,149,22,30,39,36,35,66,24,36,42,38,41,83,189,0,189
20233,A,골목상권,3110924,반포4동주민센터(몽마르뜨공원),2203,1012,1191,290,232,342,389,348,602,151,113,143,177,160,268,139,119,199,212,188,334,1118,0,1118
20233,A,골목상권,3110925,서초중학교,3146,1528,1618,329,449,499,504,588,777,166,265,225,246,275,351,163,184,274,258,313,426,1263,0,1263
20233,A,골목상권,3110926,신중초등학교,3535,1702,1833,424,509,545,508,636,913,218,298,246,238,291,411,206,211,299,270,345,502,1596,0,1596
20233,A,골목상권,3110927,잠원역,121,46,75,13,7,17,19,15,50,5,3,6,6,5,21,8,4,11,13,10,29,152,0,152
20233,A,골목상권,3110928,서초우방유쉘아파트,452,230,222,39,37,109,69,51,147,19,18,58,38,26,71,20,19,51,31,25,76,234,0,234
20233,A,골목상권,3110929,남부터미널역 1번,4523,2273,2250,642,522,700,814,692,1153,328,288,353,429,337,538,314,234,347,385,355,615,1776,0,1776
20233,A,골목상권,3110930,서초동성당,1776,875,901,264,219,277,291,289,436,136,124,131,137,149,198,128,95,146,154,140,238,825,0,825
20233,A,골목상권,3110931,삼성전자서울R&D(서울우면초등학교),147,69,78,15,14,16,22,17,63,8,7,9,10,9,26,7,7,7,12,8,37,66,0,66
20233,A,골목상권,3110932,서울시인재개발원,654,310,344,106,68,108,148,97,127,49,33,57,74,45,52,57,35,51,74,52,75,281,0,281
20233,A,골목상권,3110933,한국상담대학원대학교,481,247,234,97,50,63,84,87,100,57,28,28,39,46,49,40,22,35,45,41,51,163,0,163
20233,A,골목상권,3110934,우면주공아파트,3084,1509,1575,332,315,513,558,381,985,176,169,277,290,186,411,156,146,236,268,195,574,1300,0,1300
20233,A,골목상권,3110935,한전아트센터,1161,588,573,172,138,174,202,195,280,91,86,86,106,88,131,81,52,88,96,107,149,461,0,461
20233,A,골목상권,3110936,더케이호텔(양재리본타워2단지아파트),892,448,444,97,71,174,182,122,246,50,45,85,93,60,115,47,26,89,89,62,131,425,0,425
20233,A,골목상권,3110937,방아다리근린공원(횃불트리니티신학대학원대학교),326,163,163,30,24,46,31,33,162,17,11,20,15,19,81,13,13,26,16,14,81,191,0,191
20233,A,골목상권,3110938,바우뫼공원,690,335,355,77,60,135,125,97,196,45,29,58,65,46,92,32,31,77,60,51,104,385,0,385
20233,A,골목상권,3110939,양재역 8번(양재동우체국),6221,2973,3248,649,489,1378,1214,805,1686,337,241,668,601,370,756,312,248,710,613,435,930,3102,0,3102
20233,A,골목상권,3110940,양재근린공원(양재2동주민센터),1204,591,613,154,116,253,245,182,254,72,54,131,125,95,114,82,62,122,120,87,140,531,0,531
20233,A,골목상권,3110941,언남고등학교,973,496,477,100,96,191,188,145,253,51,54,95,103,72,121,49,42,96,85,73,132,425,0,425
20233,A,골목상권,3110942,염곡동 구룡사(포이동성당),8851,4329,4522,1078,884,1807,1696,1366,2020,539,449,903,858,682,898,539,435,904,838,684,1122,3987,0,3987
20233,A,골목상권,3110943,법제교육센터(버들어린이공원),1664,864,800,187,161,355,351,263,347,94,97,187,193,132,161,93,64,168,158,131,186,756,0,756
20233,A,골목상권,3110944,서울나래학교(염곡어린이공원),538,265,273,54,45,90,66,65,218,26,17,56,34,28,104,28,28,34,32,37,114,318,0,318
20233,A,골목상권,3110945,본마을노인복지센터(서초구립내곡도서관),372,191,181,22,35,51,42,65,157,8,17,28,22,33,83,14,18,23,20,32,74,146,0,146
20233,A,골목상권,3110946,청계산원터골,77,45,32,6,0,12,10,11,38,4,0,8,7,6,20,2,0,4,3,5,18,44,0,44
20233,A,골목상권,3110947,청계산입구역 2번(내곡동주민센터),336,183,153,34,17,33,51,40,161,22,14,16,30,23,78,12,3,17,21,17,83,181,0,181
20233,A,골목상권,3110948,헌인가구단지,159,85,74,7,4,19,17,20,92,5,1,10,8,13,48,2,3,9,9,7,44,54,0,54
20233,A,골목상권,3110949,한남IC,613,281,332,68,69,133,123,103,117,33,37,54,54,47,56,35,32,79,69,56,61,281,0,281
20233,A,골목상권,3110950,논현역 7번,822,383,439,90,72,124,163,116,257,46,30,57,77,46,127,44,42,67,86,70,130,338,0,338
20233,A,골목상권,3110951,신사은행나무공원,1055,466,589,104,92,282,209,137,231,56,41,112,93,66,98,48,51,170,116,71,133,557,0,557
20233,A,골목상권,3110952,논현목련공원,925,408,517,56,75,283,218,101,192,35,34,118,96,43,82,21,41,165,122,58,110,571,0,571
20233,A,골목상권,3110953,학동근린공원,912,403,509,98,83,175,166,120,270,46,41,76,64,53,123,52,42,99,102,67,147,442,0,442
20233,A,골목상권,3110954,국기원,483,242,241,25,28,163,115,52,100,9,22,75,58,25,53,16,6,88,57,27,47,303,0,303
20233,A,골목상권,3110955,논현초등학교,7070,3285,3785,474,548,2063,1677,849,1459,233,271,913,796,427,645,241,277,1150,881,422,814,4495,0,4495
20233,A,골목상권,3110956,언주역 8번,573,267,306,57,36,133,132,65,150,19,15,69,58,36,70,38,21,64,74,29,80,384,0,384
20233,A,골목상권,3110957,언북중학교,1907,855,1052,158,149,452,462,267,419,81,67,183,216,131,177,77,82,269,246,136,242,1088,0,1088
20233,A,골목상권,3110958,역삼역 4번,825,427,398,59,48,245,195,98,180,28,24,119,103,62,91,31,24,126,92,36,89,512,0,512
20233,A,골목상권,3110959,신구중학교,361,165,196,58,42,44,74,57,86,33,18,14,42,25,33,25,24,30,32,32,53,170,0,170
20233,A,골목상권,3110960,은광여고,678,340,338,62,51,219,141,80,125,28,24,102,82,45,59,34,27,117,59,35,66,476,0,476
20233,A,골목상권,3110961,언주역 3번,2098,956,1142,171,143,578,493,258,455,87,67,243,223,127,209,84,76,335,270,131,246,1314,0,1314
20233,A,골목상권,3110962,도산공원북측,28,11,17,3,4,8,6,3,4,3,0,4,1,1,2,0,4,4,5,2,2,16,0,16
20233,A,골목상권,3110963,역삼월드메르디앙아파트,1866,877,989,194,168,412,405,253,434,110,90,167,198,123,189,84,78,245,207,130,245,873,0,873
20233,A,골목상권,3110964,싸리고개근린공원,959,443,516,130,109,110,149,144,317,49,53,45,67,73,156,81,56,65,82,71,161,370,0,370
20233,A,골목상권,3110965,언주역 6번,2376,1026,1350,177,149,733,632,290,395,82,60,288,262,150,184,95,89,445,370,140,211,1500,0,1500
20233,A,골목상권,3110966,논현2동주민센터,2647,1183,1464,241,269,590,537,347,663,122,124,234,255,158,290,119,145,356,282,189,373,1558,0,1558
20233,A,골목상권,3110967,역삼역 8번,1326,598,728,99,81,383,354,164,245,50,32,163,160,80,113,49,49,220,194,84,132,864,0,864
20233,A,골목상권,3110968,강남구청역 2번,567,262,305,43,51,124,142,85,122,19,24,59,66,38,56,24,27,65,76,47,66,314,0,314
20233,A,골목상권,3110969,베르사이유1아파트,1391,679,712,107,117,343,349,213,262,48,57,159,175,116,124,59,60,184,174,97,138,754,0,754
20233,A,골목상권,3110970,학동초등학교,852,389,463,86,97,184,172,123,190,42,57,74,69,61,86,44,40,110,103,62,104,540,0,540
20233,A,골목상권,3110971,선정릉역 4번,3781,1684,2097,213,291,1103,971,501,702,99,131,468,443,244,299,114,160,635,528,257,403,2549,0,2549
20233,A,골목상권,3110972,강남세브란스병원미래의학연구센터,2073,957,1116,212,193,460,429,288,491,107,88,194,196,149,223,105,105,266,233,139,268,1003,0,1003
20233,A,골목상권,3110973,강남구청역 4번,2417,1124,1293,397,299,338,475,391,517,210,153,132,205,194,230,187,146,206,270,197,287,952,0,952
20233,A,골목상권,3110974,언주중학교,1418,653,765,130,182,303,313,238,252,68,93,121,137,116,118,62,89,182,176,122,134,765,0,765
20233,A,골목상권,3110975,매봉역 1번,929,435,494,100,113,157,116,136,307,54,57,69,51,63,141,46,56,88,65,73,166,353,0,353
20233,A,골목상권,3110976,언북초등학교,2077,957,1120,216,237,440,383,334,467,107,117,192,189,156,196,109,120,248,194,178,271,1080,0,1080
20233,A,골목상권,3110977,논현로18길,728,354,374,62,99,138,95,147,187,32,42,70,52,69,89,30,57,68,43,78,98,340,0,340
20233,A,골목상권,3110978,도곡2동주민센터(대치중학교),282,125,157,6,17,32,41,55,131,3,9,13,16,25,59,3,8,19,25,30,72,255,0,255
20233,A,골목상권,3110979,청담초등학교,1114,532,582,189,151,118,143,201,312,97,82,50,58,91,154,92,69,68,85,110,158,397,0,397
20233,A,골목상권,3110980,개포지구대옆,2531,1233,1298,336,322,362,478,434,599,185,159,176,225,205,283,151,163,186,253,229,316,1125,0,1125
20233,A,골목상권,3110981,국악고교사거리,2055,1003,1052,245,307,318,346,425,414,124,162,150,177,195,195,121,145,168,169,230,219,907,0,907
20233,A,골목상권,3110982,강남구보훈회관,841,377,464,100,104,160,165,132,180,46,58,66,67,60,80,54,46,94,98,72,100,406,0,406
20233,A,골목상권,3110983,국립국악고등학교,2786,1348,1438,324,391,328,500,565,678,165,191,152,240,284,316,159,200,176,260,281,362,1231,0,1231
20233,A,골목상권,3110984,포이초등학교(개포목련어린이공원),4410,2215,2195,571,564,730,786,779,980,300,306,367,413,376,453,271,258,363,373,403,527,1912,0,1912
20233,A,골목상권,3110985,청담근린공원,1031,497,534,92,125,187,174,180,273,50,67,95,87,83,115,42,58,92,87,97,158,480,0,480
20233,A,골목상권,3110986,삼성중앙역 7번,734,338,396,76,68,151,195,103,141,40,35,70,84,47,62,36,33,81,111,56,79,396,0,396
20233,A,골목상권,3110987,영동대교남단,505,242,263,60,72,80,69,80,144,30,37,35,33,35,72,30,35,45,36,45,72,199,0,199
20233,A,골목상권,3110988,청담역 3번,1347,673,674,149,184,175,188,215,436,83,117,89,82,100,202,66,67,86,106,115,234,474,0,474
20233,A,골목상권,3110989,대치동아우편취급국,1499,686,813,120,198,348,339,244,250,56,94,151,150,118,117,64,104,197,189,126,133,904,0,904
20233,A,골목상권,3110990,청담역 12번,157,77,80,13,20,36,19,25,44,7,10,20,10,10,20,6,10,16,9,15,24,77,0,77
20233,A,골목상권,3110991,삼성중앙역 5번,341,165,176,33,31,60,55,52,110,20,20,26,26,23,50,13,11,34,29,29,60,154,0,154
20233,A,골목상권,3110992,도곡초등학교,8225,3886,4339,735,1542,1256,1332,1835,1525,395,827,587,560,824,693,340,715,669,772,1011,832,3681,0,3681
20233,A,골목상권,3110993,개포지하차도 북측,236,107,129,28,25,45,44,31,63,17,15,19,14,13,29,11,10,26,30,18,34,119,0,119
20233,A,골목상권,3110994,개포고등학교,1848,928,920,196,238,262,270,293,589,108,134,144,131,129,282,88,104,118,139,164,307,797,0,797
20233,A,골목상권,3110995,봉은사역 4번,2831,1382,1449,360,414,421,431,500,705,170,244,209,199,225,335,190,170,212,232,275,370,1097,0,1097
20233,A,골목상권,3110996,대치2동주민센터,1387,701,686,105,248,123,165,335,411,65,155,60,76,159,186,40,93,63,89,176,225,664,0,664
20233,A,골목상권,3110997,대청초등학교,7646,3808,3838,839,1015,1452,1066,1294,1980,458,593,665,526,625,941,381,422,787,540,669,1039,3441,0,3441
20233,A,골목상권,3110998,은곡마을(은곡마을공원),225,106,119,50,15,35,49,32,44,19,12,17,23,16,19,31,3,18,26,16,25,312,0,312
20233,A,골목상권,3110999,윗방죽마을공원,2348,1105,1243,166,149,796,523,277,437,78,75,321,280,152,199,88,74,475,243,125,238,2418,0,2418
20233,A,골목상권,3111000,대왕초등학교(세곡동사거리서남측),416,199,217,52,41,52,54,55,162,23,22,29,26,27,72,29,19,23,28,28,90,196,0,196
20233,A,골목상권,3111001,아래방죽마을공원(율현초등학교),814,387,427,175,58,108,186,82,205,83,29,58,93,34,90,92,29,50,93,48,115,777,0,777
20233,A,골목상권,3111003,삼전역 4번,11562,5503,6059,1301,1345,2239,2351,1741,2585,665,647,1034,1156,821,1180,636,698,1205,1195,920,1405,5373,0,5373
20233,A,골목상권,3111004,삼전역 1번,10291,4856,5435,911,1051,2265,1996,1569,2499,498,534,1025,958,734,1107,413,517,1240,1038,835,1392,5691,0,5691
20233,A,골목상권,3111005,삼전역 3번,9342,4577,4765,1092,1027,1801,1801,1436,2185,555,549,867,920,685,1001,537,478,934,881,751,1184,4280,0,4280
20233,A,골목상권,3111006,석촌고분역 1번,9335,4356,4979,980,917,1856,1980,1367,2235,503,466,823,956,635,973,477,451,1033,1024,732,1262,4597,0,4597
20233,A,골목상권,3111007,석촌고분역 4번,8691,4241,4450,1080,918,1633,1795,1295,1970,551,527,778,902,612,871,529,391,855,893,683,1099,4119,0,4119
20233,A,골목상권,3111008,석촌고분역 3번,5167,2549,2618,588,532,942,924,814,1367,291,290,470,478,391,629,297,242,472,446,423,738,2338,0,2338
20233,A,골목상권,3111009,송파책박물관,1250,643,607,113,159,202,206,204,366,65,89,104,116,103,166,48,70,98,90,101,200,523,0,523
20233,A,골목상권,3111010,석촌역 7번,9772,4595,5177,1076,797,2267,2070,1253,2309,567,396,994,1017,598,1023,509,401,1273,1053,655,1286,4884,0,4884
20233,A,골목상권,3111011,잠실나루역,328,167,161,64,42,32,64,48,78,35,27,13,29,24,39,29,15,19,35,24,39,102,0,102
20233,A,골목상권,3111012,석촌역 6번,6850,3364,3486,776,674,1190,1250,1118,1842,386,354,577,632,566,849,390,320,613,618,552,993,3287,0,3287
20233,A,골목상권,3111013,송파나루역 1번(송리단길),9152,4325,4827,990,818,2039,1845,1202,2258,483,404,913,902,576,1047,507,414,1126,943,626,1211,4484,0,4484
20233,A,골목상권,3111014,송파나루역 2번,3551,1717,1834,334,304,753,681,486,993,165,174,349,364,228,437,169,130,404,317,258,556,1683,0,1683
20233,A,골목상권,3111015,석촌역 3번,10674,5103,5571,1097,1151,2217,1943,1623,2643,540,559,1032,979,758,1235,557,592,1185,964,865,1408,5279,0,5279
20233,A,골목상권,3111016,송파역 2번,3633,1735,1898,403,527,548,500,620,1035,194,253,274,258,300,456,209,274,274,242,320,579,1498,0,1498
20233,A,골목상권,3111017,송파나루역 3번,1086,527,559,110,122,189,191,181,293,52,62,96,96,80,141,58,60,93,95,101,152,504,0,504
20233,A,골목상권,3111018,풍납초등학교(풍납백제문화공원),952,508,444,125,112,114,171,145,285,66,68,69,97,79,129,59,44,45,74,66,156,331,0,331
20233,A,골목상권,3111019,한성백제역 3번,8922,4344,4578,1086,1012,1552,1566,1344,2362,602,529,753,758,612,1090,484,483,799,808,732,1272,3835,0,3835
20233,A,골목상권,3111020,방이동고분군(방산고등학교),656,334,322,69,116,106,85,125,155,43,63,58,40,52,78,26,53,48,45,73,77,276,0,276
20233,A,골목상권,3111021,방이역 4번,9517,4621,4896,1201,1321,1347,1567,1694,2387,589,679,662,751,821,1119,612,642,685,816,873,1268,4179,0,4179
20233,A,골목상권,3111022,석촌중학교(방이육교),2863,1447,1416,303,409,480,425,488,758,168,238,239,220,212,370,135,171,241,205,276,388,1218,0,1218
20233,A,골목상권,3111023,문정역 1번,2201,1101,1100,196,253,452,391,360,549,97,124,232,212,174,262,99,129,220,179,186,287,1026,0,1026
20233,A,골목상권,3111024,경찰병원역 4번(건너말공원),1605,813,792,170,207,294,277,267,390,93,113,150,142,149,166,77,94,144,135,118,224,738,0,738
20233,A,골목상권,3111025,경찰병원역 3번,3177,1579,1598,307,370,749,534,483,734,165,194,339,298,231,352,142,176,410,236,252,382,1468,0,1468
20233,A,골목상권,3111026,문정역 2번,4486,2219,2267,595,492,791,772,692,1144,314,238,421,392,330,524,281,254,370,380,362,620,1963,0,1963
20233,A,골목상권,3111027,문정초등학교,5390,2660,2730,614,640,1043,874,889,1330,308,326,528,472,413,613,306,314,515,402,476,717,2489,0,2489
20233,A,골목상권,3111028,문현중학교(장지역 1번),1734,848,886,176,197,316,304,278,463,95,94,149,158,141,211,81,103,167,146,137,252,915,0,915
20233,A,골목상권,3111029,오금역 4번,1254,630,624,104,132,186,173,227,432,54,67,92,93,108,216,50,65,94,80,119,216,664,0,664
20233,A,골목상권,3111030,방이역 2번,1695,830,865,160,246,270,222,308,489,82,133,134,93,152,236,78,113,136,129,156,253,803,0,803
20233,A,골목상권,3111031,장지동주민센터(한림연예예술고교),3682,1814,1868,472,503,496,574,657,980,244,242,267,273,330,458,228,261,229,301,327,522,1605,0,1605
20233,A,골목상권,3111032,방이역 1번,1872,908,964,189,267,299,224,301,592,100,135,157,101,129,286,89,132,142,123,172,306,636,0,636
20233,A,골목상권,3111033,문정동성당,703,349,354,87,83,106,135,108,184,37,44,55,73,57,83,50,39,51,62,51,101,325,0,325
20233,A,골목상권,3111034,오동나무공원(송파레미니스1단지),3817,1897,1920,459,525,570,569,704,990,236,280,284,282,340,475,223,245,286,287,364,515,2058,0,2058
20233,A,골목상권,3111035,오금공원(오주중학교),3963,1981,1982,471,510,580,596,717,1089,248,263,293,312,361,504,223,247,287,284,356,585,1672,0,1672
20233,A,골목상권,3111036,투구봉어린이공원,1368,684,684,158,196,214,225,240,335,76,100,117,124,114,153,82,96,97,101,126,182,570,0,570
20232,A,골목상권,3110590,만리재,2742,1329,1413,215,359,398,387,564,819,108,191,206,203,272,349,107,168,192,184,292,470,1212,0,1212
20233,A,골목상권,3111037,Sh수협은행 오금동금융센터(아랫말어린이공원),537,295,242,56,54,83,86,108,150,30,35,47,43,57,83,26,19,36,43,51,67,245,0,245
20233,A,골목상권,3111038,보인중학교,2669,1334,1335,354,350,357,412,473,723,204,183,172,208,226,341,150,167,185,204,247,382,1006,0,1006
20233,A,골목상권,3111039,벌말어린이공원,1887,987,900,192,248,277,293,338,539,99,134,158,169,164,263,93,114,119,124,174,276,960,0,960
20233,A,골목상권,3111040,거여초등학교,2546,1262,1284,261,351,370,355,472,737,133,187,203,174,215,350,128,164,167,181,257,387,961,0,961
20233,A,골목상권,3111041,거여역 8번,288,156,132,20,32,36,37,43,120,11,15,21,22,26,61,9,17,15,15,17,59,666,0,666
20233,A,골목상권,3111042,거여역 1번(거여공원),5600,2883,2717,584,703,702,842,1028,1741,308,377,393,419,539,847,276,326,309,423,489,894,2667,0,2667
20233,A,골목상권,3111043,마천공원,2741,1436,1305,285,339,393,439,489,796,154,205,220,237,245,375,131,134,173,202,244,421,1302,0,1302
20233,A,골목상권,3111044,남천초등학교,5301,2683,2618,574,590,646,796,934,1761,284,325,342,428,489,815,290,265,304,368,445,946,2445,0,2445
20233,A,골목상권,3111045,개미어린이공원,2557,1284,1273,274,302,325,398,433,825,118,173,183,210,233,367,156,129,142,188,200,458,1020,0,1020
20233,A,골목상권,3111046,마천역(마천초등학교),10304,5230,5074,1068,1052,1198,1579,1717,3690,544,545,632,816,932,1761,524,507,566,763,785,1929,4437,0,4437
20233,A,골목상권,3111047,마천1치안센터,2809,1469,1340,253,298,306,381,500,1071,126,147,172,218,285,521,127,151,134,163,215,550,1315,0,1315
20233,A,골목상권,3111048,천호역 1번(천호문구완구거리),2502,1237,1265,171,196,423,362,400,950,71,105,219,200,216,426,100,91,204,162,184,524,1328,0,1328
20233,A,골목상권,3111049,천호지구대(천호동자전거거리),3521,1826,1695,394,339,510,566,569,1143,217,175,271,300,307,556,177,164,239,266,262,587,2053,0,2053
20233,A,골목상권,3111050,강동구청(강동구청역 2번),1106,534,572,159,112,172,188,161,314,82,59,80,89,77,147,77,53,92,99,84,167,412,0,412
20233,A,골목상권,3111051,천호역 6번,6263,3109,3154,523,576,1078,973,1026,2087,266,287,536,525,533,962,257,289,542,448,493,1125,3895,0,3895
20233,A,골목상권,3111052,암사역 3번(천호동자전거거리),4815,2414,2401,654,437,849,909,743,1223,322,213,390,515,390,584,332,224,459,394,353,639,2679,0,2679
20233,A,골목상권,3111053,성내천어린이공원(하니사랑길),3839,1871,1968,534,425,563,694,577,1046,271,235,296,331,275,463,263,190,267,363,302,583,1768,0,1768
20233,A,골목상권,3111054,암사역 4번(삼성광나루아파트),393,189,204,50,27,58,80,46,132,21,15,30,38,25,60,29,12,28,42,21,72,234,0,234
20233,A,골목상권,3111055,선사초등학교,103,60,43,13,17,12,14,19,28,11,11,9,7,10,12,2,6,3,7,9,16,60,0,60
20233,A,골목상권,3111056,천호태영아파트,411,207,204,14,21,123,104,74,75,8,10,52,46,47,44,6,11,71,58,27,31,681,0,681
20233,A,골목상권,3111057,천호공원(해공체육문화센터),3883,1993,1890,364,404,498,532,669,1416,181,230,266,283,338,695,183,174,232,249,331,721,2178,0,2178
20233,A,골목상권,3111058,성내중학교,1635,810,825,204,189,285,290,255,412,104,97,137,152,132,188,100,92,148,138,123,224,702,0,702
20233,A,골목상권,3111059,강동역 4번(강풀만화거리),11657,5873,5784,1167,1062,2035,2035,1707,3651,631,540,1044,1074,845,1739,536,522,991,961,862,1912,5801,0,5801
20233,A,골목상권,3111060,암사역 2번(서울강동초등학교),9658,4824,4834,1121,995,1477,1635,1551,2879,583,541,754,865,769,1312,538,454,723,770,782,1567,4684,0,4684
20233,A,골목상권,3111061,암사역 1번,9628,4750,4878,1059,976,1440,1747,1521,2885,523,538,706,933,753,1297,536,438,734,814,768,1588,4713,0,4713
20233,A,골목상권,3111062,둔촌동역 3번(성내3동주민센터),3392,1729,1663,473,423,435,584,591,886,263,237,245,287,287,410,210,186,190,297,304,476,1406,0,1406
20233,A,골목상권,3111063,강동구립 천호도서관,5742,2947,2795,500,471,983,846,923,2019,246,253,512,482,498,956,254,218,471,364,425,1063,3706,0,3706
20233,A,골목상권,3111064,둔촌동역 4번,2476,1240,1236,274,335,350,432,424,661,143,192,186,228,213,278,131,143,164,204,211,383,1196,0,1196
20233,A,골목상권,3111065,천일초등학교,2673,1391,1282,226,312,363,369,469,934,114,165,204,209,246,453,112,147,159,160,223,481,1431,0,1431
20233,A,골목상권,3111066,암사동성당(효정하나플러스아파트),5397,2711,2686,589,579,824,899,907,1599,294,321,424,464,463,745,295,258,400,435,444,854,2600,0,2600
20233,A,골목상권,3111067,강동구립성내도서관,9505,4678,4827,1073,891,1686,1790,1373,2692,552,506,811,932,678,1199,521,385,875,858,695,1493,4459,0,4459
20233,A,골목상권,3111068,강동성심병원,386,187,199,59,19,95,89,58,66,34,9,37,48,29,30,25,10,58,41,29,36,171,0,171
20233,A,골목상권,3111069,천호1동주민센터,5164,2658,2506,479,533,697,792,890,1773,258,273,364,427,473,863,221,260,333,365,417,910,2810,0,2810
20233,A,골목상권,3111070,천호초등학교,2407,1189,1218,302,241,343,384,372,765,148,123,171,204,191,352,154,118,172,180,181,413,1283,0,1283
20233,A,골목상권,3111071,천동초등학교,1018,515,503,119,94,165,173,135,332,65,52,82,95,63,158,54,42,83,78,72,174,531,0,531
20233,A,골목상권,3111072,굽은다리역 1번(십자성마을),7213,3605,3608,875,823,1067,1191,1062,2195,455,420,550,641,519,1020,420,403,517,550,543,1175,3168,0,3168
20233,A,골목상권,3111073,둔촌동역 1번(한산중학교),7458,3688,3770,878,889,1141,1140,1256,2154,473,439,596,562,600,1018,405,450,545,578,656,1136,3295,0,3295
20233,A,골목상권,3111074,명일역 1번,2307,1124,1183,320,252,335,406,345,649,164,124,176,208,165,287,156,128,159,198,180,362,964,0,964
20233,A,골목상권,3111075,굽은다리역 2번,4718,2349,2369,461,521,703,656,739,1638,217,264,390,355,357,766,244,257,313,301,382,872,2011,0,2011
20233,A,골목상권,3111076,둔촌2동주민센터,1743,898,845,149,204,250,246,302,592,80,102,136,142,149,289,69,102,114,104,153,303,1011,0,1011
20233,A,골목상권,3111077,길동주민센터(강동도서관),11358,5637,5721,1309,1147,1759,1965,1764,3414,701,597,869,1010,867,1593,608,550,890,955,897,1821,5387,0,5387
20233,A,골목상권,3111078,굽은다리역 4번,10272,5040,5232,1043,1233,1645,1625,1616,3110,549,634,809,845,783,1420,494,599,836,780,833,1690,4316,0,4316
20233,A,골목상권,3111079,둔촌고등학교(둔촌중학교),1969,981,988,193,248,311,268,325,624,100,134,154,148,166,279,93,114,157,120,159,345,910,0,910
20233,A,골목상권,3111080,굽은다리역 3번,3247,1574,1673,385,444,447,452,551,968,205,216,241,221,253,438,180,228,206,231,298,530,1228,0,1228
20233,A,골목상권,3111081,둔촌푸르지오아파트,284,140,144,14,50,41,29,59,91,5,31,22,14,28,40,9,19,19,15,31,51,114,0,114
20233,A,골목상권,3111082,중앙보훈병원,1250,610,640,155,167,176,182,196,374,87,79,97,89,93,165,68,88,79,93,103,209,480,0,480
20233,A,골목상권,3111083,GS강동자이아파트,3443,1725,1718,404,413,503,563,583,977,205,217,258,302,287,456,199,196,245,261,296,521,1379,0,1379
20233,A,골목상권,3111084,길동신동아아파트,1100,531,569,173,164,135,174,190,264,89,88,63,77,85,129,84,76,72,97,105,135,354,0,354
20233,A,골목상권,3111085,묘곡초등학교(고덕아이파크아파트),5017,2602,2415,480,688,676,602,915,1656,245,387,381,322,465,802,235,301,295,280,450,854,1980,0,1980
20233,A,골목상권,3111086,한영중고,2818,1392,1426,332,473,313,355,553,792,174,262,168,170,263,355,158,211,145,185,290,437,1056,0,1056
20233,A,골목상권,3111087,고덕중학교(고덕2동주민센터),2973,1575,1398,251,378,374,361,550,1059,130,219,220,200,288,518,121,159,154,161,262,541,1224,0,1224
20233,A,골목상권,3111088,고덕동성당,2415,1236,1179,214,260,303,298,427,913,107,152,169,157,227,424,107,108,134,141,200,489,967,0,967
20233,A,골목상권,3111089,상일여고(상일초등학교),4387,2269,2118,440,557,662,531,803,1394,238,280,371,288,401,691,202,277,291,243,402,703,1702,0,1702
20233,A,골목상권,3111090,강일동주민센터,604,322,282,27,45,172,141,95,124,17,15,88,86,49,67,10,30,84,55,46,57,826,0,826
20232,A,골목상권,3110735,말미고개,5877,2975,2902,623,616,988,815,1020,1815,337,320,520,426,510,862,286,296,468,389,510,953,2688,0,2688
20232,A,골목상권,3110840,중앙대학교,2040,1035,1005,157,284,520,263,246,570,76,132,324,139,120,244,81,152,196,124,126,326,1415,0,1415
20232,A,골목상권,3110946,청계산원터골,77,45,32,6,0,12,10,11,38,4,0,8,7,6,20,2,0,4,3,5,18,44,0,44
20233,A,골목상권,3110001,이북5도청사,1011,475,536,116,130,122,119,171,353,66,59,70,53,73,154,50,71,52,66,98,199,401,0,401
20233,A,골목상권,3110002,독립문역 1번,663,326,337,52,60,53,79,111,308,30,31,23,44,58,140,22,29,30,35,53,168,343,0,343
20233,A,골목상권,3110003,세검정초등학교,2926,1417,1509,331,413,381,381,533,887,165,206,210,180,237,419,166,207,171,201,296,468,1270,0,1270
20233,A,골목상권,3110004,대신고등학교,529,259,270,51,55,57,78,94,194,28,32,28,39,49,83,23,23,29,39,45,111,244,0,244
20233,A,골목상권,3110005,세검정,2153,1046,1107,243,308,267,285,410,640,133,171,138,124,181,299,110,137,129,161,229,341,878,0,878
20233,A,골목상권,3110006,부암동주민센터,671,329,342,46,68,70,66,127,294,27,40,37,28,65,132,19,28,33,38,62,162,384,0,384
20233,A,골목상권,3110007,사직공원(한국사회과학도서관),2073,950,1123,256,225,309,330,332,621,123,112,136,168,142,269,133,113,173,162,190,352,885,0,885
20233,A,골목상권,3110008,배화여자대학교(박노수미술관),5038,2280,2758,621,598,669,863,875,1412,308,266,314,382,417,593,313,332,355,481,458,819,2045,0,2045
20233,A,골목상권,3110009,자하문터널,1622,787,835,159,207,221,257,302,476,95,114,117,114,129,218,64,93,104,143,173,258,713,0,713
20233,A,골목상권,3110010,평창동서측,3015,1401,1614,295,368,395,409,517,1031,158,190,193,188,223,449,137,178,202,221,294,582,1417,0,1417
20233,A,골목상권,3110011,청운초등학교,432,204,228,59,67,44,71,83,108,33,41,17,30,36,47,26,26,27,41,47,61,164,0,164
20233,A,골목상권,3110012,성곡미술관,1916,878,1038,262,212,252,312,358,520,138,94,123,131,159,233,124,118,129,181,199,287,847,0,847
20233,A,골목상권,3110013,체부동홍종문가옥,292,137,155,25,30,53,54,46,84,16,15,19,29,19,39,9,15,34,25,27,45,198,0,198
20233,A,골목상권,3110014,경복고등학교,916,447,469,87,122,82,125,165,335,48,76,38,54,79,152,39,46,44,71,86,183,464,0,464
20233,A,골목상권,3110015,청와대사랑채,672,309,363,89,83,94,112,120,174,48,40,38,50,51,82,41,43,56,62,69,92,254,0,254
20233,A,골목상권,3110016,평창동동측,1988,982,1006,217,199,253,247,295,777,118,112,142,125,131,354,99,87,111,122,164,423,901,0,901
20233,A,골목상권,3110017,정독도서관,700,341,359,99,73,76,111,126,215,59,42,35,50,61,94,40,31,41,61,65,121,321,0,321
20233,A,골목상권,3110018,중앙고등학교,2897,1357,1540,278,340,383,489,520,887,131,164,185,222,258,397,147,176,198,267,262,490,1295,0,1295
20233,A,골목상권,3110019,창덕궁,271,150,121,11,16,30,37,45,132,4,8,18,22,30,68,7,8,12,15,15,64,159,0,159
20233,A,골목상권,3110020,서울국제고등학교,4097,2131,1966,312,589,953,537,556,1150,149,289,615,282,285,511,163,300,338,255,271,639,2299,0,2299
20233,A,골목상권,3110021,성균관대학교,1851,925,926,129,316,522,230,207,447,70,121,298,117,103,216,59,195,224,113,104,231,1229,0,1229
20233,A,골목상권,3110022,경신고등학교,1513,742,771,187,235,281,254,224,332,96,118,158,121,107,142,91,117,123,133,117,190,784,0,784
20233,A,골목상권,3110023,서울대병원,681,301,380,47,60,233,106,76,159,24,31,96,49,35,66,23,29,137,57,41,93,365,0,365
20233,A,골목상권,3110024,혜회동주민센터,980,436,544,100,170,194,138,144,234,53,78,86,53,63,103,47,92,108,85,81,131,800,0,800
20233,A,골목상권,3110025,충신시장옆,523,280,243,32,51,96,78,86,180,18,31,53,45,46,87,14,20,43,33,40,93,264,0,264
20233,A,골목상권,3110026,종로5가역 4번,130,61,69,7,13,16,13,24,57,0,8,4,7,11,31,7,5,12,6,13,26,62,0,62
20233,A,골목상권,3110027,혜화역 1번,2999,1400,1599,262,347,594,470,455,871,116,159,298,237,223,367,146,188,296,233,232,504,1450,0,1450
20233,A,골목상권,3110028,이화달팽이길,4475,2311,2164,254,679,787,518,817,1420,120,386,412,293,414,686,134,293,375,225,403,734,2181,0,2181
20233,A,골목상권,3110029,동대문역 1번,6133,3169,2964,458,788,794,763,1261,2069,253,414,422,430,663,987,205,374,372,333,598,1082,2569,0,2569
20233,A,골목상권,3110030,동대문역 3번,239,122,117,14,21,40,25,52,87,7,12,26,10,27,40,7,9,14,15,25,47,116,0,116
20233,A,골목상권,3110031,창신역 1번,350,180,170,26,41,56,38,65,124,14,21,35,19,28,63,12,20,21,19,37,61,266,0,266
20233,A,골목상권,3110032,수족관거리,32,15,17,1,2,4,5,8,12,0,0,2,4,5,4,1,2,2,1,3,8,16,0,16
20233,A,골목상권,3110033,창신역 4번,2222,1111,1111,182,228,304,323,411,774,98,119,159,173,210,352,84,109,145,150,201,422,1077,0,1077
20233,A,골목상권,3110034,창신1동주민센터,330,192,138,1,2,6,27,60,234,0,1,2,15,35,139,1,1,4,12,25,95,308,0,308
20233,A,골목상권,3110035,동묘앞역 2번,3851,1990,1861,241,391,543,511,758,1407,138,189,284,283,403,693,103,202,259,228,355,714,2014,0,2014
20233,A,골목상권,3110036,동묘앞역 3번,162,102,60,3,10,38,22,28,61,1,4,26,16,16,39,2,6,12,6,12,22,342,0,342
20233,A,골목상권,3110037,신설동역 12번,1645,801,844,128,159,233,243,281,601,67,78,117,129,139,271,61,81,116,114,142,330,807,0,807
20233,A,골목상권,3110038,경향신문사,15,12,3,2,0,3,2,2,6,2,0,3,2,2,3,0,0,0,0,0,3,7,0,7
20233,A,골목상권,3110039,회현역 1번,92,53,39,8,10,5,13,16,40,7,2,4,11,10,19,1,8,1,2,6,21,51,0,51
20233,A,골목상권,3110040,중구회현체육센터(정화예술대남산캠퍼스),1084,503,581,73,92,141,163,157,458,32,48,73,86,77,187,41,44,68,77,80,271,482,0,482
20233,A,골목상권,3110041,남산케이블카,765,386,379,81,61,132,126,125,240,40,33,79,66,65,103,41,28,53,60,60,137,439,0,439
20233,A,골목상권,3110042,남산골공원옆,934,456,478,81,73,175,140,141,324,39,33,91,70,75,148,42,40,84,70,66,176,532,0,532
20233,A,골목상권,3110043,충무초등학교,2059,1095,964,161,339,622,262,241,434,83,144,394,143,125,206,78,195,228,119,116,228,1458,0,1458
20233,A,골목상권,3110045,동대문역사문화공원역 5번,999,495,504,67,89,170,130,141,402,36,39,94,69,74,183,31,50,76,61,67,219,528,0,528
20233,A,골목상권,3110046,버티고개,4037,2045,1992,351,473,706,637,648,1222,196,256,398,335,318,542,155,217,308,302,330,680,1656,0,1656
20233,A,골목상권,3110047,다산성곽길,3006,1461,1545,249,336,410,421,532,1058,128,176,215,200,278,464,121,160,195,221,254,594,1360,0,1360
20233,A,골목상권,3110048,장충동주민센터,2658,1284,1374,257,291,498,419,425,768,133,146,247,205,203,350,124,145,251,214,222,418,1262,0,1262
20233,A,골목상권,3110049,장충단 고개,2063,964,1099,231,231,436,360,306,499,112,112,204,177,137,222,119,119,232,183,169,277,988,0,988
20233,A,골목상권,3110050,약수역 7번,850,391,459,62,93,150,117,137,291,32,49,59,53,74,124,30,44,91,64,63,167,396,0,396
20233,A,골목상권,3110051,한양공고앞 교차로,1236,641,595,88,117,178,159,231,463,41,59,101,95,120,225,47,58,77,64,111,238,710,0,710
20233,A,골목상권,3110052,장충초등학교,1915,948,967,172,226,305,259,353,600,82,109,157,143,181,276,90,117,148,116,172,324,876,0,876
20233,A,골목상권,3110053,청구역 1번,2726,1360,1366,207,340,481,374,516,808,98,172,270,203,257,360,109,168,211,171,259,448,1498,0,1498
20233,A,골목상권,3110054,청구역 3번,1969,946,1023,151,222,482,313,321,480,87,107,208,149,165,230,64,115,274,164,156,250,1121,0,1121
20233,A,골목상권,3110055,황학동벼룩시장,198,115,83,4,17,32,24,34,87,2,9,17,14,20,53,2,8,15,10,14,34,224,0,224
20233,A,골목상권,3110056,신당역 3번,5434,2688,2746,437,597,785,766,1067,1782,221,297,404,409,570,787,216,300,381,357,497,995,2699,0,2699
20233,A,골목상권,3110057,황학코아루아파트,1371,604,767,85,126,501,250,184,225,45,43,193,113,99,111,40,83,308,137,85,114,1288,0,1288
20233,A,골목상권,3110058,성심여자고등학교,4022,1936,2086,398,443,557,618,665,1341,193,225,271,310,344,593,205,218,286,308,321,748,1972,0,1972
20233,A,골목상권,3110059,새남터성지,1903,909,994,151,157,218,251,332,794,86,76,116,137,178,316,65,81,102,114,154,478,953,0,953
20233,A,골목상권,3110060,효창공원앞역 6번,3473,1661,1812,420,315,565,647,511,1015,195,164,262,323,264,453,225,151,303,324,247,562,1728,0,1728
20233,A,골목상권,3110061,효창동주민센터,3737,1818,1919,407,457,623,568,614,1068,212,240,307,291,290,478,195,217,316,277,324,590,1764,0,1764
20233,A,골목상권,3110062,한강로동땡땡거리(은행나무길),1344,724,620,71,105,164,182,195,627,41,63,107,110,123,280,30,42,57,72,72,347,734,0,734
20233,A,골목상권,3110063,효창공원앞역 5번,2463,1276,1187,215,233,381,373,389,872,115,133,217,213,206,392,100,100,164,160,183,480,1651,0,1651
20233,A,골목상권,3110064,효창공원앞역 2번,2816,1315,1501,347,367,478,490,453,681,181,173,215,232,215,299,166,194,263,258,238,382,1454,0,1454
20233,A,골목상권,3110065,남정초등학교,139,64,75,17,18,15,23,24,42,10,6,3,14,12,19,7,12,12,9,12,23,85,0,85
20233,A,골목상권,3110066,서울역 15번,3174,1634,1540,239,343,540,453,622,977,128,179,281,254,332,460,111,164,259,199,290,517,1541,0,1541
20233,A,골목상권,3110067,배문고등학교,8328,4236,4092,820,1058,1548,1266,1413,2223,427,555,845,682,700,1027,393,503,703,584,713,1196,3893,0,3893
20233,A,골목상권,3110068,남영역 1번,3001,1467,1534,246,290,569,516,432,948,126,136,279,265,231,430,120,154,290,251,201,518,2038,0,2038
20233,A,골목상권,3110069,숙대입구,4953,2159,2794,341,705,1105,804,635,1363,170,229,411,379,339,631,171,476,694,425,296,732,3446,0,3446
20233,A,골목상권,3110070,용산세무서,143,69,74,18,21,14,22,16,52,5,9,8,12,6,29,13,12,6,10,10,23,43,0,43
20233,A,골목상권,3110071,한강미주맨션아파트,452,207,245,76,57,32,59,85,143,44,30,13,17,45,58,32,27,19,42,40,85,179,0,179
20233,A,골목상권,3110072,열정도,154,91,63,5,8,20,19,25,77,1,3,14,13,16,44,4,5,6,6,9,33,97,0,97
20233,A,골목상권,3110073,삼각지역 3번,490,237,253,23,37,102,74,69,185,19,23,51,42,34,68,4,14,51,32,35,117,364,0,364
20233,A,골목상권,3110074,서울역 12번,2812,1932,880,112,180,315,326,577,1302,60,96,189,219,444,924,52,84,126,107,133,378,2493,0,2493
20233,A,골목상권,3110075,숙대입구역 1번,3426,1837,1589,248,310,575,521,590,1182,133,170,297,289,337,611,115,140,278,232,253,571,2033,0,2033
20233,A,골목상권,3110076,삼각지역 14번,32,22,10,2,0,1,6,5,18,1,0,1,4,4,12,1,0,0,2,1,6,15,0,15
20233,A,골목상권,3110077,삼광초등학교,1368,671,697,161,147,176,226,230,428,88,76,94,108,116,189,73,71,82,118,114,239,618,0,618
20233,A,골목상권,3110078,이촌동점보아파트,498,228,270,78,63,42,64,92,159,37,34,14,29,40,74,41,29,28,35,52,85,146,0,146
20233,A,골목상권,3110079,후암동주민센터,10496,5151,5345,1216,1121,1544,1849,1775,2991,622,602,796,935,867,1329,594,519,748,914,908,1662,5148,0,5148
20233,A,골목상권,3110080,해방촌예술마을,4324,2140,2184,409,463,665,684,691,1412,216,228,362,371,349,614,193,235,303,313,342,798,2097,0,2097
20233,A,골목상권,3110081,해방촌 남동측,3897,1815,2082,262,353,605,565,622,1490,125,175,285,294,292,644,137,178,320,271,330,846,1950,0,1950
20233,A,골목상권,3110082,용산구청,1040,487,553,89,65,212,168,141,365,51,34,100,87,58,157,38,31,112,81,83,208,564,0,564
20233,A,골목상권,3110083,서빙고역 1번,813,407,406,106,134,74,154,160,185,55,58,41,71,91,91,51,76,33,83,69,94,350,0,350
20233,A,골목상권,3110084,경리단길북측,4008,1823,2185,293,296,658,672,613,1476,149,153,328,313,290,590,144,143,330,359,323,886,2154,0,2154
20233,A,골목상권,3110085,경리단길남측,2556,1181,1375,274,209,412,420,411,830,132,101,207,207,185,349,142,108,205,213,226,481,1508,0,1508
20233,A,골목상권,3110086,이태원역 북측,1009,491,518,150,89,154,168,135,313,74,54,74,81,64,144,76,35,80,87,71,169,549,0,549
20233,A,골목상권,3110087,이태원엔틱가구거리,1794,768,1026,94,113,245,252,290,800,44,53,136,130,132,273,50,60,109,122,158,527,1150,0,1150
20233,A,골목상권,3110088,오산고등학교,1955,972,983,203,223,277,341,361,550,117,122,155,162,175,241,86,101,122,179,186,309,813,0,813
20233,A,골목상권,3110089,서빙고동주민센터,2587,1261,1326,222,264,299,403,440,959,112,130,168,206,217,428,110,134,131,197,223,531,1322,0,1322
20233,A,골목상권,3110090,한국폴리텍대학서울정수캠퍼스,2055,926,1129,162,192,339,323,383,656,78,96,167,143,172,270,84,96,172,180,211,386,1109,0,1109
20233,A,골목상권,3110091,리움미술관,169,85,84,13,6,38,27,19,66,8,3,23,11,7,33,5,3,15,16,12,33,82,0,82
20233,A,골목상권,3110092,NH농협은행 보광동지점,3884,1878,2006,270,428,626,579,691,1290,147,236,336,290,328,541,123,192,290,289,363,749,1848,0,1848
20233,A,골목상권,3110093,우사단길,6433,3253,3180,466,544,1169,1135,1042,2077,248,290,673,605,542,895,218,254,496,530,500,1182,3613,0,3613
20233,A,골목상권,3110094,오산중학교,372,193,179,14,45,63,46,82,122,6,29,35,28,42,53,8,16,28,18,40,69,201,0,201
20233,A,골목상권,3110095,한강진역 3번,2490,1092,1398,161,143,330,451,437,968,80,66,140,229,201,376,81,77,190,222,236,592,1717,0,1717
20233,A,골목상권,3110096,한남힐사이드아파트,1080,486,594,122,97,154,226,175,306,64,49,63,112,76,122,58,48,91,114,99,184,454,0,454
20233,A,골목상권,3110097,한남초등학교,225,104,121,31,5,55,57,21,56,18,3,25,28,5,25,13,2,30,29,16,31,131,0,131
20233,A,골목상권,3110098,서울독일학교,219,103,116,28,21,37,26,34,73,15,9,18,12,16,33,13,12,19,14,18,40,117,0,117
20233,A,골목상권,3110099,유엔빌리지길,1635,781,854,274,137,248,282,251,443,145,72,111,129,118,206,129,65,137,153,133,237,835,0,835
20233,A,골목상권,3110100,옥수동우편취급국,113,53,60,13,15,27,12,13,33,8,6,15,4,6,14,5,9,12,8,7,19,43,0,43
20233,A,골목상권,3110101,옥정중학교,693,321,372,82,49,152,156,103,151,42,19,69,78,47,66,40,30,83,78,56,85,378,0,378
20233,A,골목상권,3110102,옥수역 6번,995,479,516,114,90,179,178,134,300,64,43,83,88,67,134,50,47,96,90,67,166,455,0,455
20233,A,골목상권,3110103,옥수터널,480,231,249,46,50,81,76,78,149,28,32,41,41,36,53,18,18,40,35,42,96,215,0,215
20233,A,골목상권,3110104,신금호역 4번,3310,1604,1706,331,411,439,494,567,1068,166,204,217,255,292,470,165,207,222,239,275,598,1334,0,1334
20233,A,골목상권,3110105,금동어린이공원,2997,1488,1509,244,326,423,404,528,1072,134,185,231,195,285,458,110,141,192,209,243,614,1398,0,1398
20233,A,골목상권,3110106,금북초등학교,1081,541,540,103,125,157,140,179,377,56,76,73,75,79,182,47,49,84,65,100,195,407,0,407
20233,A,골목상권,3110107,금호사거리,269,137,132,22,22,44,42,34,105,14,8,24,23,22,46,8,14,20,19,12,59,132,0,132
20233,A,골목상권,3110108,성동구립금호도서관,3,1,2,0,0,0,1,0,2,0,0,0,0,0,1,0,0,0,1,0,1,1,0,1
20233,A,골목상권,3110109,금호삼성래미안아파트,503,259,244,32,59,57,74,88,193,15,35,31,44,48,86,17,24,26,30,40,107,242,0,242
20233,A,골목상권,3110110,상왕십리역 6번,2125,1045,1080,140,212,432,357,332,652,75,111,198,196,165,300,65,101,234,161,167,352,1159,0,1159
20233,A,골목상권,3110111,대현산장미원,1594,799,795,160,173,182,257,273,549,81,86,99,146,139,248,79,87,83,111,134,301,617,0,617
20233,A,골목상권,3110112,행당역 2번,2881,1365,1516,275,393,460,427,509,817,126,200,229,209,228,373,149,193,231,218,281,444,1348,0,1348
20233,A,골목상권,3110113,응봉산,1614,788,826,181,206,196,240,281,510,109,106,96,119,130,228,72,100,100,121,151,282,633,0,633
20233,A,골목상권,3110114,왕십리파출소,769,379,390,93,83,113,141,128,211,47,46,57,74,66,89,46,37,56,67,62,122,372,0,372
20233,A,골목상권,3110115,상왕십리역 3번,2074,1046,1028,162,262,431,277,381,561,90,143,209,144,201,259,72,119,222,133,180,302,1116,0,1116
20233,A,골목상권,3110116,청계천박물관,2169,1108,1061,198,279,283,275,438,696,116,148,158,136,216,334,82,131,125,139,222,362,948,0,948
20233,A,골목상권,3110117,성동구보건소,1620,819,801,135,197,269,214,288,517,70,118,128,122,145,236,65,79,141,92,143,281,795,0,795
20233,A,골목상권,3110118,왕십리역 9번,1163,614,549,81,106,206,156,203,411,41,60,125,80,108,200,40,46,81,76,95,211,694,0,694
20233,A,골목상권,3110119,마장지하차도,268,139,129,13,24,45,43,42,101,5,12,23,25,25,49,8,12,22,18,17,52,147,0,147
20233,A,골목상권,3110120,서울숲카페거리,1198,621,577,121,139,225,199,175,339,69,80,122,108,87,155,52,59,103,91,88,184,432,0,432
20233,A,골목상권,3110121,한양대역 4번,712,413,299,34,186,246,56,63,127,15,89,183,37,36,53,19,97,63,19,27,74,771,0,771
20233,A,골목상권,3110122,마장역 2번,706,359,347,100,93,114,101,117,181,51,49,57,50,58,94,49,44,57,51,59,87,365,0,365
20233,A,골목상권,3110123,마장역 3번,2880,1460,1420,219,314,426,377,478,1066,115,162,219,203,254,507,104,152,207,174,224,559,1611,0,1611
20233,A,골목상권,3110124,뚝섬역교차로,825,444,381,48,77,175,109,115,301,27,44,98,56,64,155,21,33,77,53,51,146,512,0,512
20233,A,골목상권,3110125,사근동살곶이상점가,4154,2274,1880,278,714,1018,458,525,1161,142,384,703,255,259,531,136,330,315,203,266,630,2833,0,2833
20233,A,골목상권,3110126,서울숲역 1번,543,265,278,47,67,99,77,93,160,28,34,51,41,37,74,19,33,48,36,56,86,316,0,316
20233,A,골목상권,3110127,성수1가1동주민센터,942,484,458,57,53,282,193,143,214,30,24,134,100,85,111,27,29,148,93,58,103,715,0,715
20233,A,골목상권,3110128,성원중학교,8370,4430,3940,702,1043,1194,1172,1695,2564,370,546,659,638,922,1295,332,497,535,534,773,1269,4002,0,4002
20233,A,골목상권,3110129,성원어린이공원,1687,836,851,168,148,335,342,270,424,88,75,168,180,130,195,80,73,167,162,140,229,833,0,833
20233,A,골목상권,3110130,답십리역 6번,2008,1016,992,144,233,286,289,360,696,76,106,146,164,189,335,68,127,140,125,171,361,627,0,627
20233,A,골목상권,3110131,성수동카페거리,2841,1538,1303,247,277,584,434,458,841,129,140,312,244,261,452,118,137,272,190,197,389,1526,0,1526
20233,A,골목상권,3110132,성수2가3동주민센터,1918,1011,907,129,161,375,286,308,659,68,85,189,160,170,339,61,76,186,126,138,320,1318,0,1318
20233,A,골목상권,3110133,서울교통공사,1527,819,708,132,140,209,248,319,479,63,68,113,140,185,250,69,72,96,108,134,229,977,0,977
20233,A,골목상권,3110134,성수119안전센터,6354,3316,3038,611,594,974,1021,1086,2068,314,317,512,541,589,1043,297,277,462,480,497,1025,2888,0,2888
20233,A,골목상권,3110135,성동세무서,1108,596,512,95,90,229,195,181,318,51,46,131,104,107,157,44,44,98,91,74,161,657,0,657
20233,A,골목상권,3110136,경수초등학교,2695,1404,1291,295,255,400,423,447,875,140,135,212,230,242,445,155,120,188,193,205,430,1203,0,1203
20233,A,골목상권,3110137,성수초등학교,1666,903,763,214,135,339,373,226,379,107,70,174,221,132,199,107,65,165,152,94,180,920,0,920
20233,A,골목상권,3110138,송정체육공원,3537,1903,1634,271,385,568,470,680,1163,136,218,305,262,381,601,135,167,263,208,299,562,1973,0,1973
20233,A,골목상권,3110139,자양4동주민센터,5586,2830,2756,358,523,800,823,1049,2033,155,271,415,443,568,978,203,252,385,380,481,1055,3040,0,3040
20233,A,골목상권,3110140,건대입구역 6번,5668,2843,2825,400,556,1062,865,950,1835,204,275,544,470,501,849,196,281,518,395,449,986,2848,0,2848
20233,A,골목상권,3110141,건대입구역 1번,3006,1430,1576,166,347,1072,455,335,631,82,127,504,251,170,296,84,220,568,204,165,335,2208,0,2208
20233,A,골목상권,3110142,화양사거리,5301,2606,2695,230,792,2113,735,543,888,111,314,1071,390,297,423,119,478,1042,345,246,465,4850,0,4850
20233,A,골목상권,3110143,뚝섬유원지역 1번,140,74,66,20,19,13,13,36,39,9,12,5,6,22,20,11,7,8,7,14,19,49,0,49
20233,A,골목상권,3110144,어린이대공원역 4번,2006,981,1025,71,281,664,254,239,497,32,107,333,134,152,223,39,174,331,120,87,274,1732,0,1732
20233,A,골목상권,3110145,장안초등학교,635,303,332,57,59,157,96,92,174,26,27,81,52,40,77,31,32,76,44,52,97,308,0,308
20233,A,골목상권,3110146,신자초등학교,4081,2073,2008,459,462,599,629,707,1225,217,257,324,331,349,595,242,205,275,298,358,630,1853,0,1853
20233,A,골목상권,3110147,능동우편취급국,6391,3243,3148,648,676,1432,1102,879,1654,348,350,743,599,431,772,300,326,689,503,448,882,3407,0,3407
20233,A,골목상권,3110148,어린이대공원역 3번,1427,737,690,72,213,379,186,196,381,39,113,218,95,101,171,33,100,161,91,95,210,1068,0,1068
20233,A,골목상권,3110149,세종대학교,923,410,513,72,127,264,148,129,183,37,48,112,66,63,84,35,79,152,82,66,99,598,0,598
20233,A,골목상권,3110150,중곡1동 마을마당,5846,2926,2920,514,468,1189,999,896,1780,259,262,568,533,460,844,255,206,621,466,436,936,3330,0,3330
20233,A,골목상권,3110151,자양한강도서관,4707,2315,2392,515,519,750,870,780,1273,266,276,366,441,385,581,249,243,384,429,395,692,2312,0,2312
20233,A,골목상권,3110152,중곡어린이공원,2070,1067,1003,229,215,359,322,364,581,123,108,191,171,201,273,106,107,168,151,163,308,996,0,996
20233,A,골목상권,3110153,중곡1동주민센터,2407,1168,1239,245,235,516,467,329,615,126,106,255,246,145,290,119,129,261,221,184,325,1412,0,1412
20233,A,골목상권,3110154,광진정말공원,4782,2336,2446,519,528,794,796,765,1380,294,250,394,405,384,609,225,278,400,391,381,771,2148,0,2148
20233,A,골목상권,3110155,광진구청,3905,1939,1966,342,490,728,635,666,1044,177,248,378,326,317,493,165,242,350,309,349,551,2111,0,2111
20233,A,골목상권,3110156,군자역 5번,6196,2946,3250,617,514,1552,1214,763,1536,321,260,675,632,373,685,296,254,877,582,390,851,3544,0,3544
20233,A,골목상권,3110157,자양동우체국,5967,2977,2990,780,746,930,1044,1009,1458,418,417,455,504,504,679,362,329,475,540,505,779,2602,0,2602
20233,A,골목상권,3110158,중곡3동주민센터,7012,3495,3517,687,741,1100,1088,1241,2155,359,371,573,582,614,996,328,370,527,506,627,1159,3649,0,3649
20233,A,골목상권,3110159,구의역 4번,9198,4495,4703,819,967,1742,1508,1479,2683,404,502,847,787,712,1243,415,465,895,721,767,1440,4855,0,4855
20233,A,골목상권,3110160,광진경찰서,1905,915,990,195,260,335,333,327,455,99,124,171,155,152,214,96,136,164,178,175,241,944,0,944
20233,A,골목상권,3110161,중곡역 3번,5088,2512,2576,501,589,848,754,896,1500,254,309,424,402,433,690,247,280,424,352,463,810,2469,0,2469
20233,A,골목상권,3110162,군자역 4번,4032,1934,2098,539,440,744,705,618,986,273,239,339,323,308,452,266,201,405,382,310,534,1665,0,1665
20233,A,골목상권,3110163,성자초등학교,2989,1434,1555,410,341,449,590,469,730,186,169,219,310,217,333,224,172,230,280,252,397,1278,0,1278
20233,A,골목상권,3110164,아차산역 5번,3100,1474,1626,320,283,755,607,406,729,175,140,335,308,190,326,145,143,420,299,216,403,1755,0,1755
20233,A,골목상권,3110165,국립정신건강센터,4490,2211,2279,462,577,756,682,799,1214,230,302,389,356,360,574,232,275,367,326,439,640,1913,0,1913
20233,A,골목상권,3110166,구의1동주민센터,6518,3073,3445,500,705,1479,1165,1005,1664,256,336,672,577,488,744,244,369,807,588,517,920,3508,0,3508
20233,A,골목상권,3110167,용마초등학교,6898,3400,3498,830,757,1229,1152,1140,1790,427,399,627,585,535,827,403,358,602,567,605,963,3155,0,3155
20233,A,골목상권,3110168,대원고등학교,2608,1281,1327,314,445,338,389,536,586,157,227,176,190,252,279,157,218,162,199,284,307,1104,0,1104
20233,A,골목상권,3110169,성동초등학교,2355,1188,1167,199,266,448,380,369,693,116,138,233,204,167,330,83,128,215,176,202,363,1360,0,1360
20233,A,골목상권,3110170,동대부여고,6314,3055,3259,500,628,1334,1168,968,1716,254,321,662,587,482,749,246,307,672,581,486,967,3367,0,3367
20233,A,골목상권,3110171,중곡4동주민센터,2691,1316,1375,230,339,361,351,524,886,122,180,184,186,254,390,108,159,177,165,270,496,1190,0,1190
20233,A,골목상권,3110172,광진초등학교,3768,1834,1934,437,436,554,606,644,1091,229,224,257,312,322,490,208,212,297,294,322,601,1960,0,1960
20233,A,골목상권,3110173,구남초등학교,1446,686,760,130,177,260,211,225,443,74,81,124,102,100,205,56,96,136,109,125,238,716,0,716
20233,A,골목상권,3110174,아차산역 1번,5080,2472,2608,608,551,757,820,823,1521,312,282,358,417,390,713,296,269,399,403,433,808,2047,0,2047
20233,A,골목상권,3110175,푸른동산공원,4810,2314,2496,571,515,910,887,744,1183,292,252,435,463,337,535,279,263,475,424,407,648,2478,0,2478
20233,A,골목상권,3110176,해오름공원,6416,3169,3247,616,711,1021,950,1112,2006,331,351,526,518,563,880,285,360,495,432,549,1126,2913,0,2913
20233,A,골목상권,3110177,동의초등학교,1692,842,850,196,189,187,302,274,544,99,115,88,154,146,240,97,74,99,148,128,304,661,0,661
20233,A,골목상권,3110178,장로회신학대학교,1265,595,670,146,144,202,178,199,396,68,69,98,84,101,175,78,75,104,94,98,221,559,0,559
20233,A,골목상권,3110179,광나루역 1번,788,389,399,78,105,125,125,134,221,45,56,66,59,63,100,33,49,59,66,71,121,580,0,580
20233,A,골목상권,3110180,광진정보도서관,1113,567,546,128,123,181,174,197,310,70,71,91,85,96,154,58,52,90,89,101,156,618,0,618
20233,A,골목상권,3110181,신설동역 9번,593,330,263,71,56,94,102,106,164,36,37,55,50,65,87,35,19,39,52,41,77,1033,0,1033
20233,A,골목상권,3110182,용두희망어린이공원,941,546,395,61,145,321,135,104,175,30,81,221,75,57,82,31,64,100,60,47,93,700,0,700
20233,A,골목상권,3110183,한국의류시험연구원,408,229,179,31,41,56,60,63,157,14,22,32,34,40,87,17,19,24,26,23,70,350,0,350
20233,A,골목상권,3110184,용두사거리,235,121,114,22,19,37,49,36,72,12,11,16,30,20,32,10,8,21,19,16,40,135,0,135
20233,A,골목상권,3110185,용두초등학교,416,221,195,35,32,58,48,86,157,15,14,33,25,54,80,20,18,25,23,32,77,249,0,249
20233,A,골목상권,3110186,종암초등학교,418,239,179,24,57,141,63,41,92,12,29,93,38,23,44,12,28,48,25,18,48,295,0,295
20233,A,골목상권,3110187,제기동역 6번,3256,1635,1621,223,342,654,503,507,1027,114,166,336,272,265,482,109,176,318,231,242,545,2930,0,2930
20233,A,골목상권,3110188,용두동신동아아파트,1769,903,866,187,190,259,285,303,545,98,102,147,156,153,247,89,88,112,129,150,298,2161,0,2161
20233,A,골목상권,3110189,제기동역 1번,2067,1006,1061,225,223,417,342,314,546,108,121,211,163,154,249,117,102,206,179,160,297,1104,0,1104
20233,A,골목상권,3110190,고대앞사거리,2054,1095,959,195,207,429,301,293,629,100,99,261,170,166,299,95,108,168,131,127,330,1415,0,1415
20233,A,골목상권,3110191,고려대역 6번,1068,572,496,58,98,221,173,135,383,30,51,127,109,75,180,28,47,94,64,60,203,843,0,843
20233,A,골목상권,3110192,동의보감타워,515,278,237,11,28,137,98,69,172,5,15,74,50,37,97,6,13,63,48,32,75,481,0,481
20233,A,골목상권,3110193,고려대역 4번,1474,781,693,93,154,386,180,162,499,50,72,236,94,95,234,43,82,150,86,67,265,875,0,875
20233,A,골목상권,3110194,홍파초등학교,1586,789,797,122,120,238,232,202,672,68,64,132,132,107,286,54,56,106,100,95,386,922,0,922
20233,A,골목상권,3110195,동대문구청,3313,1664,1649,240,289,556,426,487,1315,131,142,287,229,270,605,109,147,269,197,217,710,2226,0,2226
20233,A,골목상권,3110196,홍릉근린공원,1125,580,545,70,95,93,146,169,552,32,46,51,87,97,267,38,49,42,59,72,285,820,0,820
20233,A,골목상권,3110197,세종대왕기념관교차로,511,263,248,60,55,78,73,78,167,30,26,47,41,46,73,30,29,31,32,32,94,307,0,307
20233,A,골목상권,3110198,동대문중앙새마을금고본점,120,58,62,8,6,11,21,12,62,2,2,7,12,8,27,6,4,4,9,4,35,80,0,80
20233,A,골목상권,3110199,홍릉시장,943,485,458,41,68,126,122,130,456,21,34,73,74,77,206,20,34,53,48,53,250,699,0,699
20233,A,골목상권,3110200,동대문경찰서,708,366,342,45,61,110,102,110,280,24,35,56,59,63,129,21,26,54,43,47,151,463,0,463
20233,A,골목상권,3110201,전농119안전센터,474,246,228,34,42,32,82,81,203,21,20,15,49,47,94,13,22,17,33,34,109,354,0,354
20233,A,골목상권,3110202,전농1동주민센터(전농시장),1358,761,597,35,89,77,144,270,743,17,50,32,87,171,404,18,39,45,57,99,339,1053,0,1053
20233,A,골목상권,3110203,떡전교사거리,1844,914,930,149,168,284,258,281,704,73,83,163,138,158,299,76,85,121,120,123,405,1013,0,1013
20233,A,골목상권,3110204,간데메공원,3304,1649,1655,433,323,461,536,502,1049,220,168,235,265,268,493,213,155,226,271,234,556,1692,0,1692
20233,A,골목상권,3110205,경희대삼거리,2619,1294,1325,173,383,703,366,337,657,92,160,378,199,182,283,81,223,325,167,155,374,1683,0,1683
20233,A,골목상권,3110206,텃골근린공원,4002,2020,1982,361,477,575,552,697,1340,202,264,293,289,349,623,159,213,282,263,348,717,2011,0,2011
20233,A,골목상권,3110207,시립대앞사거리,831,422,409,54,104,129,106,131,307,30,51,68,61,66,146,24,53,61,45,65,161,576,0,576
20233,A,골목상권,3110208,시조사삼거리,764,408,356,46,100,209,101,91,217,23,53,122,56,45,109,23,47,87,45,46,108,540,0,540
20233,A,골목상권,3110209,답십리 장령당공원,722,369,353,63,79,103,101,127,249,30,44,58,53,74,110,33,35,45,48,53,139,372,0,372
20233,A,골목상권,3110210,서울시립대,3215,1612,1603,249,493,715,450,377,931,124,213,428,244,185,418,125,280,287,206,192,513,2186,0,2186
20233,A,골목상권,3110211,전곡마을마당공원,3640,1812,1828,260,449,467,478,657,1329,134,228,262,260,342,586,126,221,205,218,315,743,1938,0,1938
20233,A,골목상권,3110212,답십리초등학교,2315,1154,1161,210,263,287,313,404,838,116,131,159,167,208,373,94,132,128,146,196,465,1077,0,1077
20233,A,골목상권,3110213,청량초등학교,762,380,382,60,134,207,85,129,147,24,69,122,39,59,67,36,65,85,46,70,80,500,0,500
20233,A,골목상권,3110214,경희대후문,2343,1221,1122,139,551,826,182,217,428,68,230,535,91,99,198,71,321,291,91,118,230,1930,0,1930
20233,A,골목상권,3110215,회기역 1번,2080,1040,1040,78,339,799,265,189,410,37,133,418,149,111,192,41,206,381,116,78,218,1579,0,1579
20233,A,골목상권,3110216,전농중학교,1200,593,607,115,128,156,177,206,418,59,61,93,90,106,184,56,67,63,87,100,234,589,0,589
20233,A,골목상권,3110217,자동차부품상가,613,319,294,33,71,81,79,140,209,20,38,45,49,77,90,13,33,36,30,63,119,301,0,301
20233,A,골목상권,3110218,답십리사거리,2799,1418,1381,283,265,380,409,498,964,126,144,216,214,260,458,157,121,164,195,238,506,1289,0,1289
20233,A,골목상권,3110219,삼육보건대학교,6613,3372,3241,479,1092,1638,804,856,1744,252,512,962,447,397,802,227,580,676,357,459,942,4386,0,4386
20233,A,골목상권,3110220,외대앞역 1번,1939,976,963,87,316,478,246,257,555,46,132,271,137,140,250,41,184,207,109,117,305,1341,0,1341
20233,A,골목상권,3110221,의릉,977,458,519,80,129,188,168,149,263,36,54,90,95,71,112,44,75,98,73,78,151,565,0,565
20233,A,골목상권,3110222,회기역 2번,27,15,12,4,1,3,2,4,13,2,0,2,2,4,5,2,1,1,0,0,8,44,0,44
20233,A,골목상권,3110223,군자초등학교,1638,837,801,188,162,287,258,258,485,108,85,140,137,134,233,80,77,147,121,124,252,750,0,750
20233,A,골목상권,3110224,외대앞역 2번,1570,827,743,78,163,243,241,280,565,41,84,134,139,164,265,37,79,109,102,116,300,321,0,321
20233,A,골목상권,3110225,촬영소사거리,1339,690,649,101,170,171,179,247,471,46,88,97,96,129,234,55,82,74,83,118,237,603,0,603
20233,A,골목상권,3110226,장안1동주민센터,9890,5049,4841,904,970,1523,1573,1729,3191,457,515,788,856,887,1546,447,455,735,717,842,1645,5867,0,5867
20233,A,골목상권,3110227,답십리공원,749,370,379,68,92,102,96,150,241,38,37,50,52,80,113,30,55,52,44,70,128,380,0,380
20233,A,골목상권,3110228,장안근린공원,5180,2631,2549,373,614,645,693,913,1942,179,326,358,381,480,907,194,288,287,312,433,1035,2855,0,2855
20233,A,골목상권,3110229,장평중학교,7419,3695,3724,1054,617,1155,1364,1001,2228,553,311,565,716,495,1055,501,306,590,648,506,1173,3145,0,3145
20233,A,골목상권,3110230,장안현대홈타운1차아파트,2960,1492,1468,415,278,452,559,431,825,225,140,217,299,220,391,190,138,235,260,211,434,1685,0,1685
20233,A,골목상권,3110231,장안교,118,63,55,15,10,20,20,23,30,7,8,8,9,15,16,8,2,12,11,8,14,83,0,83
20233,A,골목상권,3110232,동대부고,2829,1441,1388,370,300,408,476,454,821,199,171,201,244,232,394,171,129,207,232,222,427,1455,0,1455
20233,A,골목상권,3110233,중랑역 1번,5266,2761,2505,386,508,841,709,960,1862,197,272,440,412,509,931,189,236,401,297,451,931,2875,0,2875
20233,A,골목상권,3110234,중랑역 4번,729,360,369,79,55,183,163,117,132,47,21,74,86,63,69,32,34,109,77,54,63,494,0,494
20233,A,골목상권,3110235,세화어린이공원,1418,794,624,93,134,184,200,287,520,48,78,105,118,167,278,45,56,79,82,120,242,799,0,799
20233,A,골목상권,3110236,신묵초등학교,7715,3884,3831,867,813,1293,1345,1217,2180,473,418,644,729,617,1003,394,395,649,616,600,1177,4017,0,4017
20233,A,골목상권,3110237,메가박스 상봉,4317,2148,2169,362,472,659,679,786,1359,176,231,326,379,419,617,186,241,333,300,367,742,2348,0,2348
20233,A,골목상권,3110238,배꽃어린이공원,1172,586,586,103,104,140,163,222,440,44,53,79,86,114,210,59,51,61,77,108,230,785,0,785
20233,A,골목상권,3110239,중랑역 2번,293,151,142,15,33,51,27,62,105,9,20,26,11,31,54,6,13,25,16,31,51,166,0,166
20233,A,골목상권,3110240,태릉시장 특화거리,1289,663,626,88,136,179,166,247,473,40,72,95,93,137,226,48,64,84,73,110,247,706,0,706
20233,A,골목상권,3110241,먹골역 5번,2629,1303,1326,230,271,427,420,437,844,120,115,216,227,231,394,110,156,211,193,206,450,1755,0,1755
20233,A,골목상권,3110242,면목5동주민센터,4308,2181,2127,494,464,594,640,792,1324,256,231,301,331,421,641,238,233,293,309,371,683,2108,0,2108
20233,A,골목상권,3110243,중랑노인종합복지관,4889,2474,2415,544,589,637,748,951,1420,265,283,330,412,487,697,279,306,307,336,464,723,2219,0,2219
20233,A,골목상권,3110244,중화역 4번,1073,560,513,88,111,171,161,172,370,53,62,83,91,96,175,35,49,88,70,76,195,847,0,847
20233,A,골목상권,3110245,KB국민은행 중화동지점,2503,1260,1243,194,272,338,320,477,902,105,126,177,181,245,426,89,146,161,139,232,476,1317,0,1317
20233,A,골목상권,3110246,월드순복음교회,2488,1240,1248,252,239,558,438,381,620,134,129,257,228,200,292,118,110,301,210,181,328,1591,0,1591
20233,A,골목상권,3110247,먹골역 1번,6235,3084,3151,571,590,1137,1069,934,1934,294,310,568,567,459,886,277,280,569,502,475,1048,3032,0,3032
20233,A,골목상권,3110248,먹골파출소,1465,761,704,138,143,247,214,221,502,75,81,128,122,118,237,63,62,119,92,103,265,810,0,810
20233,A,골목상권,3110249,중화역 1번,6619,3324,3295,698,745,1046,1020,1047,2063,347,399,546,531,528,973,351,346,500,489,519,1090,2908,0,2908
20233,A,골목상권,3110250,화랑대역 7번,1576,767,809,191,200,202,226,265,492,96,106,107,106,131,221,95,94,95,120,134,271,684,0,684
20233,A,골목상권,3110251,장안중학교,3901,1891,2010,387,470,666,527,629,1222,180,249,327,282,287,566,207,221,339,245,342,656,1895,0,1895
20233,A,골목상권,3110252,장안제일시장,4747,2416,2331,513,516,763,679,825,1451,253,258,405,352,429,719,260,258,358,327,396,732,2120,0,2120
20233,A,골목상권,3110253,중곡초등학교,3662,1848,1814,358,427,532,562,671,1112,193,223,262,298,346,526,165,204,270,264,325,586,1666,0,1666
20233,A,골목상권,3110254,오거리공원,7809,3930,3879,820,903,1042,1227,1397,2420,420,461,543,643,727,1136,400,442,499,584,670,1284,3458,0,3458
20233,A,골목상권,3110255,상봉역 4번,6496,3237,3259,543,591,1262,982,1097,2021,272,313,606,532,558,956,271,278,656,450,539,1065,3575,0,3575
20233,A,골목상권,3110256,면목2동체육관,8303,4279,4024,855,867,1216,1279,1495,2591,463,453,639,711,754,1259,392,414,577,568,741,1332,3930,0,3930
20233,A,골목상권,3110257,상봉역 7번,3869,1961,1908,427,403,600,572,620,1247,219,213,303,295,328,603,208,190,297,277,292,644,2178,0,2178
20233,A,골목상권,3110258,면동초등학교,5746,2931,2815,576,584,868,890,1062,1766,297,312,438,467,548,869,279,272,430,423,514,897,3214,0,3214
20233,A,골목상권,3110259,사가정역 1번,4080,2061,2019,358,396,709,699,647,1271,197,199,350,374,341,600,161,197,359,325,306,671,2160,0,2160
20233,A,골목상권,3110260,면목역 3번,2218,1133,1085,176,209,390,353,388,702,92,106,198,184,216,337,84,103,192,169,172,365,1261,0,1261
20233,A,골목상권,3110261,사가정역 4번,5043,2476,2567,442,539,837,811,829,1585,230,273,410,418,413,732,212,266,427,393,416,853,2655,0,2655
20233,A,골목상권,3110262,상봉역 3번,2915,1489,1426,310,228,528,457,429,963,167,135,269,261,203,454,143,93,259,196,226,509,2768,0,2768
20233,A,골목상권,3110263,면목역 1번,7265,3581,3684,695,804,1165,1108,1211,2282,331,409,603,608,599,1031,364,395,562,500,612,1251,3743,0,3743
20233,A,골목상권,3110264,면목역 2번,9684,4902,4782,841,1090,1730,1545,1648,2830,437,571,885,845,821,1343,404,519,845,700,827,1487,4953,0,4953
20233,A,골목상권,3110265,망우역 1번,1035,540,495,84,114,149,120,183,385,44,62,79,66,93,196,40,52,70,54,90,189,551,0,551
20233,A,골목상권,3110266,면목동우체국,5266,2589,2677,433,648,837,760,963,1625,206,348,439,394,473,729,227,300,398,366,490,896,2780,0,2780
20233,A,골목상권,3110267,망우역 2번,4466,2222,2244,532,518,686,733,699,1298,292,268,345,381,342,594,240,250,341,352,357,704,2073,0,2073
20233,A,골목상권,3110268,망우3동주민센터,2588,1293,1295,248,312,363,382,469,814,112,163,185,195,245,393,136,149,178,187,224,421,1439,0,1439
20233,A,골목상권,3110269,용마문화복지센터,1355,701,654,103,179,181,171,249,472,47,80,97,96,144,237,56,99,84,75,105,235,841,0,841
20233,A,골목상권,3110270,혜원여고,1235,592,643,128,155,175,169,216,392,56,81,91,79,108,177,72,74,84,90,108,215,550,0,550
20233,A,골목상권,3110271,신내역 1번,138,74,64,13,12,23,23,14,53,7,8,10,15,4,30,6,4,13,8,10,23,125,0,125
20233,A,골목상권,3110272,신내1동주민센터,3548,1733,1815,457,415,462,541,616,1057,231,229,206,284,310,473,226,186,256,257,306,584,1656,0,1656
20233,A,골목상권,3110273,장스여성병원,2369,1266,1103,161,269,340,293,418,888,80,145,198,165,219,459,81,124,142,128,199,429,1186,0,1186
20233,A,골목상권,3110274,서일대학교,6866,3490,3376,755,807,913,972,1264,2155,379,412,469,521,663,1046,376,395,444,451,601,1109,3294,0,3294
20233,A,골목상권,3110275,하나은행 망우동지점,896,476,420,70,93,121,118,159,335,39,52,54,69,95,167,31,41,67,49,64,168,487,0,487
20233,A,골목상권,3110276,신내IC북측,366,196,170,45,30,42,68,54,127,24,19,23,40,29,61,21,11,19,28,25,66,256,0,256
20233,A,골목상권,3110277,러스크서울병원,3593,1856,1737,329,415,512,516,598,1223,178,224,272,275,306,601,151,191,240,241,292,622,1806,0,1806
20233,A,골목상권,3110278,망우본동주민센터,3928,2053,1875,273,501,495,483,726,1450,142,271,262,269,377,732,131,230,233,214,349,718,2334,0,2334
20233,A,골목상권,3110279,신내역 2번,25,15,10,3,2,0,4,7,9,0,1,0,2,5,7,3,1,0,2,2,2,25,0,25
20233,A,골목상권,3110280,북정마을,713,356,357,47,71,85,110,102,298,28,38,37,61,56,136,19,33,48,49,46,162,378,0,378
20233,A,골목상권,3110281,길상사,912,459,453,106,91,123,125,155,312,70,42,62,58,79,148,36,49,61,67,76,164,486,0,486
20233,A,골목상권,3110282,국민대학교앞,676,330,346,67,106,129,74,79,221,26,48,76,40,42,98,41,58,53,34,37,123,473,0,473
20233,A,골목상권,3110283,성북초등학교앞,518,243,275,52,56,64,89,97,160,22,27,34,45,46,69,30,29,30,44,51,91,244,0,244
20233,A,골목상권,3110284,정릉북한산국립공원입구,1404,722,682,129,209,163,165,235,503,75,116,79,84,118,250,54,93,84,81,117,253,609,0,609
20233,A,골목상권,3110285,홍대부중,2137,1042,1095,248,243,295,388,383,580,135,139,149,175,200,244,113,104,146,213,183,336,897,0,897
20233,A,골목상권,3110286,한성대입구역 5번,2598,1223,1375,190,263,512,417,452,764,90,129,241,206,214,343,100,134,271,211,238,421,1433,0,1433
20233,A,골목상권,3110287,정릉3동주민센터,1888,990,898,132,328,349,210,306,563,68,168,234,111,148,261,64,160,115,99,158,302,1036,0,1036
20233,A,골목상권,3110288,동구여중,1648,790,858,178,210,232,253,276,499,86,113,115,127,128,221,92,97,117,126,148,278,889,0,889
20233,A,골목상권,3110289,북한산보국문역 2번,4966,2453,2513,489,645,702,720,760,1650,257,320,377,382,396,721,232,325,325,338,364,929,2448,0,2448
20233,A,골목상권,3110290,북한산보국문역 1번,1428,729,699,124,171,180,207,219,527,76,88,103,112,112,238,48,83,77,95,107,289,682,0,682
20233,A,골목상권,3110291,한성대입구역 3번,4426,2124,2302,354,576,826,696,684,1290,182,286,407,360,325,564,172,290,419,336,359,726,2385,0,2385
20233,A,골목상권,3110292,정릉역 2번,560,273,287,22,37,38,54,107,302,10,17,23,30,58,135,12,20,15,24,49,167,333,0,333
20233,A,골목상권,3110293,삼선중학교,2527,1171,1356,256,289,586,408,387,601,128,137,245,210,179,272,128,152,341,198,208,329,1340,0,1340
20233,A,골목상권,3110294,서경대학교,7169,3527,3642,792,883,1021,1088,1130,2255,427,444,523,570,542,1021,365,439,498,518,588,1234,3065,0,3065
20233,A,골목상권,3110295,정릉우체국,4685,2307,2378,530,487,632,734,694,1608,282,252,341,383,333,716,248,235,291,351,361,892,2294,0,2294
20233,A,골목상권,3110296,성신여대입구역 4번,1902,870,1032,238,224,294,303,313,530,118,100,134,142,155,221,120,124,160,161,158,309,952,0,952
20233,A,골목상권,3110297,경동고등학교,6534,3135,3399,559,808,1388,999,1042,1738,300,384,680,501,511,759,259,424,708,498,531,979,3502,0,3502
20233,A,골목상권,3110298,솔숲어린이공원,732,368,364,67,88,83,103,128,263,40,47,49,46,60,126,27,41,34,57,68,137,323,0,323
20233,A,골목상권,3110299,정릉역 1번,3547,1751,1796,364,381,455,506,543,1298,191,191,233,267,286,583,173,190,222,239,257,715,1690,0,1690
20233,A,골목상권,3110300,삼선동주민센터,2912,1235,1677,127,409,829,388,381,778,70,137,316,189,184,339,57,272,513,199,197,439,3186,0,3186
20233,A,골목상권,3110301,성신여대입구역 7번,3589,1650,1939,253,416,898,558,460,1004,134,175,405,292,221,423,119,241,493,266,239,581,2066,0,2066
20233,A,골목상권,3110302,보문역 8번,2263,1109,1154,186,213,457,368,341,698,95,112,229,199,174,300,91,101,228,169,167,398,1187,0,1187
20233,A,골목상권,3110303,성신여대입구역 1번,3389,1399,1990,205,448,964,443,416,913,100,115,367,210,199,408,105,333,597,233,217,505,2158,0,2158
20233,A,골목상권,3110304,보문역 4번,395,181,214,22,45,136,65,47,80,11,18,65,30,23,34,11,27,71,35,24,46,1203,0,1203
20233,A,골목상권,3110305,보문역 5번,779,412,367,55,84,175,100,119,246,33,40,102,59,62,116,22,44,73,41,57,130,2282,0,2282
20233,A,골목상권,3110306,미아초등학교,930,456,474,122,89,135,142,124,318,68,40,74,72,65,137,54,49,61,70,59,181,526,0,526
20233,A,골목상권,3110307,길음역 7번,226,112,114,48,24,36,50,35,33,21,15,14,27,21,14,27,9,22,23,14,19,121,0,121
20233,A,골목상권,3110308,길음역 8번,1086,541,545,80,106,142,160,171,427,44,50,82,82,95,188,36,56,60,78,76,239,556,0,556
20233,A,골목상권,3110309,대광초등학교,1377,708,669,77,159,323,198,219,401,40,70,184,122,105,187,37,89,139,76,114,214,825,0,825
20233,A,골목상권,3110310,길음역 10번,263,94,169,14,34,48,41,47,79,4,13,11,27,14,25,10,21,37,14,33,54,168,0,168
20233,A,골목상권,3110311,종암아이파크2차후문,1189,618,571,104,146,174,164,225,376,55,85,97,87,112,182,49,61,77,77,113,194,542,0,542
20233,A,골목상권,3110312,안암역 2번,934,491,443,18,223,370,82,68,173,9,103,215,50,36,78,9,120,155,32,32,95,1306,0,1306
20233,A,골목상권,3110313,안암역 3번,568,354,214,16,113,245,55,52,87,8,58,172,39,32,45,8,55,73,16,20,42,968,0,968
20233,A,골목상권,3110314,종암경찰서,1052,535,517,102,120,198,139,150,343,51,57,102,84,75,166,51,63,96,55,75,177,615,0,615
20233,A,골목상권,3110315,종암아이파크2차,3110,1521,1589,255,402,549,450,529,925,132,201,296,226,253,413,123,201,253,224,276,512,1486,0,1486
20233,A,골목상권,3110316,숭곡초등학교,4741,2330,2411,447,433,575,698,775,1813,219,234,292,364,412,809,228,199,283,334,363,1004,2347,0,2347
20233,A,골목상권,3110317,종암중학교,2192,1237,955,128,289,747,258,234,536,67,153,490,147,129,251,61,136,257,111,105,285,1588,0,1588
20233,A,골목상권,3110318,KT월곡지사,1456,742,714,152,148,206,243,208,499,94,80,105,138,106,219,58,68,101,105,102,280,884,0,884
20233,A,골목상권,3110319,종암동주민센터,2991,1415,1576,221,242,335,326,479,1388,122,122,174,171,242,584,99,120,161,155,237,804,1909,0,1909
20233,A,골목상권,3110320,KB국민은행 종암동지점,925,476,449,119,123,153,116,169,245,70,64,93,59,73,117,49,59,60,57,96,128,477,0,477
20233,A,골목상권,3110321,동덕여대,214,110,104,19,36,50,24,31,54,9,15,28,12,18,28,10,21,22,12,13,26,133,0,133
20233,A,골목상권,3110322,장위1동주민센터,2307,1112,1195,286,310,340,327,409,635,137,153,174,169,189,290,149,157,166,158,220,345,1288,0,1288
20233,A,골목상권,3110323,상월곡역 1번,2012,932,1080,156,316,366,244,331,599,88,95,167,133,181,268,68,221,199,111,150,331,1417,0,1417
20233,A,골목상권,3110324,월곡역 4번,656,322,334,19,83,135,66,100,253,11,29,72,33,56,121,8,54,63,33,44,132,481,0,481
20233,A,골목상권,3110325,장곡초등학교,3172,1586,1586,340,377,418,412,554,1071,183,205,226,219,275,478,157,172,192,193,279,593,1632,0,1632
20233,A,골목상권,3110326,장위동성당,1545,751,794,194,221,164,221,289,456,101,112,87,109,142,200,93,109,77,112,147,256,597,0,597
20233,A,골목상권,3110327,상월곡역 2번,3612,1823,1789,338,425,453,506,639,1251,174,220,240,279,316,594,164,205,213,227,323,657,1591,0,1591
20233,A,골목상권,3110328,상월곡역 3번,1950,1014,936,153,200,272,306,302,717,80,112,150,176,161,335,73,88,122,130,141,382,1208,0,1208
20233,A,골목상권,3110329,우리은행체육관,2675,1343,1332,251,303,329,373,438,981,127,155,178,199,210,474,124,148,151,174,228,507,1219,0,1219
20233,A,골목상권,3110330,돌곶이역 1번,2045,1034,1011,196,234,271,280,361,703,97,122,147,152,190,326,99,112,124,128,171,377,928,0,928
20233,A,골목상권,3110331,돌곶이역 8번,3234,1588,1646,272,405,523,477,534,1023,155,197,266,239,261,470,117,208,257,238,273,553,1801,0,1801
20233,A,골목상권,3110332,돌곶이역 3번,743,398,345,63,71,95,121,140,253,30,38,52,65,81,132,33,33,43,56,59,121,481,0,481
20233,A,골목상권,3110333,돌곶이역 5번,1229,600,629,111,144,184,190,190,410,50,67,100,96,85,202,61,77,84,94,105,208,680,0,680
20233,A,골목상권,3110334,석관중앙교회,3034,1526,1508,247,350,395,387,542,1113,138,176,215,198,282,517,109,174,180,189,260,596,1359,0,1359
20233,A,골목상권,3110335,석계역 7번,4330,2201,2129,330,442,696,653,755,1454,176,225,356,355,367,722,154,217,340,298,388,732,2385,0,2385
20233,A,골목상권,3110336,석관고등학교,2293,1170,1123,179,264,320,305,428,797,95,144,177,164,204,386,84,120,143,141,224,411,1121,0,1121
20233,A,골목상권,3110337,아카데미하우스,2659,1286,1373,346,305,315,393,432,868,176,164,151,186,208,401,170,141,164,207,224,467,1196,0,1196
20233,A,골목상권,3110338,인수초등학교,2381,1195,1186,176,223,249,307,444,982,89,131,118,166,224,467,87,92,131,141,220,515,1213,0,1213
20233,A,골목상권,3110339,국립4.19민주묘지,15,7,8,0,1,0,2,2,10,0,1,0,2,0,4,0,0,0,0,2,6,20,0,20
20233,A,골목상권,3110340,인수중학교,1661,834,827,165,196,222,214,299,565,70,115,105,123,150,271,95,81,117,91,149,294,687,0,687
20233,A,골목상권,3110341,북한산우이역 2번,2263,1100,1163,223,247,259,284,397,853,115,132,124,152,191,386,108,115,135,132,206,467,988,0,988
20233,A,골목상권,3110342,국립재활원,2743,1329,1414,294,340,360,384,461,904,145,166,185,199,222,412,149,174,175,185,239,492,1187,0,1187
20233,A,골목상권,3110343,무너미어린이공원,4511,2169,2342,596,536,561,700,761,1357,298,265,270,366,355,615,298,271,291,334,406,742,1981,0,1981
20233,A,골목상권,3110344,화계중학교,1201,621,580,122,121,160,185,181,432,70,66,86,103,83,213,52,55,74,82,98,219,509,0,509
20233,A,골목상권,3110345,솔밭공원역 2번,2834,1383,1451,332,296,331,431,473,971,169,145,165,234,237,433,163,151,166,197,236,538,1405,0,1405
20233,A,골목상권,3110346,4.19민주묘지역 2번,1247,596,651,135,121,134,190,190,477,73,57,62,93,95,216,62,64,72,97,95,261,618,0,618
20233,A,골목상권,3110347,구세군강북종합사회복지관,1479,751,728,127,209,216,207,293,427,77,101,114,113,141,205,50,108,102,94,152,222,644,0,644
20233,A,골목상권,3110348,강북문화예술회관,4200,2029,2171,414,414,546,607,638,1581,204,217,274,312,324,698,210,197,272,295,314,883,1800,0,1800
20233,A,골목상권,3110349,화계역 2번,1028,512,516,112,104,143,161,173,335,71,56,63,95,85,142,41,48,80,66,88,193,511,0,511
20233,A,골목상권,3110350,가오리역 2번,2933,1444,1489,348,305,393,448,475,964,174,174,202,233,238,423,174,131,191,215,237,541,1299,0,1299
20233,A,골목상권,3110351,수유북부시장옆,3235,1578,1657,303,425,411,406,565,1125,158,216,199,227,270,508,145,209,212,179,295,617,1406,0,1406
20233,A,골목상권,3110352,수유1동주민센터,5051,2516,2535,550,562,608,791,804,1736,269,296,328,425,397,801,281,266,280,366,407,935,2418,0,2418
20233,A,골목상권,3110353,수유동우체국,2158,1076,1082,181,219,310,308,359,781,95,115,159,183,179,345,86,104,151,125,180,436,1100,0,1100
20233,A,골목상권,3110354,삼각산119안전센터,221,106,115,46,22,14,57,36,46,21,10,6,28,21,20,25,12,8,29,15,26,159,0,159
20233,A,골목상권,3110355,삼양사거리역 2번,3439,1718,1721,242,391,399,420,641,1346,130,200,220,229,339,600,112,191,179,191,302,746,1654,0,1654
20233,A,골목상권,3110356,덕수교,3110,1528,1582,275,423,390,454,521,1047,140,210,208,237,239,494,135,213,182,217,282,553,1631,0,1631
20233,A,골목상권,3110357,가오리역 1번,1747,900,847,155,190,203,258,306,635,71,114,122,139,154,300,84,76,81,119,152,335,809,0,809
20233,A,골목상권,3110358,인수동 우편취급국,3656,1798,1858,288,364,602,587,583,1232,141,188,313,314,302,540,147,176,289,273,281,692,1850,0,1850
20233,A,골목상권,3110359,수유시장옆,6671,3331,3340,584,679,1108,1022,1064,2214,306,381,569,561,503,1011,278,298,539,461,561,1203,3291,0,3291
20233,A,골목상권,3110360,수유초등학교,3937,1933,2004,376,413,636,594,608,1310,182,221,301,335,296,598,194,192,335,259,312,712,2172,0,2172
20233,A,골목상권,3110361,삼양사거리역 1번,2599,1318,1281,228,263,351,352,440,965,112,145,173,210,223,455,116,118,178,142,217,510,1292,0,1292
20233,A,골목상권,3110362,우이천 계성교,5208,2524,2684,522,563,728,787,860,1748,264,305,391,404,423,737,258,258,337,383,437,1011,2541,0,2541
20233,A,골목상권,3110363,송천동주민센터,1137,581,556,30,71,84,144,207,601,17,32,49,83,117,283,13,39,35,61,90,318,669,0,669
20233,A,골목상권,3110364,미아역 8번,4491,2231,2260,369,457,683,659,766,1557,200,241,372,337,380,701,169,216,311,322,386,856,2314,0,2314
20233,A,골목상권,3110365,미아역 5번,4908,2356,2552,438,508,707,779,830,1646,211,253,349,400,382,761,227,255,358,379,448,885,2432,0,2432
20233,A,골목상권,3110366,광산사거리,2163,1082,1081,167,223,329,316,359,769,85,112,170,177,187,351,82,111,159,139,172,418,1091,0,1091
20233,A,골목상권,3110367,강북구청,1918,914,1004,124,197,330,307,283,677,59,92,164,167,133,299,65,105,166,140,150,378,1041,0,1041
20233,A,골목상권,3110368,송천초등학교,4067,2046,2021,308,446,554,511,768,1480,159,240,309,270,388,680,149,206,245,241,380,800,1910,0,1910
20233,A,골목상권,3110369,성신여대운정그린캠퍼스,4494,2201,2293,326,499,715,628,706,1620,174,216,361,335,370,745,152,283,354,293,336,875,2544,0,2544
20233,A,골목상권,3110370,도봉세무서,3153,1560,1593,235,350,434,468,522,1144,119,185,229,242,255,530,116,165,205,226,267,614,1495,0,1495
20233,A,골목상권,3110371,삼양입구사거리,1716,858,858,98,189,258,207,321,643,50,103,122,118,164,301,48,86,136,89,157,342,930,0,930
20233,A,골목상권,3110372,강북중학교,2725,1350,1375,178,298,502,385,472,890,96,155,267,203,229,400,82,143,235,182,243,490,1632,0,1632
20233,A,골목상권,3110373,수유역 2번,3609,1745,1864,200,382,651,597,594,1185,104,175,320,317,295,534,96,207,331,280,299,651,2096,0,2096
20233,A,골목상권,3110374,송중초등학교,5837,2943,2894,471,612,806,856,1001,2091,238,328,446,469,504,958,233,284,360,387,497,1133,2617,0,2617
20233,A,골목상권,3110375,서울북부고용노동지청,2257,1129,1128,193,275,287,324,388,790,98,147,154,168,213,349,95,128,133,156,175,441,1138,0,1138
20233,A,골목상권,3110376,수송초등학교,8107,4028,4079,756,921,1181,1286,1342,2621,407,480,569,662,727,1183,349,441,612,624,615,1438,4334,0,4334
20233,A,골목상권,3110377,미아사거리역 3번,944,479,465,55,81,141,132,178,357,30,40,76,76,91,166,25,41,65,56,87,191,510,0,510
20233,A,골목상권,3110378,송중동주민센터,1918,970,948,158,216,286,287,320,651,89,120,151,147,161,302,69,96,135,140,159,349,982,0,982
20233,A,골목상권,3110379,KT&G 북부지사,1003,535,468,75,107,136,131,176,378,39,64,77,72,96,187,36,43,59,59,80,191,497,0,497
20233,A,골목상권,3110380,강북문화정보도서관,2622,1271,1351,262,313,330,419,444,854,135,162,169,225,204,376,127,151,161,194,240,478,1043,0,1043
20233,A,골목상권,3110381,번동주공2단지,1186,592,594,95,173,108,176,156,478,49,86,59,102,92,204,46,87,49,74,64,274,438,0,438
20233,A,골목상권,3110382,솔밭공원역 1번,670,322,348,83,98,89,115,99,186,44,47,45,58,53,75,39,51,44,57,46,111,376,0,376
20233,A,골목상권,3110383,덕성여대시반거리,614,285,329,75,72,78,103,92,194,44,32,26,48,44,91,31,40,52,55,48,103,358,0,358
20233,A,골목상권,3110384,문이교,1052,520,532,80,125,136,123,181,407,44,70,71,55,78,202,36,55,65,68,103,205,568,0,568
20233,A,골목상권,3110385,효문고등학교,1749,857,892,155,230,188,216,313,647,68,105,99,116,167,302,87,125,89,100,146,345,786,0,786
20233,A,골목상권,3110386,연산군묘,372,185,187,45,41,34,69,52,131,28,16,17,34,31,59,17,25,17,35,21,72,149,0,149
20233,A,골목상권,3110387,쌍문초등학교,5438,2707,2731,630,667,722,832,898,1689,315,350,381,428,445,788,315,317,341,404,453,901,2276,0,2276
20233,A,골목상권,3110388,도봉우체국,3076,1510,1566,367,333,433,539,474,930,191,166,226,277,221,429,176,167,207,262,253,501,1192,0,1192
20233,A,골목상권,3110389,한일병원,1010,497,513,63,108,168,165,156,350,32,56,81,90,75,163,31,52,87,75,81,187,561,0,561
20233,A,골목상권,3110390,방학초등학교,1396,686,710,147,193,184,184,262,426,77,102,99,86,121,201,70,91,85,98,141,225,746,0,746
20233,A,골목상권,3110391,샘말어린이공원,5239,2618,2621,587,694,664,757,871,1666,295,376,359,382,439,767,292,318,305,375,432,899,2152,0,2152
20233,A,골목상권,3110392,발바닥공원,171,83,88,17,25,22,24,38,45,7,12,12,11,19,22,10,13,10,13,19,23,53,0,53
20233,A,골목상권,3110393,국민은행방학지점,267,138,129,26,31,34,31,44,101,18,19,18,15,22,46,8,12,16,16,22,55,89,0,89
20233,A,골목상권,3110394,방학중학교,7266,3703,3563,664,865,881,1024,1352,2480,348,460,490,547,714,1144,316,405,391,477,638,1336,3411,0,3411
20233,A,골목상권,3110395,신한은행 방학동지점,1590,805,785,120,200,222,208,298,542,68,113,114,117,133,260,52,87,108,91,165,282,687,0,687
20233,A,골목상권,3110396,쌍문역1번(쌍리단길),2209,1064,1145,135,237,358,371,371,737,64,120,176,193,179,332,71,117,182,178,192,405,1149,0,1149
20233,A,골목상권,3110397,도봉산입구,8097,4064,4033,726,891,1015,1110,1246,3109,358,472,542,614,603,1475,368,419,473,496,643,1634,3609,0,3609
20233,A,골목상권,3110398,쌍문2동우체국,3261,1610,1651,338,384,543,495,502,999,192,180,277,263,238,460,146,204,266,232,264,539,1349,0,1349
20233,A,골목상권,3110399,창2동주민센터,8808,4307,4501,1194,1126,1201,1431,1533,2323,605,576,600,718,741,1067,589,550,601,713,792,1256,3469,0,3469
20233,A,골목상권,3110400,도봉구보건소,4140,2022,2118,447,472,589,595,661,1376,239,231,290,319,317,626,208,241,299,276,344,750,1925,0,1925
20233,A,골목상권,3110401,도봉구민회관,775,391,384,73,102,109,118,125,248,37,60,57,65,60,112,36,42,52,53,65,136,338,0,338
20233,A,골목상권,3110402,도봉구 정병원,2998,1506,1492,271,331,403,437,490,1066,149,180,213,225,252,487,122,151,190,212,238,579,1499,0,1499
20233,A,골목상권,3110403,방학1동주민센터,6580,3303,3277,523,753,872,890,1184,2358,269,402,465,480,614,1073,254,351,407,410,570,1285,3104,0,3104
20233,A,골목상권,3110404,신창초등학교,10836,5515,5321,1137,1355,1350,1554,1948,3492,610,722,726,831,984,1642,527,633,624,723,964,1850,4828,0,4828
20233,A,골목상권,3110405,방학역 1번,7456,3813,3643,582,894,907,1070,1315,2688,307,469,462,596,680,1299,275,425,445,474,635,1389,3425,0,3425
20233,A,골목상권,3110406,도봉산역 1번,1518,785,733,121,142,204,221,229,601,58,75,98,126,132,296,63,67,106,95,97,305,780,0,780
20233,A,골목상권,3110407,도봉역 2번,6902,3562,3340,474,728,874,922,1259,2645,241,408,467,509,653,1284,233,320,407,413,606,1361,3354,0,3354
20231,A,골목상권,3110003,세검정초등학교,2926,1417,1509,331,413,381,381,533,887,165,206,210,180,237,419,166,207,171,201,296,468,1100,0,1100
20231,A,골목상권,3110001,이북5도청사,1011,475,536,116,130,122,119,171,353,66,59,70,53,73,154,50,71,52,66,98,199,368,0,368
20231,A,골목상권,3110002,독립문역 1번,663,326,337,52,60,53,79,111,308,30,31,23,44,58,140,22,29,30,35,53,168,338,0,338
20231,A,골목상권,3110004,대신고등학교,529,259,270,51,55,57,78,94,194,28,32,28,39,49,83,23,23,29,39,45,111,256,0,256
20231,A,골목상권,3110007,사직공원(한국사회과학도서관),2073,950,1123,256,225,309,330,332,621,123,112,136,168,142,269,133,113,173,162,190,352,860,0,860
20231,A,골목상권,3110008,배화여자대학교(박노수미술관),5038,2280,2758,621,598,669,863,875,1412,308,266,314,382,417,593,313,332,355,481,458,819,2081,0,2081
20231,A,골목상권,3110009,자하문터널,1622,787,835,159,207,221,257,302,476,95,114,117,114,129,218,64,93,104,143,173,258,656,0,656
20231,A,골목상권,3110010,평창동서측,3015,1401,1614,295,368,395,409,517,1031,158,190,193,188,223,449,137,178,202,221,294,582,1287,0,1287
20231,A,골목상권,3110005,세검정,2153,1046,1107,243,308,267,285,410,640,133,171,138,124,181,299,110,137,129,161,229,341,823,0,823
20231,A,골목상권,3110006,부암동주민센터,671,329,342,46,68,70,66,127,294,27,40,37,28,65,132,19,28,33,38,62,162,348,0,348
20231,A,골목상권,3110011,청운초등학교,432,204,228,59,67,44,71,83,108,33,41,17,30,36,47,26,26,27,41,47,61,153,0,153
20231,A,골목상권,3110012,성곡미술관,1916,878,1038,262,212,252,312,358,520,138,94,123,131,159,233,124,118,129,181,199,287,758,0,758
20231,A,골목상권,3110013,체부동홍종문가옥,292,137,155,25,30,53,54,46,84,16,15,19,29,19,39,9,15,34,25,27,45,165,0,165
20231,A,골목상권,3110014,경복고등학교,916,447,469,87,122,82,125,165,335,48,76,38,54,79,152,39,46,44,71,86,183,443,0,443
20231,A,골목상권,3110015,청와대사랑채,672,309,363,89,83,94,112,120,174,48,40,38,50,51,82,41,43,56,62,69,92,262,0,262
20231,A,골목상권,3110016,평창동동측,1988,982,1006,217,199,253,247,295,777,118,112,142,125,131,354,99,87,111,122,164,423,733,0,733
20231,A,골목상권,3110017,정독도서관,700,341,359,99,73,76,111,126,215,59,42,35,50,61,94,40,31,41,61,65,121,292,0,292
20231,A,골목상권,3110018,중앙고등학교,2897,1357,1540,278,340,383,489,520,887,131,164,185,222,258,397,147,176,198,267,262,490,1244,0,1244
20231,A,골목상권,3110019,창덕궁,271,150,121,11,16,30,37,45,132,4,8,18,22,30,68,7,8,12,15,15,64,168,0,168
20231,A,골목상권,3110020,서울국제고등학교,4097,2131,1966,312,589,953,537,556,1150,149,289,615,282,285,511,163,300,338,255,271,639,2161,0,2161
20231,A,골목상권,3110021,성균관대학교,1851,925,926,129,316,522,230,207,447,70,121,298,117,103,216,59,195,224,113,104,231,1100,0,1100
20231,A,골목상권,3110022,경신고등학교,1513,742,771,187,235,281,254,224,332,96,118,158,121,107,142,91,117,123,133,117,190,723,0,723
20231,A,골목상권,3110023,서울대병원,681,301,380,47,60,233,106,76,159,24,31,96,49,35,66,23,29,137,57,41,93,394,0,394
20231,A,골목상권,3110024,혜회동주민센터,980,436,544,100,170,194,138,144,234,53,78,86,53,63,103,47,92,108,85,81,131,483,0,483
20231,A,골목상권,3110025,충신시장옆,523,280,243,32,51,96,78,86,180,18,31,53,45,46,87,14,20,43,33,40,93,270,0,270
20231,A,골목상권,3110026,종로5가역 4번,130,61,69,7,13,16,13,24,57,0,8,4,7,11,31,7,5,12,6,13,26,66,0,66
20231,A,골목상권,3110027,혜화역 1번,2999,1400,1599,262,347,594,470,455,871,116,159,298,237,223,367,146,188,296,233,232,504,1417,0,1417
20231,A,골목상권,3110028,이화달팽이길,4475,2311,2164,254,679,787,518,817,1420,120,386,412,293,414,686,134,293,375,225,403,734,2310,0,2310
20231,A,골목상권,3110029,동대문역 1번,6133,3169,2964,458,788,794,763,1261,2069,253,414,422,430,663,987,205,374,372,333,598,1082,2694,0,2694
20231,A,골목상권,3110030,동대문역 3번,239,122,117,14,21,40,25,52,87,7,12,26,10,27,40,7,9,14,15,25,47,134,0,134
20231,A,골목상권,3110031,창신역 1번,350,180,170,26,41,56,38,65,124,14,21,35,19,28,63,12,20,21,19,37,61,166,0,166
20231,A,골목상권,3110032,수족관거리,32,15,17,1,2,4,5,8,12,0,0,2,4,5,4,1,2,2,1,3,8,20,0,20
20231,A,골목상권,3110033,창신역 4번,2222,1111,1111,182,228,304,323,411,774,98,119,159,173,210,352,84,109,145,150,201,422,1049,0,1049
20231,A,골목상권,3110034,창신1동주민센터,330,192,138,1,2,6,27,60,234,0,1,2,15,35,139,1,1,4,12,25,95,296,0,296
20231,A,골목상권,3110035,동묘앞역 2번,3851,1990,1861,241,391,543,511,758,1407,138,189,284,283,403,693,103,202,259,228,355,714,2007,0,2007
20231,A,골목상권,3110036,동묘앞역 3번,162,102,60,3,10,38,22,28,61,1,4,26,16,16,39,2,6,12,6,12,22,116,0,116
20231,A,골목상권,3110037,신설동역 12번,1645,801,844,128,159,233,243,281,601,67,78,117,129,139,271,61,81,116,114,142,330,779,0,779
20231,A,골목상권,3110038,경향신문사,15,12,3,2,0,3,2,2,6,2,0,3,2,2,3,0,0,0,0,0,3,11,0,11
20231,A,골목상권,3110039,회현역 1번,92,53,39,8,10,5,13,16,40,7,2,4,11,10,19,1,8,1,2,6,21,55,0,55
20231,A,골목상권,3110040,중구회현체육센터(정화예술대남산캠퍼스),1084,503,581,73,92,141,163,157,458,32,48,73,86,77,187,41,44,68,77,80,271,539,0,539
20231,A,골목상권,3110041,남산케이블카,765,386,379,81,61,132,126,125,240,40,33,79,66,65,103,41,28,53,60,60,137,413,0,413
20231,A,골목상권,3110042,남산골공원옆,934,456,478,81,73,175,140,141,324,39,33,91,70,75,148,42,40,84,70,66,176,450,0,450
20231,A,골목상권,3110043,충무초등학교,2059,1095,964,161,339,622,262,241,434,83,144,394,143,125,206,78,195,228,119,116,228,1243,0,1243
20231,A,골목상권,3110044,관성묘,259,119,140,23,29,54,46,37,70,12,13,29,25,15,25,11,16,25,21,22,45,131,0,131
20231,A,골목상권,3110045,동대문역사문화공원역 5번,999,495,504,67,89,170,130,141,402,36,39,94,69,74,183,31,50,76,61,67,219,514,0,514
20231,A,골목상권,3110046,버티고개,4037,2045,1992,351,473,706,637,648,1222,196,256,398,335,318,542,155,217,308,302,330,680,1637,0,1637
20231,A,골목상권,3110047,다산성곽길,3006,1461,1545,249,336,410,421,532,1058,128,176,215,200,278,464,121,160,195,221,254,594,1331,0,1331
20231,A,골목상권,3110048,장충동주민센터,2658,1284,1374,257,291,498,419,425,768,133,146,247,205,203,350,124,145,251,214,222,418,1226,0,1226
20231,A,골목상권,3110049,장충단 고개,2063,964,1099,231,231,436,360,306,499,112,112,204,177,137,222,119,119,232,183,169,277,984,0,984
20231,A,골목상권,3110050,약수역 7번,850,391,459,62,93,150,117,137,291,32,49,59,53,74,124,30,44,91,64,63,167,393,0,393
20231,A,골목상권,3110051,한양공고앞 교차로,1236,641,595,88,117,178,159,231,463,41,59,101,95,120,225,47,58,77,64,111,238,622,0,622
20231,A,골목상권,3110052,장충초등학교,1915,948,967,172,226,305,259,353,600,82,109,157,143,181,276,90,117,148,116,172,324,877,0,877
20231,A,골목상권,3110053,청구역 1번,2726,1360,1366,207,340,481,374,516,808,98,172,270,203,257,360,109,168,211,171,259,448,1312,0,1312
20231,A,골목상권,3110054,청구역 3번,1969,946,1023,151,222,482,313,321,480,87,107,208,149,165,230,64,115,274,164,156,250,1065,0,1065
20231,A,골목상권,3110055,황학동벼룩시장,198,115,83,4,17,32,24,34,87,2,9,17,14,20,53,2,8,15,10,14,34,127,0,127
20231,A,골목상권,3110056,신당역 3번,5434,2688,2746,437,597,785,766,1067,1782,221,297,404,409,570,787,216,300,381,357,497,995,2716,0,2716
20231,A,골목상권,3110057,황학코아루아파트,1371,604,767,85,126,501,250,184,225,45,43,193,113,99,111,40,83,308,137,85,114,927,0,927
20231,A,골목상권,3110058,성심여자고등학교,4022,1936,2086,398,443,557,618,665,1341,193,225,271,310,344,593,205,218,286,308,321,748,1871,0,1871
20231,A,골목상권,3110059,새남터성지,1903,909,994,151,157,218,251,332,794,86,76,116,137,178,316,65,81,102,114,154,478,940,0,940
20231,A,골목상권,3110060,효창공원앞역 6번,3473,1661,1812,420,315,565,647,511,1015,195,164,262,323,264,453,225,151,303,324,247,562,1574,0,1574
20231,A,골목상권,3110061,효창동주민센터,3737,1818,1919,407,457,623,568,614,1068,212,240,307,291,290,478,195,217,316,277,324,590,1499,0,1499
20231,A,골목상권,3110062,한강로동땡땡거리(은행나무길),1344,724,620,71,105,164,182,195,627,41,63,107,110,123,280,30,42,57,72,72,347,714,0,714
20231,A,골목상권,3110063,효창공원앞역 5번,2463,1276,1187,215,233,381,373,389,872,115,133,217,213,206,392,100,100,164,160,183,480,1169,0,1169
20231,A,골목상권,3110064,효창공원앞역 2번,2816,1315,1501,347,367,478,490,453,681,181,173,215,232,215,299,166,194,263,258,238,382,1190,0,1190
20231,A,골목상권,3110065,남정초등학교,139,64,75,17,18,15,23,24,42,10,6,3,14,12,19,7,12,12,9,12,23,58,0,58
20231,A,골목상권,3110066,서울역 15번,3174,1634,1540,239,343,540,453,622,977,128,179,281,254,332,460,111,164,259,199,290,517,1644,0,1644
20231,A,골목상권,3110067,배문고등학교,8328,4236,4092,820,1058,1548,1266,1413,2223,427,555,845,682,700,1027,393,503,703,584,713,1196,3699,0,3699
20231,A,골목상권,3110068,남영역 1번,3001,1467,1534,246,290,569,516,432,948,126,136,279,265,231,430,120,154,290,251,201,518,1513,0,1513
20231,A,골목상권,3110069,숙대입구,4953,2159,2794,341,705,1105,804,635,1363,170,229,411,379,339,631,171,476,694,425,296,732,3036,0,3036
20231,A,골목상권,3110070,용산세무서,143,69,74,18,21,14,22,16,52,5,9,8,12,6,29,13,12,6,10,10,23,60,0,60
20231,A,골목상권,3110071,한강미주맨션아파트,452,207,245,76,57,32,59,85,143,44,30,13,17,45,58,32,27,19,42,40,85,150,0,150
20231,A,골목상권,3110072,열정도,154,91,63,5,8,20,19,25,77,1,3,14,13,16,44,4,5,6,6,9,33,95,0,95
20231,A,골목상권,3110073,삼각지역 3번,490,237,253,23,37,102,74,69,185,19,23,51,42,34,68,4,14,51,32,35,117,335,0,335
20231,A,골목상권,3110074,서울역 12번,2812,1932,880,112,180,315,326,577,1302,60,96,189,219,444,924,52,84,126,107,133,378,2006,0,2006
20231,A,골목상권,3110075,숙대입구역 1번,3426,1837,1589,248,310,575,521,590,1182,133,170,297,289,337,611,115,140,278,232,253,571,1966,0,1966
20231,A,골목상권,3110076,삼각지역 14번,32,22,10,2,0,1,6,5,18,1,0,1,4,4,12,1,0,0,2,1,6,22,0,22
20231,A,골목상권,3110077,삼광초등학교,1368,671,697,161,147,176,226,230,428,88,76,94,108,116,189,73,71,82,118,114,239,601,0,601
20231,A,골목상권,3110078,이촌동점보아파트,498,228,270,78,63,42,64,92,159,37,34,14,29,40,74,41,29,28,35,52,85,159,0,159
20231,A,골목상권,3110079,후암동주민센터,10496,5151,5345,1216,1121,1544,1849,1775,2991,622,602,796,935,867,1329,594,519,748,914,908,1662,4773,0,4773
20231,A,골목상권,3110080,해방촌예술마을,4324,2140,2184,409,463,665,684,691,1412,216,228,362,371,349,614,193,235,303,313,342,798,1972,0,1972
20231,A,골목상권,3110081,해방촌 남동측,3897,1815,2082,262,353,605,565,622,1490,125,175,285,294,292,644,137,178,320,271,330,846,2021,0,2021
20231,A,골목상권,3110082,용산구청,1040,487,553,89,65,212,168,141,365,51,34,100,87,58,157,38,31,112,81,83,208,518,0,518
20231,A,골목상권,3110083,서빙고역 1번,813,407,406,106,134,74,154,160,185,55,58,41,71,91,91,51,76,33,83,69,94,315,0,315
20231,A,골목상권,3110084,경리단길북측,4008,1823,2185,293,296,658,672,613,1476,149,153,328,313,290,590,144,143,330,359,323,886,2195,0,2195
20231,A,골목상권,3110085,경리단길남측,2556,1181,1375,274,209,412,420,411,830,132,101,207,207,185,349,142,108,205,213,226,481,1281,0,1281
20231,A,골목상권,3110086,이태원역 북측,1009,491,518,150,89,154,168,135,313,74,54,74,81,64,144,76,35,80,87,71,169,459,0,459
20231,A,골목상권,3110087,이태원엔틱가구거리,1794,768,1026,94,113,245,252,290,800,44,53,136,130,132,273,50,60,109,122,158,527,1148,0,1148
20231,A,골목상권,3110088,오산고등학교,1955,972,983,203,223,277,341,361,550,117,122,155,162,175,241,86,101,122,179,186,309,818,0,818
20231,A,골목상권,3110089,서빙고동주민센터,2587,1261,1326,222,264,299,403,440,959,112,130,168,206,217,428,110,134,131,197,223,531,1260,0,1260
20231,A,골목상권,3110090,한국폴리텍대학서울정수캠퍼스,2055,926,1129,162,192,339,323,383,656,78,96,167,143,172,270,84,96,172,180,211,386,1033,0,1033
20231,A,골목상권,3110091,리움미술관,169,85,84,13,6,38,27,19,66,8,3,23,11,7,33,5,3,15,16,12,33,85,0,85
20231,A,골목상권,3110092,NH농협은행 보광동지점,3884,1878,2006,270,428,626,579,691,1290,147,236,336,290,328,541,123,192,290,289,363,749,1868,0,1868
20231,A,골목상권,3110093,우사단길,6433,3253,3180,466,544,1169,1135,1042,2077,248,290,673,605,542,895,218,254,496,530,500,1182,3507,0,3507
20231,A,골목상권,3110094,오산중학교,372,193,179,14,45,63,46,82,122,6,29,35,28,42,53,8,16,28,18,40,69,185,0,185
20231,A,골목상권,3110095,한강진역 3번,2490,1092,1398,161,143,330,451,437,968,80,66,140,229,201,376,81,77,190,222,236,592,1561,0,1561
20231,A,골목상권,3110096,한남힐사이드아파트,1080,486,594,122,97,154,226,175,306,64,49,63,112,76,122,58,48,91,114,99,184,451,0,451
20231,A,골목상권,3110097,한남초등학교,225,104,121,31,5,55,57,21,56,18,3,25,28,5,25,13,2,30,29,16,31,122,0,122
20231,A,골목상권,3110098,서울독일학교,219,103,116,28,21,37,26,34,73,15,9,18,12,16,33,13,12,19,14,18,40,103,0,103
20231,A,골목상권,3110099,유엔빌리지길,1635,781,854,274,137,248,282,251,443,145,72,111,129,118,206,129,65,137,153,133,237,691,0,691
20231,A,골목상권,3110100,옥수동우편취급국,113,53,60,13,15,27,12,13,33,8,6,15,4,6,14,5,9,12,8,7,19,35,0,35
20231,A,골목상권,3110101,옥정중학교,693,321,372,82,49,152,156,103,151,42,19,69,78,47,66,40,30,83,78,56,85,350,0,350
20231,A,골목상권,3110102,옥수역 6번,995,479,516,114,90,179,178,134,300,64,43,83,88,67,134,50,47,96,90,67,166,466,0,466
20231,A,골목상권,3110103,옥수터널,480,231,249,46,50,81,76,78,149,28,32,41,41,36,53,18,18,40,35,42,96,212,0,212
20231,A,골목상권,3110104,신금호역 4번,3310,1604,1706,331,411,439,494,567,1068,166,204,217,255,292,470,165,207,222,239,275,598,1341,0,1341
20231,A,골목상권,3110105,금동어린이공원,2997,1488,1509,244,326,423,404,528,1072,134,185,231,195,285,458,110,141,192,209,243,614,1291,0,1291
20231,A,골목상권,3110106,금북초등학교,1081,541,540,103,125,157,140,179,377,56,76,73,75,79,182,47,49,84,65,100,195,420,0,420
20231,A,골목상권,3110107,금호사거리,269,137,132,22,22,44,42,34,105,14,8,24,23,22,46,8,14,20,19,12,59,128,0,128
20231,A,골목상권,3110108,성동구립금호도서관,3,1,2,0,0,0,1,0,2,0,0,0,0,0,1,0,0,0,1,0,1,1,0,1
20231,A,골목상권,3110109,금호삼성래미안아파트,503,259,244,32,59,57,74,88,193,15,35,31,44,48,86,17,24,26,30,40,107,226,0,226
20231,A,골목상권,3110110,상왕십리역 6번,2125,1045,1080,140,212,432,357,332,652,75,111,198,196,165,300,65,101,234,161,167,352,1085,0,1085
20231,A,골목상권,3110111,대현산장미원,1594,799,795,160,173,182,257,273,549,81,86,99,146,139,248,79,87,83,111,134,301,616,0,616
20231,A,골목상권,3110112,행당역 2번,2881,1365,1516,275,393,460,427,509,817,126,200,229,209,228,373,149,193,231,218,281,444,1276,0,1276
20231,A,골목상권,3110113,응봉산,1614,788,826,181,206,196,240,281,510,109,106,96,119,130,228,72,100,100,121,151,282,652,0,652
20231,A,골목상권,3110114,왕십리파출소,769,379,390,93,83,113,141,128,211,47,46,57,74,66,89,46,37,56,67,62,122,309,0,309
20231,A,골목상권,3110115,상왕십리역 3번,2074,1046,1028,162,262,431,277,381,561,90,143,209,144,201,259,72,119,222,133,180,302,1009,0,1009
20231,A,골목상권,3110116,청계천박물관,2169,1108,1061,198,279,283,275,438,696,116,148,158,136,216,334,82,131,125,139,222,362,936,0,936
20231,A,골목상권,3110117,성동구보건소,1620,819,801,135,197,269,214,288,517,70,118,128,122,145,236,65,79,141,92,143,281,715,0,715
20231,A,골목상권,3110118,왕십리역 9번,1163,614,549,81,106,206,156,203,411,41,60,125,80,108,200,40,46,81,76,95,211,643,0,643
20231,A,골목상권,3110119,마장지하차도,268,139,129,13,24,45,43,42,101,5,12,23,25,25,49,8,12,22,18,17,52,130,0,130
20231,A,골목상권,3110120,서울숲카페거리,1198,621,577,121,139,225,199,175,339,69,80,122,108,87,155,52,59,103,91,88,184,552,0,552
20231,A,골목상권,3110121,한양대역 4번,712,413,299,34,186,246,56,63,127,15,89,183,37,36,53,19,97,63,19,27,74,534,0,534
20231,A,골목상권,3110122,마장역 2번,706,359,347,100,93,114,101,117,181,51,49,57,50,58,94,49,44,57,51,59,87,272,0,272
20231,A,골목상권,3110123,마장역 3번,2880,1460,1420,219,314,426,377,478,1066,115,162,219,203,254,507,104,152,207,174,224,559,1450,0,1450
20231,A,골목상권,3110124,뚝섬역교차로,825,444,381,48,77,175,109,115,301,27,44,98,56,64,155,21,33,77,53,51,146,434,0,434
20231,A,골목상권,3110125,사근동살곶이상점가,4154,2274,1880,278,714,1018,458,525,1161,142,384,703,255,259,531,136,330,315,203,266,630,2345,0,2345
20231,A,골목상권,3110126,서울숲역 1번,543,265,278,47,67,99,77,93,160,28,34,51,41,37,74,19,33,48,36,56,86,253,0,253
20231,A,골목상권,3110127,성수1가1동주민센터,942,484,458,57,53,282,193,143,214,30,24,134,100,85,111,27,29,148,93,58,103,634,0,634
20231,A,골목상권,3110128,성원중학교,8370,4430,3940,702,1043,1194,1172,1695,2564,370,546,659,638,922,1295,332,497,535,534,773,1269,3921,0,3921
20231,A,골목상권,3110129,성원어린이공원,1687,836,851,168,148,335,342,270,424,88,75,168,180,130,195,80,73,167,162,140,229,809,0,809
20231,A,골목상권,3110130,답십리역 6번,2008,1016,992,144,233,286,289,360,696,76,106,146,164,189,335,68,127,140,125,171,361,903,0,903
20231,A,골목상권,3110131,성수동카페거리,2841,1538,1303,247,277,584,434,458,841,129,140,312,244,261,452,118,137,272,190,197,389,1459,0,1459
20231,A,골목상권,3110132,성수2가3동주민센터,1918,1011,907,129,161,375,286,308,659,68,85,189,160,170,339,61,76,186,126,138,320,1050,0,1050
20231,A,골목상권,3110133,서울교통공사,1527,819,708,132,140,209,248,319,479,63,68,113,140,185,250,69,72,96,108,134,229,790,0,790
20231,A,골목상권,3110134,성수119안전센터,6354,3316,3038,611,594,974,1021,1086,2068,314,317,512,541,589,1043,297,277,462,480,497,1025,2998,0,2998
20231,A,골목상권,3110135,성동세무서,1108,596,512,95,90,229,195,181,318,51,46,131,104,107,157,44,44,98,91,74,161,563,0,563
20231,A,골목상권,3110136,경수초등학교,2695,1404,1291,295,255,400,423,447,875,140,135,212,230,242,445,155,120,188,193,205,430,1168,0,1168
20231,A,골목상권,3110137,성수초등학교,1666,903,763,214,135,339,373,226,379,107,70,174,221,132,199,107,65,165,152,94,180,829,0,829
20231,A,골목상권,3110138,송정체육공원,3537,1903,1634,271,385,568,470,680,1163,136,218,305,262,381,601,135,167,263,208,299,562,1740,0,1740
20231,A,골목상권,3110139,자양4동주민센터,5586,2830,2756,358,523,800,823,1049,2033,155,271,415,443,568,978,203,252,385,380,481,1055,2920,0,2920
20231,A,골목상권,3110140,건대입구역 6번,5668,2843,2825,400,556,1062,865,950,1835,204,275,544,470,501,849,196,281,518,395,449,986,2952,0,2952
20231,A,골목상권,3110141,건대입구역 1번,3006,1430,1576,166,347,1072,455,335,631,82,127,504,251,170,296,84,220,568,204,165,335,1907,0,1907
20231,A,골목상권,3110142,화양사거리,5301,2606,2695,230,792,2113,735,543,888,111,314,1071,390,297,423,119,478,1042,345,246,465,3738,0,3738
20231,A,골목상권,3110143,뚝섬유원지역 1번,140,74,66,20,19,13,13,36,39,9,12,5,6,22,20,11,7,8,7,14,19,56,0,56
20231,A,골목상권,3110144,어린이대공원역 4번,2006,981,1025,71,281,664,254,239,497,32,107,333,134,152,223,39,174,331,120,87,274,1508,0,1508
20231,A,골목상권,3110145,장안초등학교,635,303,332,57,59,157,96,92,174,26,27,81,52,40,77,31,32,76,44,52,97,310,0,310
20231,A,골목상권,3110146,신자초등학교,4081,2073,2008,459,462,599,629,707,1225,217,257,324,331,349,595,242,205,275,298,358,630,1726,0,1726
20231,A,골목상권,3110147,능동우편취급국,6391,3243,3148,648,676,1432,1102,879,1654,348,350,743,599,431,772,300,326,689,503,448,882,3065,0,3065
20231,A,골목상권,3110148,어린이대공원역 3번,1427,737,690,72,213,379,186,196,381,39,113,218,95,101,171,33,100,161,91,95,210,849,0,849
20231,A,골목상권,3110149,세종대학교,923,410,513,72,127,264,148,129,183,37,48,112,66,63,84,35,79,152,82,66,99,493,0,493
20231,A,골목상권,3110150,중곡1동 마을마당,5846,2926,2920,514,468,1189,999,896,1780,259,262,568,533,460,844,255,206,621,466,436,936,2826,0,2826
20231,A,골목상권,3110151,자양한강도서관,4707,2315,2392,515,519,750,870,780,1273,266,276,366,441,385,581,249,243,384,429,395,692,2066,0,2066
20231,A,골목상권,3110152,중곡어린이공원,2070,1067,1003,229,215,359,322,364,581,123,108,191,171,201,273,106,107,168,151,163,308,920,0,920
20231,A,골목상권,3110153,중곡1동주민센터,2407,1168,1239,245,235,516,467,329,615,126,106,255,246,145,290,119,129,261,221,184,325,1116,0,1116
20231,A,골목상권,3110154,광진정말공원,4782,2336,2446,519,528,794,796,765,1380,294,250,394,405,384,609,225,278,400,391,381,771,2102,0,2102
20231,A,골목상권,3110155,광진구청,3905,1939,1966,342,490,728,635,666,1044,177,248,378,326,317,493,165,242,350,309,349,551,1790,0,1790
20231,A,골목상권,3110156,군자역 5번,6196,2946,3250,617,514,1552,1214,763,1536,321,260,675,632,373,685,296,254,877,582,390,851,3195,0,3195
20231,A,골목상권,3110157,자양동우체국,5967,2977,2990,780,746,930,1044,1009,1458,418,417,455,504,504,679,362,329,475,540,505,779,2390,0,2390
20231,A,골목상권,3110158,중곡3동주민센터,7012,3495,3517,687,741,1100,1088,1241,2155,359,371,573,582,614,996,328,370,527,506,627,1159,3310,0,3310
20231,A,골목상권,3110159,구의역 4번,9198,4495,4703,819,967,1742,1508,1479,2683,404,502,847,787,712,1243,415,465,895,721,767,1440,4411,0,4411
20231,A,골목상권,3110160,광진경찰서,1905,915,990,195,260,335,333,327,455,99,124,171,155,152,214,96,136,164,178,175,241,856,0,856
20231,A,골목상권,3110161,중곡역 3번,5088,2512,2576,501,589,848,754,896,1500,254,309,424,402,433,690,247,280,424,352,463,810,2209,0,2209
20231,A,골목상권,3110162,군자역 4번,4032,1934,2098,539,440,744,705,618,986,273,239,339,323,308,452,266,201,405,382,310,534,1638,0,1638
20231,A,골목상권,3110163,성자초등학교,2989,1434,1555,410,341,449,590,469,730,186,169,219,310,217,333,224,172,230,280,252,397,1208,0,1208
20231,A,골목상권,3110164,아차산역 5번,3100,1474,1626,320,283,755,607,406,729,175,140,335,308,190,326,145,143,420,299,216,403,1493,0,1493
20231,A,골목상권,3110165,국립정신건강센터,4490,2211,2279,462,577,756,682,799,1214,230,302,389,356,360,574,232,275,367,326,439,640,1773,0,1773
20231,A,골목상권,3110166,구의1동주민센터,6518,3073,3445,500,705,1479,1165,1005,1664,256,336,672,577,488,744,244,369,807,588,517,920,3359,0,3359
20231,A,골목상권,3110167,용마초등학교,6898,3400,3498,830,757,1229,1152,1140,1790,427,399,627,585,535,827,403,358,602,567,605,963,2869,0,2869
20231,A,골목상권,3110168,대원고등학교,2608,1281,1327,314,445,338,389,536,586,157,227,176,190,252,279,157,218,162,199,284,307,979,0,979
20231,A,골목상권,3110169,성동초등학교,2355,1188,1167,199,266,448,380,369,693,116,138,233,204,167,330,83,128,215,176,202,363,1070,0,1070
20231,A,골목상권,3110170,동대부여고,6314,3055,3259,500,628,1334,1168,968,1716,254,321,662,587,482,749,246,307,672,581,486,967,3073,0,3073
20231,A,골목상권,3110171,중곡4동주민센터,2691,1316,1375,230,339,361,351,524,886,122,180,184,186,254,390,108,159,177,165,270,496,1192,0,1192
20231,A,골목상권,3110172,광진초등학교,3768,1834,1934,437,436,554,606,644,1091,229,224,257,312,322,490,208,212,297,294,322,601,1532,0,1532
20231,A,골목상권,3110173,구남초등학교,1446,686,760,130,177,260,211,225,443,74,81,124,102,100,205,56,96,136,109,125,238,636,0,636
20231,A,골목상권,3110174,아차산역 1번,5080,2472,2608,608,551,757,820,823,1521,312,282,358,417,390,713,296,269,399,403,433,808,2005,0,2005
20231,A,골목상권,3110175,푸른동산공원,4810,2314,2496,571,515,910,887,744,1183,292,252,435,463,337,535,279,263,475,424,407,648,2176,0,2176
20231,A,골목상권,3110176,해오름공원,6416,3169,3247,616,711,1021,950,1112,2006,331,351,526,518,563,880,285,360,495,432,549,1126,2719,0,2719
20231,A,골목상권,3110177,동의초등학교,1692,842,850,196,189,187,302,274,544,99,115,88,154,146,240,97,74,99,148,128,304,668,0,668
20231,A,골목상권,3110178,장로회신학대학교,1265,595,670,146,144,202,178,199,396,68,69,98,84,101,175,78,75,104,94,98,221,526,0,526
20231,A,골목상권,3110179,광나루역 1번,788,389,399,78,105,125,125,134,221,45,56,66,59,63,100,33,49,59,66,71,121,334,0,334
20231,A,골목상권,3110180,광진정보도서관,1113,567,546,128,123,181,174,197,310,70,71,91,85,96,154,58,52,90,89,101,156,497,0,497
20231,A,골목상권,3110181,신설동역 9번,593,330,263,71,56,94,102,106,164,36,37,55,50,65,87,35,19,39,52,41,77,286,0,286
20231,A,골목상권,3110182,용두희망어린이공원,941,546,395,61,145,321,135,104,175,30,81,221,75,57,82,31,64,100,60,47,93,590,0,590
20231,A,골목상권,3110183,한국의류시험연구원,408,229,179,31,41,56,60,63,157,14,22,32,34,40,87,17,19,24,26,23,70,227,0,227
20231,A,골목상권,3110184,용두사거리,235,121,114,22,19,37,49,36,72,12,11,16,30,20,32,10,8,21,19,16,40,129,0,129
20231,A,골목상권,3110185,용두초등학교,416,221,195,35,32,58,48,86,157,15,14,33,25,54,80,20,18,25,23,32,77,200,0,200
20231,A,골목상권,3110186,종암초등학교,418,239,179,24,57,141,63,41,92,12,29,93,38,23,44,12,28,48,25,18,48,277,0,277
20231,A,골목상권,3110187,제기동역 6번,3256,1635,1621,223,342,654,503,507,1027,114,166,336,272,265,482,109,176,318,231,242,545,1724,0,1724
20231,A,골목상권,3110188,용두동신동아아파트,1769,903,866,187,190,259,285,303,545,98,102,147,156,153,247,89,88,112,129,150,298,823,0,823
20231,A,골목상권,3110189,제기동역 1번,2067,1006,1061,225,223,417,342,314,546,108,121,211,163,154,249,117,102,206,179,160,297,934,0,934
20231,A,골목상권,3110190,고대앞사거리,2054,1095,959,195,207,429,301,293,629,100,99,261,170,166,299,95,108,168,131,127,330,1068,0,1068
20231,A,골목상권,3110191,고려대역 6번,1068,572,496,58,98,221,173,135,383,30,51,127,109,75,180,28,47,94,64,60,203,665,0,665
20231,A,골목상권,3110192,동의보감타워,515,278,237,11,28,137,98,69,172,5,15,74,50,37,97,6,13,63,48,32,75,387,0,387
20231,A,골목상권,3110193,고려대역 4번,1474,781,693,93,154,386,180,162,499,50,72,236,94,95,234,43,82,150,86,67,265,860,0,860
20231,A,골목상권,3110194,홍파초등학교,1586,789,797,122,120,238,232,202,672,68,64,132,132,107,286,54,56,106,100,95,386,780,0,780
20231,A,골목상권,3110195,동대문구청,3313,1664,1649,240,289,556,426,487,1315,131,142,287,229,270,605,109,147,269,197,217,710,1713,0,1713
20231,A,골목상권,3110196,홍릉근린공원,1125,580,545,70,95,93,146,169,552,32,46,51,87,97,267,38,49,42,59,72,285,622,0,622
20231,A,골목상권,3110197,세종대왕기념관교차로,511,263,248,60,55,78,73,78,167,30,26,47,41,46,73,30,29,31,32,32,94,251,0,251
20231,A,골목상권,3110198,동대문중앙새마을금고본점,120,58,62,8,6,11,21,12,62,2,2,7,12,8,27,6,4,4,9,4,35,74,0,74
20231,A,골목상권,3110199,홍릉시장,943,485,458,41,68,126,122,130,456,21,34,73,74,77,206,20,34,53,48,53,250,557,0,557
20231,A,골목상권,3110203,떡전교사거리,1844,914,930,149,168,284,258,281,704,73,83,163,138,158,299,76,85,121,120,123,405,917,0,917
20231,A,골목상권,3110200,동대문경찰서,708,366,342,45,61,110,102,110,280,24,35,56,59,63,129,21,26,54,43,47,151,390,0,390
20231,A,골목상권,3110201,전농119안전센터,474,246,228,34,42,32,82,81,203,21,20,15,49,47,94,13,22,17,33,34,109,262,0,262
20231,A,골목상권,3110202,전농1동주민센터(전농시장),1358,761,597,35,89,77,144,270,743,17,50,32,87,171,404,18,39,45,57,99,339,985,0,985
20231,A,골목상권,3110204,간데메공원,3304,1649,1655,433,323,461,536,502,1049,220,168,235,265,268,493,213,155,226,271,234,556,1408,0,1408
20231,A,골목상권,3110205,경희대삼거리,2619,1294,1325,173,383,703,366,337,657,92,160,378,199,182,283,81,223,325,167,155,374,1552,0,1552
20231,A,골목상권,3110206,텃골근린공원,4002,2020,1982,361,477,575,552,697,1340,202,264,293,289,349,623,159,213,282,263,348,717,1840,0,1840
20231,A,골목상권,3110207,시립대앞사거리,831,422,409,54,104,129,106,131,307,30,51,68,61,66,146,24,53,61,45,65,161,416,0,416
20231,A,골목상권,3110208,시조사삼거리,764,408,356,46,100,209,101,91,217,23,53,122,56,45,109,23,47,87,45,46,108,439,0,439
20231,A,골목상권,3110209,답십리 장령당공원,722,369,353,63,79,103,101,127,249,30,44,58,53,74,110,33,35,45,48,53,139,347,0,347
20231,A,골목상권,3110210,서울시립대,3215,1612,1603,249,493,715,450,377,931,124,213,428,244,185,418,125,280,287,206,192,513,1711,0,1711
20231,A,골목상권,3110211,전곡마을마당공원,3640,1812,1828,260,449,467,478,657,1329,134,228,262,260,342,586,126,221,205,218,315,743,1693,0,1693
20231,A,골목상권,3110212,답십리초등학교,2315,1154,1161,210,263,287,313,404,838,116,131,159,167,208,373,94,132,128,146,196,465,1078,0,1078
20231,A,골목상권,3110213,청량초등학교,762,380,382,60,134,207,85,129,147,24,69,122,39,59,67,36,65,85,46,70,80,410,0,410
20231,A,골목상권,3110214,경희대후문,2343,1221,1122,139,551,826,182,217,428,68,230,535,91,99,198,71,321,291,91,118,230,1565,0,1565
20231,A,골목상권,3110215,회기역 1번,2080,1040,1040,78,339,799,265,189,410,37,133,418,149,111,192,41,206,381,116,78,218,1468,0,1468
20231,A,골목상권,3110216,전농중학교,1200,593,607,115,128,156,177,206,418,59,61,93,90,106,184,56,67,63,87,100,234,520,0,520
20231,A,골목상권,3110217,자동차부품상가,613,319,294,33,71,81,79,140,209,20,38,45,49,77,90,13,33,36,30,63,119,303,0,303
20231,A,골목상권,3110218,답십리사거리,2799,1418,1381,283,265,380,409,498,964,126,144,216,214,260,458,157,121,164,195,238,506,1260,0,1260
20231,A,골목상권,3110219,삼육보건대학교,6613,3372,3241,479,1092,1638,804,856,1744,252,512,962,447,397,802,227,580,676,357,459,942,3602,0,3602
20231,A,골목상권,3110220,외대앞역 1번,1939,976,963,87,316,478,246,257,555,46,132,271,137,140,250,41,184,207,109,117,305,1175,0,1175
20231,A,골목상권,3110221,의릉,977,458,519,80,129,188,168,149,263,36,54,90,95,71,112,44,75,98,73,78,151,496,0,496
20231,A,골목상권,3110222,회기역 2번,27,15,12,4,1,3,2,4,13,2,0,2,2,4,5,2,1,1,0,0,8,11,0,11
20231,A,골목상권,3110223,군자초등학교,1638,837,801,188,162,287,258,258,485,108,85,140,137,134,233,80,77,147,121,124,252,651,0,651
20231,A,골목상권,3110224,외대앞역 2번,1570,827,743,78,163,243,241,280,565,41,84,134,139,164,265,37,79,109,102,116,300,860,0,860
20231,A,골목상권,3110225,촬영소사거리,1339,690,649,101,170,171,179,247,471,46,88,97,96,129,234,55,82,74,83,118,237,589,0,589
20231,A,골목상권,3110226,장안1동주민센터,9890,5049,4841,904,970,1523,1573,1729,3191,457,515,788,856,887,1546,447,455,735,717,842,1645,4702,0,4702
20231,A,골목상권,3110227,답십리공원,749,370,379,68,92,102,96,150,241,38,37,50,52,80,113,30,55,52,44,70,128,324,0,324
20231,A,골목상권,3110228,장안근린공원,5180,2631,2549,373,614,645,693,913,1942,179,326,358,381,480,907,194,288,287,312,433,1035,2466,0,2466
20231,A,골목상권,3110229,장평중학교,7419,3695,3724,1054,617,1155,1364,1001,2228,553,311,565,716,495,1055,501,306,590,648,506,1173,2830,0,2830
20231,A,골목상권,3110230,장안현대홈타운1차아파트,2960,1492,1468,415,278,452,559,431,825,225,140,217,299,220,391,190,138,235,260,211,434,1211,0,1211
20231,A,골목상권,3110231,장안교,118,63,55,15,10,20,20,23,30,7,8,8,9,15,16,8,2,12,11,8,14,47,0,47
20231,A,골목상권,3110232,동대부고,2829,1441,1388,370,300,408,476,454,821,199,171,201,244,232,394,171,129,207,232,222,427,1119,0,1119
20231,A,골목상권,3110233,중랑역 1번,5266,2761,2505,386,508,841,709,960,1862,197,272,440,412,509,931,189,236,401,297,451,931,2622,0,2622
20231,A,골목상권,3110234,중랑역 4번,729,360,369,79,55,183,163,117,132,47,21,74,86,63,69,32,34,109,77,54,63,403,0,403
20231,A,골목상권,3110235,세화어린이공원,1418,794,624,93,134,184,200,287,520,48,78,105,118,167,278,45,56,79,82,120,242,739,0,739
20231,A,골목상권,3110236,신묵초등학교,7715,3884,3831,867,813,1293,1345,1217,2180,473,418,644,729,617,1003,394,395,649,616,600,1177,3430,0,3430
20231,A,골목상권,3110237,메가박스 상봉,4317,2148,2169,362,472,659,679,786,1359,176,231,326,379,419,617,186,241,333,300,367,742,2077,0,2077
20231,A,골목상권,3110238,배꽃어린이공원,1172,586,586,103,104,140,163,222,440,44,53,79,86,114,210,59,51,61,77,108,230,559,0,559
20231,A,골목상권,3110239,중랑역 2번,293,151,142,15,33,51,27,62,105,9,20,26,11,31,54,6,13,25,16,31,51,155,0,155
20231,A,골목상권,3110240,태릉시장 특화거리,1289,663,626,88,136,179,166,247,473,40,72,95,93,137,226,48,64,84,73,110,247,648,0,648
20231,A,골목상권,3110241,먹골역 5번,2629,1303,1326,230,271,427,420,437,844,120,115,216,227,231,394,110,156,211,193,206,450,1254,0,1254
20231,A,골목상권,3110242,면목5동주민센터,4308,2181,2127,494,464,594,640,792,1324,256,231,301,331,421,641,238,233,293,309,371,683,1936,0,1936
20231,A,골목상권,3110243,중랑노인종합복지관,4889,2474,2415,544,589,637,748,951,1420,265,283,330,412,487,697,279,306,307,336,464,723,2103,0,2103
20231,A,골목상권,3110244,중화역 4번,1073,560,513,88,111,171,161,172,370,53,62,83,91,96,175,35,49,88,70,76,195,498,0,498
20231,A,골목상권,3110245,KB국민은행 중화동지점,2503,1260,1243,194,272,338,320,477,902,105,126,177,181,245,426,89,146,161,139,232,476,1279,0,1279
20231,A,골목상권,3110246,월드순복음교회,2488,1240,1248,252,239,558,438,381,620,134,129,257,228,200,292,118,110,301,210,181,328,1286,0,1286
20231,A,골목상권,3110247,먹골역 1번,6235,3084,3151,571,590,1137,1069,934,1934,294,310,568,567,459,886,277,280,569,502,475,1048,2841,0,2841
20231,A,골목상권,3110248,먹골파출소,1465,761,704,138,143,247,214,221,502,75,81,128,122,118,237,63,62,119,92,103,265,632,0,632
20231,A,골목상권,3110249,중화역 1번,6619,3324,3295,698,745,1046,1020,1047,2063,347,399,546,531,528,973,351,346,500,489,519,1090,2643,0,2643
20231,A,골목상권,3110250,화랑대역 7번,1576,767,809,191,200,202,226,265,492,96,106,107,106,131,221,95,94,95,120,134,271,640,0,640
20231,A,골목상권,3110251,장안중학교,3901,1891,2010,387,470,666,527,629,1222,180,249,327,282,287,566,207,221,339,245,342,656,1630,0,1630
20231,A,골목상권,3110252,장안제일시장,4747,2416,2331,513,516,763,679,825,1451,253,258,405,352,429,719,260,258,358,327,396,732,1982,0,1982
20231,A,골목상권,3110253,중곡초등학교,3662,1848,1814,358,427,532,562,671,1112,193,223,262,298,346,526,165,204,270,264,325,586,1630,0,1630
20231,A,골목상권,3110254,오거리공원,7809,3930,3879,820,903,1042,1227,1397,2420,420,461,543,643,727,1136,400,442,499,584,670,1284,3459,0,3459
20231,A,골목상권,3110255,상봉역 4번,6496,3237,3259,543,591,1262,982,1097,2021,272,313,606,532,558,956,271,278,656,450,539,1065,3356,0,3356
20231,A,골목상권,3110256,면목2동체육관,8303,4279,4024,855,867,1216,1279,1495,2591,463,453,639,711,754,1259,392,414,577,568,741,1332,3690,0,3690
20231,A,골목상권,3110257,상봉역 7번,3869,1961,1908,427,403,600,572,620,1247,219,213,303,295,328,603,208,190,297,277,292,644,1808,0,1808
20231,A,골목상권,3110258,면동초등학교,5746,2931,2815,576,584,868,890,1062,1766,297,312,438,467,548,869,279,272,430,423,514,897,2867,0,2867
20231,A,골목상권,3110259,사가정역 1번,4080,2061,2019,358,396,709,699,647,1271,197,199,350,374,341,600,161,197,359,325,306,671,2000,0,2000
20231,A,골목상권,3110260,면목역 3번,2218,1133,1085,176,209,390,353,388,702,92,106,198,184,216,337,84,103,192,169,172,365,1139,0,1139
20231,A,골목상권,3110261,사가정역 4번,5043,2476,2567,442,539,837,811,829,1585,230,273,410,418,413,732,212,266,427,393,416,853,2417,0,2417
20231,A,골목상권,3110262,상봉역 3번,2915,1489,1426,310,228,528,457,429,963,167,135,269,261,203,454,143,93,259,196,226,509,1431,0,1431
20231,A,골목상권,3110263,면목역 1번,7265,3581,3684,695,804,1165,1108,1211,2282,331,409,603,608,599,1031,364,395,562,500,612,1251,3260,0,3260
20231,A,골목상권,3110264,면목역 2번,9684,4902,4782,841,1090,1730,1545,1648,2830,437,571,885,845,821,1343,404,519,845,700,827,1487,4474,0,4474
20231,A,골목상권,3110265,망우역 1번,1035,540,495,84,114,149,120,183,385,44,62,79,66,93,196,40,52,70,54,90,189,480,0,480
20231,A,골목상권,3110266,면목동우체국,5266,2589,2677,433,648,837,760,963,1625,206,348,439,394,473,729,227,300,398,366,490,896,2398,0,2398
20231,A,골목상권,3110267,망우역 2번,4466,2222,2244,532,518,686,733,699,1298,292,268,345,381,342,594,240,250,341,352,357,704,1866,0,1866
20231,A,골목상권,3110268,망우3동주민센터,2588,1293,1295,248,312,363,382,469,814,112,163,185,195,245,393,136,149,178,187,224,421,1155,0,1155
20231,A,골목상권,3110269,용마문화복지센터,1355,701,654,103,179,181,171,249,472,47,80,97,96,144,237,56,99,84,75,105,235,636,0,636
20231,A,골목상권,3110270,혜원여고,1235,592,643,128,155,175,169,216,392,56,81,91,79,108,177,72,74,84,90,108,215,495,0,495
20231,A,골목상권,3110271,신내역 1번,138,74,64,13,12,23,23,14,53,7,8,10,15,4,30,6,4,13,8,10,23,75,0,75
20231,A,골목상권,3110272,신내1동주민센터,3548,1733,1815,457,415,462,541,616,1057,231,229,206,284,310,473,226,186,256,257,306,584,1425,0,1425
20231,A,골목상권,3110273,장스여성병원,2369,1266,1103,161,269,340,293,418,888,80,145,198,165,219,459,81,124,142,128,199,429,1122,0,1122
20231,A,골목상권,3110274,서일대학교,6866,3490,3376,755,807,913,972,1264,2155,379,412,469,521,663,1046,376,395,444,451,601,1109,3004,0,3004
20231,A,골목상권,3110275,하나은행 망우동지점,896,476,420,70,93,121,118,159,335,39,52,54,69,95,167,31,41,67,49,64,168,440,0,440
20231,A,골목상권,3110276,신내IC북측,366,196,170,45,30,42,68,54,127,24,19,23,40,29,61,21,11,19,28,25,66,169,0,169
20231,A,골목상권,3110277,러스크서울병원,3593,1856,1737,329,415,512,516,598,1223,178,224,272,275,306,601,151,191,240,241,292,622,1615,0,1615
20231,A,골목상권,3110278,망우본동주민센터,3928,2053,1875,273,501,495,483,726,1450,142,271,262,269,377,732,131,230,233,214,349,718,1898,0,1898
20231,A,골목상권,3110279,신내역 2번,25,15,10,3,2,0,4,7,9,0,1,0,2,5,7,3,1,0,2,2,2,15,0,15
20231,A,골목상권,3110280,북정마을,713,356,357,47,71,85,110,102,298,28,38,37,61,56,136,19,33,48,49,46,162,331,0,331
20231,A,골목상권,3110281,길상사,912,459,453,106,91,123,125,155,312,70,42,62,58,79,148,36,49,61,67,76,164,363,0,363
20231,A,골목상권,3110282,국민대학교앞,676,330,346,67,106,129,74,79,221,26,48,76,40,42,98,41,58,53,34,37,123,349,0,349
20231,A,골목상권,3110283,성북초등학교앞,518,243,275,52,56,64,89,97,160,22,27,34,45,46,69,30,29,30,44,51,91,239,0,239
20231,A,골목상권,3110284,정릉북한산국립공원입구,1404,722,682,129,209,163,165,235,503,75,116,79,84,118,250,54,93,84,81,117,253,574,0,574
20231,A,골목상권,3110285,홍대부중,2137,1042,1095,248,243,295,388,383,580,135,139,149,175,200,244,113,104,146,213,183,336,873,0,873
20231,A,골목상권,3110286,한성대입구역 5번,2598,1223,1375,190,263,512,417,452,764,90,129,241,206,214,343,100,134,271,211,238,421,1313,0,1313
20231,A,골목상권,3110287,정릉3동주민센터,1888,990,898,132,328,349,210,306,563,68,168,234,111,148,261,64,160,115,99,158,302,1039,0,1039
20231,A,골목상권,3110288,동구여중,1648,790,858,178,210,232,253,276,499,86,113,115,127,128,221,92,97,117,126,148,278,652,0,652
20231,A,골목상권,3110289,북한산보국문역 2번,4966,2453,2513,489,645,702,720,760,1650,257,320,377,382,396,721,232,325,325,338,364,929,2024,0,2024
20231,A,골목상권,3110290,북한산보국문역 1번,1428,729,699,124,171,180,207,219,527,76,88,103,112,112,238,48,83,77,95,107,289,642,0,642
20231,A,골목상권,3110291,한성대입구역 3번,4426,2124,2302,354,576,826,696,684,1290,182,286,407,360,325,564,172,290,419,336,359,726,2120,0,2120
20231,A,골목상권,3110292,정릉역 2번,560,273,287,22,37,38,54,107,302,10,17,23,30,58,135,12,20,15,24,49,167,367,0,367
20231,A,골목상권,3110293,삼선중학교,2527,1171,1356,256,289,586,408,387,601,128,137,245,210,179,272,128,152,341,198,208,329,1255,0,1255
20231,A,골목상권,3110294,서경대학교,7169,3527,3642,792,883,1021,1088,1130,2255,427,444,523,570,542,1021,365,439,498,518,588,1234,2926,0,2926
20231,A,골목상권,3110295,정릉우체국,4685,2307,2378,530,487,632,734,694,1608,282,252,341,383,333,716,248,235,291,351,361,892,1952,0,1952
20231,A,골목상권,3110296,성신여대입구역 4번,1902,870,1032,238,224,294,303,313,530,118,100,134,142,155,221,120,124,160,161,158,309,830,0,830
20231,A,골목상권,3110297,경동고등학교,6534,3135,3399,559,808,1388,999,1042,1738,300,384,680,501,511,759,259,424,708,498,531,979,3261,0,3261
20231,A,골목상권,3110298,솔숲어린이공원,732,368,364,67,88,83,103,128,263,40,47,49,46,60,126,27,41,34,57,68,137,308,0,308
20231,A,골목상권,3110299,정릉역 1번,3547,1751,1796,364,381,455,506,543,1298,191,191,233,267,286,583,173,190,222,239,257,715,1546,0,1546
20231,A,골목상권,3110300,삼선동주민센터,2912,1235,1677,127,409,829,388,381,778,70,137,316,189,184,339,57,272,513,199,197,439,1880,0,1880
20231,A,골목상권,3110301,성신여대입구역 7번,3589,1650,1939,253,416,898,558,460,1004,134,175,405,292,221,423,119,241,493,266,239,581,1889,0,1889
20231,A,골목상권,3110302,보문역 8번,2263,1109,1154,186,213,457,368,341,698,95,112,229,199,174,300,91,101,228,169,167,398,1172,0,1172
20231,A,골목상권,3110303,성신여대입구역 1번,3389,1399,1990,205,448,964,443,416,913,100,115,367,210,199,408,105,333,597,233,217,505,2100,0,2100
20231,A,골목상권,3110304,보문역 4번,395,181,214,22,45,136,65,47,80,11,18,65,30,23,34,11,27,71,35,24,46,246,0,246
20231,A,골목상권,3110305,보문역 5번,779,412,367,55,84,175,100,119,246,33,40,102,59,62,116,22,44,73,41,57,130,418,0,418
20231,A,골목상권,3110306,미아초등학교,930,456,474,122,89,135,142,124,318,68,40,74,72,65,137,54,49,61,70,59,181,415,0,415
20231,A,골목상권,3110307,길음역 7번,226,112,114,48,24,36,50,35,33,21,15,14,27,21,14,27,9,22,23,14,19,102,0,102
20231,A,골목상권,3110308,길음역 8번,1086,541,545,80,106,142,160,171,427,44,50,82,82,95,188,36,56,60,78,76,239,536,0,536
20231,A,골목상권,3110309,대광초등학교,1377,708,669,77,159,323,198,219,401,40,70,184,122,105,187,37,89,139,76,114,214,728,0,728
20231,A,골목상권,3110310,길음역 10번,263,94,169,14,34,48,41,47,79,4,13,11,27,14,25,10,21,37,14,33,54,144,0,144
20231,A,골목상권,3110311,종암아이파크2차후문,1189,618,571,104,146,174,164,225,376,55,85,97,87,112,182,49,61,77,77,113,194,496,0,496
20231,A,골목상권,3110312,안암역 2번,934,491,443,18,223,370,82,68,173,9,103,215,50,36,78,9,120,155,32,32,95,686,0,686
20231,A,골목상권,3110313,안암역 3번,568,354,214,16,113,245,55,52,87,8,58,172,39,32,45,8,55,73,16,20,42,448,0,448
20231,A,골목상권,3110314,종암경찰서,1052,535,517,102,120,198,139,150,343,51,57,102,84,75,166,51,63,96,55,75,177,535,0,535
20231,A,골목상권,3110315,종암아이파크2차,3110,1521,1589,255,402,549,450,529,925,132,201,296,226,253,413,123,201,253,224,276,512,1396,0,1396
20231,A,골목상권,3110316,숭곡초등학교,4741,2330,2411,447,433,575,698,775,1813,219,234,292,364,412,809,228,199,283,334,363,1004,2257,0,2257
20231,A,골목상권,3110317,종암중학교,2192,1237,955,128,289,747,258,234,536,67,153,490,147,129,251,61,136,257,111,105,285,1357,0,1357
20231,A,골목상권,3110318,KT월곡지사,1456,742,714,152,148,206,243,208,499,94,80,105,138,106,219,58,68,101,105,102,280,591,0,591
20231,A,골목상권,3110319,종암동주민센터,2991,1415,1576,221,242,335,326,479,1388,122,122,174,171,242,584,99,120,161,155,237,804,1639,0,1639
20231,A,골목상권,3110320,KB국민은행 종암동지점,925,476,449,119,123,153,116,169,245,70,64,93,59,73,117,49,59,60,57,96,128,376,0,376
20231,A,골목상권,3110321,동덕여대,214,110,104,19,36,50,24,31,54,9,15,28,12,18,28,10,21,22,12,13,26,103,0,103
20231,A,골목상권,3110322,장위1동주민센터,2307,1112,1195,286,310,340,327,409,635,137,153,174,169,189,290,149,157,166,158,220,345,845,0,845
20231,A,골목상권,3110323,상월곡역 1번,2012,932,1080,156,316,366,244,331,599,88,95,167,133,181,268,68,221,199,111,150,331,1008,0,1008
20231,A,골목상권,3110324,월곡역 4번,656,322,334,19,83,135,66,100,253,11,29,72,33,56,121,8,54,63,33,44,132,447,0,447
20231,A,골목상권,3110325,장곡초등학교,3172,1586,1586,340,377,418,412,554,1071,183,205,226,219,275,478,157,172,192,193,279,593,1295,0,1295
20231,A,골목상권,3110326,장위동성당,1545,751,794,194,221,164,221,289,456,101,112,87,109,142,200,93,109,77,112,147,256,582,0,582
20231,A,골목상권,3110327,상월곡역 2번,3612,1823,1789,338,425,453,506,639,1251,174,220,240,279,316,594,164,205,213,227,323,657,1462,0,1462
20231,A,골목상권,3110328,상월곡역 3번,1950,1014,936,153,200,272,306,302,717,80,112,150,176,161,335,73,88,122,130,141,382,871,0,871
20231,A,골목상권,3110329,우리은행체육관,2675,1343,1332,251,303,329,373,438,981,127,155,178,199,210,474,124,148,151,174,228,507,1138,0,1138
20231,A,골목상권,3110330,돌곶이역 1번,2045,1034,1011,196,234,271,280,361,703,97,122,147,152,190,326,99,112,124,128,171,377,819,0,819
20231,A,골목상권,3110331,돌곶이역 8번,3234,1588,1646,272,405,523,477,534,1023,155,197,266,239,261,470,117,208,257,238,273,553,1541,0,1541
20231,A,골목상권,3110332,돌곶이역 3번,743,398,345,63,71,95,121,140,253,30,38,52,65,81,132,33,33,43,56,59,121,348,0,348
20231,A,골목상권,3110333,돌곶이역 5번,1229,600,629,111,144,184,190,190,410,50,67,100,96,85,202,61,77,84,94,105,208,564,0,564
20231,A,골목상권,3110334,석관중앙교회,3034,1526,1508,247,350,395,387,542,1113,138,176,215,198,282,517,109,174,180,189,260,596,1367,0,1367
20231,A,골목상권,3110335,석계역 7번,4330,2201,2129,330,442,696,653,755,1454,176,225,356,355,367,722,154,217,340,298,388,732,2124,0,2124
20231,A,골목상권,3110336,석관고등학교,2293,1170,1123,179,264,320,305,428,797,95,144,177,164,204,386,84,120,143,141,224,411,960,0,960
20231,A,골목상권,3110337,아카데미하우스,2659,1286,1373,346,305,315,393,432,868,176,164,151,186,208,401,170,141,164,207,224,467,1009,0,1009
20231,A,골목상권,3110338,인수초등학교,2381,1195,1186,176,223,249,307,444,982,89,131,118,166,224,467,87,92,131,141,220,515,1229,0,1229
20231,A,골목상권,3110339,국립4.19민주묘지,15,7,8,0,1,0,2,2,10,0,1,0,2,0,4,0,0,0,0,2,6,11,0,11
20231,A,골목상권,3110340,인수중학교,1661,834,827,165,196,222,214,299,565,70,115,105,123,150,271,95,81,117,91,149,294,674,0,674
20231,A,골목상권,3110341,북한산우이역 2번,2263,1100,1163,223,247,259,284,397,853,115,132,124,152,191,386,108,115,135,132,206,467,898,0,898
20231,A,골목상권,3110342,국립재활원,2743,1329,1414,294,340,360,384,461,904,145,166,185,199,222,412,149,174,175,185,239,492,1074,0,1074
20231,A,골목상권,3110343,무너미어린이공원,4511,2169,2342,596,536,561,700,761,1357,298,265,270,366,355,615,298,271,291,334,406,742,1743,0,1743
20231,A,골목상권,3110344,화계중학교,1201,621,580,122,121,160,185,181,432,70,66,86,103,83,213,52,55,74,82,98,219,506,0,506
20231,A,골목상권,3110345,솔밭공원역 2번,2834,1383,1451,332,296,331,431,473,971,169,145,165,234,237,433,163,151,166,197,236,538,1205,0,1205
20231,A,골목상권,3110346,4.19민주묘지역 2번,1247,596,651,135,121,134,190,190,477,73,57,62,93,95,216,62,64,72,97,95,261,544,0,544
20231,A,골목상권,3110347,구세군강북종합사회복지관,1479,751,728,127,209,216,207,293,427,77,101,114,113,141,205,50,108,102,94,152,222,606,0,606
20231,A,골목상권,3110348,강북문화예술회관,4200,2029,2171,414,414,546,607,638,1581,204,217,274,312,324,698,210,197,272,295,314,883,1676,0,1676
20231,A,골목상권,3110349,화계역 2번,1028,512,516,112,104,143,161,173,335,71,56,63,95,85,142,41,48,80,66,88,193,438,0,438
20231,A,골목상권,3110350,가오리역 2번,2933,1444,1489,348,305,393,448,475,964,174,174,202,233,238,423,174,131,191,215,237,541,1221,0,1221
20231,A,골목상권,3110351,수유북부시장옆,3235,1578,1657,303,425,411,406,565,1125,158,216,199,227,270,508,145,209,212,179,295,617,1316,0,1316
20231,A,골목상권,3110352,수유1동주민센터,5051,2516,2535,550,562,608,791,804,1736,269,296,328,425,397,801,281,266,280,366,407,935,2239,0,2239
20231,A,골목상권,3110353,수유동우체국,2158,1076,1082,181,219,310,308,359,781,95,115,159,183,179,345,86,104,151,125,180,436,926,0,926
20231,A,골목상권,3110354,삼각산119안전센터,221,106,115,46,22,14,57,36,46,21,10,6,28,21,20,25,12,8,29,15,26,85,0,85
20231,A,골목상권,3110355,삼양사거리역 2번,3439,1718,1721,242,391,399,420,641,1346,130,200,220,229,339,600,112,191,179,191,302,746,1636,0,1636
20231,A,골목상권,3110356,덕수교,3110,1528,1582,275,423,390,454,521,1047,140,210,208,237,239,494,135,213,182,217,282,553,1330,0,1330
20231,A,골목상권,3110357,가오리역 1번,1747,900,847,155,190,203,258,306,635,71,114,122,139,154,300,84,76,81,119,152,335,779,0,779
20231,A,골목상권,3110358,인수동 우편취급국,3656,1798,1858,288,364,602,587,583,1232,141,188,313,314,302,540,147,176,289,273,281,692,1649,0,1649
20231,A,골목상권,3110359,수유시장옆,6671,3331,3340,584,679,1108,1022,1064,2214,306,381,569,561,503,1011,278,298,539,461,561,1203,2905,0,2905
20231,A,골목상권,3110360,수유초등학교,3937,1933,2004,376,413,636,594,608,1310,182,221,301,335,296,598,194,192,335,259,312,712,1871,0,1871
20231,A,골목상권,3110361,삼양사거리역 1번,2599,1318,1281,228,263,351,352,440,965,112,145,173,210,223,455,116,118,178,142,217,510,1150,0,1150
20231,A,골목상권,3110362,우이천 계성교,5208,2524,2684,522,563,728,787,860,1748,264,305,391,404,423,737,258,258,337,383,437,1011,2205,0,2205
20231,A,골목상권,3110363,송천동주민센터,1137,581,556,30,71,84,144,207,601,17,32,49,83,117,283,13,39,35,61,90,318,746,0,746
20231,A,골목상권,3110364,미아역 8번,4491,2231,2260,369,457,683,659,766,1557,200,241,372,337,380,701,169,216,311,322,386,856,2044,0,2044
20231,A,골목상권,3110365,미아역 5번,4908,2356,2552,438,508,707,779,830,1646,211,253,349,400,382,761,227,255,358,379,448,885,2125,0,2125
20231,A,골목상권,3110366,광산사거리,2163,1082,1081,167,223,329,316,359,769,85,112,170,177,187,351,82,111,159,139,172,418,998,0,998
20231,A,골목상권,3110367,강북구청,1918,914,1004,124,197,330,307,283,677,59,92,164,167,133,299,65,105,166,140,150,378,986,0,986
20231,A,골목상권,3110368,송천초등학교,4067,2046,2021,308,446,554,511,768,1480,159,240,309,270,388,680,149,206,245,241,380,800,1886,0,1886
20231,A,골목상권,3110369,성신여대운정그린캠퍼스,4494,2201,2293,326,499,715,628,706,1620,174,216,361,335,370,745,152,283,354,293,336,875,2233,0,2233
20231,A,골목상권,3110370,도봉세무서,3153,1560,1593,235,350,434,468,522,1144,119,185,229,242,255,530,116,165,205,226,267,614,1407,0,1407
20231,A,골목상권,3110371,삼양입구사거리,1716,858,858,98,189,258,207,321,643,50,103,122,118,164,301,48,86,136,89,157,342,832,0,832
20231,A,골목상권,3110372,강북중학교,2725,1350,1375,178,298,502,385,472,890,96,155,267,203,229,400,82,143,235,182,243,490,1331,0,1331
20231,A,골목상권,3110373,수유역 2번,3609,1745,1864,200,382,651,597,594,1185,104,175,320,317,295,534,96,207,331,280,299,651,2002,0,2002
20231,A,골목상권,3110374,송중초등학교,5837,2943,2894,471,612,806,856,1001,2091,238,328,446,469,504,958,233,284,360,387,497,1133,2560,0,2560
20231,A,골목상권,3110375,서울북부고용노동지청,2257,1129,1128,193,275,287,324,388,790,98,147,154,168,213,349,95,128,133,156,175,441,933,0,933
20231,A,골목상권,3110376,수송초등학교,8107,4028,4079,756,921,1181,1286,1342,2621,407,480,569,662,727,1183,349,441,612,624,615,1438,3822,0,3822
20231,A,골목상권,3110377,미아사거리역 3번,944,479,465,55,81,141,132,178,357,30,40,76,76,91,166,25,41,65,56,87,191,506,0,506
20231,A,골목상권,3110378,송중동주민센터,1918,970,948,158,216,286,287,320,651,89,120,151,147,161,302,69,96,135,140,159,349,868,0,868
20231,A,골목상권,3110379,KT&G 북부지사,1003,535,468,75,107,136,131,176,378,39,64,77,72,96,187,36,43,59,59,80,191,462,0,462
20231,A,골목상권,3110380,강북문화정보도서관,2622,1271,1351,262,313,330,419,444,854,135,162,169,225,204,376,127,151,161,194,240,478,1065,0,1065
20231,A,골목상권,3110381,번동주공2단지,1186,592,594,95,173,108,176,156,478,49,86,59,102,92,204,46,87,49,74,64,274,443,0,443
20231,A,골목상권,3110382,솔밭공원역 1번,670,322,348,83,98,89,115,99,186,44,47,45,58,53,75,39,51,44,57,46,111,270,0,270
20231,A,골목상권,3110383,덕성여대시반거리,614,285,329,75,72,78,103,92,194,44,32,26,48,44,91,31,40,52,55,48,103,294,0,294
20231,A,골목상권,3110384,문이교,1052,520,532,80,125,136,123,181,407,44,70,71,55,78,202,36,55,65,68,103,205,420,0,420
20231,A,골목상권,3110385,효문고등학교,1749,857,892,155,230,188,216,313,647,68,105,99,116,167,302,87,125,89,100,146,345,770,0,770
20231,A,골목상권,3110386,연산군묘,372,185,187,45,41,34,69,52,131,28,16,17,34,31,59,17,25,17,35,21,72,155,0,155
20231,A,골목상권,3110387,쌍문초등학교,5438,2707,2731,630,667,722,832,898,1689,315,350,381,428,445,788,315,317,341,404,453,901,2176,0,2176
20231,A,골목상권,3110388,도봉우체국,3076,1510,1566,367,333,433,539,474,930,191,166,226,277,221,429,176,167,207,262,253,501,1238,0,1238
20231,A,골목상권,3110389,한일병원,1010,497,513,63,108,168,165,156,350,32,56,81,90,75,163,31,52,87,75,81,187,474,0,474
20231,A,골목상권,3110390,방학초등학교,1396,686,710,147,193,184,184,262,426,77,102,99,86,121,201,70,91,85,98,141,225,568,0,568
20231,A,골목상권,3110391,샘말어린이공원,5239,2618,2621,587,694,664,757,871,1666,295,376,359,382,439,767,292,318,305,375,432,899,2119,0,2119
20231,A,골목상권,3110392,발바닥공원,171,83,88,17,25,22,24,38,45,7,12,12,11,19,22,10,13,10,13,19,23,57,0,57
20231,A,골목상권,3110393,국민은행방학지점,267,138,129,26,31,34,31,44,101,18,19,18,15,22,46,8,12,16,16,22,55,96,0,96
20231,A,골목상권,3110394,방학중학교,7266,3703,3563,664,865,881,1024,1352,2480,348,460,490,547,714,1144,316,405,391,477,638,1336,3169,0,3169
20231,A,골목상권,3110395,신한은행 방학동지점,1590,805,785,120,200,222,208,298,542,68,113,114,117,133,260,52,87,108,91,165,282,706,0,706
20231,A,골목상권,3110396,쌍문역1번(쌍리단길),2209,1064,1145,135,237,358,371,371,737,64,120,176,193,179,332,71,117,182,178,192,405,1130,0,1130
20231,A,골목상권,3110397,도봉산입구,8097,4064,4033,726,891,1015,1110,1246,3109,358,472,542,614,603,1475,368,419,473,496,643,1634,3429,0,3429
20231,A,골목상권,3110398,쌍문2동우체국,3261,1610,1651,338,384,543,495,502,999,192,180,277,263,238,460,146,204,266,232,264,539,1336,0,1336
20231,A,골목상권,3110399,창2동주민센터,8808,4307,4501,1194,1126,1201,1431,1533,2323,605,576,600,718,741,1067,589,550,601,713,792,1256,3347,0,3347
20231,A,골목상권,3110400,도봉구보건소,4140,2022,2118,447,472,589,595,661,1376,239,231,290,319,317,626,208,241,299,276,344,750,1691,0,1691
20231,A,골목상권,3110401,도봉구민회관,775,391,384,73,102,109,118,125,248,37,60,57,65,60,112,36,42,52,53,65,136,327,0,327
20231,A,골목상권,3110402,도봉구 정병원,2998,1506,1492,271,331,403,437,490,1066,149,180,213,225,252,487,122,151,190,212,238,579,1336,0,1336
20231,A,골목상권,3110403,방학1동주민센터,6580,3303,3277,523,753,872,890,1184,2358,269,402,465,480,614,1073,254,351,407,410,570,1285,3082,0,3082
20231,A,골목상권,3110404,신창초등학교,10836,5515,5321,1137,1355,1350,1554,1948,3492,610,722,726,831,984,1642,527,633,624,723,964,1850,4636,0,4636
20231,A,골목상권,3110405,방학역 1번,7456,3813,3643,582,894,907,1070,1315,2688,307,469,462,596,680,1299,275,425,445,474,635,1389,3417,0,3417
20231,A,골목상권,3110406,도봉산역 1번,1518,785,733,121,142,204,221,229,601,58,75,98,126,132,296,63,67,106,95,97,305,679,0,679
20231,A,골목상권,3110407,도봉역 2번,6902,3562,3340,474,728,874,922,1259,2645,241,408,467,509,653,1284,233,320,407,413,606,1361,3275,0,3275
20231,A,골목상권,3110408,가인초등학교,817,386,431,103,125,129,105,154,201,52,62,66,50,64,92,51,63,63,55,90,109,285,0,285
20231,A,골목상권,3110409,창동역 2번,2979,1490,1489,262,366,482,427,522,920,138,191,243,220,246,452,124,175,239,207,276,468,1299,0,1299
20231,A,골목상권,3110410,방학역 2번,2578,1346,1232,175,258,454,412,441,838,96,130,239,237,226,418,79,128,215,175,215,420,1416,0,1416
20231,A,골목상권,3110411,도봉역 3번,1676,883,793,174,170,197,212,261,662,95,91,113,133,140,311,79,79,84,79,121,351,758,0,758
20231,A,골목상권,3110412,창동중학교,382,189,193,48,56,59,58,61,100,20,33,32,28,24,52,28,23,27,30,37,48,137,0,137
20231,A,골목상권,3110413,누원고등학교,772,370,402,119,81,86,122,115,249,59,40,44,59,57,111,60,41,42,63,58,138,247,0,247
20231,A,골목상권,3110414,장석교회,1149,582,567,135,154,138,176,177,369,73,78,79,87,95,170,62,76,59,89,82,199,458,0,458
20231,A,골목상권,3110415,수락산역 4번,5231,2638,2593,543,671,747,762,909,1599,275,363,419,380,440,761,268,308,328,382,469,838,2207,0,2207
20231,A,골목상권,3110416,노원초등학교,2601,1251,1350,321,398,336,378,477,691,151,210,161,179,218,332,170,188,175,199,259,359,879,0,879
20231,A,골목상권,3110417,월계역 3번,958,506,452,66,111,131,142,153,355,39,59,66,86,82,174,27,52,65,56,71,181,500,0,500
20231,A,골목상권,3110418,광운대학교 남단,1590,891,699,99,265,310,181,221,514,49,158,208,109,113,254,50,107,102,72,108,260,848,0,848
20231,A,골목상권,3110419,수락산디자인거리,3256,1582,1674,303,397,494,442,530,1090,161,200,256,206,248,511,142,197,238,236,282,579,1320,0,1320
20231,A,골목상권,3110420,광운대역 1번,1358,778,580,107,287,247,161,185,371,52,174,183,86,109,174,55,113,64,75,76,197,757,0,757
20231,A,골목상권,3110421,석계역 1번,1483,779,704,94,139,191,206,231,622,50,83,106,114,135,291,44,56,85,92,96,331,768,0,768
20231,A,골목상권,3110422,노원역 9번,1005,489,516,124,138,135,177,174,257,62,65,65,89,85,123,62,73,70,88,89,134,361,0,361
20231,A,골목상권,3110423,석계역 2번,547,260,287,108,40,75,81,79,164,47,17,33,43,40,80,61,23,42,38,39,84,231,0,231
20231,A,골목상권,3110424,상계초등학교,3092,1569,1523,265,435,445,419,531,997,130,239,215,227,257,501,135,196,230,192,274,496,1307,0,1307
20231,A,골목상권,3110425,계상초등학교,3869,1906,1963,354,503,487,546,646,1333,178,259,261,280,322,606,176,244,226,266,324,727,1625,0,1625
20231,A,골목상권,3110426,상계2동주민센터,4253,2093,2160,286,503,652,571,746,1495,147,251,339,319,365,672,139,252,313,252,381,823,2075,0,2075
20231,A,골목상권,3110427,노원 을지대학교병원,640,320,320,66,95,103,64,122,190,33,52,60,32,58,85,33,43,43,32,64,105,211,0,211
20231,A,골목상권,3110428,상계5동주민센터,9414,4650,4764,780,1110,1172,1288,1624,3440,379,585,620,680,807,1579,401,525,552,608,817,1861,4314,0,4314
20231,A,골목상권,3110429,공릉동 국수거리,5140,2545,2595,481,549,1094,873,678,1465,235,268,537,487,332,686,246,281,557,386,346,779,2365,0,2365
20231,A,골목상권,3110430,중계초등학교,66,32,34,1,13,4,11,18,19,0,7,3,5,8,9,1,6,1,6,10,10,30,0,30
20231,A,골목상권,3110431,상계역,910,492,418,80,120,114,113,172,311,34,71,63,63,95,166,46,49,51,50,77,145,398,0,398
20231,A,골목상권,3110432,대진고등학교,1926,946,980,227,340,288,201,360,510,118,179,147,91,158,253,109,161,141,110,202,257,741,0,741
20231,A,골목상권,3110433,공릉역 2번,4427,2292,2135,316,730,1004,564,578,1235,160,357,589,330,267,589,156,373,415,234,311,646,2367,0,2367
20231,A,골목상권,3110434,태릉입구역 4번,1746,874,872,154,166,382,255,262,527,75,68,195,154,131,251,79,98,187,101,131,276,865,0,865
20231,A,골목상권,3110435,서울과학기술대,266,131,135,21,49,40,38,43,75,11,21,18,19,23,39,10,28,22,19,20,36,124,0,124
20231,A,골목상권,3110436,상계제일중학교,1370,676,694,126,245,171,176,283,369,54,130,108,83,133,168,72,115,63,93,150,201,508,0,508
20231,A,골목상권,3110437,당고개역 2번,1563,800,763,100,142,177,213,265,666,59,68,99,124,141,309,41,74,78,89,124,357,792,0,792
20231,A,골목상권,3110438,경춘선숲길 우측,3249,1746,1503,268,722,663,429,411,756,157,380,401,236,204,368,111,342,262,193,207,388,1805,0,1805
20231,A,골목상권,3110439,당고개역 5번,4557,2268,2289,392,543,545,628,815,1634,216,298,286,343,414,711,176,245,259,285,401,923,1972,0,1972
20231,A,골목상권,3110440,상계3동4동주민센터,1943,1010,933,178,208,253,285,312,707,102,113,145,167,160,323,76,95,108,118,152,384,840,0,840
20231,A,골목상권,3110441,영신여고,2426,1171,1255,333,441,233,348,499,572,164,221,112,150,253,271,169,220,121,198,246,301,844,0,844
20231,A,골목상권,3110442,화랑대철도공원,328,112,216,39,98,56,31,44,60,19,19,12,17,19,26,20,79,44,14,25,34,176,0,176
20231,A,골목상권,3110443,수색역 1번,14,9,5,0,0,0,3,3,8,0,0,0,3,2,4,0,0,0,0,1,4,10,0,10
20231,A,골목상권,3110444,수색성당,595,296,299,76,55,75,104,82,203,35,33,40,54,39,95,41,22,35,50,43,108,224,0,224
20231,A,골목상권,3110445,덕산중학교,1544,756,788,188,190,197,238,238,493,85,102,100,131,118,220,103,88,97,107,120,273,578,0,578
20231,A,골목상권,3110446,내를건너서숲으로도서관,1379,646,733,130,150,178,221,228,472,60,67,91,111,109,208,70,83,87,110,119,264,581,0,581
20231,A,골목상권,3110447,구산초등학교,1543,744,799,182,178,219,253,217,494,89,92,107,131,110,215,93,86,112,122,107,279,602,0,602
20231,A,골목상권,3110448,상신초등학교입구,2590,1319,1271,317,313,349,416,461,734,164,178,204,219,226,328,153,135,145,197,235,406,1041,0,1041
20231,A,골목상권,3110449,증산역 3번,5484,2684,2800,579,601,729,812,880,1883,316,300,375,392,450,851,263,301,354,420,430,1032,2270,0,2270
20231,A,골목상권,3110450,시립서북병원,8809,4214,4595,1080,1114,1195,1456,1453,2511,521,554,575,723,686,1155,559,560,620,733,767,1356,3289,0,3289
20231,A,골목상권,3110451,증산역 4번,5672,2807,2865,546,641,784,856,935,1910,270,326,398,448,459,906,276,315,386,408,476,1004,2343,0,2343
20231,A,골목상권,3110452,새절역 3번,2660,1325,1335,236,286,402,414,387,935,120,155,202,228,189,431,116,131,200,186,198,504,1194,0,1194
20231,A,골목상권,3110453,신사1동주민센터,8614,4195,4419,862,919,1313,1528,1363,2629,439,508,632,791,641,1184,423,411,681,737,722,1445,3727,0,3727
20231,A,골목상권,3110454,선정중학교,6292,2990,3302,773,808,842,1141,988,1740,390,378,405,596,483,738,383,430,437,545,505,1002,2438,0,2438
20231,A,골목상권,3110455,역촌노인복지관,8351,4010,4341,1018,951,1142,1498,1392,2350,499,471,540,763,689,1048,519,480,602,735,703,1302,3428,0,3428
20231,A,골목상권,3110456,구산보건지소,8243,3966,4277,1027,1064,1103,1397,1409,2243,518,527,537,717,681,986,509,537,566,680,728,1257,3069,0,3069
20231,A,골목상권,3110457,예일여고,4391,2071,2320,436,578,625,687,778,1287,220,263,302,339,353,594,216,315,323,348,425,693,1674,0,1674
20231,A,골목상권,3110458,선일여고,5649,2711,2938,640,869,846,833,985,1476,333,450,404,411,441,672,307,419,442,422,544,804,2206,0,2206
20231,A,골목상권,3110459,응암역 2번,4912,2315,2597,661,579,627,889,791,1365,323,306,291,429,368,598,338,273,336,460,423,767,1906,0,1906
20231,A,골목상권,3110460,구산역 4번,5531,2689,2842,629,717,751,903,960,1571,330,367,372,469,458,693,299,350,379,434,502,878,2210,0,2210
20231,A,골목상권,3110461,새절역 2번,1773,835,938,163,179,291,287,261,592,89,95,138,136,126,251,74,84,153,151,135,341,842,0,842
20231,A,골목상권,3110462,갈현건영아파트,6346,3133,3213,555,797,851,876,1086,2181,303,426,448,464,531,961,252,371,403,412,555,1220,2787,0,2787
20231,A,골목상권,3110463,응암3동주민센터,2226,1083,1143,160,205,304,312,426,819,85,112,153,170,208,355,75,93,151,142,218,464,1144,0,1144
20231,A,골목상권,3110464,연신내역 5번,4084,1940,2144,417,528,625,669,679,1166,229,268,274,355,308,506,188,260,351,314,371,660,1685,0,1685
20231,A,골목상권,3110465,연신내역 7번,2589,1225,1364,251,296,460,404,398,780,121,151,222,210,181,340,130,145,238,194,217,440,1166,0,1166
20231,A,골목상권,3110466,구산역 2번,4374,2093,2281,482,491,598,708,707,1388,250,237,293,360,345,608,232,254,305,348,362,780,1793,0,1793
20231,A,골목상권,3110467,은평요양병원,1109,543,566,109,103,176,177,152,392,58,52,84,100,71,178,51,51,92,77,81,214,505,0,505
20231,A,골목상권,3110468,응암역 3번,12111,5748,6363,1485,1360,1675,2186,1950,3455,749,693,747,1084,942,1533,736,667,928,1102,1008,1922,4789,0,4789
20231,A,골목상권,3110469,응암정보도서관,7458,3707,3751,589,882,938,974,1306,2769,296,472,518,505,665,1251,293,410,420,469,641,1518,3488,0,3488
20231,A,골목상권,3110470,신진과학기술고등학교,2018,961,1057,343,193,290,389,298,505,167,102,134,185,152,221,176,91,156,204,146,284,799,0,799
20231,A,골목상권,3110471,응암동우체국,4124,2054,2070,346,484,510,600,731,1453,172,262,265,325,367,663,174,222,245,275,364,790,1838,0,1838
20231,A,골목상권,3110472,연신내역 4번,5473,2569,2904,524,568,931,914,829,1707,237,268,446,452,394,772,287,300,485,462,435,935,2529,0,2529
20231,A,골목상권,3110473,구산역 1번,9899,4707,5192,1129,1098,1330,1670,1647,3025,546,540,662,843,781,1335,583,558,668,827,866,1690,4233,0,4233
20231,A,골목상권,3110474,세명컴퓨터고등학교,4603,2302,2301,396,525,736,700,739,1507,199,284,387,386,350,696,197,241,349,314,389,811,2009,0,2009
20231,A,골목상권,3110475,백련산해모로아파트,3424,1656,1768,457,385,438,608,538,998,232,196,213,302,269,444,225,189,225,306,269,554,1363,0,1363
20231,A,골목상권,3110476,역촌역 2번,1270,592,678,122,130,213,197,221,387,64,52,104,94,106,172,58,78,109,103,115,215,572,0,572
20231,A,골목상권,3110477,은평세무서,3132,1489,1643,372,318,421,517,493,1011,180,165,196,258,235,455,192,153,225,259,258,556,1296,0,1296
20231,A,골목상권,3110478,응암1동주민센터,3246,1546,1700,357,363,378,511,572,1065,184,176,190,252,284,460,173,187,188,259,288,605,1418,0,1418
20231,A,골목상권,3110479,연신내역 2번,3962,1955,2007,292,411,548,541,675,1495,167,228,292,278,316,674,125,183,256,263,359,821,1866,0,1866
20231,A,골목상권,3110480,연신내역 3번,3157,1492,1665,275,313,546,511,459,1053,137,163,270,267,201,454,138,150,276,244,258,599,1379,0,1379
20231,A,골목상권,3110481,불광역 7번,3327,1596,1731,285,350,677,573,490,952,166,158,300,311,235,426,119,192,377,262,255,526,1666,0,1666
20231,A,골목상권,3110482,연신초등학교,1593,789,804,121,182,209,208,314,559,61,99,104,109,151,265,60,83,105,99,163,294,763,0,763
20231,A,골목상권,3110483,연천초등학교,3404,1599,1805,320,416,476,495,595,1102,148,205,227,257,282,480,172,211,249,238,313,622,1472,0,1472
20231,A,골목상권,3110484,역촌역 3번,8280,4024,4256,887,773,1113,1406,1323,2778,436,403,569,724,681,1211,451,370,544,682,642,1567,3734,0,3734
20231,A,골목상권,3110485,연신내우체국,2599,1237,1362,280,257,341,386,426,909,138,129,171,199,208,392,142,128,170,187,218,517,1107,0,1107
20231,A,골목상권,3110486,은평구청,1966,990,976,270,187,285,361,306,557,156,102,127,193,164,248,114,85,158,168,142,309,821,0,821
20231,A,골목상권,3110487,불광역 8번,291,147,144,19,28,27,39,46,132,13,16,13,20,23,62,6,12,14,19,23,70,169,0,169
20231,A,골목상권,3110488,우리은행응암동지점,3057,1459,1598,370,299,407,508,499,974,189,147,211,259,235,418,181,152,196,249,264,556,1223,0,1223
20231,A,골목상권,3110489,불광역 3번,1329,613,716,105,103,232,205,183,501,54,51,113,103,86,206,51,52,119,102,97,295,629,0,629
20231,A,골목상권,3110490,녹번동근린공원,5238,2575,2663,538,575,705,867,847,1706,295,289,389,445,414,743,243,286,316,422,433,963,2217,0,2217
20231,A,골목상권,3110491,불광중학교,1436,705,731,155,156,161,222,224,518,78,86,81,121,103,236,77,70,80,101,121,282,617,0,617
20231,A,골목상권,3110492,하나고등학교,144,72,72,14,21,6,18,32,53,9,11,5,8,17,22,5,10,1,10,15,31,68,0,68
20231,A,골목상권,3110493,북가좌초등학교,1505,758,747,163,139,214,209,227,553,89,74,107,117,121,250,74,65,107,92,106,303,632,0,632
20231,A,골목상권,3110494,증산3교남측,868,427,441,97,91,130,122,149,279,46,43,64,60,75,139,51,48,66,62,74,140,341,0,341
20231,A,골목상권,3110495,북가좌2동주민센터,6502,3141,3361,701,667,883,1134,1004,2113,360,352,418,581,478,952,341,315,465,553,526,1161,2815,0,2815
20231,A,골목상권,3110496,모래내우체국,2178,1065,1113,237,231,314,330,326,740,127,108,158,168,172,332,110,123,156,162,154,408,909,0,909
20231,A,골목상권,3110497,가좌역 3번,31,14,17,3,2,4,2,4,16,2,0,3,1,2,6,1,2,1,1,2,10,15,0,15
20231,A,골목상권,3110498,증산역 1번,3569,1761,1808,311,364,531,587,535,1241,152,204,284,305,267,549,159,160,247,282,268,692,1561,0,1561
20231,A,골목상권,3110499,연가초등학교,6430,3205,3225,711,971,909,994,1132,1713,368,502,499,496,546,794,343,469,410,498,586,919,2541,0,2541
20231,A,골목상권,3110500,남가좌동현대아파트,772,372,400,174,77,106,147,100,168,77,43,51,82,44,75,97,34,55,65,56,93,259,0,259
20231,A,골목상권,3110501,연희어린이공원,1522,758,764,91,152,304,213,229,533,51,80,155,114,104,254,40,72,149,99,125,279,727,0,727
20231,A,골목상권,3110502,남가좌파출소,3808,1878,1930,364,410,529,566,600,1339,190,219,267,301,322,579,174,191,262,265,278,760,1776,0,1776
20231,A,골목상권,3110503,명지대학교교회,5162,2592,2570,441,749,956,713,822,1481,231,345,537,350,432,697,210,404,419,363,390,784,2607,0,2607
20231,A,골목상권,3110504,명지전문대,207,101,106,26,34,20,31,40,56,14,14,14,12,23,24,12,20,6,19,17,32,84,0,84
20231,A,골목상권,3110505,홍남교남측,227,121,106,15,33,26,32,50,71,7,19,15,22,26,32,8,14,11,10,24,39,107,0,107
20231,A,골목상권,3110506,연희임광아파트,582,260,322,57,46,161,127,77,114,24,19,74,58,40,45,33,27,87,69,37,69,336,0,336
20231,A,골목상권,3110507,명지대학교,6854,3335,3519,624,833,1122,970,1117,2188,311,396,595,495,547,991,313,437,527,475,570,1197,3365,0,3365
20231,A,골목상권,3110508,서연중학교,2270,1105,1165,304,223,282,355,352,754,150,124,145,162,168,356,154,99,137,193,184,398,890,0,890
20231,A,골목상권,3110509,연희대우아파트앞,3724,1745,1979,272,370,1238,612,432,800,147,156,573,303,216,350,125,214,665,309,216,450,2179,0,2179
20231,A,골목상권,3110510,홍연시장,1178,609,569,95,129,147,147,195,465,47,71,92,78,111,210,48,58,55,69,84,255,487,0,487
20231,A,골목상권,3110511,연희초등학교,5399,2802,2597,360,693,1944,779,582,1041,182,352,1139,379,280,470,178,341,805,400,302,571,3400,0,3400
20231,A,골목상권,3110512,연희지하차도,3384,1639,1745,316,412,468,503,568,1117,163,218,243,256,273,486,153,194,225,247,295,631,1477,0,1477
20231,A,골목상권,3110513,연희파출소,1052,493,559,139,110,191,183,159,270,67,49,86,88,83,120,72,61,105,95,76,150,481,0,481
20231,A,골목상권,3110514,서대문우체국,2136,1081,1055,82,297,888,251,195,423,45,140,479,137,90,190,37,157,409,114,105,233,1537,0,1537
20231,A,골목상권,3110515,홍은중학교,2507,1210,1297,253,315,310,376,414,839,133,148,158,194,200,377,120,167,152,182,214,462,1057,0,1057
20231,A,골목상권,3110516,정원여중,1230,587,643,109,143,176,184,233,385,43,76,89,92,114,173,66,67,87,92,119,212,491,0,491
20231,A,골목상권,3110517,서대문소방서,969,465,504,196,127,139,135,158,214,109,62,61,61,72,100,87,65,78,74,86,114,382,0,382
20231,A,골목상권,3110518,서대문구청,557,256,301,68,69,73,80,97,170,30,34,33,37,46,76,38,35,40,43,51,94,230,0,230
20231,A,골목상권,3110519,서대문구보건소별관,4078,1910,2168,516,474,523,604,638,1323,223,237,264,310,315,561,293,237,259,294,323,762,1613,0,1613
20231,A,골목상권,3110520,경의중앙 신촌역,1512,713,799,58,223,479,202,170,380,33,86,245,101,94,154,25,137,234,101,76,226,1005,0,1005
20231,A,골목상권,3110521,홍제역 4번,1021,502,519,73,102,145,157,162,382,40,59,72,77,79,175,33,43,73,80,83,207,512,0,512
20231,A,골목상권,3110522,홍제역 3번,1411,646,765,128,164,163,220,223,513,59,84,81,112,101,209,69,80,82,108,122,304,604,0,604
20231,A,골목상권,3110523,홍제성원아파트,575,281,294,49,76,72,77,82,219,24,33,38,40,38,108,25,43,34,37,44,111,218,0,218
20231,A,골목상권,3110524,연희세브란스병원,216,94,122,27,21,70,37,17,44,14,4,30,16,10,20,13,17,40,21,7,24,132,0,132
20231,A,골목상권,3110525,홍은종합사회복지관,415,196,219,50,44,33,71,71,146,25,22,15,34,35,65,25,22,18,37,36,81,184,0,184
20231,A,골목상권,3110526,봉원사,1129,503,626,114,140,338,134,135,268,60,45,137,61,69,131,54,95,201,73,66,137,668,0,668
20231,A,골목상권,3110527,홍제역 2번,1705,820,885,123,172,276,189,301,644,65,90,136,93,150,286,58,82,140,96,151,358,804,0,804
20231,A,골목상권,3110528,서울여자간호대학교,1349,677,672,129,160,160,176,254,470,77,79,88,100,128,205,52,81,72,76,126,265,585,0,585
20231,A,골목상권,3110529,홍제3동주민센터,3657,1771,1886,258,389,461,482,633,1434,125,196,237,282,312,619,133,193,224,200,321,815,1747,0,1747
20231,A,골목상권,3110530,아현역 1번,288,144,144,16,23,47,46,40,116,8,8,28,25,22,53,8,15,19,21,18,63,171,0,171
20231,A,골목상권,3110531,홍지문,460,229,231,29,69,88,57,69,148,14,36,46,30,41,62,15,33,42,27,28,86,245,0,245
20231,A,골목상권,3110532,아현역 2번,2224,1049,1175,159,221,313,332,404,795,74,107,166,179,212,311,85,114,147,153,192,484,1216,0,1216
20231,A,골목상권,3110533,충정로역 7번,1174,606,568,53,121,195,178,216,411,28,64,113,92,119,190,25,57,82,86,97,221,626,0,626
20231,A,골목상권,3110534,경기대학교,1726,845,881,141,205,283,205,286,606,63,96,154,109,154,269,78,109,129,96,132,337,846,0,846
20231,A,골목상권,3110535,영천시장입구,1441,663,778,144,149,180,215,230,523,81,76,85,100,122,199,63,73,95,115,108,324,709,0,709
20231,A,골목상권,3110536,돈의문센트레빌아파트입구,750,392,358,36,81,143,107,146,237,15,47,72,60,76,122,21,34,71,47,70,115,384,0,384
20231,A,골목상권,3110537,충정로현대아파트,760,352,408,85,67,209,123,95,181,33,30,96,55,53,85,52,37,113,68,42,96,434,0,434
20231,A,골목상권,3110538,충정로역 3번,313,159,154,14,30,80,62,37,90,4,16,46,33,21,39,10,14,34,29,16,51,202,0,202
20231,A,골목상권,3110539,미근동,512,263,249,24,34,137,66,67,184,13,21,70,40,34,85,11,13,67,26,33,99,315,0,315
20231,A,골목상권,3110540,망원나들목체육관,3204,1642,1562,407,327,495,604,504,867,212,181,251,314,279,405,195,146,244,290,225,462,1346,0,1346
20231,A,골목상권,3110541,동교초등학교,4956,2368,2588,662,534,739,925,773,1323,318,265,343,445,384,613,344,269,396,480,389,710,1984,0,1984
20231,A,골목상권,3110542,마포구청역 7번,5409,2639,2770,654,573,920,1017,855,1390,334,315,425,504,431,630,320,258,495,513,424,760,2278,0,2278
20231,A,골목상권,3110543,중암중학교,1093,532,561,132,141,180,158,194,288,70,74,97,68,98,125,62,67,83,90,96,163,500,0,500
20231,A,골목상권,3110544,망리단길,13911,6611,7300,1411,1456,2574,2519,2165,3786,739,711,1181,1247,1069,1664,672,745,1393,1272,1096,2122,6443,0,6443
20231,A,골목상권,3110545,마포구청역 1번,2474,1057,1417,230,246,708,526,320,444,108,99,255,223,161,211,122,147,453,303,159,233,1406,0,1406
20231,A,골목상권,3110546,양화대교북단,2927,1427,1500,292,271,679,561,378,746,133,134,341,289,184,346,159,137,338,272,194,400,1371,0,1371
20231,A,골목상권,3110547,KB국민은행 망원동지점,2759,1298,1461,327,302,420,454,446,810,159,156,180,227,222,354,168,146,240,227,224,456,1125,0,1125
20231,A,골목상권,3110548,마포구청역 4번,2818,1341,1477,261,296,537,546,451,727,141,155,248,263,216,318,120,141,289,283,235,409,1348,0,1348
20231,A,골목상권,3110549,새터산,2754,1349,1405,334,319,432,446,453,770,167,161,214,224,238,345,167,158,218,222,215,425,1172,0,1172
20231,A,골목상권,3110550,합정역 8번,6202,2844,3358,614,625,1406,1227,837,1493,287,268,593,625,405,666,327,357,813,602,432,827,2916,0,2916
20231,A,골목상권,3110551,성서초등학교,4480,2137,2343,639,528,633,853,786,1041,315,277,278,397,388,482,324,251,355,456,398,559,1793,0,1793
20231,A,골목상권,3110552,성미산체육관,2104,1010,1094,190,214,342,339,378,641,91,106,162,165,180,306,99,108,180,174,198,335,988,0,988
20231,A,골목상권,3110553,가좌역 2번,3229,1595,1634,276,357,485,515,556,1040,158,169,244,252,299,473,118,188,241,263,257,567,1583,0,1583
20231,A,골목상권,3110554,망원역 1번,4497,2051,2446,354,414,906,893,682,1248,171,197,373,418,332,560,183,217,533,475,350,688,2430,0,2430
20231,A,골목상권,3110555,홍익지구대,261,124,137,17,24,59,53,43,65,13,10,22,30,20,29,4,14,37,23,23,36,130,0,130
20231,A,골목상권,3110556,절두산순교성지,1314,629,685,100,126,257,234,190,407,53,71,114,127,77,187,47,55,143,107,113,220,628,0,628
20231,A,골목상권,3110557,홍대부속여중고앞,3595,1650,1945,351,321,747,789,555,832,168,158,331,382,248,363,183,163,416,407,307,469,1792,0,1792
20231,A,골목상권,3110558,경성고등학교,8634,4138,4496,815,880,1547,1561,1342,2489,405,479,729,779,651,1095,410,401,818,782,691,1394,3932,0,3932
20231,A,골목상권,3110559,성산중학교,2954,1362,1592,229,302,676,555,424,768,122,142,287,276,206,329,107,160,389,279,218,439,1447,0,1447
20231,A,골목상권,3110560,마포FM,1685,797,888,155,160,366,339,234,431,84,62,172,167,115,197,71,98,194,172,119,234,838,0,838
20231,A,골목상권,3110561,상수역 4번,2572,1243,1329,140,266,677,540,338,611,71,112,354,284,156,266,69,154,323,256,182,345,1435,0,1435
20231,A,골목상권,3110562,연트럴파크(연남동주민센터),3257,1535,1722,373,291,677,658,434,824,197,148,314,323,200,353,176,143,363,335,234,471,1565,0,1565
20231,A,골목상권,3110563,상수역 3번,765,369,396,62,73,245,139,84,162,37,32,112,72,41,75,25,41,133,67,43,87,432,0,432
20231,A,골목상권,3110564,홍대입구역 3번,767,360,407,57,56,204,174,96,180,31,26,103,78,47,75,26,30,101,96,49,105,472,0,472
20231,A,골목상권,3110565,홍익대,1663,824,839,89,278,550,235,229,282,44,115,323,115,104,123,45,163,227,120,125,159,1049,0,1049
20231,A,골목상권,3110566,경의선책거리,2138,995,1143,135,238,623,394,284,464,73,95,295,188,145,199,62,143,328,206,139,265,1261,0,1261
20231,A,골목상권,3110567,광흥창역 6번,321,136,185,21,36,97,47,35,85,5,15,38,24,17,37,16,21,59,23,18,48,194,0,194
20231,A,골목상권,3110568,광흥창역 1번,350,185,165,54,44,46,59,73,74,31,26,26,30,39,33,23,18,20,29,34,41,147,0,147
20231,A,골목상권,3110569,홍대땡땡거리,2009,986,1023,102,207,651,335,232,482,59,97,316,177,122,215,43,110,335,158,110,267,1323,0,1323
20231,A,골목상권,3110570,KB국민은행 서강지점,556,262,294,120,34,79,124,80,119,60,16,35,62,35,54,60,18,44,62,45,65,237,0,237
20231,A,골목상권,3110571,신수동주민센터,2470,1210,1260,243,265,357,403,391,811,121,139,199,203,201,347,122,126,158,200,190,464,1084,0,1084
20231,A,골목상권,3110572,서강대역 1번,2863,1504,1359,166,370,804,424,392,707,91,185,468,227,217,316,75,185,336,197,175,391,1775,0,1775
20231,A,골목상권,3110573,신촌역 6번,209,114,95,16,23,73,34,22,41,11,13,41,13,15,21,5,10,32,21,7,20,135,0,135
20231,A,골목상권,3110574,서강대학교,166,92,74,13,11,40,30,26,46,6,5,27,16,17,21,7,6,13,14,9,25,83,0,83
20231,A,골목상권,3110575,대흥동주민센터,2817,1400,1417,159,282,548,392,423,1013,78,124,302,214,234,448,81,158,246,178,189,565,1773,0,1773
20231,A,골목상권,3110576,대흥역 3번,1224,606,618,121,118,167,211,176,431,68,56,84,104,90,204,53,62,83,107,86,227,592,0,592
20231,A,골목상권,3110577,용강동주민센터,828,388,440,100,101,113,142,144,228,52,41,56,69,70,100,48,60,57,73,74,128,344,0,344
20231,A,골목상권,3110578,대흥역 2번,2888,1450,1438,216,322,375,384,515,1076,115,180,204,201,267,483,101,142,171,183,248,593,1485,0,1485
20231,A,골목상권,3110579,마포역 4번,849,451,398,66,79,227,144,115,218,42,40,119,82,64,104,24,39,108,62,51,114,457,0,457
20231,A,골목상권,3110580,양원초등학교,1415,709,706,68,184,326,175,202,460,40,96,171,104,97,201,28,88,155,71,105,259,794,0,794
20231,A,골목상권,3110581,염리초등학교,319,163,156,99,12,29,102,34,43,57,7,14,47,19,19,42,5,15,55,15,24,109,0,109
20231,A,골목상권,3110582,이대역 5번,1676,792,884,69,237,362,225,249,534,34,87,182,109,117,263,35,150,180,116,132,271,1041,0,1041
20231,A,골목상권,3110583,공덕래미안3차아파트,185,87,98,13,22,47,31,27,45,6,8,24,15,17,17,7,14,23,16,10,28,102,0,102
20231,A,골목상권,3110584,아현역 4번,101,60,41,6,4,16,11,18,46,4,2,6,4,14,30,2,2,10,7,4,16,69,0,69
20231,A,골목상권,3110585,마포경찰서,247,124,123,61,16,60,57,22,31,40,7,19,35,10,13,21,9,41,22,12,18,91,0,91
20231,A,골목상권,3110586,서울서부지방법원,1395,660,735,59,87,390,298,222,339,34,31,149,140,130,176,25,56,241,158,92,163,1013,0,1013
20231,A,골목상권,3110587,공덕동주민센터,2632,1277,1355,177,206,454,413,463,919,82,104,224,209,240,418,95,102,230,204,223,501,1555,0,1555
20231,A,골목상권,3110588,한겨레신문사,2918,1389,1529,235,338,470,482,516,877,118,160,215,246,259,391,117,178,255,236,257,486,1359,0,1359
20231,A,골목상권,3110589,애오개역 3번,1922,945,977,132,253,291,216,324,706,66,132,166,120,156,305,66,121,125,96,168,401,791,0,791
20231,A,골목상권,3110590,만리재,2742,1329,1413,215,359,398,387,564,819,108,191,206,203,272,349,107,168,192,184,292,470,1270,0,1270
20231,A,골목상권,3110591,충정로역 6번,2504,1244,1260,173,252,361,348,396,974,85,130,197,187,210,435,88,122,164,161,186,539,1122,0,1122
20231,A,골목상권,3110592,서울금융고등학교,1460,730,730,127,205,220,193,256,459,71,102,115,100,131,211,56,103,105,93,125,248,624,0,624
20231,A,골목상권,3110593,신월3동주민센터,7506,4034,3472,567,754,932,1064,1436,2753,286,367,518,610,850,1403,281,387,414,454,586,1350,3989,0,3989
20231,A,골목상권,3110594,신월중학교,3509,1725,1784,570,426,463,631,549,870,289,227,224,320,257,408,281,199,239,311,292,462,1220,0,1220
20231,A,골목상권,3110595,메디힐병원,6049,2972,3077,602,718,874,909,1044,1902,304,352,438,475,518,885,298,366,436,434,526,1017,2565,0,2565
20231,A,골목상권,3110596,서서울호수공원,3809,1912,1897,462,457,553,597,653,1087,246,235,291,315,306,519,216,222,262,282,347,568,1561,0,1561
20231,A,골목상권,3110597,신월1동주민센터,6370,3302,3068,573,692,862,977,1067,2199,304,359,454,554,545,1086,269,333,408,423,522,1113,2890,0,2890
20231,A,골목상권,3110598,신월문화체육센터,3560,1744,1816,360,397,474,513,591,1225,168,218,258,277,290,533,192,179,216,236,301,692,1397,0,1397
20231,A,골목상권,3110599,신월1파출소,4594,2377,2217,507,530,587,689,808,1473,270,281,316,373,427,710,237,249,271,316,381,763,1907,0,1907
20231,A,골목상권,3110600,신월7동주민센터,5360,2643,2717,407,651,744,736,923,1899,203,332,389,390,468,861,204,319,355,346,455,1038,2262,0,2262
20231,A,골목상권,3110601,신월1동우편취급국,6682,3457,3225,701,725,927,1123,1137,2069,338,383,501,631,576,1028,363,342,426,492,561,1041,2972,0,2972
20231,A,골목상권,3110602,신월시영아파트중문,1603,808,795,107,215,195,210,271,605,51,118,108,116,138,277,56,97,87,94,133,328,648,0,648
20231,A,골목상권,3110603,지향초등학교,349,173,176,73,41,34,41,62,98,39,16,19,21,31,47,34,25,15,20,31,51,121,0,121
20231,A,골목상권,3110604,신월4동주민센터,7161,3539,3622,1192,785,844,1312,1043,1985,598,394,420,667,523,937,594,391,424,645,520,1048,2434,0,2434
20231,A,골목상권,3110605,목동센트럴아이파크앞,1132,555,577,135,142,158,171,177,349,68,75,93,75,84,160,67,67,65,96,93,189,370,0,370
20231,A,골목상권,3110606,신한은행 신월동지점,7141,3474,3667,939,853,903,1159,1137,2150,475,442,443,570,535,1009,464,411,460,589,602,1141,2457,0,2457
20231,A,골목상권,3110607,금빛새마을금고본점,964,500,464,100,109,133,148,145,329,53,68,73,80,78,148,47,41,60,68,67,181,407,0,407
20231,A,골목상권,3110608,신월2동주민센터,9298,4679,4619,1153,1080,1235,1484,1486,2860,587,572,639,774,732,1375,566,508,596,710,754,1485,3505,0,3505
20231,A,골목상권,3110609,신정네거리역 2번,2309,1139,1170,258,272,371,367,363,678,131,138,198,187,166,319,127,134,173,180,197,359,969,0,969
20231,A,골목상권,3110610,계남근린공원,3055,1575,1480,234,381,397,442,538,1063,128,210,214,246,272,505,106,171,183,196,266,558,1364,0,1364
20231,A,골목상권,3110611,신정역 1번,4821,2376,2445,546,540,709,873,718,1435,279,276,348,452,340,681,267,264,361,421,378,754,1950,0,1950
20231,A,골목상권,3110612,신정역 5번,8575,4209,4366,888,943,1285,1453,1353,2653,470,475,641,767,635,1221,418,468,644,686,718,1432,3753,0,3753
20231,A,골목상권,3110613,신정네거리역 4번,525,252,273,48,78,50,73,99,177,20,45,26,30,53,78,28,33,24,43,46,99,233,0,233
20231,A,골목상권,3110614,목동로데오거리,2453,1175,1278,306,223,398,420,344,762,136,124,202,212,153,348,170,99,196,208,191,414,1003,0,1003
20231,A,골목상권,3110615,신서초등학교,1139,555,584,175,179,133,170,217,265,97,89,71,78,97,123,78,90,62,92,120,142,398,0,398
20231,A,골목상권,3110616,양목초등학교,977,471,506,145,113,145,209,151,214,71,61,64,116,69,90,74,52,81,93,82,124,368,0,368
20231,A,골목상권,3110617,등촌역 4번,2491,1160,1331,272,255,453,416,360,735,136,137,201,224,155,307,136,118,252,192,205,428,1105,0,1105
20231,A,골목상권,3110618,강서고등학교,6476,3213,3263,733,1030,902,1002,1222,1587,370,605,459,507,561,711,363,425,443,495,661,876,2465,0,2465
20231,A,골목상권,3110619,목4동주민센터,1406,674,732,150,187,221,210,240,398,82,103,109,95,109,176,68,84,112,115,131,222,578,0,578
20231,A,골목상권,3110620,목동보건지소,8846,4409,4437,1187,1466,1115,1339,1730,2009,617,844,557,624,843,924,570,622,558,715,887,1085,3163,0,3163
20231,A,골목상권,3110621,목동역 5번,779,367,412,115,133,96,121,153,161,61,62,42,50,78,74,54,71,54,71,75,87,247,0,247
20231,A,골목상권,3110622,달마을공원,4212,2032,2180,429,476,907,719,607,1074,210,245,428,389,267,493,219,231,479,330,340,581,1769,0,1769
20231,A,골목상권,3110623,갈산공원,202,97,105,46,18,29,39,23,47,26,11,13,16,9,22,20,7,16,23,14,25,94,0,94
20231,A,골목상권,3110624,목동문화체육센터,2611,1278,1333,321,386,372,421,494,617,164,219,186,211,226,272,157,167,186,210,268,345,935,0,935
20231,A,골목상권,3110625,신정2동주민센터,3574,1774,1800,454,633,363,468,814,842,237,340,172,203,412,410,217,293,191,265,402,432,1264,0,1264
20231,A,골목상권,3110626,양화초등학교,6664,3188,3476,720,643,1490,1212,918,1681,374,348,677,620,414,755,346,295,813,592,504,926,2906,0,2906
20231,A,골목상권,3110627,신정롯데캐슬아파트,2534,1263,1271,266,393,325,338,506,706,136,218,172,161,246,330,130,175,153,177,260,376,958,0,958
20231,A,골목상권,3110628,신목동역,1474,750,724,174,158,326,250,227,339,99,86,148,137,114,166,75,72,178,113,113,173,668,0,668
20231,A,골목상권,3110629,송정역 4번,955,467,488,55,92,227,150,114,317,27,36,114,83,55,152,28,56,113,67,59,165,525,0,525
20231,A,골목상권,3110630,공항시장역 1번,5954,2910,3044,484,576,1243,857,882,1912,237,264,619,449,451,890,247,312,624,408,431,1022,3168,0,3168
20231,A,골목상권,3110631,방화초등학교,3603,1793,1810,478,404,489,573,608,1051,258,214,227,300,318,476,220,190,262,273,290,575,1361,0,1361
20231,A,골목상권,3110632,방화역 3번,1548,745,803,144,189,246,203,256,510,68,88,128,99,123,239,76,101,118,104,133,271,674,0,674
20231,A,골목상권,3110633,개화산역 1번,395,203,192,35,51,52,50,78,129,14,22,29,28,44,66,21,29,23,22,34,63,173,0,173
20231,A,골목상권,3110634,송정역 3번,8166,4182,3984,926,777,1430,1427,1234,2372,492,370,761,779,648,1132,434,407,669,648,586,1240,3949,0,3949
20231,A,골목상권,3110635,공항시장역 3번,3190,1622,1568,319,350,455,447,482,1137,167,185,242,238,258,532,152,165,213,209,224,605,1420,0,1420
20231,A,골목상권,3110636,방화역 2번,1290,649,641,185,116,208,232,171,378,93,68,94,111,100,183,92,48,114,121,71,195,528,0,528
20231,A,골목상권,3110637,송정역 2번,1930,977,953,176,214,320,281,307,632,86,119,160,155,157,300,90,95,160,126,150,332,848,0,848
20231,A,골목상권,3110638,신방화역 2번,5376,2740,2636,637,554,840,913,814,1618,327,297,439,492,419,766,310,257,401,421,395,852,2304,0,2304
20231,A,골목상권,3110639,신방화역 8번,3143,1576,1567,289,379,421,452,507,1095,145,195,214,247,255,520,144,184,207,205,252,575,1381,0,1381
20231,A,골목상권,3110640,방화역 1번,2336,1135,1201,218,200,479,442,360,637,112,85,178,241,211,308,106,115,301,201,149,329,1296,0,1296
20231,A,골목상권,3110641,공항고등학교,1547,785,762,219,159,221,282,241,425,121,80,114,136,121,213,98,79,107,146,120,212,566,0,566
20231,A,골목상권,3110642,정곡초등학교,829,406,423,134,80,116,151,118,230,63,39,62,79,48,115,71,41,54,72,70,115,296,0,296
20231,A,골목상권,3110643,강서구다솔마을,2448,1285,1163,290,206,355,515,396,686,156,107,185,293,209,335,134,99,170,222,187,351,1150,0,1150
20231,A,골목상권,3110644,신광명마을,813,402,411,104,85,102,136,133,253,54,44,52,69,74,109,50,41,50,67,59,144,319,0,319
20231,A,골목상권,3110645,우장산역 4번,7298,3471,3827,1035,1294,801,1135,1426,1607,505,600,394,526,707,739,530,694,407,609,719,868,2574,0,2574
20231,A,골목상권,3110646,푸른들청소년도서관,9126,4439,4687,947,1049,1502,1400,1419,2809,488,529,747,710,665,1300,459,520,755,690,754,1509,3720,0,3720
20231,A,골목상권,3110647,화곡역 5번,9384,4554,4830,1168,877,1617,1869,1341,2512,584,435,777,970,644,1144,584,442,840,899,697,1368,3875,0,3875
20231,A,골목상권,3110648,양천향교역 7번,1356,587,769,9,171,730,302,92,52,5,40,285,177,51,29,4,131,445,125,41,23,1254,0,1254
20231,A,골목상권,3110649,우장산역 1번,3107,1461,1646,521,491,372,535,574,614,244,220,190,234,282,291,277,271,182,301,292,323,1064,0,1064
20231,A,골목상권,3110650,우장산힐스테이트,884,415,469,148,118,94,151,154,219,73,52,43,67,79,101,75,66,51,84,75,118,293,0,293
20231,A,골목상권,3110651,화원중학교,6065,3010,3055,728,674,931,1072,915,1745,370,356,469,565,440,810,358,318,462,507,475,935,2401,0,2401
20231,A,골목상권,3110652,양천향교역 2번,1472,771,701,150,173,294,234,217,404,84,93,153,139,107,195,66,80,141,95,110,209,653,0,653
20231,A,골목상권,3110653,화곡역 2번,4682,2237,2445,437,429,852,822,629,1513,241,217,407,424,281,667,196,212,445,398,348,846,2068,0,2068
20231,A,골목상권,3110654,까치산역 4번,12767,6301,6466,1306,1303,2319,2197,1944,3698,665,655,1183,1166,938,1694,641,648,1136,1031,1006,2004,5393,0,5393
20231,A,골목상권,3110655,발산역 5번,1111,542,569,158,139,152,216,178,268,79,66,82,106,84,125,79,73,70,110,94,143,443,0,443
20231,A,골목상권,3110656,까치산역 3번,8787,4484,4303,684,617,2353,1770,1050,2313,307,294,1205,1027,557,1094,377,323,1148,743,493,1219,4830,0,4830
20231,A,골목상권,3110657,양천향교역 5번,962,470,492,73,111,206,184,145,243,41,58,96,99,67,109,32,53,110,85,78,134,499,0,499
20231,A,골목상권,3110658,화곡초등학교,3509,1765,1744,285,326,876,715,476,831,151,155,461,390,247,361,134,171,415,325,229,470,1837,0,1837
20231,A,골목상권,3110659,화곡역 4번,21341,10459,10882,3078,2295,3346,4280,3161,5181,1586,1133,1668,2235,1577,2260,1492,1162,1678,2045,1584,2921,8443,0,8443
20231,A,골목상권,3110660,등촌3동주민센터,1635,818,817,136,177,275,196,238,613,68,96,146,107,118,283,68,81,129,89,120,330,850,0,850
20231,A,골목상권,3110661,강서새말어린이공원,1462,716,746,200,160,193,291,238,380,100,81,97,150,113,175,100,79,96,141,125,205,577,0,577
20231,A,골목상권,3110662,까치산역 1번,13489,6575,6914,1612,1334,2120,2590,1941,3892,796,708,1024,1358,938,1751,816,626,1096,1232,1003,2141,5477,0,5477
20231,A,골목상권,3110663,우장산롯데캐슬아파트앞,1571,766,805,182,188,252,276,259,414,97,101,109,141,120,198,85,87,143,135,139,216,584,0,584
20231,A,골목상권,3110664,강서구청옆,672,328,344,122,64,102,147,67,170,68,36,44,80,28,72,54,28,58,67,39,98,246,0,246
20231,A,골목상권,3110665,곰달래도서관,5926,2957,2969,674,500,941,1062,839,1910,352,255,478,552,432,888,322,245,463,510,407,1022,2473,0,2473
20231,A,골목상권,3110666,KC대학교,2040,1034,1006,209,220,311,308,326,666,108,120,159,171,178,298,101,100,152,137,148,368,872,0,872
20231,A,골목상권,3110667,가양역 10번,593,252,341,41,56,103,91,83,219,20,28,38,46,38,82,21,28,65,45,45,137,335,0,335
20231,A,골목상권,3110668,화곡2동주민센터,9692,4732,4960,1393,1007,1410,1926,1484,2472,724,541,695,947,721,1104,669,466,715,979,763,1368,3813,0,3813
20231,A,골목상권,3110669,화곡보람2차아파트,775,378,397,104,83,139,174,112,163,51,48,61,90,53,75,53,35,78,84,59,88,320,0,320
20231,A,골목상권,3110670,신곡초등학교,8201,4004,4197,1204,981,1113,1506,1352,2045,595,500,579,753,652,925,609,481,534,753,700,1120,3100,0,3100
20231,A,골목상권,3110671,등촌1동주민센터,5933,2914,3019,735,571,1340,1102,795,1390,413,287,596,570,392,656,322,284,744,532,403,734,2804,0,2804
20231,A,골목상권,3110672,백석중학교,3285,1674,1611,394,467,497,497,592,838,213,269,272,255,275,390,181,198,225,242,317,448,1192,0,1192
20231,A,골목상권,3110673,뜸부기어린이공원,4489,2216,2273,435,396,765,779,623,1491,209,213,399,414,296,685,226,183,366,365,327,806,1994,0,1994
20231,A,골목상권,3110674,강서구청가양동별관,161,84,77,9,13,15,33,42,49,3,7,9,21,18,26,6,6,6,12,24,23,124,0,124
20231,A,골목상권,3110675,화곡4동주민센터,7877,3873,4004,861,882,1258,1385,1221,2270,447,448,655,732,589,1002,414,434,603,653,632,1268,3161,0,3161
20231,A,골목상권,3110676,등촌역 7번,3643,1728,1915,460,404,731,699,532,817,239,202,319,356,246,366,221,202,412,343,286,451,1482,0,1482
20231,A,골목상권,3110677,등촌역 1번,933,475,458,151,110,129,177,143,223,84,55,68,83,76,109,67,55,61,94,67,114,338,0,338
20231,A,골목상권,3110678,염창무학아파트,965,478,487,138,101,200,146,120,260,75,53,97,79,55,119,63,48,103,67,65,141,403,0,403
20231,A,골목상권,3110679,염창역 2번,774,348,426,61,60,241,160,102,150,26,23,94,85,49,71,35,37,147,75,53,79,450,0,450
20231,A,골목상권,3110680,온수역 5번(온수산업단지),1694,857,837,197,117,248,330,239,563,112,62,118,180,129,256,85,55,130,150,110,307,682,0,682
20231,A,골목상권,3110681,온수역 1번,182,95,87,15,12,36,40,13,66,12,3,18,22,6,34,3,9,18,18,7,32,97,0,97
20231,A,골목상권,3110682,온수역 8번,1003,489,514,126,107,121,168,144,337,62,54,56,82,75,160,64,53,65,86,69,177,355,0,355
20231,A,골목상권,3110683,오류고등학교,1603,800,803,231,222,201,253,258,438,126,119,96,130,131,198,105,103,105,123,127,240,542,0,542
20231,A,골목상권,3110684,서울공연예술고등학교,1392,673,719,158,193,187,213,232,409,76,110,94,103,108,182,82,83,93,110,124,227,535,0,535
20231,A,골목상권,3110685,금강수목원아파트,214,104,110,31,23,23,41,36,60,13,13,11,19,21,27,18,10,12,22,15,33,87,0,87
20231,A,골목상권,3110686,수궁동주민센터,4719,2323,2396,584,541,631,789,766,1408,290,302,312,405,372,642,294,239,319,384,394,766,1906,0,1906
20231,A,골목상권,3110687,"천왕역 3번(오류2동주민센터, 서울오류남초등학교)",631,317,314,77,81,72,122,94,185,39,38,38,69,48,85,38,43,34,53,46,100,251,0,251
20231,A,골목상권,3110688,오류지구대,2559,1261,1298,285,297,366,404,384,823,161,145,180,214,190,371,124,152,186,190,194,452,1043,0,1043
20231,A,골목상권,3110689,오류동역 3번,3159,1565,1594,335,340,450,490,501,1043,159,168,218,263,265,492,176,172,232,227,236,551,1403,0,1403
20231,A,골목상권,3110690,오류2동버들시장,5289,2640,2649,599,481,741,860,824,1784,313,260,348,481,411,827,286,221,393,379,413,957,2496,0,2496
20231,A,골목상권,3110691,개봉중학교,3182,1606,1576,312,393,423,485,534,1035,140,225,224,258,275,484,172,168,199,227,259,551,1342,0,1342
20231,A,골목상권,3110693,오류동역 4번,689,363,326,23,57,283,162,58,106,14,27,136,98,32,56,9,30,147,64,26,50,541,0,541
20231,A,골목상권,3110694,세곡초등학교,7183,3589,3594,671,906,961,988,1334,2323,314,507,470,517,680,1101,357,399,491,471,654,1222,3139,0,3139
20231,A,골목상권,3110695,개봉1동주민센터,5758,2949,2809,437,610,675,771,1004,2261,207,327,360,423,527,1105,230,283,315,348,477,1156,2764,0,2764
20231,A,골목상권,3110696,오류동역 1번,3472,1753,1719,367,352,501,607,554,1091,190,179,247,335,272,530,177,173,254,272,282,561,1477,0,1477
20231,A,골목상권,3110697,개봉3동주민센터,2743,1359,1384,333,329,374,486,452,769,166,158,193,278,212,352,167,171,181,208,240,417,1060,0,1060
20231,A,골목상권,3110698,개웅초등학교(개웅중학교),6663,3271,3392,725,843,893,1051,1127,2024,365,447,468,519,547,925,360,396,425,532,580,1099,2538,0,2538
20231,A,골목상권,3110699,덕의초등학교,1776,892,884,218,205,210,283,318,542,120,101,109,147,162,253,98,104,101,136,156,289,745,0,745
20231,A,골목상권,3110700,고척초등학교,3390,1713,1677,364,414,412,529,557,1114,183,217,222,291,281,519,181,197,190,238,276,595,1453,0,1453
20231,A,골목상권,3110701,고척동성당,1041,506,535,109,107,209,188,125,303,56,49,103,100,54,144,53,58,106,88,71,159,449,0,449
20231,A,골목상권,3110702,개봉초등학교,2019,977,1042,302,185,283,378,284,587,156,97,142,188,124,270,146,88,141,190,160,317,789,0,789
20231,A,골목상권,3110703,개봉역,2024,1001,1023,225,184,291,384,283,657,112,89,145,196,148,311,113,95,146,188,135,346,860,0,860
20231,A,골목상권,3110704,고척중학교,109,67,42,0,26,43,13,18,9,0,14,23,11,14,5,0,12,20,2,4,4,95,0,95
20231,A,골목상권,3110705,고산초등학교,551,270,281,78,100,104,105,79,85,45,54,56,52,28,35,33,46,48,53,51,50,263,0,263
20231,A,골목상권,3110706,그라운드 고척,530,295,235,28,49,95,84,81,193,18,25,54,49,49,100,10,24,41,35,32,93,323,0,323
20231,A,골목상권,3110707,구로창업지원센터,2357,1220,1137,196,261,334,320,359,887,88,140,186,173,202,431,108,121,148,147,157,456,1046,0,1046
20231,A,골목상권,3110708,화원어린이공원,1359,690,669,116,100,240,238,207,458,70,48,114,137,115,206,46,52,126,101,92,252,717,0,717
20231,A,골목상권,3110709,구로119안전센터,2908,1482,1426,217,270,371,402,578,1070,98,140,194,240,303,507,119,130,177,162,275,563,1404,0,1404
20231,A,골목상권,3110710,남구로역 3번,6572,3472,3100,419,579,713,850,1211,2800,230,308,383,499,672,1380,189,271,330,351,539,1420,3456,0,3456
20231,A,골목상권,3110711,구로초등학교,4335,2137,2198,379,464,496,571,792,1633,184,234,243,298,434,744,195,230,253,273,358,889,1999,0,1999
20231,A,골목상권,3110712,남구로역 5번,6148,3078,3070,481,695,811,891,1061,2209,252,416,441,464,510,995,229,279,370,427,551,1214,2629,0,2629
20231,A,골목상권,3110713,구로보건소,7582,3801,3781,713,778,1197,1146,1282,2466,342,409,586,620,671,1173,371,369,611,526,611,1293,3460,0,3460
20231,A,골목상권,3110714,구로4동주민센터,4887,2451,2436,465,431,558,725,915,1793,230,228,268,398,502,825,235,203,290,327,413,968,2344,0,2344
20231,A,골목상권,3110715,구로구민회관,1084,560,524,87,123,122,138,202,412,45,70,67,78,102,198,42,53,55,60,100,214,503,0,503
20231,A,골목상권,3110716,구로나눔길,815,414,401,61,83,87,102,156,326,33,38,44,59,91,149,28,45,43,43,65,177,395,0,395
20231,A,골목상권,3110717,남구로역 2번,8335,4343,3992,660,796,971,1249,1549,3110,327,411,512,709,860,1524,333,385,459,540,689,1586,4129,0,4129
20231,A,골목상권,3110718,한국SGI본부,2758,1278,1480,163,279,943,447,346,580,83,103,390,230,172,300,80,176,553,217,174,280,1785,0,1785
20231,A,골목상권,3110719,영서중학교,391,176,215,65,39,48,69,58,112,30,13,28,32,26,47,35,26,20,37,32,65,148,0,148
20231,A,골목상권,3110720,대림역 2번,2822,1404,1418,225,249,352,396,513,1087,110,135,182,212,259,506,115,114,170,184,254,581,1347,0,1347
20231,A,골목상권,3110721,가리봉파출소,2589,1348,1241,195,228,467,414,541,744,98,116,259,230,278,367,97,112,208,184,263,377,1414,0,1414
20231,A,골목상권,3110722,G타워,3967,2182,1785,64,207,2349,800,246,301,38,63,1243,518,162,158,26,144,1106,282,84,143,3496,0,3496
20231,A,골목상권,3110723,가산디지털단지역 1번 출입구,903,466,437,51,76,131,137,164,344,17,40,78,76,88,167,34,36,53,61,76,177,506,0,506
20231,A,골목상권,3110724,금천구립가산도서관,2731,1679,1052,154,190,1009,506,367,505,76,90,651,353,231,278,78,100,358,153,136,227,1905,0,1905
20231,A,골목상권,3110725,가산동주민센터,1069,613,456,13,39,367,184,204,262,4,11,170,108,148,172,9,28,197,76,56,90,959,0,959
20231,A,골목상권,3110726,금천철쭉어린이공원(금하마을),2030,1029,1001,187,265,253,304,404,617,89,124,145,175,204,292,98,141,108,129,200,325,930,0,930
20231,A,골목상권,3110727,독산역 1번 출입구,858,463,395,94,48,228,177,107,204,47,25,132,104,46,109,47,23,96,73,61,95,434,0,434
20231,A,골목상권,3110728,두산초등학교,1428,797,631,93,118,584,258,150,225,48,42,327,175,89,116,45,76,257,83,61,109,992,0,992
20231,A,골목상권,3110729,가산동우체국,2732,1576,1156,94,227,915,468,399,629,48,81,524,319,266,338,46,146,391,149,133,291,2050,0,2050
20231,A,골목상권,3110730,서울축산농협 독산역지점(독산파출소),2024,1150,874,185,181,452,340,314,552,100,93,268,215,194,280,85,88,184,125,120,272,1113,0,1113
20231,A,골목상권,3110731,금천구청역 1번 출입구,1175,594,581,160,92,240,268,170,245,83,44,115,140,91,121,77,48,125,128,79,124,572,0,572
20231,A,골목상권,3110732,가산초등학교(세일중학교),2396,1296,1100,144,191,699,342,364,656,74,76,367,213,223,343,70,115,332,129,141,313,1550,0,1550
20231,A,골목상권,3110733,금천어울림복지센터,284,144,140,17,30,81,44,35,77,6,16,40,28,14,40,11,14,41,16,21,37,151,0,151
20231,A,골목상권,3110734,금천파출소,208,118,90,14,10,23,28,41,92,8,5,15,16,33,41,6,5,8,12,8,51,112,0,112
20231,A,골목상권,3110735,말미고개,5877,2975,2902,623,616,988,815,1020,1815,337,320,520,426,510,862,286,296,468,389,510,953,2535,0,2535
20231,A,골목상권,3110736,독산119안전센터,5078,2522,2556,514,540,726,770,927,1601,243,256,383,377,472,791,271,284,343,393,455,810,2141,0,2141
20231,A,골목상권,3110737,금천세무서,2339,1213,1126,174,242,426,328,431,738,83,141,208,179,229,373,91,101,218,149,202,365,1202,0,1202
20231,A,골목상권,3110738,문성초등학교,3587,1805,1782,233,369,384,442,756,1403,119,189,209,219,408,661,114,180,175,223,348,742,1893,0,1893
20231,A,골목상권,3110739,시흥3동 우편취급국,305,157,148,14,48,47,27,61,108,7,27,27,13,31,52,7,21,20,14,30,56,107,0,107
20231,A,골목상권,3110740,금천해태공원,5596,2822,2774,514,613,767,772,985,1945,254,318,413,422,508,907,260,295,354,350,477,1038,2497,0,2497
20231,A,골목상권,3110741,독산2동주민센터,3979,2022,1957,359,478,602,537,789,1214,170,262,327,284,391,588,189,216,275,253,398,626,1770,0,1770
20231,A,골목상권,3110742,KT금천빌딩(금천구시설관리공단),225,111,114,16,26,20,36,49,78,6,16,10,21,22,36,10,10,10,15,27,42,109,0,109
20231,A,골목상권,3110743,시흥초등학교(시흥1동우체국),4739,2391,2348,468,531,640,663,873,1564,250,290,336,351,451,713,218,241,304,312,422,851,2092,0,2092
20231,A,골목상권,3110744,독산동성당,9027,4576,4451,743,1048,1166,1252,1809,3009,363,536,639,666,930,1442,380,512,527,586,879,1567,4151,0,4151
20231,A,골목상권,3110745,독산동정훈단지,3025,1549,1476,247,380,390,383,647,978,125,201,218,202,336,467,122,179,172,181,311,511,1351,0,1351
20231,A,골목상권,3110746,금천금빛공원(은행나무사거리서측),1705,833,872,129,205,220,232,330,589,65,98,108,124,165,273,64,107,112,108,165,316,778,0,778
20231,A,골목상권,3110747,석수역 1번 출입구,1088,544,544,98,100,162,144,149,435,43,57,84,87,66,207,55,43,78,57,83,228,422,0,422
20231,A,골목상권,3110748,백산초등학교,2000,1012,988,176,206,260,316,338,704,92,118,154,144,173,331,84,88,106,172,165,373,925,0,925
20231,A,골목상권,3110749,금산초등학교(금천고등학교),5178,2588,2590,603,548,725,788,788,1726,288,291,380,412,394,823,315,257,345,376,394,903,1932,0,1932
20231,A,골목상권,3110750,시흥4동주민센터(서울신흥초등학교),5109,2598,2511,474,530,608,736,924,1837,241,268,314,413,495,867,233,262,294,323,429,970,2386,0,2386
20231,A,골목상권,3110751,난곡중학교,5859,2920,2939,502,633,844,861,1082,1937,246,336,419,475,542,902,256,297,425,386,540,1035,2633,0,2633
20231,A,골목상권,3110752,한울중학교,6605,3294,3311,685,792,918,924,1205,2081,357,410,472,470,609,976,328,382,446,454,596,1105,2589,0,2589
20231,A,골목상권,3110753,시흥동 은행나무사거리,7155,3629,3526,676,859,897,952,1225,2546,357,440,476,514,635,1207,319,419,421,438,590,1339,3125,0,3125
20231,A,골목상권,3110754,삼성산자연공원(서울금천초등학교),4570,2256,2314,482,533,625,574,824,1532,260,256,345,289,409,697,222,277,280,285,415,835,1966,0,1966
20231,A,골목상권,3110755,동일여자고등학교,1546,786,760,174,207,169,221,306,469,80,106,98,116,163,223,94,101,71,105,143,246,644,0,644
20231,A,골목상권,3110756,문래중학교,2567,1274,1293,411,194,678,703,267,314,217,86,312,380,134,145,194,108,366,323,133,169,1215,0,1215
20231,A,골목상권,3110757,양평역 2번,1494,812,682,57,145,436,271,238,347,28,71,235,169,152,157,29,74,201,102,86,190,983,0,983
20231,A,골목상권,3110758,문래소공원,1219,601,618,242,125,196,275,182,199,128,55,90,140,98,90,114,70,106,135,84,109,453,0,453
20231,A,골목상권,3110759,문래예술촌(문래창작촌),1455,814,641,170,70,341,265,183,426,95,32,179,170,120,218,75,38,162,95,63,208,852,0,852
20231,A,골목상권,3110760,선유도역 6번,964,492,472,127,99,221,181,112,224,66,54,114,103,57,98,61,45,107,78,55,126,444,0,444
20231,A,골목상권,3110761,문래동남성맨션,25,16,9,0,0,2,6,0,17,0,0,1,4,0,11,0,0,1,2,0,6,17,0,17
20231,A,골목상권,3110762,선유도역 1번,10608,5340,5268,1338,1012,2473,1896,1447,2442,667,501,1178,1017,777,1200,671,511,1295,879,670,1242,4829,0,4829
20231,A,골목상권,3110763,영등포구청역 2번,1021,514,507,141,77,202,201,125,275,77,32,99,105,66,135,64,45,103,96,59,140,471,0,471
20231,A,골목상권,3110764,문래역 3번,56,33,23,1,4,29,7,6,9,1,2,15,3,5,7,0,2,14,4,1,2,51,0,51
20231,A,골목상권,3110765,문래동사거리,122,66,56,7,6,13,21,13,62,4,3,10,14,9,26,3,3,3,7,4,36,60,0,60
20231,A,골목상권,3110766,대림역 5번,2819,1434,1385,238,241,428,422,500,990,125,128,240,226,258,457,113,113,188,196,242,533,1400,0,1400
20231,A,골목상권,3110767,도림동주민센터,944,505,439,48,56,135,115,194,396,22,32,69,66,116,200,26,24,66,49,78,196,639,0,639
20231,A,골목상권,3110768,도림2동유수지내체육시설,1403,676,727,105,111,525,265,139,258,59,55,218,138,72,134,46,56,307,127,67,124,828,0,828
20231,A,골목상권,3110769,대림차이나타운(대림역 12번),973,464,509,80,84,90,139,180,400,40,49,44,59,86,186,40,35,46,80,94,214,489,0,489
20231,A,골목상권,3110770,영등포구청역 6번,1717,813,904,119,165,362,239,259,573,51,80,165,130,142,245,68,85,197,109,117,328,926,0,926
20231,A,골목상권,3110771,대림역 11번,859,428,431,52,62,76,139,183,347,22,35,36,68,100,167,30,27,40,71,83,180,536,0,536
20231,A,골목상권,3110776,도신초등학교,3951,2025,1926,377,499,489,532,763,1291,180,287,260,290,393,615,197,212,229,242,370,676,1597,0,1597
20231,A,골목상권,3110772,신우어린이공원,1357,704,653,138,158,207,207,245,402,76,85,123,92,133,195,62,73,84,115,112,207,578,0,578
20231,A,골목상권,3110773,당산역 13번,139,61,78,6,14,35,34,23,27,3,4,14,13,14,13,3,10,21,21,9,14,96,0,96
20231,A,골목상권,3110774,당산반도유보라팰리스아파트,1173,570,603,82,99,470,216,115,191,50,46,216,114,48,96,32,53,254,102,67,95,778,0,778
20231,A,골목상권,3110775,대동초등학교,925,466,459,75,80,114,119,174,363,47,42,64,58,85,170,28,38,50,61,89,193,439,0,439
20231,A,골목상권,3110777,구로세무서,161,121,40,2,7,6,14,25,107,2,4,2,11,20,82,0,3,4,3,5,25,139,0,139
20231,A,골목상권,3110778,구로디지털단지역 4번,4386,2156,2230,343,409,570,573,769,1722,163,210,299,305,382,797,180,199,271,268,387,925,2163,0,2163
20231,A,골목상권,3110779,대림갑을명가아파트,337,167,170,24,30,27,49,64,143,13,16,12,27,37,62,11,14,15,22,27,81,170,0,170
20231,A,골목상권,3110780,신길대성유니드아파트,3774,1920,1854,407,398,438,592,655,1284,228,209,238,318,342,585,179,189,200,274,313,699,1621,0,1621
20231,A,골목상권,3110781,대림한신아파트,3804,1931,1873,342,465,477,506,684,1330,167,242,278,292,336,616,175,223,199,214,348,714,1596,0,1596
20231,A,골목상권,3110782,영등포시장역 4번,524,283,241,31,44,202,97,52,98,19,19,116,54,29,46,12,25,86,43,23,52,364,0,364
20231,A,골목상권,3110783,영등포시장역 1번,822,451,371,87,63,105,123,141,303,45,28,59,66,84,169,42,35,46,57,57,134,419,0,419
20231,A,골목상권,3110784,신대림초등학교,1161,579,582,98,121,179,173,190,400,42,61,94,96,102,184,56,60,85,77,88,216,562,0,562
20231,A,골목상권,3110785,영등포푸르지오아파트,3762,1908,1854,333,354,486,568,682,1339,172,193,250,309,352,632,161,161,236,259,330,707,1736,0,1736
20231,A,골목상권,3110786,당산역 8번,2123,1085,1038,169,191,582,336,277,568,89,96,305,183,148,264,80,95,277,153,129,304,1131,0,1131
20231,A,골목상권,3110787,신길3동주민센터,3666,1877,1789,276,391,432,497,743,1327,146,211,229,267,398,626,130,180,203,230,345,701,1791,0,1791
20231,A,골목상권,3110788,영등포시장역 3번,29,14,15,0,0,3,6,3,17,0,0,1,4,1,8,0,0,2,2,2,9,21,0,21
20231,A,골목상권,3110789,대림성모병원,1863,931,932,140,175,283,277,319,669,69,93,140,147,172,310,71,82,143,130,147,359,971,0,971
20231,A,골목상권,3110790,대림1동주민센터,3498,1717,1781,257,393,497,461,615,1275,140,210,266,230,295,576,117,183,231,231,320,699,1628,0,1628
20231,A,골목상권,3110791,신풍역 3번,237,125,112,28,18,32,53,28,78,14,13,12,30,15,41,14,5,20,23,13,37,100,0,100
20231,A,골목상권,3110792,영등포역 2번,4329,2212,2117,330,351,736,623,750,1539,173,189,393,342,387,728,157,162,343,281,363,811,2265,0,2265
20231,A,골목상권,3110793,대림썬프라자,9,5,4,0,0,3,0,1,5,0,0,1,0,1,3,0,0,2,0,0,2,4,0,4
20231,A,골목상권,3110794,영동초등학교,2865,1276,1589,144,184,1530,521,203,283,76,79,578,281,115,147,68,105,952,240,88,136,2180,0,2180
20231,A,골목상권,3110795,도림초등학교,1969,978,991,181,196,230,235,356,771,93,110,116,121,180,358,88,86,114,114,176,413,928,0,928
20231,A,골목상권,3110796,한림대학교한강성심병원,888,503,385,61,70,279,167,103,208,33,35,142,101,75,117,28,35,137,66,28,91,583,0,583
20231,A,골목상권,3110797,KT대방빌딩,282,143,139,26,21,38,43,42,112,13,12,20,23,23,52,13,9,18,20,19,60,129,0,129
20231,A,골목상권,3110798,신풍역 2번,628,329,299,87,54,94,97,105,191,48,32,52,49,50,98,39,22,42,48,55,93,259,0,259
20231,A,골목상권,3110799,영등포본동주민센터,657,312,345,46,72,107,79,114,239,19,35,59,41,50,108,27,37,48,38,64,131,323,0,323
20231,A,골목상권,3110800,영등포동성당,589,366,223,12,29,264,96,61,127,5,14,175,65,47,60,7,15,89,31,14,67,484,0,484
20231,A,골목상권,3110801,신풍역 6번(신길6동공영주차장),249,128,121,20,19,29,31,40,110,9,11,17,15,24,52,11,8,12,16,16,58,115,0,115
20231,A,골목상권,3110802,신길동홍어거리,1321,639,682,107,145,185,177,240,467,54,80,94,89,119,203,53,65,91,88,121,264,611,0,611
20231,A,골목상권,3110803,신길2동우편취급국,2778,1427,1351,191,250,411,389,419,1118,99,141,224,210,226,527,92,109,187,179,193,591,1407,0,1407
20231,A,골목상권,3110804,신풍역 1번,2096,1012,1084,163,198,362,290,322,761,73,95,203,149,161,331,90,103,159,141,161,430,1033,0,1033
20231,A,골목상권,3110805,신길새마을금고신길4동지점,615,318,297,31,64,98,85,106,231,12,30,55,51,60,110,19,34,43,34,46,121,326,0,326
20231,A,골목상권,3110807,신길역 3번,1313,718,595,35,95,767,229,85,102,20,31,420,141,53,53,15,64,347,88,32,49,1112,0,1112
20231,A,골목상권,3110808,신길역 1번,711,403,308,50,70,173,100,120,198,26,37,116,63,68,93,24,33,57,37,52,105,388,0,388
20231,A,골목상권,3110809,장훈고등학교,781,395,386,55,79,117,104,152,274,26,39,58,55,82,135,29,40,59,49,70,139,377,0,377
20231,A,골목상권,3110810,영신초등학교,3227,1604,1623,233,312,453,414,537,1278,119,168,239,237,266,575,114,144,214,177,271,703,1559,0,1559
20231,A,골목상권,3110811,보라매역 4번,1721,874,847,143,170,378,259,249,522,84,88,190,139,128,245,59,82,188,120,121,277,844,0,844
20231,A,골목상권,3110812,신길6동주민센터,1484,726,758,111,154,355,248,216,400,62,89,148,132,105,190,49,65,207,116,111,210,807,0,807
20231,A,골목상권,3110813,보라매역 6번,2000,1007,993,170,201,295,261,309,764,92,114,152,144,156,349,78,87,143,117,153,415,957,0,957
20231,A,골목상권,3110814,서울지방병무청,3842,1926,1916,308,435,738,557,674,1130,171,208,378,318,340,511,137,227,360,239,334,619,1841,0,1841
20231,A,골목상권,3110815,공군호텔,4845,2490,2355,374,451,1078,817,742,1383,198,226,560,454,415,637,176,225,518,363,327,746,2769,0,2769
20231,A,골목상권,3110816,대방역 6번,1934,999,935,149,137,407,359,263,619,77,68,229,204,138,283,72,69,178,155,125,336,1062,0,1062
20231,A,골목상권,3110817,대방역 4번,690,386,304,25,43,271,109,77,165,15,19,157,72,43,80,10,24,114,37,34,85,493,0,493
20231,A,골목상권,3110818,신대방역 3번,811,398,413,58,81,198,143,119,212,20,35,103,78,66,96,38,46,95,65,53,116,472,0,472
20231,A,골목상권,3110819,신대방역 4번,5348,2634,2714,449,596,862,781,920,1740,238,298,444,393,473,788,211,298,418,388,447,952,2782,0,2782
20231,A,골목상권,3110820,성남고등학교,3939,1939,2000,521,582,675,657,706,798,254,320,319,329,355,362,267,262,356,328,351,436,1692,0,1692
20231,A,골목상권,3110821,보라매역 2번,6552,3216,3336,768,722,1103,1219,1011,1729,420,356,537,641,496,766,348,366,566,578,515,963,2845,0,2845
20231,A,골목상권,3110822,신대방삼거리역 4번(대림초등학교),5124,2467,2657,577,706,902,834,858,1247,288,391,420,383,422,563,289,315,482,451,436,684,2074,0,2074
20231,A,골목상권,3110823,신대방삼거리역 3번,3347,1649,1698,317,364,733,558,500,875,181,194,333,291,231,419,136,170,400,267,269,456,1582,0,1582
20231,A,골목상권,3110824,대방역 3번,518,251,267,66,55,140,79,85,93,34,24,66,42,49,36,32,31,74,37,36,57,297,0,297
20231,A,골목상권,3110825,신대방삼거리역 1번,8895,4304,4591,913,877,1863,1596,1202,2444,478,432,879,818,580,1117,435,445,984,778,622,1327,4103,0,4103
20231,A,골목상권,3110826,장승배기역 4번,4270,2092,2178,348,400,1021,723,557,1221,173,204,511,389,264,551,175,196,510,334,293,670,2170,0,2170
20231,A,골목상권,3110827,NH농협은행 상도동지점,2352,1171,1181,199,263,409,381,389,711,100,141,206,202,196,326,99,122,203,179,193,385,1163,0,1163
20231,A,골목상권,3110828,노량진역 6번,7794,3977,3817,514,865,1459,1059,1213,2684,278,439,818,584,622,1236,236,426,641,475,591,1448,3954,0,3954
20231,A,골목상권,3110829,장승배기역 5번,3301,1655,1646,216,334,565,391,563,1232,114,183,289,210,297,562,102,151,276,181,266,670,1627,0,1627
20231,A,골목상권,3110830,상도초등학교,4589,2268,2321,456,417,676,766,710,1564,242,222,346,412,360,686,214,195,330,354,350,878,2166,0,2166
20231,A,골목상권,3110835,상도역 1번,1187,557,630,101,121,321,166,128,350,46,65,151,83,58,154,55,56,170,83,70,196,595,0,595
20231,A,골목상권,3110831,상도4동주민센터,2614,1294,1320,335,282,470,447,404,676,178,156,232,228,202,298,157,126,238,219,202,378,1052,0,1052
20231,A,골목상권,3110832,노량진초등학교,3203,1648,1555,209,307,618,428,475,1166,95,156,382,239,258,518,114,151,236,189,217,648,1832,0,1832
20231,A,골목상권,3110833,상도역 2번,2057,1007,1050,212,242,499,350,263,491,118,112,252,181,133,211,94,130,247,169,130,280,983,0,983
20231,A,골목상권,3110834,동작구자원봉사센터,1044,560,484,78,108,284,163,138,273,38,52,179,99,79,113,40,56,105,64,59,160,588,0,588
20231,A,골목상권,3110836,상도역 5번,9006,4589,4417,877,1446,2237,1287,1060,2099,469,710,1308,659,504,939,408,736,929,628,556,1160,4631,0,4631
20231,A,골목상권,3110837,숭실대입구역 1번,4190,2068,2122,348,547,1115,633,472,1075,181,250,590,330,232,485,167,297,525,303,240,590,2182,0,2182
20231,A,골목상권,3110838,상도1동주민센터앞,105,60,45,3,13,28,14,15,32,2,7,18,8,11,14,1,6,10,6,4,18,61,0,61
20231,A,골목상권,3110839,숭실대입구역 4번,1966,1019,947,130,305,594,244,186,507,66,145,364,120,92,232,64,160,230,124,94,275,1111,0,1111
20231,A,골목상권,3110840,중앙대학교,2040,1035,1005,157,284,520,263,246,570,76,132,324,139,120,244,81,152,196,124,126,326,1125,0,1125
20231,A,골목상권,3110841,중대부중,2378,1172,1206,152,228,387,372,369,870,78,112,212,203,184,383,74,116,175,169,185,487,1155,0,1155
20231,A,골목상권,3110842,흑리단길,564,251,313,50,60,91,72,88,203,23,27,39,33,42,87,27,33,52,39,46,116,296,0,296
20231,A,골목상권,3110843,사당5동주민센터,1751,844,907,192,174,340,316,253,476,110,85,143,166,129,211,82,89,197,150,124,265,934,0,934
20231,A,골목상권,3110844,흑석2치안센터,923,458,465,74,80,140,141,140,348,42,41,80,78,69,148,32,39,60,63,71,200,430,0,430
20231,A,골목상권,3110845,사당종합체육관,1728,845,883,223,191,208,291,276,539,113,101,107,156,137,231,110,90,101,135,139,308,656,0,656
20231,A,골목상권,3110846,남성역 1번,8784,4256,4528,815,864,1586,1558,1270,2691,418,421,779,814,628,1196,397,443,807,744,642,1495,4065,0,4065
20231,A,골목상권,3110847,예술인마을,4390,2167,2223,391,390,913,769,547,1380,216,225,449,393,245,639,175,165,464,376,302,741,1801,0,1801
20231,A,골목상권,3110848,양지어린이공원,4937,2356,2581,497,448,1022,923,673,1374,250,227,472,474,327,606,247,221,550,449,346,768,2257,0,2257
20231,A,골목상권,3110849,이수역 10번,3953,1945,2008,312,355,755,649,612,1270,159,184,389,320,313,580,153,171,366,329,299,690,2000,0,2000
20231,A,골목상권,3110850,사당역 10번,8052,3855,4197,567,657,2250,1377,934,2267,317,324,1046,707,446,1015,250,333,1204,670,488,1252,4312,0,4312
20231,A,골목상권,3110851,경문고등학교(동작동성당),3500,1719,1781,296,339,584,540,525,1216,145,200,295,285,248,546,151,139,289,255,277,670,1565,0,1565
20231,A,골목상권,3110852,이수역 9번,1866,887,979,123,139,402,319,268,615,68,74,160,181,135,269,55,65,242,138,133,346,1073,0,1073
20231,A,골목상권,3110853,KT구로지사,2045,1088,957,152,121,623,369,266,514,81,53,338,222,147,247,71,68,285,147,119,267,1253,0,1253
20231,A,골목상권,3110854,조원동주민센터,2214,1144,1070,212,217,390,417,326,652,110,101,220,233,167,313,102,116,170,184,159,339,1057,0,1057
20231,A,골목상권,3110855,신대방역 2번,4326,2140,2186,328,397,1214,790,564,1033,165,168,594,410,300,503,163,229,620,380,264,530,2555,0,2555
20231,A,골목상권,3110856,미성초등학교,3964,1960,2004,390,379,751,631,606,1207,196,174,395,355,299,541,194,205,356,276,307,666,1946,0,1946
20231,A,골목상권,3110857,미성동주민센터,5001,2552,2449,518,567,697,781,833,1605,286,303,376,416,426,745,232,264,321,365,407,860,2165,0,2165
20231,A,골목상권,3110858,신대방역 1번,803,395,408,57,70,227,129,108,212,32,30,106,58,64,105,25,40,121,71,44,107,478,0,478
20231,A,골목상권,3110859,난향초등학교,3305,1704,1601,318,367,406,495,531,1188,151,201,219,277,305,551,167,166,187,218,226,637,1482,0,1482
20231,A,골목상권,3110860,호림박물관(성보고등학교),2239,1110,1129,119,313,608,365,326,508,59,132,317,204,151,247,60,181,291,161,175,261,1329,0,1329
20231,A,골목상권,3110861,관악구신사동주민센터,7384,3718,3666,629,835,1600,1213,1263,1844,330,427,833,645,614,869,299,408,767,568,649,975,3668,0,3668
20231,A,골목상권,3110862,난곡초등학교(난곡동벽화마을),2392,1185,1207,215,259,394,357,388,779,97,125,215,181,196,371,118,134,179,176,192,408,1094,0,1094
20231,A,골목상권,3110863,난우초등학교,4371,2206,2165,497,540,583,664,742,1345,249,293,306,355,367,636,248,247,277,309,375,709,1768,0,1768
20231,A,골목상권,3110864,신림우방아파트,5109,2576,2533,492,562,1020,850,770,1415,257,282,549,425,387,676,235,280,471,425,383,739,2491,0,2491
20231,A,골목상권,3110865,남강고등학교(남강중학교),9533,4766,4767,1018,1168,1336,1392,1715,2904,532,600,720,750,833,1331,486,568,616,642,882,1573,3960,0,3960
20231,A,골목상권,3110866,난우중학교,5150,2631,2519,508,563,686,786,807,1800,272,283,385,435,416,840,236,280,301,351,391,960,2270,0,2270
20231,A,골목상권,3110867,국제신학대학원대학교(남서울중학교),3398,1712,1686,232,300,870,560,431,1005,114,146,460,315,205,472,118,154,410,245,226,533,1838,0,1838
20231,A,골목상권,3110868,남부초등학교,3111,1602,1509,261,319,668,499,461,903,140,170,369,275,229,419,121,149,299,224,232,484,1532,0,1532
20231,A,골목상권,3110869,"신림역 5번(신림동주민센터, 신림동별빛거리)",10494,5254,5240,479,953,4207,1949,1014,1892,257,387,2137,1099,525,849,222,566,2070,850,489,1043,7439,0,7439
20231,A,골목상권,3110870,신림주공2단지(광신고등학교),2327,1168,1159,181,227,256,348,400,915,98,117,143,192,201,417,83,110,113,156,199,498,936,0,936
20231,A,골목상권,3110871,신원동주민센터,1957,971,986,130,183,457,301,267,619,64,94,250,165,126,272,66,89,207,136,141,347,1023,0,1023
20231,A,골목상권,3110872,신림초등학교,2895,1430,1465,286,328,565,518,409,789,149,171,306,260,211,333,137,157,259,258,198,456,1386,0,1386
20231,A,골목상권,3110873,당곡중학교,4993,2495,2498,475,547,857,815,799,1500,251,293,443,416,404,688,224,254,414,399,395,812,2316,0,2316
20231,A,골목상권,3110874,원신초등학교(구세군관악영문교회),3303,1679,1624,179,262,376,417,536,1533,89,123,227,244,321,675,90,139,149,173,215,858,1734,0,1734
20231,A,골목상권,3110875,보라매동주민센터(당곡고등학교),3019,1512,1507,288,289,573,537,456,876,138,150,319,284,215,406,150,139,254,253,241,470,1449,0,1449
20231,A,골목상권,3110876,서원동주민센터(신관중학교),2916,1485,1431,155,245,1036,542,302,636,79,116,561,298,152,279,76,129,475,244,150,357,1899,0,1899
20231,A,골목상권,3110877,신림역 8번,3188,1649,1539,101,308,1354,539,285,601,55,109,709,321,171,284,46,199,645,218,114,317,2385,0,2385
20231,A,골목상권,3110878,미림여고,1998,1022,976,204,215,314,301,340,624,110,117,163,167,174,291,94,98,151,134,166,333,790,0,790
20231,A,골목상권,3110879,신림현대아파트,1784,959,825,108,157,297,251,309,662,68,77,163,162,177,312,40,80,134,89,132,350,1039,0,1039
20231,A,골목상권,3110880,신림역 1번,1419,703,716,90,132,437,256,160,344,50,56,240,131,70,156,40,76,197,125,90,188,866,0,866
20231,A,골목상권,3110881,구립대학경로당(관악산샘말공원),9588,6116,3472,437,1037,3103,1809,1328,1874,241,531,2148,1299,956,941,196,506,955,510,372,933,6910,0,6910
20231,A,골목상권,3110882,신성초등학교,5168,2995,2173,329,529,1493,952,716,1149,173,271,948,616,429,558,156,258,545,336,287,591,3239,0,3239
20231,A,골목상권,3110883,은천초등학교(은천교앞),4525,2275,2250,403,384,882,789,633,1434,205,197,463,448,336,626,198,187,419,341,297,808,2210,0,2210
20231,A,골목상권,3110884,봉천역 4번(봉천110안전센터),1189,576,613,83,112,327,169,149,349,42,52,145,97,73,167,41,60,182,72,76,182,660,0,660
20231,A,골목상권,3110885,영락고등학교,6068,3189,2879,492,634,1516,1034,796,1596,256,326,850,594,425,738,236,308,666,440,371,858,3201,0,3201
20231,A,골목상권,3110886,관악해태어린이공원,3250,2111,1139,117,402,1415,552,301,463,73,208,986,409,206,229,44,194,429,143,95,234,2507,0,2507
20231,A,골목상권,3110887,서울산업정보학교(서울삼성초등학교),1703,1054,649,98,199,648,270,166,322,51,117,467,178,97,144,47,82,181,92,69,178,1218,0,1218
20231,A,골목상권,3110888,청룡동주민센터,1357,708,649,72,100,225,212,235,513,46,44,109,106,146,257,26,56,116,106,89,256,889,0,889
20231,A,골목상권,3110889,봉천역 6번,2316,1164,1152,203,205,576,396,282,654,112,108,292,204,143,305,91,97,284,192,139,349,1129,0,1129
20231,A,골목상권,3110890,봉천역 1번(관악초등학교),3044,1466,1578,165,317,1102,490,333,637,80,150,518,267,162,289,85,167,584,223,171,348,1927,0,1927
20231,A,골목상권,3110891,구암초등학교,983,489,494,95,118,121,143,168,338,43,58,73,71,97,147,52,60,48,72,71,191,409,0,409
20231,A,골목상권,3110892,관악구 중앙길,11827,5825,6002,881,1159,2939,1791,1603,3454,459,540,1484,970,820,1552,422,619,1455,821,783,1902,6163,0,6163
20231,A,골목상권,3110893,관악소방서(문영여고),292,145,147,17,50,96,45,36,48,8,19,51,23,20,24,9,31,45,22,16,24,188,0,188
20231,A,골목상권,3110894,관악동부센트레빌아파트(은천로35라길),1703,832,871,217,168,270,334,242,472,113,86,137,163,115,218,104,82,133,171,127,254,694,0,694
20231,A,골목상권,3110895,샤로수길,9132,4648,4484,684,1011,2923,1389,1045,2080,365,461,1568,761,543,950,319,550,1355,628,502,1130,5418,0,5418
20231,A,골목상권,3110896,관악우성아파트,222,115,107,23,25,31,36,33,74,13,14,19,18,18,33,10,11,12,18,15,41,108,0,108
20231,A,골목상권,3110897,서울대입구역 8번,5445,2717,2728,368,494,1410,800,701,1672,177,245,720,436,369,770,191,249,690,364,332,902,3057,0,3057
20231,A,골목상권,3110898,청림동주민센터(상도중학교),2605,1303,1302,325,283,326,391,424,856,159,145,199,204,219,377,166,138,127,187,205,479,1007,0,1007
20231,A,골목상권,3110899,낙성대역 5번(관악중학교),3172,1513,1659,155,232,1282,598,281,624,80,90,607,322,144,270,75,142,675,276,137,354,2129,0,2129
20231,A,골목상권,3110900,낙성대역 1번(관악구민 종합체육센터),6613,3335,3278,512,611,2338,1116,733,1303,246,307,1184,628,384,586,266,304,1154,488,349,717,3926,0,3926
20231,A,골목상권,3110901,인헌고등학교(인헌중학교),5321,2566,2755,524,567,1001,932,828,1469,275,290,489,449,398,665,249,277,512,483,430,804,2327,0,2327
20231,A,골목상권,3110902,사당역 4번,9327,4431,4896,794,814,2483,1568,1105,2563,400,359,1186,812,506,1168,394,455,1297,756,599,1395,4595,0,4595
20231,A,골목상권,3110903,방배아이파크아파트,4273,1955,2318,466,667,602,638,886,1014,238,266,283,287,412,469,228,401,319,351,474,545,1673,0,1673
20231,A,골목상권,3110904,이수역 5번,902,421,481,93,106,162,138,129,274,46,46,68,64,62,135,47,60,94,74,67,139,365,0,365
20231,A,골목상권,3110905,방배노인종합복지관(이수중학교),4142,1966,2176,504,518,696,668,661,1095,250,261,335,328,306,486,254,257,361,340,355,609,1601,0,1601
20231,A,골목상권,3110906,서문여고,1209,535,674,156,191,171,198,226,267,67,70,84,84,109,121,89,121,87,114,117,146,457,0,457
20231,A,골목상권,3110907,방배초등학교,3382,1521,1861,493,474,477,585,600,753,234,182,204,277,277,347,259,292,273,308,323,406,1310,0,1310
20231,A,골목상권,3110908,구반포역,85,47,38,12,17,3,8,27,18,7,9,3,3,14,11,5,8,0,5,13,7,25,0,25
20231,A,골목상권,3110909,남태령역(서울전자고등학교),769,380,389,60,98,115,101,111,284,31,45,68,53,51,132,29,53,47,48,60,152,325,0,325
20231,A,골목상권,3110910,내방역 5번,2373,1061,1312,306,221,494,512,357,483,142,93,199,236,174,217,164,128,295,276,183,266,1070,0,1070
20231,A,골목상권,3110911,방배배수지체육공원,29,14,15,2,5,8,2,3,9,1,2,4,1,1,5,1,3,4,1,2,4,15,0,15
20231,A,골목상권,3110912,방배동사이길,359,163,196,59,30,54,69,60,87,30,13,21,36,27,36,29,17,33,33,33,51,147,0,147
20231,A,골목상권,3110913,방현초등학교(방배119안전센터),4942,2345,2597,410,663,828,764,800,1477,200,326,417,377,364,661,210,337,411,387,436,816,2062,0,2062
20231,A,골목상권,3110914,내방역 6번,234,121,113,19,35,48,36,40,56,11,19,25,18,21,27,8,16,23,18,19,29,99,0,99
20231,A,골목상권,3110915,서래초등학교,1494,687,807,266,176,200,234,244,374,122,92,82,100,112,179,144,84,118,134,132,195,507,0,507
20231,A,골목상권,3110916,내방역 4번,3749,1760,1989,433,402,729,747,532,906,223,215,302,377,233,410,210,187,427,370,299,496,1614,0,1614
20231,A,골목상권,3110917,서초소방서,851,406,445,128,95,135,137,154,202,69,49,57,59,73,99,59,46,78,78,81,103,319,0,319
20231,A,골목상권,3110918,방배역 3번,2876,1347,1529,289,387,485,516,449,750,149,222,207,236,193,340,140,165,278,280,256,410,1180,0,1180
20231,A,골목상권,3110919,내방역 8번,2558,1237,1321,326,346,358,379,467,682,175,191,156,165,219,331,151,155,202,214,248,351,899,0,899
20231,A,골목상권,3110920,방배역 2번(백석예술대학교),152,75,77,20,22,32,21,25,32,11,12,13,11,11,17,9,10,19,10,14,15,58,0,58
20231,A,골목상권,3110921,서울프랑스학교,1174,537,637,177,124,176,205,179,313,86,64,86,73,82,146,91,60,90,132,97,167,427,0,427
20231,A,골목상권,3110922,내방역 1번,2568,1261,1307,298,260,535,482,380,613,168,146,250,239,177,281,130,114,285,243,203,332,1076,0,1076
20231,A,골목상권,3110923,방배역 1번,492,228,264,46,66,81,74,76,149,22,30,39,36,35,66,24,36,42,38,41,83,183,0,183
20231,A,골목상권,3110924,반포4동주민센터(몽마르뜨공원),2203,1012,1191,290,232,342,389,348,602,151,113,143,177,160,268,139,119,199,212,188,334,963,0,963
20231,A,골목상권,3110925,서초중학교,3146,1528,1618,329,449,499,504,588,777,166,265,225,246,275,351,163,184,274,258,313,426,1193,0,1193
20231,A,골목상권,3110926,신중초등학교,3535,1702,1833,424,509,545,508,636,913,218,298,246,238,291,411,206,211,299,270,345,502,1343,0,1343
20231,A,골목상권,3110927,잠원역,121,46,75,13,7,17,19,15,50,5,3,6,6,5,21,8,4,11,13,10,29,60,0,60
20231,A,골목상권,3110928,서초우방유쉘아파트,452,230,222,39,37,109,69,51,147,19,18,58,38,26,71,20,19,51,31,25,76,213,0,213
20231,A,골목상권,3110929,남부터미널역 1번,4523,2273,2250,642,522,700,814,692,1153,328,288,353,429,337,538,314,234,347,385,355,615,1786,0,1786
20231,A,골목상권,3110930,서초동성당,1776,875,901,264,219,277,291,289,436,136,124,131,137,149,198,128,95,146,154,140,238,653,0,653
20231,A,골목상권,3110931,삼성전자서울R&D(서울우면초등학교),147,69,78,15,14,16,22,17,63,8,7,9,10,9,26,7,7,7,12,8,37,61,0,61
20231,A,골목상권,3110932,서울시인재개발원,654,310,344,106,68,108,148,97,127,49,33,57,74,45,52,57,35,51,74,52,75,272,0,272
20231,A,골목상권,3110933,한국상담대학원대학교,481,247,234,97,50,63,84,87,100,57,28,28,39,46,49,40,22,35,45,41,51,148,0,148
20231,A,골목상권,3110934,우면주공아파트,3084,1509,1575,332,315,513,558,381,985,176,169,277,290,186,411,156,146,236,268,195,574,1286,0,1286
20231,A,골목상권,3110935,한전아트센터,1161,588,573,172,138,174,202,195,280,91,86,86,106,88,131,81,52,88,96,107,149,438,0,438
20231,A,골목상권,3110936,더케이호텔(양재리본타워2단지아파트),892,448,444,97,71,174,182,122,246,50,45,85,93,60,115,47,26,89,89,62,131,402,0,402
20231,A,골목상권,3110937,방아다리근린공원(횃불트리니티신학대학원대학교),326,163,163,30,24,46,31,33,162,17,11,20,15,19,81,13,13,26,16,14,81,121,0,121
20231,A,골목상권,3110938,바우뫼공원,690,335,355,77,60,135,125,97,196,45,29,58,65,46,92,32,31,77,60,51,104,306,0,306
20231,A,골목상권,3110939,양재역 8번(양재동우체국),6221,2973,3248,649,489,1378,1214,805,1686,337,241,668,601,370,756,312,248,710,613,435,930,2921,0,2921
20231,A,골목상권,3110940,양재근린공원(양재2동주민센터),1204,591,613,154,116,253,245,182,254,72,54,131,125,95,114,82,62,122,120,87,140,532,0,532
20231,A,골목상권,3110941,언남고등학교,973,496,477,100,96,191,188,145,253,51,54,95,103,72,121,49,42,96,85,73,132,436,0,436
20231,A,골목상권,3110942,염곡동 구룡사(포이동성당),8851,4329,4522,1078,884,1807,1696,1366,2020,539,449,903,858,682,898,539,435,904,838,684,1122,3916,0,3916
20231,A,골목상권,3110943,법제교육센터(버들어린이공원),1664,864,800,187,161,355,351,263,347,94,97,187,193,132,161,93,64,168,158,131,186,768,0,768
20231,A,골목상권,3110944,서울나래학교(염곡어린이공원),538,265,273,54,45,90,66,65,218,26,17,56,34,28,104,28,28,34,32,37,114,235,0,235
20231,A,골목상권,3110945,본마을노인복지센터(서초구립내곡도서관),372,191,181,22,35,51,42,65,157,8,17,28,22,33,83,14,18,23,20,32,74,166,0,166
20231,A,골목상권,3110946,청계산원터골,77,45,32,6,0,12,10,11,38,4,0,8,7,6,20,2,0,4,3,5,18,38,0,38
20231,A,골목상권,3110947,청계산입구역 2번(내곡동주민센터),336,183,153,34,17,33,51,40,161,22,14,16,30,23,78,12,3,17,21,17,83,149,0,149
20231,A,골목상권,3110948,헌인가구단지,159,85,74,7,4,19,17,20,92,5,1,10,8,13,48,2,3,9,9,7,44,76,0,76
20231,A,골목상권,3110949,한남IC,613,281,332,68,69,133,123,103,117,33,37,54,54,47,56,35,32,79,69,56,61,297,0,297
20231,A,골목상권,3110950,논현역 7번,822,383,439,90,72,124,163,116,257,46,30,57,77,46,127,44,42,67,86,70,130,314,0,314
20231,A,골목상권,3110951,신사은행나무공원,1055,466,589,104,92,282,209,137,231,56,41,112,93,66,98,48,51,170,116,71,133,550,0,550
20231,A,골목상권,3110952,논현목련공원,925,408,517,56,75,283,218,101,192,35,34,118,96,43,82,21,41,165,122,58,110,566,0,566
20231,A,골목상권,3110953,학동근린공원,912,403,509,98,83,175,166,120,270,46,41,76,64,53,123,52,42,99,102,67,147,401,0,401
20231,A,골목상권,3110954,국기원,483,242,241,25,28,163,115,52,100,9,22,75,58,25,53,16,6,88,57,27,47,300,0,300
20231,A,골목상권,3110955,논현초등학교,7070,3285,3785,474,548,2063,1677,849,1459,233,271,913,796,427,645,241,277,1150,881,422,814,4140,0,4140
20231,A,골목상권,3110956,언주역 8번,573,267,306,57,36,133,132,65,150,19,15,69,58,36,70,38,21,64,74,29,80,324,0,324
20231,A,골목상권,3110957,언북중학교,1907,855,1052,158,149,452,462,267,419,81,67,183,216,131,177,77,82,269,246,136,242,1064,0,1064
20231,A,골목상권,3110958,역삼역 4번,825,427,398,59,48,245,195,98,180,28,24,119,103,62,91,31,24,126,92,36,89,482,0,482
20231,A,골목상권,3110959,신구중학교,361,165,196,58,42,44,74,57,86,33,18,14,42,25,33,25,24,30,32,32,53,159,0,159
20231,A,골목상권,3110960,은광여고,678,340,338,62,51,219,141,80,125,28,24,102,82,45,59,34,27,117,59,35,66,396,0,396
20231,A,골목상권,3110961,언주역 3번,2098,956,1142,171,143,578,493,258,455,87,67,243,223,127,209,84,76,335,270,131,246,1154,0,1154
20231,A,골목상권,3110962,도산공원북측,28,11,17,3,4,8,6,3,4,3,0,4,1,1,2,0,4,4,5,2,2,17,0,17
20231,A,골목상권,3110963,역삼월드메르디앙아파트,1866,877,989,194,168,412,405,253,434,110,90,167,198,123,189,84,78,245,207,130,245,875,0,875
20231,A,골목상권,3110964,싸리고개근린공원,959,443,516,130,109,110,149,144,317,49,53,45,67,73,156,81,56,65,82,71,161,393,0,393
20231,A,골목상권,3110965,언주역 6번,2376,1026,1350,177,149,733,632,290,395,82,60,288,262,150,184,95,89,445,370,140,211,1514,0,1514
20231,A,골목상권,3110966,논현2동주민센터,2647,1183,1464,241,269,590,537,347,663,122,124,234,255,158,290,119,145,356,282,189,373,1314,0,1314
20231,A,골목상권,3110967,역삼역 8번,1326,598,728,99,81,383,354,164,245,50,32,163,160,80,113,49,49,220,194,84,132,855,0,855
20231,A,골목상권,3110968,강남구청역 2번,567,262,305,43,51,124,142,85,122,19,24,59,66,38,56,24,27,65,76,47,66,290,0,290
20231,A,골목상권,3110969,베르사이유1아파트,1391,679,712,107,117,343,349,213,262,48,57,159,175,116,124,59,60,184,174,97,138,787,0,787
20231,A,골목상권,3110970,학동초등학교,852,389,463,86,97,184,172,123,190,42,57,74,69,61,86,44,40,110,103,62,104,422,0,422
20231,A,골목상권,3110971,선정릉역 4번,3781,1684,2097,213,291,1103,971,501,702,99,131,468,443,244,299,114,160,635,528,257,403,2357,0,2357
20231,A,골목상권,3110972,강남세브란스병원미래의학연구센터,2073,957,1116,212,193,460,429,288,491,107,88,194,196,149,223,105,105,266,233,139,268,1009,0,1009
20231,A,골목상권,3110973,강남구청역 4번,2417,1124,1293,397,299,338,475,391,517,210,153,132,205,194,230,187,146,206,270,197,287,920,0,920
20231,A,골목상권,3110974,언주중학교,1418,653,765,130,182,303,313,238,252,68,93,121,137,116,118,62,89,182,176,122,134,714,0,714
20231,A,골목상권,3110975,매봉역 1번,929,435,494,100,113,157,116,136,307,54,57,69,51,63,141,46,56,88,65,73,166,350,0,350
20231,A,골목상권,3110976,언북초등학교,2077,957,1120,216,237,440,383,334,467,107,117,192,189,156,196,109,120,248,194,178,271,979,0,979
20231,A,골목상권,3110977,논현로18길,728,354,374,62,99,138,95,147,187,32,42,70,52,69,89,30,57,68,43,78,98,318,0,318
20231,A,골목상권,3110978,도곡2동주민센터(대치중학교),282,125,157,6,17,32,41,55,131,3,9,13,16,25,59,3,8,19,25,30,72,190,0,190
20231,A,골목상권,3110979,청담초등학교,1114,532,582,189,151,118,143,201,312,97,82,50,58,91,154,92,69,68,85,110,158,345,0,345
20231,A,골목상권,3110980,개포지구대옆,2531,1233,1298,336,322,362,478,434,599,185,159,176,225,205,283,151,163,186,253,229,316,1008,0,1008
20231,A,골목상권,3110981,국악고교사거리,2055,1003,1052,245,307,318,346,425,414,124,162,150,177,195,195,121,145,168,169,230,219,821,0,821
20231,A,골목상권,3110982,강남구보훈회관,841,377,464,100,104,160,165,132,180,46,58,66,67,60,80,54,46,94,98,72,100,385,0,385
20231,A,골목상권,3110983,국립국악고등학교,2786,1348,1438,324,391,328,500,565,678,165,191,152,240,284,316,159,200,176,260,281,362,1183,0,1183
20231,A,골목상권,3110984,포이초등학교(개포목련어린이공원),4410,2215,2195,571,564,730,786,779,980,300,306,367,413,376,453,271,258,363,373,403,527,1818,0,1818
20231,A,골목상권,3110985,청담근린공원,1031,497,534,92,125,187,174,180,273,50,67,95,87,83,115,42,58,92,87,97,158,445,0,445
20231,A,골목상권,3110986,삼성중앙역 7번,734,338,396,76,68,151,195,103,141,40,35,70,84,47,62,36,33,81,111,56,79,389,0,389
20231,A,골목상권,3110987,영동대교남단,505,242,263,60,72,80,69,80,144,30,37,35,33,35,72,30,35,45,36,45,72,184,0,184
20231,A,골목상권,3110988,청담역 3번,1347,673,674,149,184,175,188,215,436,83,117,89,82,100,202,66,67,86,106,115,234,462,0,462
20231,A,골목상권,3110989,대치동아우편취급국,1499,686,813,120,198,348,339,244,250,56,94,151,150,118,117,64,104,197,189,126,133,792,0,792
20231,A,골목상권,3110990,청담역 12번,157,77,80,13,20,36,19,25,44,7,10,20,10,10,20,6,10,16,9,15,24,67,0,67
20231,A,골목상권,3110991,삼성중앙역 5번,341,165,176,33,31,60,55,52,110,20,20,26,26,23,50,13,11,34,29,29,60,140,0,140
20231,A,골목상권,3110992,도곡초등학교,8225,3886,4339,735,1542,1256,1332,1835,1525,395,827,587,560,824,693,340,715,669,772,1011,832,3596,0,3596
20231,A,골목상권,3110993,개포지하차도 북측,236,107,129,28,25,45,44,31,63,17,15,19,14,13,29,11,10,26,30,18,34,110,0,110
20231,A,골목상권,3110994,개포고등학교,1848,928,920,196,238,262,270,293,589,108,134,144,131,129,282,88,104,118,139,164,307,772,0,772
20231,A,골목상권,3110995,봉은사역 4번,2831,1382,1449,360,414,421,431,500,705,170,244,209,199,225,335,190,170,212,232,275,370,1006,0,1006
20231,A,골목상권,3110996,대치2동주민센터,1387,701,686,105,248,123,165,335,411,65,155,60,76,159,186,40,93,63,89,176,225,650,0,650
20231,A,골목상권,3110997,대청초등학교,7646,3808,3838,839,1015,1452,1066,1294,1980,458,593,665,526,625,941,381,422,787,540,669,1039,3266,0,3266
20231,A,골목상권,3110998,은곡마을(은곡마을공원),225,106,119,50,15,35,49,32,44,19,12,17,23,16,19,31,3,18,26,16,25,82,0,82
20231,A,골목상권,3110999,윗방죽마을공원,2348,1105,1243,166,149,796,523,277,437,78,75,321,280,152,199,88,74,475,243,125,238,1513,0,1513
20231,A,골목상권,3111000,대왕초등학교(세곡동사거리서남측),416,199,217,52,41,52,54,55,162,23,22,29,26,27,72,29,19,23,28,28,90,175,0,175
20231,A,골목상권,3111001,아래방죽마을공원(율현초등학교),814,387,427,175,58,108,186,82,205,83,29,58,93,34,90,92,29,50,93,48,115,266,0,266
20231,A,골목상권,3111003,삼전역 4번,11562,5503,6059,1301,1345,2239,2351,1741,2585,665,647,1034,1156,821,1180,636,698,1205,1195,920,1405,5041,0,5041
20231,A,골목상권,3111004,삼전역 1번,10291,4856,5435,911,1051,2265,1996,1569,2499,498,534,1025,958,734,1107,413,517,1240,1038,835,1392,5262,0,5262
20231,A,골목상권,3111005,삼전역 3번,9342,4577,4765,1092,1027,1801,1801,1436,2185,555,549,867,920,685,1001,537,478,934,881,751,1184,4076,0,4076
20231,A,골목상권,3111006,석촌고분역 1번,9335,4356,4979,980,917,1856,1980,1367,2235,503,466,823,956,635,973,477,451,1033,1024,732,1262,4352,0,4352
20231,A,골목상권,3111007,석촌고분역 4번,8691,4241,4450,1080,918,1633,1795,1295,1970,551,527,778,902,612,871,529,391,855,893,683,1099,3803,0,3803
20231,A,골목상권,3111008,석촌고분역 3번,5167,2549,2618,588,532,942,924,814,1367,291,290,470,478,391,629,297,242,472,446,423,738,2177,0,2177
20231,A,골목상권,3111009,송파책박물관,1250,643,607,113,159,202,206,204,366,65,89,104,116,103,166,48,70,98,90,101,200,517,0,517
20231,A,골목상권,3111010,석촌역 7번,9772,4595,5177,1076,797,2267,2070,1253,2309,567,396,994,1017,598,1023,509,401,1273,1053,655,1286,4653,0,4653
20231,A,골목상권,3111011,잠실나루역,328,167,161,64,42,32,64,48,78,35,27,13,29,24,39,29,15,19,35,24,39,101,0,101
20231,A,골목상권,3111012,석촌역 6번,6850,3364,3486,776,674,1190,1250,1118,1842,386,354,577,632,566,849,390,320,613,618,552,993,3165,0,3165
20231,A,골목상권,3111013,송파나루역 1번(송리단길),9152,4325,4827,990,818,2039,1845,1202,2258,483,404,913,902,576,1047,507,414,1126,943,626,1211,4191,0,4191
20231,A,골목상권,3111014,송파나루역 2번,3551,1717,1834,334,304,753,681,486,993,165,174,349,364,228,437,169,130,404,317,258,556,1662,0,1662
20231,A,골목상권,3111015,석촌역 3번,10674,5103,5571,1097,1151,2217,1943,1623,2643,540,559,1032,979,758,1235,557,592,1185,964,865,1408,4757,0,4757
20231,A,골목상권,3111016,송파역 2번,3633,1735,1898,403,527,548,500,620,1035,194,253,274,258,300,456,209,274,274,242,320,579,1441,0,1441
20231,A,골목상권,3111017,송파나루역 3번,1086,527,559,110,122,189,191,181,293,52,62,96,96,80,141,58,60,93,95,101,152,470,0,470
20231,A,골목상권,3111018,풍납초등학교(풍납백제문화공원),952,508,444,125,112,114,171,145,285,66,68,69,97,79,129,59,44,45,74,66,156,367,0,367
20231,A,골목상권,3111019,한성백제역 3번,8922,4344,4578,1086,1012,1552,1566,1344,2362,602,529,753,758,612,1090,484,483,799,808,732,1272,3545,0,3545
20231,A,골목상권,3111020,방이동고분군(방산고등학교),656,334,322,69,116,106,85,125,155,43,63,58,40,52,78,26,53,48,45,73,77,233,0,233
20231,A,골목상권,3111021,방이역 4번,9517,4621,4896,1201,1321,1347,1567,1694,2387,589,679,662,751,821,1119,612,642,685,816,873,1268,3650,0,3650
20231,A,골목상권,3111022,석촌중학교(방이육교),2863,1447,1416,303,409,480,425,488,758,168,238,239,220,212,370,135,171,241,205,276,388,1082,0,1082
20231,A,골목상권,3111023,문정역 1번,2201,1101,1100,196,253,452,391,360,549,97,124,232,212,174,262,99,129,220,179,186,287,1004,0,1004
20231,A,골목상권,3111024,경찰병원역 4번(건너말공원),1605,813,792,170,207,294,277,267,390,93,113,150,142,149,166,77,94,144,135,118,224,688,0,688
20231,A,골목상권,3111025,경찰병원역 3번,3177,1579,1598,307,370,749,534,483,734,165,194,339,298,231,352,142,176,410,236,252,382,1336,0,1336
20231,A,골목상권,3111026,문정역 2번,4486,2219,2267,595,492,791,772,692,1144,314,238,421,392,330,524,281,254,370,380,362,620,1758,0,1758
20231,A,골목상권,3111027,문정초등학교,5390,2660,2730,614,640,1043,874,889,1330,308,326,528,472,413,613,306,314,515,402,476,717,2229,0,2229
20231,A,골목상권,3111028,문현중학교(장지역 1번),1734,848,886,176,197,316,304,278,463,95,94,149,158,141,211,81,103,167,146,137,252,759,0,759
20231,A,골목상권,3111029,오금역 4번,1254,630,624,104,132,186,173,227,432,54,67,92,93,108,216,50,65,94,80,119,216,630,0,630
20231,A,골목상권,3111030,방이역 2번,1695,830,865,160,246,270,222,308,489,82,133,134,93,152,236,78,113,136,129,156,253,673,0,673
20231,A,골목상권,3111031,장지동주민센터(한림연예예술고교),3682,1814,1868,472,503,496,574,657,980,244,242,267,273,330,458,228,261,229,301,327,522,1440,0,1440
20231,A,골목상권,3111032,방이역 1번,1872,908,964,189,267,299,224,301,592,100,135,157,101,129,286,89,132,142,123,172,306,648,0,648
20231,A,골목상권,3111033,문정동성당,703,349,354,87,83,106,135,108,184,37,44,55,73,57,83,50,39,51,62,51,101,306,0,306
20231,A,골목상권,3111034,오동나무공원(송파레미니스1단지),3817,1897,1920,459,525,570,569,704,990,236,280,284,282,340,475,223,245,286,287,364,515,1441,0,1441
20231,A,골목상권,3111035,오금공원(오주중학교),3963,1981,1982,471,510,580,596,717,1089,248,263,293,312,361,504,223,247,287,284,356,585,1529,0,1529
20231,A,골목상권,3111036,투구봉어린이공원,1368,684,684,158,196,214,225,240,335,76,100,117,124,114,153,82,96,97,101,126,182,496,0,496
20231,A,골목상권,3111037,Sh수협은행 오금동금융센터(아랫말어린이공원),537,295,242,56,54,83,86,108,150,30,35,47,43,57,83,26,19,36,43,51,67,234,0,234
20231,A,골목상권,3111038,보인중학교,2669,1334,1335,354,350,357,412,473,723,204,183,172,208,226,341,150,167,185,204,247,382,997,0,997
20231,A,골목상권,3111039,벌말어린이공원,1887,987,900,192,248,277,293,338,539,99,134,158,169,164,263,93,114,119,124,174,276,767,0,767
20231,A,골목상권,3111040,거여초등학교,2546,1262,1284,261,351,370,355,472,737,133,187,203,174,215,350,128,164,167,181,257,387,923,0,923
20231,A,골목상권,3111041,거여역 8번,288,156,132,20,32,36,37,43,120,11,15,21,22,26,61,9,17,15,15,17,59,138,0,138
20231,A,골목상권,3111042,거여역 1번(거여공원),5600,2883,2717,584,703,702,842,1028,1741,308,377,393,419,539,847,276,326,309,423,489,894,2350,0,2350
20231,A,골목상권,3111043,마천공원,2741,1436,1305,285,339,393,439,489,796,154,205,220,237,245,375,131,134,173,202,244,421,1013,0,1013
20231,A,골목상권,3111044,남천초등학교,5301,2683,2618,574,590,646,796,934,1761,284,325,342,428,489,815,290,265,304,368,445,946,2247,0,2247
20231,A,골목상권,3111045,개미어린이공원,2557,1284,1273,274,302,325,398,433,825,118,173,183,210,233,367,156,129,142,188,200,458,1070,0,1070
20231,A,골목상권,3111046,마천역(마천초등학교),10304,5230,5074,1068,1052,1198,1579,1717,3690,544,545,632,816,932,1761,524,507,566,763,785,1929,4623,0,4623
20231,A,골목상권,3111047,마천1치안센터,2809,1469,1340,253,298,306,381,500,1071,126,147,172,218,285,521,127,151,134,163,215,550,1295,0,1295
20231,A,골목상권,3111048,천호역 1번(천호문구완구거리),2502,1237,1265,171,196,423,362,400,950,71,105,219,200,216,426,100,91,204,162,184,524,1262,0,1262
20231,A,골목상권,3111049,천호지구대(천호동자전거거리),3521,1826,1695,394,339,510,566,569,1143,217,175,271,300,307,556,177,164,239,266,262,587,1562,0,1562
20231,A,골목상권,3111050,강동구청(강동구청역 2번),1106,534,572,159,112,172,188,161,314,82,59,80,89,77,147,77,53,92,99,84,167,420,0,420
20231,A,골목상권,3111051,천호역 6번,6263,3109,3154,523,576,1078,973,1026,2087,266,287,536,525,533,962,257,289,542,448,493,1125,3038,0,3038
20231,A,골목상권,3111052,암사역 3번(천호동자전거거리),4815,2414,2401,654,437,849,909,743,1223,322,213,390,515,390,584,332,224,459,394,353,639,2111,0,2111
20231,A,골목상권,3111053,성내천어린이공원(하니사랑길),3839,1871,1968,534,425,563,694,577,1046,271,235,296,331,275,463,263,190,267,363,302,583,1387,0,1387
20231,A,골목상권,3111054,암사역 4번(삼성광나루아파트),393,189,204,50,27,58,80,46,132,21,15,30,38,25,60,29,12,28,42,21,72,162,0,162
20231,A,골목상권,3111055,선사초등학교,103,60,43,13,17,12,14,19,28,11,11,9,7,10,12,2,6,3,7,9,16,40,0,40
20231,A,골목상권,3111056,천호태영아파트,411,207,204,14,21,123,104,74,75,8,10,52,46,47,44,6,11,71,58,27,31,315,0,315
20231,A,골목상권,3111057,천호공원(해공체육문화센터),3883,1993,1890,364,404,498,532,669,1416,181,230,266,283,338,695,183,174,232,249,331,721,1799,0,1799
20231,A,골목상권,3111058,성내중학교,1635,810,825,204,189,285,290,255,412,104,97,137,152,132,188,100,92,148,138,123,224,631,0,631
20231,A,골목상권,3111059,강동역 4번(강풀만화거리),11657,5873,5784,1167,1062,2035,2035,1707,3651,631,540,1044,1074,845,1739,536,522,991,961,862,1912,5336,0,5336
20231,A,골목상권,3111060,암사역 2번(서울강동초등학교),9658,4824,4834,1121,995,1477,1635,1551,2879,583,541,754,865,769,1312,538,454,723,770,782,1567,4057,0,4057
20231,A,골목상권,3111061,암사역 1번,9628,4750,4878,1059,976,1440,1747,1521,2885,523,538,706,933,753,1297,536,438,734,814,768,1588,4279,0,4279
20231,A,골목상권,3111062,둔촌동역 3번(성내3동주민센터),3392,1729,1663,473,423,435,584,591,886,263,237,245,287,287,410,210,186,190,297,304,476,1275,0,1275
20231,A,골목상권,3111063,강동구립 천호도서관,5742,2947,2795,500,471,983,846,923,2019,246,253,512,482,498,956,254,218,471,364,425,1063,2866,0,2866
20231,A,골목상권,3111064,둔촌동역 4번,2476,1240,1236,274,335,350,432,424,661,143,192,186,228,213,278,131,143,164,204,211,383,999,0,999
20231,A,골목상권,3111065,천일초등학교,2673,1391,1282,226,312,363,369,469,934,114,165,204,209,246,453,112,147,159,160,223,481,1223,0,1223
20231,A,골목상권,3111066,암사동성당(효정하나플러스아파트),5397,2711,2686,589,579,824,899,907,1599,294,321,424,464,463,745,295,258,400,435,444,854,2293,0,2293
20231,A,골목상권,3111067,강동구립성내도서관,9505,4678,4827,1073,891,1686,1790,1373,2692,552,506,811,932,678,1199,521,385,875,858,695,1493,4097,0,4097
20231,A,골목상권,3111068,강동성심병원,386,187,199,59,19,95,89,58,66,34,9,37,48,29,30,25,10,58,41,29,36,152,0,152
20231,A,골목상권,3111069,천호1동주민센터,5164,2658,2506,479,533,697,792,890,1773,258,273,364,427,473,863,221,260,333,365,417,910,2496,0,2496
20231,A,골목상권,3111070,천호초등학교,2407,1189,1218,302,241,343,384,372,765,148,123,171,204,191,352,154,118,172,180,181,413,1026,0,1026
20231,A,골목상권,3111071,천동초등학교,1018,515,503,119,94,165,173,135,332,65,52,82,95,63,158,54,42,83,78,72,174,381,0,381
20231,A,골목상권,3111072,굽은다리역 1번(십자성마을),7213,3605,3608,875,823,1067,1191,1062,2195,455,420,550,641,519,1020,420,403,517,550,543,1175,2771,0,2771
20231,A,골목상권,3111073,둔촌동역 1번(한산중학교),7458,3688,3770,878,889,1141,1140,1256,2154,473,439,596,562,600,1018,405,450,545,578,656,1136,3026,0,3026
20231,A,골목상권,3111074,명일역 1번,2307,1124,1183,320,252,335,406,345,649,164,124,176,208,165,287,156,128,159,198,180,362,847,0,847
20231,A,골목상권,3111075,굽은다리역 2번,4718,2349,2369,461,521,703,656,739,1638,217,264,390,355,357,766,244,257,313,301,382,872,1959,0,1959
20231,A,골목상권,3111076,둔촌2동주민센터,1743,898,845,149,204,250,246,302,592,80,102,136,142,149,289,69,102,114,104,153,303,846,0,846
20231,A,골목상권,3111077,길동주민센터(강동도서관),11358,5637,5721,1309,1147,1759,1965,1764,3414,701,597,869,1010,867,1593,608,550,890,955,897,1821,4732,0,4732
20231,A,골목상권,3111078,굽은다리역 4번,10272,5040,5232,1043,1233,1645,1625,1616,3110,549,634,809,845,783,1420,494,599,836,780,833,1690,4142,0,4142
20231,A,골목상권,3111079,둔촌고등학교(둔촌중학교),1969,981,988,193,248,311,268,325,624,100,134,154,148,166,279,93,114,157,120,159,345,805,0,805
20231,A,골목상권,3111080,굽은다리역 3번,3247,1574,1673,385,444,447,452,551,968,205,216,241,221,253,438,180,228,206,231,298,530,1185,0,1185
20231,A,골목상권,3111081,둔촌푸르지오아파트,284,140,144,14,50,41,29,59,91,5,31,22,14,28,40,9,19,19,15,31,51,115,0,115
20231,A,골목상권,3111082,중앙보훈병원,1250,610,640,155,167,176,182,196,374,87,79,97,89,93,165,68,88,79,93,103,209,469,0,469
20231,A,골목상권,3111083,GS강동자이아파트,3443,1725,1718,404,413,503,563,583,977,205,217,258,302,287,456,199,196,245,261,296,521,1315,0,1315
20231,A,골목상권,3111084,길동신동아아파트,1100,531,569,173,164,135,174,190,264,89,88,63,77,85,129,84,76,72,97,105,135,349,0,349
20231,A,골목상권,3111085,묘곡초등학교(고덕아이파크아파트),5017,2602,2415,480,688,676,602,915,1656,245,387,381,322,465,802,235,301,295,280,450,854,1978,0,1978
20231,A,골목상권,3111086,한영중고,2818,1392,1426,332,473,313,355,553,792,174,262,168,170,263,355,158,211,145,185,290,437,1094,0,1094
20231,A,골목상권,3111087,고덕중학교(고덕2동주민센터),2973,1575,1398,251,378,374,361,550,1059,130,219,220,200,288,518,121,159,154,161,262,541,1304,0,1304
20231,A,골목상권,3111088,고덕동성당,2415,1236,1179,214,260,303,298,427,913,107,152,169,157,227,424,107,108,134,141,200,489,1060,0,1060
20231,A,골목상권,3111089,상일여고(상일초등학교),4387,2269,2118,440,557,662,531,803,1394,238,280,371,288,401,691,202,277,291,243,402,703,1761,0,1761
20231,A,골목상권,3111090,강일동주민센터,604,322,282,27,45,172,141,95,124,17,15,88,86,49,67,10,30,84,55,46,57,486,0,486
20233,A,골목상권,3110044,관성묘,259,119,140,23,29,54,46,37,70,12,13,29,25,15,25,11,16,25,21,22,45,130,0,130
20233,A,골목상권,3110408,가인초등학교,817,386,431,103,125,129,105,154,201,52,62,66,50,64,92,51,63,63,55,90,109,649,0,649
20233,A,골목상권,3110409,창동역 2번,2979,1490,1489,262,366,482,427,522,920,138,191,243,220,246,452,124,175,239,207,276,468,1286,0,1286
20233,A,골목상권,3110410,방학역 2번,2578,1346,1232,175,258,454,412,441,838,96,130,239,237,226,418,79,128,215,175,215,420,1650,0,1650
20233,A,골목상권,3110411,도봉역 3번,1676,883,793,174,170,197,212,261,662,95,91,113,133,140,311,79,79,84,79,121,351,768,0,768
