기준_년분기_코드,상권_구분_코드,상권_구분_코드_명,상권배후지_코드,상권배후지_코드_명,총_상주인구_수,남성_상주인구_수,여성_상주인구_수,연령대_10_상주인구_수,연령대_20_상주인구_수,연령대_30_상주인구_수,연령대_40_상주인구_수,연령대_50_상주인구_수,연령대_60_이상_상주인구_수,남성연령대_10_상주인구_수,남성연령대_20_상주인구_수,남성연령대_30_상주인구_수,남성연령대_40_상주인구_수,남성연령대_50_상주인구_수,남성연령대_60_이상_상주인구_수,여성연령대_10_상주인구_수,여성연령대_20_상주인구_수,여성연령대_30_상주인구_수,여성연령대_40_상주인구_수,여성연령대_50_상주인구_수,여성연령대_60_이상_상주인구_수,총_가구_수,아파트_가구_수,비_아파트_가구_수
20231,A,골목상권,3110019,창덕궁,1793,1101,692,90,103,207,238,339,816,55,51,127,137,234,497,35,52,80,101,105,319,1225,0,1225
20231,A,골목상권,3110001,이북5도청사,3152,1528,1624,387,418,372,391,541,1043,202,215,206,180,233,492,185,203,166,211,308,551,1134,0,1134
20231,A,골목상권,3110008,배화여자대학교(박노수미술관),11592,5363,6229,1524,1322,1592,1998,1934,3222,794,620,750,899,908,1392,730,702,842,1099,1026,1830,4836,0,4836
20231,A,골목상권,3110009,자하문터널,3472,1701,1771,337,413,448,499,636,1139,201,232,239,218,296,515,136,181,209,281,340,624,1494,0,1494
20231,A,골목상권,3110006,부암동주민센터,2063,1023,1040,196,239,241,269,370,748,116,143,126,121,179,338,80,96,115,148,191,410,869,0,869
20231,A,골목상권,3110010,평창동서측,8009,3781,4228,961,1003,1008,1077,1423,2537,506,515,505,482,634,1139,455,488,503,595,789,1398,3067,0,3067
20231,A,골목상권,3110002,독립문역 1번,6821,3201,3620,948,816,720,997,1234,2106,456,377,342,461,620,945,492,439,378,536,614,1161,2467,0,2467
20231,A,골목상권,3110007,사직공원(한국사회과학도서관),9521,4411,5110,1192,1050,1227,1437,1633,2982,590,499,562,671,778,1311,602,551,665,766,855,1671,3920,0,3920
20231,A,골목상권,3110003,세검정초등학교,8082,3919,4163,951,1158,1048,1026,1525,2374,489,595,565,457,691,1122,462,563,483,569,834,1252,2970,0,2970
20231,A,골목상권,3110004,대신고등학교,9019,4224,4795,1095,1040,977,1303,1607,2997,529,500,466,608,806,1315,566,540,511,695,801,1682,3794,0,3794
20231,A,골목상권,3110005,세검정,6443,3097,3346,697,863,849,884,1180,1970,372,457,439,394,545,890,325,406,410,490,635,1080,2547,0,2547
20231,A,골목상권,3110011,청운초등학교,1400,707,693,203,211,143,222,264,357,118,139,68,90,123,169,85,72,75,132,141,188,487,0,487
20231,A,골목상권,3110012,성곡미술관,7945,3620,4325,1087,729,1099,1341,1259,2430,561,340,479,581,566,1093,526,389,620,760,693,1337,3346,0,3346
20231,A,골목상권,3110013,체부동홍종문가옥,4051,1870,2181,397,428,595,633,676,1322,213,199,279,282,323,574,184,229,316,351,353,748,1872,0,1872
20231,A,골목상권,3110014,경복고등학교,3618,1729,1889,492,508,442,594,656,926,269,289,207,254,295,415,223,219,235,340,361,511,1460,0,1460
20231,A,골목상권,3110015,청와대사랑채,3471,1594,1877,383,434,404,555,630,1065,200,227,179,240,283,465,183,207,225,315,347,600,1514,0,1514
20231,A,골목상권,3110016,평창동동측,4742,2300,2442,525,580,572,622,829,1614,291,311,305,291,372,730,234,269,267,331,457,884,1767,0,1767
20231,A,골목상권,3110017,정독도서관,3445,1608,1837,311,320,403,523,552,1336,168,161,194,248,266,571,143,159,209,275,286,765,1647,0,1647
20231,A,골목상권,3110018,중앙고등학교,4775,2221,2554,463,521,605,753,825,1608,239,253,288,345,399,697,224,268,317,408,426,911,2134,0,2134
20231,A,골목상권,3110020,서울국제고등학교,10554,5314,5240,949,1484,2247,1429,1483,2962,470,716,1360,717,747,1304,479,768,887,712,736,1658,5355,0,5355
20231,A,골목상권,3110021,성균관대학교,7627,3668,3959,691,1257,1804,1001,1017,1857,358,536,979,471,503,821,333,721,825,530,514,1036,4058,0,4058
20231,A,골목상권,3110022,경신고등학교,11741,5570,6171,1277,1691,2131,1761,1882,2999,627,806,1119,803,906,1309,650,885,1012,958,976,1690,5464,0,5464
20231,A,골목상권,3110023,서울대병원,2161,1006,1155,170,171,543,331,277,669,83,87,253,160,128,295,87,84,290,171,149,374,1261,0,1261
20231,A,골목상권,3110024,혜회동주민센터,7621,3550,4071,863,1084,1431,1134,1220,1889,427,525,715,498,568,817,436,559,716,636,652,1072,3502,0,3502
20231,A,골목상권,3110025,충신시장옆,4658,2457,2201,263,600,808,553,818,1616,126,358,433,302,423,815,137,242,375,251,395,801,2644,0,2644
20231,A,골목상권,3110026,종로5가역 4번,2402,1397,1005,115,369,313,255,426,924,56,256,186,160,239,500,59,113,127,95,187,424,1445,0,1445
20231,A,골목상권,3110027,혜화역 1번,7546,3633,3913,594,843,1471,1096,1228,2314,278,402,719,572,618,1044,316,441,752,524,610,1270,3662,0,3662
20231,A,골목상권,3110028,이화달팽이길,14361,7320,7041,998,1857,2253,1816,2729,4708,504,991,1190,1015,1392,2228,494,866,1063,801,1337,2480,6817,0,6817
20231,A,골목상권,3110029,동대문역 1번,21304,10986,10318,1616,2610,2908,2689,4162,7319,833,1436,1581,1431,2206,3499,783,1174,1327,1258,1956,3820,9878,0,9878
20231,A,골목상권,3110030,동대문역 3번,7717,4014,3703,527,788,1017,902,1526,2957,274,422,582,464,833,1439,253,366,435,438,693,1518,3927,0,3927
20231,A,골목상권,3110031,창신역 1번,11232,5554,5678,1396,1288,1573,1677,1928,3370,718,692,813,820,937,1574,678,596,760,857,991,1796,4211,0,4211
20231,A,골목상권,3110032,수족관거리,1528,896,632,34,81,194,153,244,822,15,39,113,92,150,487,19,42,81,61,94,335,1123,0,1123
20231,A,골목상권,3110033,창신역 4번,10505,5220,5285,962,1214,1492,1452,1955,3430,488,636,798,743,974,1581,474,578,694,709,981,1849,4509,0,4509
20231,A,골목상권,3110034,창신1동주민센터,3698,1868,1830,291,248,695,677,509,1278,134,103,354,347,283,647,157,145,341,330,226,631,2088,0,2088
20231,A,골목상권,3110035,동묘앞역 2번,13895,6977,6918,1010,1444,2500,1976,2423,4542,523,682,1260,1050,1274,2188,487,762,1240,926,1149,2354,7183,0,7183
20231,A,골목상권,3110036,동묘앞역 3번,7667,3878,3789,551,625,1673,1290,1177,2351,275,272,812,664,660,1195,276,353,861,626,517,1156,4356,0,4356
20231,A,골목상권,3110037,신설동역 12번,9421,4670,4751,761,960,1489,1411,1647,3153,392,472,761,742,825,1478,369,488,728,669,822,1675,4546,0,4546
20231,A,골목상권,3110038,경향신문사,106,56,50,18,6,11,21,15,35,8,3,9,11,9,16,10,3,2,10,6,19,58,0,58
20231,A,골목상권,3110039,회현역 1번,3288,1636,1652,236,242,377,421,451,1561,116,101,190,225,227,777,120,141,187,196,224,784,1825,0,1825
20231,A,골목상권,3110040,중구회현체육센터(정화예술대남산캠퍼스),4273,2090,2183,338,326,508,591,587,1923,167,147,264,314,287,911,171,179,244,277,300,1012,2273,0,2273
20231,A,골목상권,3110041,남산케이블카,3112,1505,1607,267,232,429,483,480,1221,131,117,226,246,247,538,136,115,203,237,233,683,1637,0,1637
20231,A,골목상권,3110042,남산골공원옆,2703,1378,1325,206,241,466,364,395,1031,102,119,268,202,216,471,104,122,198,162,179,560,1428,0,1428
20231,A,골목상권,3110043,충무초등학교,4779,2491,2288,388,608,1199,680,630,1274,194,257,701,386,336,617,194,351,498,294,294,657,2748,0,2748
20231,A,골목상권,3110044,관성묘,4032,2094,1938,270,514,928,524,539,1257,139,219,565,290,290,591,131,295,363,234,249,666,2411,0,2411
20231,A,골목상권,3110045,동대문역사문화공원역 5번,3185,1669,1516,171,308,522,440,482,1262,89,138,292,254,270,626,82,170,230,186,212,636,1892,0,1892
20231,A,골목상권,3110046,버티고개,10937,5339,5598,943,1141,1744,1702,1727,3680,508,600,912,865,842,1612,435,541,832,837,885,2068,4885,0,4885
20231,A,골목상권,3110047,다산성곽길,10357,5021,5336,863,1153,1733,1544,1731,3333,456,597,894,759,851,1464,407,556,839,785,880,1869,4758,0,4758
20231,A,골목상권,3110048,장충동주민센터,10607,5208,5399,926,1202,1851,1531,1758,3339,460,581,964,808,859,1536,466,621,887,723,899,1803,5016,0,5016
20231,A,골목상권,3110049,장충단 고개,7283,3478,3805,734,777,1485,1135,1148,2004,376,366,701,562,558,915,358,411,784,573,590,1089,3456,0,3456
20231,A,골목상권,3110050,약수역 7번,15666,7512,8154,1423,1433,2258,2385,2429,5738,720,748,1130,1210,1215,2489,703,685,1128,1175,1214,3249,6995,0,6995
20231,A,골목상권,3110051,한양공고앞 교차로,7488,3811,3677,546,807,1203,1037,1383,2512,257,423,665,577,724,1165,289,384,538,460,659,1347,3700,0,3700
20231,A,골목상권,3110052,장충초등학교,11066,5346,5720,1018,1234,2101,1677,1842,3194,492,611,1024,853,911,1455,526,623,1077,824,931,1739,5263,0,5263
20231,A,골목상권,3110053,청구역 1번,10890,5466,5424,949,1162,1744,1605,1956,3474,457,598,937,849,1023,1602,492,564,807,756,933,1872,5129,0,5129
20231,A,골목상권,3110054,청구역 3번,12765,6191,6574,1410,1329,2220,2069,2014,3723,715,696,1056,1023,994,1707,695,633,1164,1046,1020,2016,5668,0,5668
20231,A,골목상권,3110055,황학동벼룩시장,6571,3350,3221,836,441,1010,1137,955,2192,428,234,515,588,508,1077,408,207,495,549,447,1115,3073,0,3073
20231,A,골목상권,3110056,신당역 3번,24765,12145,12620,2816,2609,3537,3837,4290,7676,1415,1339,1731,1980,2156,3524,1401,1270,1806,1857,2134,4152,10384,0,10384
20231,A,골목상권,3110057,황학코아루아파트,7958,3949,4009,704,716,1419,1224,1314,2581,357,340,642,669,713,1228,347,376,777,555,601,1353,4272,0,4272
20231,A,골목상권,3110058,성심여자고등학교,17012,8053,8959,2391,1920,2180,2877,2901,4743,1106,905,1044,1417,1433,2148,1285,1015,1136,1460,1468,2595,6557,0,6557
20231,A,골목상권,3110059,새남터성지,8283,3931,4352,1042,700,1112,1314,1254,2861,543,351,539,677,622,1199,499,349,573,637,632,1662,3408,0,3408
20231,A,골목상권,3110060,효창공원앞역 6번,17092,8236,8856,2215,1827,2349,2876,2796,5029,1095,934,1170,1435,1388,2214,1120,893,1179,1441,1408,2815,6811,0,6811
20231,A,골목상권,3110061,효창동주민센터,17194,8309,8885,2228,1899,2662,2802,2782,4821,1158,972,1248,1424,1329,2178,1070,927,1414,1378,1453,2643,6631,0,6631
20231,A,골목상권,3110062,한강로동땡땡거리(은행나무길),6604,3257,3347,832,547,934,1109,970,2212,432,300,490,560,498,977,400,247,444,549,472,1235,2767,0,2767
20231,A,골목상권,3110063,효창공원앞역 5번,9340,4703,4637,1167,835,1444,1629,1382,2883,614,456,745,857,722,1309,553,379,699,772,660,1574,4198,0,4198
20231,A,골목상권,3110064,효창공원앞역 2번,10918,5150,5768,1078,1278,1944,1775,1645,3198,563,596,906,867,794,1424,515,682,1038,908,851,1774,5087,0,5087
20231,A,골목상권,3110065,남정초등학교,4651,2400,2251,607,383,698,820,658,1485,350,202,366,447,353,682,257,181,332,373,305,803,2129,0,2129
20231,A,골목상권,3110066,서울역 15번,10947,5550,5397,1088,1268,1813,1711,2020,3047,566,673,966,912,1012,1421,522,595,847,799,1008,1626,5080,0,5080
20231,A,골목상권,3110067,배문고등학교,21336,10580,10756,1839,2703,3719,3212,3702,6161,972,1318,1864,1668,1893,2865,867,1385,1855,1544,1809,3296,10406,0,10406
20231,A,골목상권,3110068,남영역 1번,12653,6087,6566,1422,1316,2449,2263,1784,3419,752,599,1101,1149,914,1572,670,717,1348,1114,870,1847,6229,0,6229
20231,A,골목상권,3110069,숙대입구,13162,6294,6868,1090,1705,2630,2018,1963,3756,553,706,1183,1034,1043,1775,537,999,1447,984,920,1981,7039,0,7039
20231,A,골목상권,3110070,용산세무서,4971,2388,2583,818,447,667,791,782,1466,408,230,335,371,381,663,410,217,332,420,401,803,1926,0,1926
20231,A,골목상권,3110071,한강미주맨션아파트,10037,4721,5316,1885,942,1061,1753,1648,2748,942,491,489,771,814,1214,943,451,572,982,834,1534,3560,0,3560
20231,A,골목상권,3110072,열정도,6350,3088,3262,955,506,1196,1338,867,1488,481,254,527,675,437,714,474,252,669,663,430,774,2960,0,2960
20231,A,골목상권,3110073,삼각지역 3번,3393,1648,1745,303,248,682,611,462,1087,168,138,305,297,235,505,135,110,377,314,227,582,1903,0,1903
20231,A,골목상권,3110074,서울역 12번,10348,5829,4519,925,922,1467,1538,1845,3651,506,502,819,860,1124,2018,419,420,648,678,721,1633,5592,0,5592
20231,A,골목상권,3110075,숙대입구역 1번,9001,4860,4141,701,858,1296,1349,1599,3198,391,469,684,747,922,1647,310,389,612,602,677,1551,5032,0,5032
20231,A,골목상권,3110076,삼각지역 14번,1280,667,613,88,71,225,208,182,506,46,40,123,117,100,241,42,31,102,91,82,265,737,0,737
20231,A,골목상권,3110077,삼광초등학교,11119,5676,5443,1154,1181,1635,1810,1938,3401,613,652,887,935,1015,1574,541,529,748,875,923,1827,5389,0,5389
20231,A,골목상권,3110078,이촌동점보아파트,11621,5407,6214,2099,1391,1193,1806,2177,2955,1055,666,535,784,1028,1339,1044,725,658,1022,1149,1616,3836,0,3836
20231,A,골목상권,3110079,후암동주민센터,19346,10148,9198,1925,1888,2648,3012,3353,6520,989,1000,1402,1586,1847,3324,936,888,1246,1426,1506,3196,9658,0,9658
20231,A,골목상권,3110080,해방촌예술마을,13820,6721,7099,1292,1489,2111,2167,2291,4470,652,773,1073,1132,1114,1977,640,716,1038,1035,1177,2493,6380,0,6380
20231,A,골목상권,3110081,해방촌 남동측,14502,6856,7646,1222,1323,2255,2285,2239,5178,606,666,1119,1159,1071,2235,616,657,1136,1126,1168,2943,7098,0,7098
20231,A,골목상권,3110083,서빙고역 1번,6249,3043,3206,800,963,631,923,1358,1574,400,503,312,425,695,708,400,460,319,498,663,866,2362,0,2362
20231,A,골목상권,3110084,경리단길북측,12111,5554,6557,1115,1014,1970,2039,1832,4141,533,506,949,981,854,1731,582,508,1021,1058,978,2410,5951,0,5951
20231,A,골목상권,3110085,경리단길남측,8139,3815,4324,886,675,1335,1361,1192,2690,421,340,679,653,573,1149,465,335,656,708,619,1541,3926,0,3926
20231,A,골목상권,3110082,용산구청,4192,1944,2248,249,300,750,622,631,1640,127,151,400,322,301,643,122,149,350,300,330,997,2413,0,2413
20231,A,골목상권,3110086,이태원역 북측,6188,2973,3215,652,515,1025,1060,943,1993,313,258,540,518,460,884,339,257,485,542,483,1109,3155,0,3155
20231,A,골목상권,3110087,이태원엔틱가구거리,7751,3668,4083,543,630,1341,1140,1216,2881,296,342,709,574,575,1172,247,288,632,566,641,1709,4151,0,4151
20231,A,골목상권,3110088,오산고등학교,12878,6253,6625,1348,1729,1555,1986,2689,3571,711,911,823,929,1340,1539,637,818,732,1057,1349,2032,5534,0,5534
20231,A,골목상권,3110089,서빙고동주민센터,9133,4525,4608,1080,1338,998,1458,1888,2371,560,690,544,693,975,1063,520,648,454,765,913,1308,3611,0,3611
20231,A,골목상권,3110090,한국폴리텍대학서울정수캠퍼스,11680,5532,6148,971,1288,1678,1791,2249,3703,517,695,877,827,1081,1535,454,593,801,964,1168,2168,5572,0,5572
20231,A,골목상권,3110091,리움미술관,3235,1502,1733,162,178,556,572,527,1240,80,89,280,293,248,512,82,89,276,279,279,728,2090,0,2090
20231,A,골목상권,3110092,NH농협은행 보광동지점,17812,8748,9064,1375,1703,2803,2815,3097,6019,764,915,1558,1436,1515,2560,611,788,1245,1379,1582,3459,8962,0,8962
20231,A,골목상권,3110093,우사단길,19890,9718,10172,1394,1675,3342,3248,3329,6902,747,885,1829,1715,1669,2873,647,790,1513,1533,1660,4029,10800,0,10800
20231,A,골목상권,3110094,오산중학교,4658,2230,2428,334,426,637,741,860,1660,192,237,332,372,404,693,142,189,305,369,456,967,2469,0,2469
20231,A,골목상권,3110095,한강진역 3번,7014,3281,3733,533,446,1233,1383,1136,2283,262,217,614,698,550,940,271,229,619,685,586,1343,4043,0,4043
20231,A,골목상권,3110096,한남힐사이드아파트,2169,988,1181,260,172,377,481,320,559,143,85,158,237,136,229,117,87,219,244,184,330,1009,0,1009
20231,A,골목상권,3110097,한남초등학교,2178,985,1193,270,132,453,566,317,440,145,61,185,273,130,191,125,71,268,293,187,249,1154,0,1154
20231,A,골목상권,3110098,서울독일학교,3618,1674,1944,521,290,586,683,572,966,255,155,268,300,245,451,266,135,318,383,327,515,1585,0,1585
20231,A,골목상권,3110099,유엔빌리지길,8520,4055,4465,1141,701,1292,1552,1332,2502,587,361,598,740,623,1146,554,340,694,812,709,1356,3655,0,3655
20231,A,골목상권,3110100,옥수동우편취급국,5990,2844,3146,872,537,944,1086,903,1648,418,274,474,525,411,742,454,263,470,561,492,906,2325,0,2325
20231,A,골목상권,3110101,옥정중학교,9827,4691,5136,1373,848,1426,1735,1509,2936,670,435,704,851,714,1317,703,413,722,884,795,1619,3815,0,3815
20231,A,골목상권,3110102,옥수역 6번,15231,7225,8006,2611,1242,2258,3099,2180,3841,1322,638,988,1517,1035,1725,1289,604,1270,1582,1145,2116,5727,0,5727
20231,A,골목상권,3110103,옥수터널,10029,4768,5261,1670,856,1451,2108,1484,2460,844,437,646,1006,736,1099,826,419,805,1102,748,1361,3853,0,3853
20231,A,골목상권,3110104,신금호역 4번,19114,9294,9820,2527,1879,2740,3439,2975,5554,1312,959,1343,1737,1478,2465,1215,920,1397,1702,1497,3089,7772,0,7772
20231,A,골목상권,3110105,금동어린이공원,21139,10339,10800,2582,2134,2869,3645,3363,6546,1330,1103,1467,1851,1716,2872,1252,1031,1402,1794,1647,3674,8580,0,8580
20231,A,골목상권,3110106,금북초등학교,14481,7054,7427,1522,1525,1882,2169,2389,4994,793,769,951,1114,1215,2212,729,756,931,1055,1174,2782,5670,0,5670
20231,A,골목상권,3110107,금호사거리,9902,4847,5055,1209,932,1290,1711,1573,3187,633,481,657,872,818,1386,576,451,633,839,755,1801,4194,0,4194
20231,A,골목상권,3110108,성동구립금호도서관,17107,8233,8874,2422,1657,2313,3118,2687,4910,1223,837,1096,1588,1332,2157,1199,820,1217,1530,1355,2753,6442,0,6442
20231,A,골목상권,3110109,금호삼성래미안아파트,15805,7618,8187,2400,1576,2023,3034,2502,4270,1234,804,971,1491,1246,1872,1166,772,1052,1543,1256,2398,5896,0,5896
20231,A,골목상권,3110110,상왕십리역 6번,9786,4809,4977,893,1091,1693,1457,1660,2992,438,553,840,729,836,1413,455,538,853,728,824,1579,4320,0,4320
20231,A,골목상권,3110111,대현산장미원,11708,5643,6065,1655,1335,1478,2056,1989,3195,855,679,702,1001,941,1465,800,656,776,1055,1048,1730,4173,0,4173
20231,A,골목상권,3110112,행당역 2번,16832,8157,8675,2289,1976,2183,2811,2924,4649,1109,983,1104,1347,1440,2174,1180,993,1079,1464,1484,2475,6802,0,6802
20231,A,골목상권,3110113,응봉산,9414,4493,4921,1352,1115,1109,1607,1655,2576,717,548,525,746,783,1174,635,567,584,861,872,1402,3309,0,3309
20231,A,골목상권,3110114,왕십리파출소,11048,5429,5619,1314,1262,1719,1564,1820,3369,688,655,862,780,875,1569,626,607,857,784,945,1800,4280,0,4280
20231,A,골목상권,3110115,상왕십리역 3번,12168,5964,6204,1186,1384,2296,1816,2054,3432,620,691,1112,938,1014,1589,566,693,1184,878,1040,1843,5415,0,5415
20231,A,골목상권,3110116,청계천박물관,11940,5983,5957,1207,1322,1680,1673,1998,4060,650,696,879,890,979,1889,557,626,801,783,1019,2171,4949,0,4949
20231,A,골목상권,3110117,성동구보건소,10645,5330,5315,1040,1152,1670,1491,1824,3468,530,625,854,782,915,1624,510,527,816,709,909,1844,4609,0,4609
20231,A,골목상권,3110118,왕십리역 9번,9428,4595,4833,1328,1031,1501,1670,1476,2422,668,523,762,804,728,1110,660,508,739,866,748,1312,3851,0,3851
20231,A,골목상권,3110119,마장지하차도,8427,4160,4267,890,1010,1400,1160,1375,2592,443,530,681,615,676,1215,447,480,719,545,699,1377,3461,0,3461
20231,A,골목상권,3110120,서울숲카페거리,3246,1603,1643,353,336,579,525,524,929,184,158,273,281,269,438,169,178,306,244,255,491,1538,0,1538
20231,A,골목상권,3110121,한양대역 4번,2507,1276,1231,321,399,671,383,304,429,153,186,381,207,146,203,168,213,290,176,158,226,1309,0,1309
20231,A,골목상권,3110122,마장역 2번,11305,5568,5737,1424,1348,1728,1670,1833,3302,714,667,858,848,901,1580,710,681,870,822,932,1722,4364,0,4364
20231,A,골목상권,3110123,마장역 3번,13596,6877,6719,1312,1712,2354,1845,2157,4216,657,880,1269,980,1101,1990,655,832,1085,865,1056,2226,6382,0,6382
20231,A,골목상권,3110124,뚝섬역교차로,8406,4212,4194,1004,797,1580,1490,1267,2268,502,405,777,771,651,1106,502,392,803,719,616,1162,3761,0,3761
20231,A,골목상권,3110125,사근동살곶이상점가,9268,4799,4469,709,1428,2346,1107,1190,2488,357,719,1392,603,596,1132,352,709,954,504,594,1356,5026,0,5026
20231,A,골목상권,3110126,서울숲역 1번,4728,2365,2363,562,513,805,744,791,1313,280,262,415,372,389,647,282,251,390,372,402,666,2059,0,2059
20231,A,골목상권,3110127,성수1가1동주민센터,8639,4457,4182,1072,891,1499,1454,1504,2219,558,468,769,756,796,1110,514,423,730,698,708,1109,3823,0,3823
20231,A,골목상권,3110128,성원중학교,20712,10634,10078,2289,2299,3214,3289,3764,5857,1190,1177,1673,1735,1937,2922,1099,1122,1541,1554,1827,2935,8937,0,8937
20231,A,골목상권,3110129,성원어린이공원,8459,4207,4252,1021,826,1603,1558,1256,2195,527,436,776,800,626,1042,494,390,827,758,630,1153,3612,0,3612
20231,A,골목상권,3110130,답십리역 6번,10505,5402,5103,890,1154,1585,1547,1812,3517,464,587,819,865,960,1707,426,567,766,682,852,1810,4773,0,4773
20231,A,골목상권,3110131,성수동카페거리,9710,5051,4659,1063,933,1629,1594,1674,2817,523,490,837,838,920,1443,540,443,792,756,754,1374,4577,0,4577
20231,A,골목상권,3110132,성수2가3동주민센터,7074,3545,3529,751,645,1303,1175,1032,2168,378,332,650,615,519,1051,373,313,653,560,513,1117,3124,0,3124
20231,A,골목상권,3110133,서울교통공사,7840,4040,3800,717,820,1189,1257,1460,2397,358,424,610,704,796,1148,359,396,579,553,664,1249,3720,0,3720
20231,A,골목상권,3110134,성수119안전센터,15170,7864,7306,1460,1498,2326,2383,2660,4843,749,772,1243,1286,1403,2411,711,726,1083,1097,1257,2432,6832,0,6832
20231,A,골목상권,3110135,성동세무서,9068,4717,4351,814,833,1808,1492,1431,2690,410,439,927,816,769,1356,404,394,881,676,662,1334,4557,0,4557
20231,A,골목상권,3110136,경수초등학교,13153,6825,6328,1075,1277,2377,2089,2182,4153,525,658,1231,1168,1221,2022,550,619,1146,921,961,2131,6680,0,6680
20231,A,골목상권,3110137,성수초등학교,17603,8885,8718,1585,1825,4315,2867,2426,4585,796,847,2119,1562,1324,2237,789,978,2196,1305,1102,2348,9198,0,9198
20231,A,골목상권,3110138,송정체육공원,13736,7259,6477,1125,1567,2752,2099,2277,3916,588,793,1521,1171,1251,1935,537,774,1231,928,1026,1981,7178,0,7178
20231,A,골목상권,3110139,자양4동주민센터,18246,9095,9151,1905,1794,2679,2904,3107,5857,938,914,1335,1505,1616,2787,967,880,1344,1399,1491,3070,8105,0,8105
20231,A,골목상권,3110140,건대입구역 6번,17782,8830,8952,1409,1695,3172,2708,2826,5972,687,828,1569,1422,1506,2818,722,867,1603,1286,1320,3154,9138,0,9138
20231,A,골목상권,3110141,건대입구역 1번,10454,5012,5442,678,1236,3442,1657,1226,2215,348,498,1582,899,652,1033,330,738,1860,758,574,1182,6451,0,6451
20231,A,골목상권,3110142,화양사거리,17361,8521,8840,1032,2323,5886,2538,2016,3566,517,936,2881,1384,1103,1700,515,1387,3005,1154,913,1866,11201,0,11201
20231,A,골목상권,3110143,뚝섬유원지역 1번,12331,6038,6293,1883,1357,1649,2101,2022,3319,940,703,774,990,1025,1606,943,654,875,1111,997,1713,4567,0,4567
20231,A,골목상권,3110144,어린이대공원역 4번,10329,5034,5295,491,1576,3780,1363,1086,2033,245,625,1896,733,590,945,246,951,1884,630,496,1088,7093,0,7093
20231,A,골목상권,3110145,장안초등학교,4743,2331,2412,454,581,1124,684,665,1235,227,261,584,357,327,575,227,320,540,327,338,660,2406,0,2406
20231,A,골목상권,3110146,신자초등학교,19541,9608,9933,2996,2246,2862,3354,3136,4947,1521,1179,1404,1656,1518,2330,1475,1067,1458,1698,1618,2617,7153,0,7153
20231,A,골목상권,3110147,능동우편취급국,19052,9604,9448,1780,1898,3957,3256,2821,5340,953,962,1942,1739,1458,2550,827,936,2015,1517,1363,2790,9346,0,9346
20231,A,골목상권,3110148,어린이대공원역 3번,4987,2435,2552,224,781,1779,674,525,1004,107,318,908,362,282,458,117,463,871,312,243,546,3359,0,3359
20231,A,골목상권,3110149,세종대학교,6633,3166,3467,604,648,1565,1178,921,1717,313,300,705,580,469,799,291,348,860,598,452,918,3458,0,3458
20231,A,골목상권,3110150,중곡1동 마을마당,15547,7717,7830,1446,1416,3078,2658,2400,4549,753,716,1491,1407,1199,2151,693,700,1587,1251,1201,2398,7332,0,7332
20231,A,골목상권,3110151,자양한강도서관,20566,10169,10397,2622,2296,3271,3604,3371,5402,1385,1225,1618,1808,1642,2491,1237,1071,1653,1796,1729,2911,8372,0,8372
20231,A,골목상권,3110152,중곡어린이공원,9143,4560,4583,935,1009,1496,1399,1624,2680,506,519,766,724,811,1234,429,490,730,675,813,1446,4058,0,4058
20231,A,골목상권,3110153,중곡1동주민센터,12827,6291,6536,1145,1133,2630,2222,1939,3758,573,571,1218,1164,974,1791,572,562,1412,1058,965,1967,6242,0,6242
20231,A,골목상권,3110154,광진정말공원,25743,12619,13124,3007,2864,4330,4443,4170,6929,1552,1516,2138,2240,2022,3151,1455,1348,2192,2203,2148,3778,11118,0,11118
20231,A,골목상권,3110155,광진구청,16545,8006,8539,1558,1922,3552,2902,2588,4023,812,955,1654,1462,1248,1875,746,967,1898,1440,1340,2148,7964,0,7964
20231,A,골목상권,3110156,군자역 5번,14001,6567,7434,1384,1232,3569,2611,1808,3397,728,597,1532,1297,875,1538,656,635,2037,1314,933,1859,7084,0,7084
20231,A,골목상권,3110157,자양동우체국,21699,10649,11050,2758,2446,3275,3749,3545,5926,1410,1301,1599,1879,1704,2756,1348,1145,1676,1870,1841,3170,8781,0,8781
20231,A,골목상권,3110158,중곡3동주민센터,22146,11064,11082,2340,2438,3504,3465,3869,6530,1223,1245,1804,1830,1919,3043,1117,1193,1700,1635,1950,3487,9691,0,9691
20231,A,골목상권,3110159,구의역 4번,28129,13745,14384,2922,3127,5197,4766,4472,7645,1524,1591,2496,2443,2157,3534,1398,1536,2701,2323,2315,4111,12808,0,12808
20231,A,골목상권,3110160,광진경찰서,8527,4118,4409,866,1022,1686,1447,1331,2175,443,481,826,737,641,990,423,541,860,710,690,1185,3964,0,3964
20231,A,골목상권,3110161,중곡역 3번,23560,11797,11763,2465,2735,3852,3670,4066,6772,1291,1402,1949,1969,1998,3188,1174,1333,1903,1701,2068,3584,10076,0,10076
20231,A,골목상권,3110162,군자역 4번,18312,8851,9461,2043,1895,3600,3102,2790,4882,1046,978,1706,1534,1322,2265,997,917,1894,1568,1468,2617,8024,0,8024
20231,A,골목상권,3110163,성자초등학교,16032,7875,8157,2021,1847,2387,2750,2545,4482,1033,975,1182,1380,1217,2088,988,872,1205,1370,1328,2394,6431,0,6431
20231,A,골목상권,3110164,아차산역 5번,10072,4774,5298,1096,911,2312,1878,1371,2504,575,441,1033,963,645,1117,521,470,1279,915,726,1387,4744,0,4744
20231,A,골목상권,3110165,국립정신건강센터,19658,9707,9951,2104,2521,3233,2959,3517,5324,1069,1320,1610,1520,1664,2524,1035,1201,1623,1439,1853,2800,8083,0,8083
20231,A,골목상권,3110166,구의1동주민센터,21162,10114,11048,1753,2308,4576,3751,3292,5482,911,1092,2152,1874,1603,2482,842,1216,2424,1877,1689,3000,10553,0,10553
20231,A,골목상권,3110167,용마초등학교,26642,12906,13736,2878,2895,4903,4384,4236,7346,1492,1513,2304,2209,2009,3379,1386,1382,2599,2175,2227,3967,11574,0,11574
20231,A,골목상권,3110168,대원고등학교,14031,6935,7096,1522,1962,2146,2076,2623,3702,779,1010,1087,1088,1237,1734,743,952,1059,988,1386,1968,5466,0,5466
20231,A,골목상권,3110169,성동초등학교,9628,4673,4955,954,1126,1693,1516,1469,2870,485,561,837,780,660,1350,469,565,856,736,809,1520,4021,0,4021
20231,A,골목상권,3110170,동대부여고,20179,9685,10494,1834,2135,4043,3543,3180,5444,929,1043,1959,1796,1535,2423,905,1092,2084,1747,1645,3021,9646,0,9646
20231,A,골목상권,3110171,중곡4동주민센터,11779,5822,5957,1152,1533,1718,1648,2152,3576,606,816,867,882,1028,1623,546,717,851,766,1124,1953,4847,0,4847
20231,A,골목상권,3110172,광진초등학교,13676,6686,6990,1551,1617,2089,2189,2340,3890,811,796,1033,1110,1160,1776,740,821,1056,1079,1180,2114,5732,0,5732
20231,A,골목상권,3110173,구남초등학교,6057,2909,3148,687,684,1047,935,963,1741,353,335,493,467,449,812,334,349,554,468,514,929,2458,0,2458
20231,A,골목상권,3110174,아차산역 1번,25394,12382,13012,2807,2799,4005,4128,4093,7562,1482,1408,1987,2106,1998,3401,1325,1391,2018,2022,2095,4161,10498,0,10498
20231,A,골목상권,3110175,푸른동산공원,19612,9461,10151,2121,2316,3523,3398,3206,5048,1047,1168,1740,1680,1551,2275,1074,1148,1783,1718,1655,2773,8708,0,8708
20231,A,골목상권,3110176,해오름공원,23009,11364,11645,2410,2680,3473,3519,3912,7015,1270,1377,1762,1847,1929,3179,1140,1303,1711,1672,1983,3836,9459,0,9459
20231,A,골목상권,3110177,동의초등학교,13822,6783,7039,1782,1572,2001,2344,2175,3948,933,788,1028,1190,1040,1804,849,784,973,1154,1135,2144,5280,0,5280
20231,A,골목상권,3110178,장로회신학대학교,4885,2349,2536,588,635,699,692,850,1421,297,330,344,321,409,648,291,305,355,371,441,773,1874,0,1874
20231,A,골목상권,3110179,광나루역 1번,7397,3536,3861,1154,1132,851,1075,1554,1631,584,548,419,465,752,768,570,584,432,610,802,863,2525,0,2525
20231,A,골목상권,3110180,광진정보도서관,4939,2418,2521,676,575,718,735,825,1410,344,320,337,354,391,672,332,255,381,381,434,738,1877,0,1877
20231,A,골목상권,3110181,신설동역 9번,11888,5858,6030,1568,1169,2170,2204,1773,3004,781,577,1040,1096,895,1469,787,592,1130,1108,878,1535,5292,0,5292
20231,A,골목상권,3110182,용두희망어린이공원,6711,3670,3041,536,803,1596,962,925,1889,265,438,973,550,496,948,271,365,623,412,429,941,3802,0,3802
20231,A,골목상권,3110183,한국의류시험연구원,4205,2202,2003,326,385,867,706,621,1300,174,208,434,384,325,677,152,177,433,322,296,623,2308,0,2308
20231,A,골목상권,3110184,용두사거리,4761,2431,2330,365,434,942,778,730,1512,188,218,459,403,394,769,177,216,483,375,336,743,2590,0,2590
20231,A,골목상권,3110185,용두초등학교,2475,1293,1182,179,200,441,371,431,853,87,96,235,203,249,423,92,104,206,168,182,430,1331,0,1331
20231,A,골목상권,3110186,종암초등학교,6778,3509,3269,771,898,1423,1035,956,1695,398,484,845,542,483,757,373,414,578,493,473,938,3148,0,3148
20231,A,골목상권,3110187,제기동역 6번,11013,5428,5585,1133,1038,2046,1936,1656,3204,595,543,977,995,819,1499,538,495,1069,941,837,1705,5095,0,5095
20231,A,골목상권,3110188,용두동신동아아파트,13227,6573,6654,1590,1427,1914,1978,2097,4221,820,730,988,1026,1024,1985,770,697,926,952,1073,2236,5203,0,5203
20231,A,골목상권,3110189,제기동역 1번,10978,5441,5537,1208,1126,2042,1805,1579,3218,603,589,1062,904,791,1492,605,537,980,901,788,1726,5085,0,5085
20231,A,골목상권,3110190,고대앞사거리,9594,4915,4679,1078,1034,1653,1434,1428,2967,577,520,946,751,768,1353,501,514,707,683,660,1614,4424,0,4424
20231,A,골목상권,3110191,고려대역 6번,7536,3929,3607,657,748,1438,1085,1059,2549,343,382,829,607,571,1197,314,366,609,478,488,1352,3776,0,3776
20231,A,골목상권,3110192,동의보감타워,6729,3365,3364,611,507,1093,1113,991,2414,340,264,509,564,530,1158,271,243,584,549,461,1256,3427,0,3427
20231,A,골목상권,3110193,고려대역 4번,9027,4635,4392,830,933,1653,1214,1256,3141,411,482,935,649,662,1496,419,451,718,565,594,1645,4267,0,4267
20231,A,골목상권,3110194,홍파초등학교,7798,4028,3770,453,605,1098,999,1155,3488,246,331,626,588,647,1590,207,274,472,411,508,1898,4335,0,4335
20231,A,골목상권,3110195,동대문구청,9151,4721,4430,643,731,1420,1281,1391,3685,352,377,726,698,786,1782,291,354,694,583,605,1903,4959,0,4959
20231,A,골목상권,3110196,홍릉근린공원,9147,4601,4546,859,862,1251,1210,1397,3568,407,455,696,653,723,1667,452,407,555,557,674,1901,4153,0,4153
20231,A,골목상권,3110197,세종대왕기념관교차로,5462,2716,2746,492,558,825,676,832,2079,219,287,447,342,436,985,273,271,378,334,396,1094,2465,0,2465
20231,A,골목상권,3110198,동대문중앙새마을금고본점,2650,1403,1247,128,181,347,327,383,1284,63,97,184,188,231,640,65,84,163,139,152,644,1504,0,1504
20231,A,골목상권,3110199,홍릉시장,9030,4509,4521,654,767,1175,1164,1274,3996,326,407,647,637,665,1827,328,360,528,527,609,2169,4373,0,4373
20231,A,골목상권,3110200,동대문경찰서,9195,4535,4660,789,822,1191,1191,1318,3884,405,434,634,630,678,1754,384,388,557,561,640,2130,4013,0,4013
20231,A,골목상권,3110201,전농119안전센터,6505,3393,3112,503,599,722,873,1090,2718,276,329,367,493,603,1325,227,270,355,380,487,1393,3368,0,3368
20231,A,골목상권,3110202,전농1동주민센터(전농시장),7710,4016,3694,806,676,887,1147,1242,2952,437,374,455,616,685,1449,369,302,432,531,557,1503,3783,0,3783
20231,A,골목상권,3110203,떡전교사거리,10791,5380,5411,908,1009,1598,1415,1569,4292,464,519,844,766,809,1978,444,490,754,649,760,2314,4856,0,4856
20231,A,골목상권,3110204,간데메공원,18572,9187,9385,2616,1777,2430,3253,2908,5588,1320,927,1141,1685,1521,2593,1296,850,1289,1568,1387,2995,7881,0,7881
20231,A,골목상권,3110205,경희대삼거리,13680,6599,7081,1346,1922,3284,1961,1776,3391,683,820,1739,970,879,1508,663,1102,1545,991,897,1883,7074,0,7074
20231,A,골목상권,3110206,텃골근린공원,17816,8923,8893,2059,1982,2311,2754,2985,5725,1036,1014,1188,1440,1532,2713,1023,968,1123,1314,1453,3012,7705,0,7705
20231,A,골목상권,3110207,시립대앞사거리,7627,3894,3733,585,879,1239,1120,1138,2666,289,427,684,622,604,1268,296,452,555,498,534,1398,3826,0,3826
20231,A,골목상권,3110208,시조사삼거리,12738,6231,6507,1330,1564,2473,1867,1785,3719,673,701,1326,956,881,1694,657,863,1147,911,904,2025,6009,0,6009
20231,A,골목상권,3110209,답십리 장령당공원,11995,5942,6053,1600,1209,1992,2175,1851,3168,818,623,932,1144,945,1480,782,586,1060,1031,906,1688,5160,0,5160
20231,A,골목상권,3110210,서울시립대,12534,6252,6282,1026,1633,2491,1820,1736,3828,503,767,1386,984,875,1737,523,866,1105,836,861,2091,6293,0,6293
20231,A,골목상권,3110211,전곡마을마당공원,17359,8601,8758,1822,2121,2273,2590,2941,5612,912,1072,1200,1345,1465,2607,910,1049,1073,1245,1476,3005,7336,0,7336
20231,A,골목상권,3110212,답십리초등학교,17936,8850,9086,2374,1884,2501,3054,2904,5219,1177,960,1267,1552,1469,2425,1197,924,1234,1502,1435,2794,7110,0,7110
20231,A,골목상권,3110213,청량초등학교,8462,4078,4384,561,1379,2500,1085,1021,1916,271,559,1321,544,516,867,290,820,1179,541,505,1049,5098,0,5098
20231,A,골목상권,3110214,경희대후문,8050,4015,4035,603,1464,2127,894,1023,1939,308,647,1266,441,491,862,295,817,861,453,532,1077,4439,0,4439
20231,A,골목상권,3110215,회기역 1번,9383,4571,4812,662,1416,2650,1284,1178,2193,351,599,1369,656,617,979,311,817,1281,628,561,1214,5511,0,5511
20231,A,골목상권,3110216,전농중학교,11235,5502,5733,1417,1387,1292,1669,1973,3497,736,710,688,776,990,1602,681,677,604,893,983,1895,4253,0,4253
20231,A,골목상권,3110217,자동차부품상가,7526,3863,3663,708,699,1087,1276,1295,2461,369,345,556,700,711,1182,339,354,531,576,584,1279,3603,0,3603
20231,A,골목상권,3110218,답십리사거리,18737,9221,9516,2204,2042,2507,2825,3177,5982,1090,1065,1284,1431,1599,2752,1114,977,1223,1394,1578,3230,7343,0,7343
20231,A,골목상권,3110219,삼육보건대학교,14551,7305,7246,1234,2232,3410,1946,1884,3845,634,1021,1926,1053,914,1757,600,1211,1484,893,970,2088,7511,0,7511
20231,A,골목상권,3110220,외대앞역 1번,14663,7303,7360,1133,1925,3066,2065,2246,4228,609,889,1655,1061,1187,1902,524,1036,1411,1004,1059,2326,7880,0,7880
20231,A,골목상권,3110221,의릉,6804,3378,3426,803,820,949,1033,1136,2063,412,404,500,558,585,919,391,416,449,475,551,1144,2928,0,2928
20231,A,골목상권,3110222,회기역 2번,5785,2844,2941,514,755,1054,821,862,1779,265,364,530,434,448,803,249,391,524,387,414,976,2667,0,2667
20231,A,골목상권,3110223,군자초등학교,7519,3899,3620,809,713,1342,1294,1144,2217,446,364,660,709,622,1098,363,349,682,585,522,1119,3353,0,3353
20231,A,골목상권,3110224,외대앞역 2번,12270,6159,6111,1174,1376,1803,1860,2066,3991,619,692,959,975,1065,1849,555,684,844,885,1001,2142,5611,0,5611
20231,A,골목상권,3110225,촬영소사거리,16126,8007,8119,1680,1768,2141,2347,2795,5395,825,925,1135,1213,1413,2496,855,843,1006,1134,1382,2899,6714,0,6714
20231,A,골목상권,3110226,장안1동주민센터,28889,14638,14251,2968,2810,4562,4779,4683,9087,1539,1446,2373,2556,2398,4326,1429,1364,2189,2223,2285,4761,13067,0,13067
20231,A,골목상권,3110227,답십리공원,13991,6951,7040,1562,1677,1784,2203,2404,4361,787,856,928,1127,1226,2027,775,821,856,1076,1178,2334,5484,0,5484
20231,A,골목상권,3110228,장안근린공원,19298,9741,9557,2106,2180,2578,3004,3220,6210,1085,1141,1371,1548,1658,2938,1021,1039,1207,1456,1562,3272,7886,0,7886
20231,A,골목상권,3110229,장평중학교,20283,10078,10205,2871,1815,3230,3886,2916,5565,1469,895,1573,2003,1475,2663,1402,920,1657,1883,1441,2902,8235,0,8235
20231,A,골목상권,3110230,장안현대홈타운1차아파트,17621,8759,8862,2500,1630,2719,3443,2587,4742,1285,849,1331,1749,1297,2248,1215,781,1388,1694,1290,2494,7154,0,7154
20231,A,골목상권,3110231,장안교,7219,3559,3660,947,909,878,1111,1233,2141,469,463,444,541,618,1024,478,446,434,570,615,1117,2494,0,2494
20231,A,골목상권,3110232,동대부고,16386,8310,8076,2971,1649,1845,3187,2593,4141,1570,909,928,1576,1359,1968,1401,740,917,1611,1234,2173,5923,0,5923
20231,A,골목상권,3110233,중랑역 1번,13611,7125,6486,1070,1330,2187,1993,2432,4599,570,701,1122,1116,1309,2307,500,629,1065,877,1123,2292,6810,0,6810
20231,A,골목상권,3110234,중랑역 4번,8471,4337,4134,681,749,1651,1406,1379,2605,360,379,813,768,736,1281,321,370,838,638,643,1324,4396,0,4396
20231,A,골목상권,3110235,세화어린이공원,10635,5536,5099,805,1095,1569,1463,1949,3754,434,577,824,823,1018,1860,371,518,745,640,931,1894,5182,0,5182
20231,A,골목상권,3110236,신묵초등학교,20094,9967,10127,2222,2027,3168,3383,3120,6174,1156,1014,1572,1781,1594,2850,1066,1013,1596,1602,1526,3324,8658,0,8658
20231,A,골목상권,3110237,메가박스 상봉,15670,7810,7860,1554,1622,2577,2574,2785,4558,781,827,1256,1363,1466,2117,773,795,1321,1211,1319,2441,7368,0,7368
20231,A,골목상권,3110238,배꽃어린이공원,7294,3703,3591,614,741,973,1031,1329,2606,308,377,497,557,716,1248,306,364,476,474,613,1358,3513,0,3513
20231,A,골목상권,3110239,중랑역 2번,7373,3817,3556,532,693,1136,1048,1372,2592,286,349,594,556,737,1295,246,344,542,492,635,1297,3871,0,3871
20231,A,골목상권,3110240,태릉시장 특화거리,13333,6964,6369,995,1363,1955,1823,2445,4752,539,727,1041,1012,1284,2361,456,636,914,811,1161,2391,6575,0,6575
20231,A,골목상권,3110241,먹골역 5번,18036,8974,9062,1745,1813,3143,2916,2905,5514,910,902,1567,1546,1508,2541,835,911,1576,1370,1397,2973,8292,0,8292
20231,A,골목상권,3110242,면목5동주민센터,11262,5688,5574,1193,1216,1584,1724,2069,3476,603,620,813,907,1068,1677,590,596,771,817,1001,1799,4938,0,4938
20231,A,골목상권,3110243,중랑노인종합복지관,21243,10628,10615,2203,2280,2957,3264,4001,6538,1105,1151,1506,1736,2080,3050,1098,1129,1451,1528,1921,3488,9611,0,9611
20231,A,골목상권,3110244,중화역 4번,11860,6051,5809,1029,1170,1688,1747,2036,4190,552,601,866,934,1092,2006,477,569,822,813,944,2184,5601,0,5601
20231,A,골목상권,3110245,KB국민은행 중화동지점,14392,7321,7071,1422,1416,2203,2094,2377,4880,755,740,1123,1121,1208,2374,667,676,1080,973,1169,2506,6436,0,6436
20231,A,골목상권,3110246,월드순복음교회,15156,7537,7619,1524,1481,2693,2515,2548,4395,743,740,1334,1337,1316,2067,781,741,1359,1178,1232,2328,7414,0,7414
20231,A,골목상권,3110247,먹골역 1번,21267,10434,10833,2192,2090,3678,3599,3231,6477,1110,1038,1800,1896,1592,2998,1082,1052,1878,1703,1639,3479,9135,0,9135
20231,A,골목상권,3110248,먹골파출소,11553,5659,5894,1483,1211,1743,1952,1748,3416,753,617,834,1000,857,1598,730,594,909,952,891,1818,4544,0,4544
20231,A,골목상권,3110249,중화역 1번,19008,9454,9554,1891,2079,3019,2966,3017,6036,947,1069,1530,1562,1498,2848,944,1010,1489,1404,1519,3188,8075,0,8075
20231,A,골목상권,3110250,화랑대역 7번,11267,5552,5715,1568,1441,1420,1807,1964,3067,798,709,715,887,1002,1441,770,732,705,920,962,1626,4386,0,4386
20231,A,골목상권,3110251,장안중학교,19602,9725,9877,2245,2062,3079,3057,3035,6124,1123,1081,1545,1614,1474,2888,1122,981,1534,1443,1561,3236,8199,0,8199
20231,A,골목상권,3110252,장안제일시장,17420,8841,8579,1939,1828,2558,2757,3044,5294,1001,962,1317,1434,1566,2561,938,866,1241,1323,1478,2733,7529,0,7529
20231,A,골목상권,3110253,중곡초등학교,17373,8850,8523,1983,1849,2442,2949,2963,5187,1054,953,1256,1569,1562,2456,929,896,1186,1380,1401,2731,7518,0,7518
20231,A,골목상권,3110254,오거리공원,24761,12523,12238,2762,2568,3442,4036,4236,7717,1452,1326,1732,2144,2213,3656,1310,1242,1710,1892,2023,4061,10825,0,10825
20231,A,골목상권,3110255,상봉역 4번,21013,10442,10571,2112,1970,3769,3335,3415,6412,1054,988,1810,1778,1736,3076,1058,982,1959,1557,1679,3336,10118,0,10118
20231,A,골목상권,3110256,면목2동체육관,26820,13588,13232,2695,2664,4270,4198,4654,8339,1392,1370,2131,2285,2406,4004,1303,1294,2139,1913,2248,4335,12518,0,12518
20231,A,골목상권,3110257,상봉역 7번,18424,9058,9366,2183,1970,3075,2846,2862,5488,1093,997,1512,1465,1405,2586,1090,973,1563,1381,1457,2902,7878,0,7878
20231,A,골목상권,3110258,면동초등학교,20822,10509,10313,2070,2172,3404,3384,3573,6219,1063,1137,1726,1787,1833,2963,1007,1035,1678,1597,1740,3256,9739,0,9739
20231,A,골목상권,3110259,사가정역 1번,14714,7402,7312,1405,1433,2364,2378,2427,4707,711,739,1171,1264,1271,2246,694,694,1193,1114,1156,2461,6941,0,6941
20231,A,골목상권,3110260,면목역 3번,15463,7800,7663,1424,1516,2592,2497,2567,4867,729,801,1287,1342,1314,2327,695,715,1305,1155,1253,2540,7563,0,7563
20231,A,골목상권,3110261,사가정역 4번,24433,12162,12271,2186,2493,3736,3749,3984,8285,1125,1292,1909,2003,2007,3826,1061,1201,1827,1746,1977,4459,11248,0,11248
20231,A,골목상권,3110262,상봉역 3번,15138,7533,7605,1367,1436,2840,2364,2312,4819,693,718,1386,1281,1150,2305,674,718,1454,1083,1162,2514,7321,0,7321
20231,A,골목상권,3110263,면목역 1번,21148,10604,10544,1976,2149,3422,3300,3498,6803,987,1104,1751,1783,1768,3211,989,1045,1671,1517,1730,3592,9963,0,9963
20231,A,골목상권,3110264,면목역 2번,27438,13873,13565,2400,3136,4394,4213,4879,8416,1206,1650,2278,2258,2501,3980,1194,1486,2116,1955,2378,4436,12816,0,12816
20231,A,골목상권,3110265,망우역 1번,23609,11707,11902,2982,2661,3695,3720,3833,6718,1501,1391,1810,1872,1914,3219,1481,1270,1885,1848,1919,3499,9559,0,9559
20231,A,골목상권,3110266,면목동우체국,19479,9726,9753,1710,2233,3098,2912,3452,6074,860,1169,1611,1557,1729,2800,850,1064,1487,1355,1723,3274,8924,0,8924
20231,A,골목상권,3110267,망우역 2번,31603,15630,15973,4650,3961,4245,4874,5425,8448,2363,2103,2135,2377,2643,4009,2287,1858,2110,2497,2782,4439,11268,0,11268
20231,A,골목상권,3110268,망우3동주민센터,14585,7311,7274,1401,1636,2224,2146,2471,4707,694,821,1147,1159,1246,2244,707,815,1077,987,1225,2463,6574,0,6574
20231,A,골목상권,3110269,용마문화복지센터,12550,6373,6177,1177,1397,1860,1863,2228,4025,600,703,951,1038,1153,1928,577,694,909,825,1075,2097,5675,0,5675
20231,A,골목상권,3110270,혜원여고,11729,5895,5834,1198,1431,1653,1657,2115,3675,600,721,847,867,1089,1771,598,710,806,790,1026,1904,5177,0,5177
20231,A,골목상권,3110271,신내역 1번,2251,1027,1224,221,250,279,312,335,854,105,138,125,152,173,334,116,112,154,160,162,520,905,0,905
20231,A,골목상권,3110272,신내1동주민센터,26150,12830,13320,3588,3103,3610,3863,4165,7821,1800,1657,1803,1933,1949,3688,1788,1446,1807,1930,2216,4133,8960,0,8960
20231,A,골목상권,3110273,장스여성병원,14190,7256,6934,1575,1483,2008,2099,2284,4741,779,826,1081,1128,1144,2298,796,657,927,971,1140,2443,5842,0,5842
20231,A,골목상권,3110274,서일대학교,21006,10588,10418,2100,2553,2895,2934,3857,6667,1060,1283,1491,1561,1995,3198,1040,1270,1404,1373,1862,3469,9121,0,9121
20231,A,골목상권,3110275,하나은행 망우동지점,10859,5635,5224,895,1191,1526,1451,1919,3877,458,632,837,807,985,1916,437,559,689,644,934,1961,5032,0,5032
20231,A,골목상권,3110276,신내IC북측,1663,844,819,338,189,173,324,237,402,178,96,87,172,116,195,160,93,86,152,121,207,565,0,565
20231,A,골목상권,3110277,러스크서울병원,15989,8208,7781,1460,1871,2193,2183,2798,5484,751,997,1152,1195,1406,2707,709,874,1041,988,1392,2777,7085,0,7085
20231,A,골목상권,3110278,망우본동주민센터,20463,10368,10095,2315,2333,2796,3027,3365,6627,1169,1262,1435,1615,1634,3253,1146,1071,1361,1412,1731,3374,8253,0,8253
20231,A,골목상권,3110279,신내역 2번,6094,2967,3127,1423,621,613,1151,790,1496,718,321,301,571,379,677,705,300,312,580,411,819,1902,0,1902
20231,A,골목상권,3110280,북정마을,3636,1855,1781,297,380,567,485,574,1333,144,193,336,267,305,610,153,187,231,218,269,723,1703,0,1703
20231,A,골목상권,3110281,길상사,2859,1409,1450,281,275,375,381,459,1088,161,136,189,189,233,501,120,139,186,192,226,587,1150,0,1150
20231,A,골목상권,3110282,국민대학교앞,4363,2237,2126,506,546,871,592,535,1313,244,248,521,333,284,607,262,298,350,259,251,706,2231,0,2231
20231,A,골목상권,3110283,성북초등학교앞,5173,2533,2640,514,590,733,846,922,1568,243,308,385,428,471,698,271,282,348,418,451,870,2261,0,2261
20231,A,골목상권,3110284,정릉북한산국립공원입구,6908,3369,3539,743,712,854,1068,1071,2460,388,381,424,527,514,1135,355,331,430,541,557,1325,2848,0,2848
20231,A,골목상권,3110285,홍대부중,5833,2825,3008,545,675,833,947,1066,1767,275,366,409,457,531,787,270,309,424,490,535,980,2548,0,2548
20231,A,골목상권,3110286,한성대입구역 5번,8994,4232,4762,805,1111,1626,1382,1512,2558,390,544,777,652,739,1130,415,567,849,730,773,1428,4270,0,4270
20231,A,골목상권,3110287,정릉3동주민센터,7243,3729,3514,675,1017,1307,930,1082,2232,362,520,772,506,554,1015,313,497,535,424,528,1217,3356,0,3356
20231,A,골목상권,3110288,동구여중,9071,4330,4741,892,1082,1559,1401,1592,2545,441,555,730,672,781,1151,451,527,829,729,811,1394,4121,0,4121
20231,A,골목상권,3110289,북한산보국문역 2번,15854,7902,7952,1621,2016,2297,2306,2483,5131,836,1007,1264,1222,1263,2310,785,1009,1033,1084,1220,2821,6968,0,6968
20231,A,골목상권,3110290,북한산보국문역 1번,12807,6230,6577,1823,1402,1507,2308,2106,3661,967,705,717,1164,1050,1627,856,697,790,1144,1056,2034,5175,0,5175
20231,A,골목상권,3110291,한성대입구역 3번,17578,8574,9004,2100,2127,2743,2931,2963,4714,1086,1053,1385,1445,1457,2148,1014,1074,1358,1486,1506,2566,7518,0,7518
20231,A,골목상권,3110292,정릉역 2번,10719,5272,5447,1544,1212,1220,1792,1742,3209,807,626,628,903,876,1432,737,586,592,889,866,1777,4033,0,4033
20231,A,골목상권,3110293,삼선중학교,16748,7784,8964,1934,2170,2643,2426,2806,4769,950,1041,1175,1144,1334,2140,984,1129,1468,1282,1472,2629,7151,0,7151
20231,A,골목상권,3110294,서경대학교,29246,14319,14927,4267,3483,3612,5024,4779,8081,2229,1742,1838,2508,2381,3621,2038,1741,1774,2516,2398,4460,10998,0,10998
20231,A,골목상권,3110295,정릉우체국,21507,10552,10955,2782,2430,2747,3431,3395,6722,1465,1238,1440,1747,1652,3010,1317,1192,1307,1684,1743,3712,8457,0,8457
20231,A,골목상권,3110296,성신여대입구역 4번,19016,8939,10077,2930,2430,2908,3233,3201,4314,1504,1133,1310,1507,1563,1922,1426,1297,1598,1726,1638,2392,7417,0,7417
20231,A,골목상권,3110297,경동고등학교,19928,9337,10591,1858,2398,4049,3118,3080,5425,946,1115,1855,1558,1488,2375,912,1283,2194,1560,1592,3050,9808,0,9808
20231,A,골목상권,3110298,솔숲어린이공원,13902,6728,7174,2045,1550,1638,2342,2263,4064,1071,798,770,1162,1101,1826,974,752,868,1180,1162,2238,5038,0,5038
20231,A,골목상권,3110299,정릉역 1번,29345,14122,15223,4310,3384,3771,4887,4869,8124,2167,1675,1825,2390,2385,3680,2143,1709,1946,2497,2484,4444,10540,0,10540
20231,A,골목상권,3110300,삼선동주민센터,11386,5014,6372,795,1519,2913,1664,1571,2924,412,571,1168,801,787,1275,383,948,1745,863,784,1649,6491,0,6491
20231,A,골목상권,3110301,성신여대입구역 7번,17131,7815,9316,1999,2104,3366,2788,2631,4243,987,852,1447,1345,1316,1868,1012,1252,1919,1443,1315,2375,8113,0,8113
20231,A,골목상권,3110302,보문역 8번,10328,4991,5337,1078,1130,1875,1657,1685,2903,523,559,943,854,816,1296,555,571,932,803,869,1607,4776,0,4776
20231,A,골목상권,3110303,성신여대입구역 1번,11905,5201,6704,809,1594,3023,1666,1610,3203,402,548,1223,819,778,1431,407,1046,1800,847,832,1772,6605,0,6605
20231,A,골목상권,3110304,보문역 4번,6764,3125,3639,507,821,1709,1031,1011,1685,242,356,782,509,494,742,265,465,927,522,517,943,3644,0,3644
20231,A,골목상권,3110305,보문역 5번,9363,4588,4775,729,1078,1958,1400,1454,2744,357,537,1002,737,719,1236,372,541,956,663,735,1508,4726,0,4726
20231,A,골목상권,3110306,미아초등학교,13807,6721,7086,2596,1445,1508,2654,2265,3339,1380,700,724,1244,1169,1504,1216,745,784,1410,1096,1835,4857,0,4857
20231,A,골목상권,3110307,길음역 7번,13427,6403,7024,2292,1392,1779,2504,2103,3357,1176,687,814,1241,1031,1454,1116,705,965,1263,1072,1903,4908,0,4908
20231,A,골목상권,3110308,길음역 8번,19786,9633,10153,3278,2124,2314,3575,3221,5274,1726,1048,1124,1716,1650,2369,1552,1076,1190,1859,1571,2905,7237,0,7237
20231,A,골목상권,3110309,대광초등학교,5429,2913,2516,370,642,1272,794,796,1555,196,338,775,449,417,738,174,304,497,345,379,817,3026,0,3026
20231,A,골목상권,3110310,길음역 10번,8945,4234,4711,1148,1016,1199,1420,1407,2755,575,505,573,694,694,1193,573,511,626,726,713,1562,3518,0,3518
20231,A,골목상권,3110311,종암아이파크2차후문,8759,4294,4465,1358,1027,1077,1520,1473,2304,648,556,541,736,764,1049,710,471,536,784,709,1255,3086,0,3086
20231,A,골목상권,3110312,안암역 2번,1532,816,716,66,343,498,158,146,321,36,166,289,91,85,149,30,177,209,67,61,172,1009,0,1009
20231,A,골목상권,3110313,안암역 3번,7302,3865,3437,683,1010,1698,992,1002,1917,355,525,1032,541,525,887,328,485,666,451,477,1030,3708,0,3708
20231,A,골목상권,3110314,종암경찰서,19952,9606,10346,3086,2139,2476,3543,3276,5432,1544,1085,1212,1728,1671,2366,1542,1054,1264,1815,1605,3066,7724,0,7724
20231,A,골목상권,3110315,종암아이파크2차,15868,7781,8087,1800,1839,2452,2343,2593,4841,874,953,1330,1192,1274,2158,926,886,1122,1151,1319,2683,6875,0,6875
20231,A,골목상권,3110316,숭곡초등학교,27226,13253,13973,3864,2785,3202,4521,4505,8349,1952,1378,1570,2198,2333,3822,1912,1407,1632,2323,2172,4527,10779,0,10779
20231,A,골목상권,3110317,종암중학교,7683,3970,3713,699,974,1722,1029,1097,2162,368,500,1020,540,539,1003,331,474,702,489,558,1159,3731,0,3731
20231,A,골목상권,3110318,KT월곡지사,16497,8173,8324,2282,1838,2101,2576,2709,4991,1210,958,1053,1291,1373,2288,1072,880,1048,1285,1336,2703,6195,0,6195
20231,A,골목상권,3110319,종암동주민센터,21339,10449,10890,2960,2382,2745,3446,3571,6235,1572,1251,1404,1667,1787,2768,1388,1131,1341,1779,1784,3467,8603,0,8603
20231,A,골목상권,3110320,KB국민은행 종암동지점,9084,4631,4453,910,1174,1770,1227,1424,2579,478,605,1020,635,693,1200,432,569,750,592,731,1379,4219,0,4219
20231,A,골목상권,3110321,동덕여대,11947,5757,6190,1838,1456,1486,2012,1943,3212,916,651,709,990,1020,1471,922,805,777,1022,923,1741,4425,0,4425
20231,A,골목상권,3110322,장위1동주민센터,13586,6707,6879,1345,1675,1869,1825,2386,4486,674,856,985,980,1139,2073,671,819,884,845,1247,2413,5410,0,5410
20231,A,골목상권,3110323,상월곡역 1번,13699,6641,7058,1539,1687,1970,2028,2197,4278,803,734,952,1034,1117,2001,736,953,1018,994,1080,2277,5678,0,5678
20231,A,골목상권,3110324,월곡역 4번,8806,4290,4516,685,1108,1553,1164,1360,2936,359,463,761,636,680,1391,326,645,792,528,680,1545,4208,0,4208
20231,A,골목상권,3110325,장곡초등학교,12727,6348,6379,1272,1561,1636,1695,2279,4284,632,822,899,899,1115,1981,640,739,737,796,1164,2303,5205,0,5205
20231,A,골목상권,3110326,장위동성당,10743,5302,5441,1107,1367,1358,1490,1947,3474,539,710,724,767,980,1582,568,657,634,723,967,1892,4308,0,4308
20231,A,골목상권,3110327,상월곡역 2번,16315,8139,8176,1872,1779,2073,2514,2663,5414,973,920,1080,1297,1363,2506,899,859,993,1217,1300,2908,6396,0,6396
20231,A,골목상권,3110328,상월곡역 3번,9826,4953,4873,948,1019,1352,1505,1560,3442,500,529,711,805,787,1621,448,490,641,700,773,1821,4172,0,4172
20231,A,골목상권,3110329,우리은행체육관,6540,3294,3246,522,710,797,853,1121,2537,265,359,430,486,557,1197,257,351,367,367,564,1340,2952,0,2952
20231,A,골목상권,3110330,돌곶이역 1번,9298,4560,4738,1081,962,1215,1457,1531,3052,546,487,606,751,775,1395,535,475,609,706,756,1657,3909,0,3909
20231,A,골목상권,3110331,돌곶이역 8번,12583,6214,6369,1352,1379,1787,1994,2028,4043,687,684,916,1037,1041,1849,665,695,871,957,987,2194,5519,0,5519
20231,A,골목상권,3110332,돌곶이역 3번,7259,3685,3574,603,710,960,1077,1314,2595,300,360,517,566,683,1259,303,350,443,511,631,1336,3478,0,3478
20231,A,골목상권,3110333,돌곶이역 5번,12291,6193,6098,1034,1324,1714,1831,2123,4265,539,668,891,977,1068,2050,495,656,823,854,1055,2215,5698,0,5698
20231,A,골목상권,3110334,석관중앙교회,15836,7954,7882,1412,1833,2122,2207,2760,5502,755,920,1125,1167,1404,2583,657,913,997,1040,1356,2919,6948,0,6948
20231,A,골목상권,3110335,석계역 7번,16989,8565,8424,1733,1749,2445,2562,2788,5712,887,917,1265,1353,1396,2747,846,832,1180,1209,1392,2965,7196,0,7196
20231,A,골목상권,3110336,석관고등학교,11273,5713,5560,940,1306,1607,1585,2025,3810,527,660,859,842,1004,1821,413,646,748,743,1021,1989,4879,0,4879
20231,A,골목상권,3110337,아카데미하우스,9177,4475,4702,1026,1065,1124,1280,1534,3148,520,554,560,654,737,1450,506,511,564,626,797,1698,3618,0,3618
20231,A,골목상권,3110338,인수초등학교,7686,3775,3911,694,815,907,1021,1282,2967,331,455,442,535,628,1384,363,360,465,486,654,1583,3356,0,3356
20231,A,골목상권,3110339,국립4.19민주묘지,7494,3624,3870,836,838,964,1072,1207,2577,432,427,479,532,576,1178,404,411,485,540,631,1399,2989,0,2989
20231,A,골목상권,3110340,인수중학교,11541,5659,5882,1257,1307,1391,1630,2009,3947,630,701,681,842,974,1831,627,606,710,788,1035,2116,4828,0,4828
20231,A,골목상권,3110341,북한산우이역 2번,4436,2195,2241,408,473,537,557,740,1721,217,261,277,304,363,773,191,212,260,253,377,948,1769,0,1769
20231,A,골목상권,3110342,국립재활원,11492,5658,5834,1268,1337,1481,1713,1864,3829,681,672,739,926,920,1720,587,665,742,787,944,2109,4617,0,4617
20231,A,골목상권,3110343,무너미어린이공원,15567,7550,8017,1727,1756,2046,2245,2504,5289,874,879,1029,1173,1190,2405,853,877,1017,1072,1314,2884,6256,0,6256
20231,A,골목상권,3110344,화계중학교,6795,3385,3410,738,818,896,992,1129,2222,394,415,447,559,547,1023,344,403,449,433,582,1199,2745,0,2745
20231,A,골목상권,3110345,솔밭공원역 2번,11238,5511,5727,1262,1253,1292,1589,1907,3935,651,628,677,849,943,1763,611,625,615,740,964,2172,4514,0,4514
20231,A,골목상권,3110346,4.19민주묘지역 2번,7075,3426,3649,728,775,941,1032,1099,2500,389,372,455,536,523,1151,339,403,486,496,576,1349,3037,0,3037
20231,A,골목상권,3110347,구세군강북종합사회복지관,9840,4901,4939,1134,1268,1309,1559,1676,2894,595,663,681,810,835,1317,539,605,628,749,841,1577,3915,0,3915
20231,A,골목상권,3110348,강북문화예술회관,20308,9944,10364,2316,2177,2600,2938,3234,7043,1211,1146,1310,1541,1554,3182,1105,1031,1290,1397,1680,3861,7953,0,7953
20231,A,골목상권,3110349,화계역 2번,9161,4531,4630,993,1083,1251,1310,1500,3024,525,573,625,714,703,1391,468,510,626,596,797,1633,3655,0,3655
20231,A,골목상권,3110350,가오리역 2번,16030,7878,8152,1696,1749,2161,2315,2584,5525,882,934,1090,1231,1279,2462,814,815,1071,1084,1305,3063,6431,0,6431
20231,A,골목상권,3110351,수유북부시장옆,17226,8460,8766,1818,1949,2399,2479,2802,5779,938,1016,1217,1335,1376,2578,880,933,1182,1144,1426,3201,7014,0,7014
20231,A,골목상권,3110352,수유1동주민센터,21324,10645,10679,2276,2382,2680,3178,3536,7272,1173,1252,1406,1707,1785,3322,1103,1130,1274,1471,1751,3950,9249,0,9249
20231,A,골목상권,3110353,수유동우체국,14828,7266,7562,1550,1657,1909,2201,2384,5127,812,826,998,1156,1153,2321,738,831,911,1045,1231,2806,6025,0,6025
20231,A,골목상권,3110354,삼각산119안전센터,12431,6014,6417,1554,1354,1335,1983,2163,4042,790,687,684,1009,1098,1746,764,667,651,974,1065,2296,5132,0,5132
20231,A,골목상권,3110355,삼양사거리역 2번,14532,7201,7331,1462,1578,1849,2102,2458,5083,727,830,964,1127,1258,2295,735,748,885,975,1200,2788,6328,0,6328
20231,A,골목상권,3110356,덕수교,14823,7322,7501,1497,1718,1927,2175,2447,5059,777,887,1014,1134,1212,2298,720,831,913,1041,1235,2761,6157,0,6157
20231,A,골목상권,3110357,가오리역 1번,18841,9229,9612,2003,1962,2372,2737,3065,6702,1047,1010,1230,1434,1512,2996,956,952,1142,1303,1553,3706,7455,0,7455
20231,A,골목상권,3110358,인수동 우편취급국,18053,8867,9186,1483,1863,3172,2787,2820,5928,740,935,1602,1509,1373,2708,743,928,1570,1278,1447,3220,8430,0,8430
20231,A,골목상권,3110359,수유시장옆,22921,11317,11604,2049,2315,3637,3408,3648,7864,1072,1205,1877,1810,1767,3586,977,1110,1760,1598,1881,4278,10179,0,10179
20231,A,골목상권,3110360,수유초등학교,16713,8230,8483,1437,1694,2695,2523,2538,5826,700,832,1373,1361,1279,2685,737,862,1322,1162,1259,3141,8114,0,8114
20231,A,골목상권,3110361,삼양사거리역 1번,14483,7249,7234,1259,1495,1862,2028,2514,5325,638,776,982,1111,1274,2468,621,719,880,917,1240,2857,6524,0,6524
20231,A,골목상권,3110362,우이천 계성교,18703,9236,9467,1781,2102,2445,2747,3163,6465,906,1123,1290,1427,1612,2878,875,979,1155,1320,1551,3587,7981,0,7981
20231,A,골목상권,3110363,송천동주민센터,10765,5383,5382,1254,1120,1307,1671,1811,3602,652,590,685,886,904,1666,602,530,622,785,907,1936,4558,0,4558
20231,A,골목상권,3110364,미아역 8번,16951,8350,8601,1429,1607,2441,2459,2874,6141,736,823,1251,1265,1446,2829,693,784,1190,1194,1428,3312,8102,0,8102
20231,A,골목상권,3110365,미아역 5번,17932,8842,9090,1628,1851,2582,2654,3056,6161,824,946,1311,1380,1519,2862,804,905,1271,1274,1537,3299,7992,0,7992
20231,A,골목상권,3110366,광산사거리,13688,6705,6983,1103,1409,2207,2058,2229,4682,569,703,1144,1107,1113,2069,534,706,1063,951,1116,2613,6425,0,6425
20231,A,골목상권,3110367,강북구청,10977,5417,5560,790,1029,1921,1695,1776,3766,411,491,966,918,884,1747,379,538,955,777,892,2019,5636,0,5636
20231,A,골목상권,3110368,송천초등학교,20686,10280,10406,2962,2175,2549,3527,3487,5986,1551,1119,1289,1803,1779,2739,1411,1056,1260,1724,1708,3247,8192,0,8192
20231,A,골목상권,3110369,성신여대운정그린캠퍼스,13410,6505,6905,928,1474,2512,2103,2090,4303,460,643,1223,1124,1087,1968,468,831,1289,979,1003,2335,6960,0,6960
20231,A,골목상권,3110370,도봉세무서,15245,7586,7659,1126,1586,2102,2086,2625,5720,545,814,1132,1124,1325,2646,581,772,970,962,1300,3074,6977,0,6977
20231,A,골목상권,3110371,삼양입구사거리,12465,6185,6280,897,1360,1674,1669,2190,4675,447,717,886,881,1105,2149,450,643,788,788,1085,2526,5869,0,5869
20231,A,골목상권,3110372,강북중학교,12727,6323,6404,1057,1336,2114,1932,2009,4279,558,677,1065,1037,1018,1968,499,659,1049,895,991,2311,5857,0,5857
20231,A,골목상권,3110373,수유역 2번,14641,7169,7472,1279,1516,2400,2422,2343,4681,651,741,1157,1272,1222,2126,628,775,1243,1150,1121,2555,7075,0,7075
20231,A,골목상권,3110374,송중초등학교,17380,8650,8730,1492,1836,2547,2607,2837,6061,734,949,1318,1407,1443,2799,758,887,1229,1200,1394,3262,7701,0,7701
20231,A,골목상권,3110375,서울북부고용노동지청,12554,6122,6432,1140,1390,1675,1899,1988,4462,597,694,855,997,1030,1949,543,696,820,902,958,2513,5490,0,5490
20231,A,골목상권,3110376,수송초등학교,26214,13025,13189,2543,2911,3925,4090,4293,8452,1328,1510,1944,2110,2200,3933,1215,1401,1981,1980,2093,4519,11626,0,11626
20231,A,골목상권,3110377,미아사거리역 3번,7841,3818,4023,810,693,1052,1220,1343,2723,395,349,519,617,676,1262,415,344,533,603,667,1461,3809,0,3809
20231,A,골목상권,3110378,송중동주민센터,14669,7064,7605,1477,1481,2018,2278,2390,5025,724,728,986,1131,1186,2309,753,753,1032,1147,1204,2716,6549,0,6549
20231,A,골목상권,3110379,KT&G 북부지사,7930,3952,3978,711,913,925,1176,1314,2891,349,493,489,653,688,1280,362,420,436,523,626,1611,3325,0,3325
20231,A,골목상권,3110380,강북문화정보도서관,10848,5315,5533,1169,1293,1438,1703,1748,3497,604,648,752,874,835,1602,565,645,686,829,913,1895,4198,0,4198
20231,A,골목상권,3110381,번동주공2단지,14573,7047,7526,1513,1708,1344,2222,2213,5573,794,876,710,1186,1145,2336,719,832,634,1036,1068,3237,5559,0,5559
20231,A,골목상권,3110382,솔밭공원역 1번,7217,3482,3735,848,853,811,1075,1248,2382,429,408,399,556,623,1067,419,445,412,519,625,1315,2948,0,2948
20231,A,골목상권,3110383,덕성여대시반거리,3660,1739,1921,428,423,398,572,572,1267,221,199,174,282,267,596,207,224,224,290,305,671,1581,0,1581
20231,A,골목상권,3110384,문이교,6305,3105,3200,645,736,767,855,1082,2220,325,384,401,430,532,1033,320,352,366,425,550,1187,2510,0,2510
20231,A,골목상권,3110385,효문고등학교,7833,3882,3951,885,984,933,1063,1388,2580,459,510,491,524,704,1194,426,474,442,539,684,1386,3048,0,3048
20231,A,골목상권,3110386,연산군묘,5960,2897,3063,831,783,752,819,1054,1721,430,412,396,380,500,779,401,371,356,439,554,942,2074,0,2074
20231,A,골목상권,3110387,쌍문초등학교,19746,9668,10078,2286,2390,2514,2952,3304,6300,1134,1216,1315,1508,1610,2885,1152,1174,1199,1444,1694,3415,7656,0,7656
20231,A,골목상권,3110388,도봉우체국,18066,8772,9294,2129,2014,2490,2820,2934,5679,1087,984,1267,1434,1393,2607,1042,1030,1223,1386,1541,3072,7108,0,7108
20231,A,골목상권,3110389,한일병원,13874,6799,7075,1513,1438,2150,2281,2059,4433,763,730,1091,1177,988,2050,750,708,1059,1104,1071,2383,5611,0,5611
20231,A,골목상권,3110390,방학초등학교,17222,8517,8705,2011,2084,2263,2323,2934,5607,1056,1146,1232,1142,1393,2548,955,938,1031,1181,1541,3059,6388,0,6388
20231,A,골목상권,3110391,샘말어린이공원,14689,7453,7236,1483,1926,1753,1979,2637,4911,773,1032,974,1019,1367,2288,710,894,779,960,1270,2623,6144,0,6144
20231,A,골목상권,3110392,발바닥공원,15916,7604,8312,1825,2058,2213,2111,2722,4987,935,1101,1102,1024,1203,2239,890,957,1111,1087,1519,2748,5544,0,5544
20231,A,골목상권,3110393,국민은행방학지점,10689,5304,5385,1226,1288,1482,1413,1782,3498,665,705,788,712,827,1607,561,583,694,701,955,1891,3872,0,3872
20231,A,골목상권,3110394,방학중학교,24390,12378,12012,2266,3044,3048,3348,4469,8215,1207,1665,1691,1732,2272,3811,1059,1379,1357,1616,2197,4404,10417,0,10417
20231,A,골목상권,3110395,신한은행 방학동지점,13351,6773,6578,1234,1478,1769,1863,2341,4666,675,812,974,975,1195,2142,559,666,795,888,1146,2524,5657,0,5657
20231,A,골목상권,3110396,쌍문역1번(쌍리단길),11098,5408,5690,871,1122,1809,1729,1862,3705,424,579,899,910,902,1694,447,543,910,819,960,2011,5181,0,5181
20231,A,골목상권,3110397,도봉산입구,22014,10976,11038,2293,2181,2752,3132,3230,8426,1153,1137,1444,1658,1599,3985,1140,1044,1308,1474,1631,4441,8576,0,8576
20231,A,골목상권,3110398,쌍문2동우체국,19794,9573,10221,2323,2397,2925,2992,3194,5963,1215,1180,1511,1529,1493,2645,1108,1217,1414,1463,1701,3318,7699,0,7699
20231,A,골목상권,3110399,창2동주민센터,31817,15683,16134,3837,3816,4365,5006,5367,9426,1990,1975,2195,2530,2649,4344,1847,1841,2170,2476,2718,5082,12186,0,12186
20231,A,골목상권,3110400,도봉구보건소,18713,9205,9508,2203,2245,2662,2761,3044,5798,1190,1166,1361,1399,1445,2644,1013,1079,1301,1362,1599,3154,7318,0,7318
20231,A,골목상권,3110401,도봉구민회관,14090,6842,7248,1642,1649,2176,2253,2182,4188,861,817,1108,1165,1015,1876,781,832,1068,1088,1167,2312,5483,0,5483
20231,A,골목상권,3110402,도봉구 정병원,15619,7810,7809,1539,1831,2151,2235,2579,5284,827,964,1123,1175,1264,2457,712,867,1028,1060,1315,2827,6495,0,6495
20231,A,골목상권,3110403,방학1동주민센터,20158,10180,9978,1615,2332,2780,2793,3583,7055,848,1228,1486,1496,1838,3284,767,1104,1294,1297,1745,3771,9074,0,9074
20231,A,골목상권,3110404,신창초등학교,30219,15020,15199,3494,3741,3697,4588,5286,9413,1801,1960,1927,2347,2683,4302,1693,1781,1770,2241,2603,5111,12094,0,12094
20231,A,골목상권,3110405,방학역 1번,22972,11737,11235,1881,2728,3119,3165,4129,7950,994,1438,1650,1704,2135,3816,887,1290,1469,1461,1994,4134,10378,0,10378
20231,A,골목상권,3110406,도봉산역 1번,10482,5228,5254,1132,1041,1375,1512,1484,3938,581,554,717,775,749,1852,551,487,658,737,735,2086,3899,0,3899
20231,A,골목상권,3110407,도봉역 2번,17808,9153,8655,1458,1859,2156,2438,2970,6927,751,978,1141,1383,1548,3352,707,881,1015,1055,1422,3575,8067,0,8067
20231,A,골목상권,3110408,가인초등학교,15489,7621,7868,1952,2054,2246,2118,2600,4519,1042,1039,1142,1027,1219,2152,910,1015,1104,1091,1381,2367,5271,0,5271
20231,A,골목상권,3110409,창동역 2번,22721,11075,11646,2885,2788,3236,3372,3719,6721,1504,1381,1654,1657,1747,3132,1381,1407,1582,1715,1972,3589,8075,0,8075
20231,A,골목상권,3110410,방학역 2번,20504,10265,10239,1981,2187,2629,3004,3396,7307,999,1165,1345,1614,1694,3448,982,1022,1284,1390,1702,3859,9007,0,9007
20231,A,골목상권,3110411,도봉역 3번,16402,8277,8125,1847,1594,1949,2524,2578,5910,926,846,1010,1368,1336,2791,921,748,939,1156,1242,3119,6768,0,6768
20231,A,골목상권,3110412,창동중학교,9299,4576,4723,1475,1416,1029,1329,1856,2194,767,744,531,603,867,1064,708,672,498,726,989,1130,2855,0,2855
20231,A,골목상권,3110413,누원고등학교,17927,8781,9146,2091,1851,2310,2494,2524,6657,1065,973,1169,1250,1201,3123,1026,878,1141,1244,1323,3534,6267,0,6267
20231,A,골목상권,3110414,장석교회,9017,4392,4625,1168,1082,1036,1374,1442,2915,598,579,542,692,730,1251,570,503,494,682,712,1664,3559,0,3559
20231,A,골목상권,3110415,수락산역 4번,26335,12983,13352,3225,3408,3537,3892,4587,7686,1645,1768,1793,1899,2214,3664,1580,1640,1744,1993,2373,4022,9822,0,9822
20231,A,골목상권,3110416,노원초등학교,15488,7555,7933,2258,1877,2297,2523,2403,4130,1106,991,1125,1278,1117,1938,1152,886,1172,1245,1286,2192,5461,0,5461
20231,A,골목상권,3110417,월계역 3번,7033,3341,3692,624,613,950,1119,974,2753,330,325,479,618,457,1132,294,288,471,501,517,1621,3225,0,3225
20231,A,골목상권,3110418,광운대학교 남단,12145,6245,5900,1279,1521,1754,1830,1874,3887,652,855,1005,944,938,1851,627,666,749,886,936,2036,5117,0,5117
20231,A,골목상권,3110419,수락산디자인거리,20024,9864,10160,2252,2516,2772,2836,3443,6205,1149,1311,1392,1388,1621,3003,1103,1205,1380,1448,1822,3202,7620,0,7620
20231,A,골목상권,3110420,광운대역 1번,10071,5361,4710,1066,1479,1590,1547,1418,2971,564,865,973,810,730,1419,502,614,617,737,688,1552,4556,0,4556
20231,A,골목상권,3110421,석계역 1번,12654,6435,6219,1342,1337,1790,1935,1986,4264,668,722,954,1016,1020,2055,674,615,836,919,966,2209,5460,0,5460
20231,A,골목상권,3110422,노원역 9번,13340,6348,6992,1623,1674,2053,2217,2242,3531,823,801,969,1110,1027,1618,800,873,1084,1107,1215,1913,5249,0,5249
20231,A,골목상권,3110423,석계역 2번,16504,8305,8199,2263,1819,2291,2753,2481,4897,1180,962,1191,1377,1252,2343,1083,857,1100,1376,1229,2554,6361,0,6361
20231,A,골목상권,3110424,상계초등학교,16844,8246,8598,1485,2120,2429,2295,2851,5664,774,1069,1204,1188,1373,2638,711,1051,1225,1107,1478,3026,7226,0,7226
20231,A,골목상권,3110425,계상초등학교,24939,12101,12838,2654,3176,3272,3524,4324,7989,1350,1654,1640,1769,2063,3625,1304,1522,1632,1755,2261,4364,10096,0,10096
20231,A,골목상권,3110426,상계2동주민센터,28547,13928,14619,3242,4496,3727,3786,5615,7681,1652,2349,1838,1782,2722,3585,1590,2147,1889,2004,2893,4096,10581,0,10581
20231,A,골목상권,3110427,노원 을지대학교병원,10071,4775,5296,1333,1362,1550,1587,1817,2422,687,719,747,759,826,1037,646,643,803,828,991,1385,3856,0,3856
20231,A,골목상권,3110428,상계5동주민센터,26744,13006,13738,2745,3523,3349,3759,4772,8596,1388,1834,1720,1885,2277,3902,1357,1689,1629,1874,2495,4694,10796,0,10796
20231,A,골목상권,3110429,공릉동 국수거리,17684,8671,9013,1865,2070,3301,2860,2564,5024,923,1026,1615,1527,1214,2366,942,1044,1686,1333,1350,2658,7590,0,7590
20231,A,골목상권,3110430,중계초등학교,12703,6148,6555,1411,1907,1387,1665,2397,3936,719,1023,710,808,1173,1715,692,884,677,857,1224,2221,4623,0,4623
20231,A,골목상권,3110431,상계역,17417,8499,8918,2030,2435,2122,2479,3190,5161,1038,1272,1076,1203,1525,2385,992,1163,1046,1276,1665,2776,6275,0,6275
20231,A,골목상권,3110432,대진고등학교,8439,4116,4323,963,1410,1237,1055,1709,2065,504,786,616,478,790,942,459,624,621,577,919,1123,3206,0,3206
20231,A,골목상권,3110433,공릉역 2번,14853,7592,7261,1230,2341,3001,2027,2065,4189,633,1174,1675,1118,984,2008,597,1167,1326,909,1081,2181,7329,0,7329
20231,A,골목상권,3110434,태릉입구역 4번,11263,5595,5668,1120,1307,2123,1748,1648,3317,559,618,1050,967,815,1586,561,689,1073,781,833,1731,5123,0,5123
20231,A,골목상권,3110435,서울과학기술대,4825,2404,2421,571,726,727,641,791,1369,287,380,371,322,384,660,284,346,356,319,407,709,1750,0,1750
20231,A,골목상권,3110436,상계제일중학교,14332,7050,7282,1631,2026,1597,2076,2621,4381,841,1094,831,1056,1291,1937,790,932,766,1020,1330,2444,5385,0,5385
20231,A,골목상권,3110437,당고개역 2번,13395,6587,6808,1360,1580,1501,1781,2373,4800,727,837,794,905,1168,2156,633,743,707,876,1205,2644,5600,0,5600
20231,A,골목상권,3110438,경춘선숲길 우측,20417,10289,10128,2215,3140,3535,2830,2987,5710,1135,1588,1943,1460,1460,2703,1080,1552,1592,1370,1527,3007,8822,0,8822
20231,A,골목상권,3110439,당고개역 5번,9255,4672,4583,758,985,1064,1254,1609,3585,400,531,578,675,830,1658,358,454,486,579,779,1927,4343,0,4343
20231,A,골목상권,3110440,상계3동4동주민센터,9304,4776,4528,738,1000,1090,1282,1589,3605,389,527,609,726,845,1680,349,473,481,556,744,1925,4372,0,4372
20231,A,골목상권,3110441,영신여고,12100,5913,6187,1866,2434,1003,1568,2899,2330,935,1268,492,650,1424,1144,931,1166,511,918,1475,1186,3844,0,3844
20231,A,골목상권,3110442,화랑대철도공원,5422,2564,2858,936,767,502,908,1052,1257,505,357,220,400,527,555,431,410,282,508,525,702,2096,0,2096
20231,A,골목상권,3110443,수색역 1번,638,327,311,39,37,106,72,84,300,21,21,62,43,53,127,18,16,44,29,31,173,373,0,373
20231,A,골목상권,3110444,수색성당,8033,3992,4041,996,835,1131,1308,1308,2455,511,446,551,684,633,1167,485,389,580,624,675,1288,2997,0,2997
20231,A,골목상권,3110445,덕산중학교,14017,6858,7159,1786,1760,1884,2177,2355,4055,890,956,946,1100,1136,1830,896,804,938,1077,1219,2225,4948,0,4948
20231,A,골목상권,3110446,내를건너서숲으로도서관,11138,5570,5568,1455,1383,1440,1772,1868,3220,768,753,740,904,911,1494,687,630,700,868,957,1726,4179,0,4179
20231,A,골목상권,3110447,구산초등학교,10263,5170,5093,1234,1182,1285,1522,1626,3414,627,631,664,766,778,1704,607,551,621,756,848,1710,3887,0,3887
20231,A,골목상권,3110448,상신초등학교입구,14656,7277,7379,1697,1797,1995,2347,2470,4350,877,990,1039,1183,1194,1994,820,807,956,1164,1276,2356,5624,0,5624
20231,A,골목상권,3110449,증산역 3번,17637,8638,8999,1868,1852,2466,2810,2819,5822,960,933,1230,1415,1398,2702,908,919,1236,1395,1421,3120,7369,0,7369
20231,A,골목상권,3110450,시립서북병원,35019,17123,17896,4316,4405,4582,5675,5926,10115,2162,2281,2243,2863,2869,4705,2154,2124,2339,2812,3057,5410,13190,0,13190
20231,A,골목상권,3110451,증산역 4번,21385,10500,10885,2187,2308,2976,3410,3385,7119,1098,1205,1505,1755,1680,3257,1089,1103,1471,1655,1705,3862,8916,0,8916
20231,A,골목상권,3110452,새절역 3번,16047,7874,8173,1499,1701,2305,2473,2591,5478,754,932,1153,1290,1282,2463,745,769,1152,1183,1309,3015,7046,0,7046
20231,A,골목상권,3110453,신사1동주민센터,25762,12568,13194,2653,2743,3882,4325,4186,7973,1346,1491,1939,2199,2034,3559,1307,1252,1943,2126,2152,4414,11196,0,11196
20231,A,골목상권,3110454,선정중학교,20541,9872,10669,2453,2746,2818,3475,3447,5602,1299,1347,1338,1776,1651,2461,1154,1399,1480,1699,1796,3141,7938,0,7938
20231,A,골목상권,3110455,역촌노인복지관,33740,16214,17526,4133,4024,4599,5857,5568,9559,2069,2068,2192,2961,2657,4267,2064,1956,2407,2896,2911,5292,13130,0,13130
20231,A,골목상권,3110456,구산보건지소,29456,14041,15415,3520,3656,3987,4977,5020,8296,1744,1746,1911,2498,2414,3728,1776,1910,2076,2479,2606,4568,11453,0,11453
20231,A,골목상권,3110457,예일여고,18007,8698,9309,2032,2281,2368,2869,3108,5349,1015,1058,1142,1452,1492,2539,1017,1223,1226,1417,1616,2810,7104,0,7104
20231,A,골목상권,3110458,선일여고,22183,10802,11381,2432,3034,3212,3463,3799,6243,1270,1571,1593,1752,1794,2822,1162,1463,1619,1711,2005,3421,8994,0,8994
20231,A,골목상권,3110459,응암역 2번,27102,12950,14152,3244,3049,3903,4932,4366,7608,1621,1542,1821,2465,2111,3390,1623,1507,2082,2467,2255,4218,11110,0,11110
20231,A,골목상권,3110460,구산역 4번,25027,11910,13117,2819,3135,3637,4160,4124,7152,1455,1509,1732,2127,1940,3147,1364,1626,1905,2033,2184,4005,10020,0,10020
20231,A,골목상권,3110461,새절역 2번,9522,4645,4877,782,930,1542,1498,1549,3221,393,510,751,776,779,1436,389,420,791,722,770,1785,4678,0,4678
20231,A,골목상권,3110462,갈현건영아파트,20722,10170,10552,1928,2562,2986,3021,3460,6765,1023,1363,1523,1561,1659,3041,905,1199,1463,1460,1801,3724,8773,0,8773
20231,A,골목상권,3110463,응암3동주민센터,12696,6196,6500,1172,1285,1920,2084,2027,4208,598,690,951,1087,1010,1860,574,595,969,997,1017,2348,5974,0,5974
20231,A,골목상권,3110464,연신내역 5번,19511,9351,10160,2111,2493,3050,3261,3238,5358,1100,1248,1433,1692,1501,2377,1011,1245,1617,1569,1737,2981,8119,0,8119
20231,A,골목상권,3110465,연신내역 7번,16168,7822,8346,1620,1990,2651,2569,2640,4698,851,1009,1297,1319,1237,2109,769,981,1354,1250,1403,2589,7018,0,7018
20231,A,골목상권,3110466,구산역 2번,21180,10090,11090,2435,2464,2991,3562,3537,6191,1237,1131,1431,1783,1715,2793,1198,1333,1560,1779,1822,3398,8624,0,8624
20231,A,골목상권,3110467,은평요양병원,13515,6607,6908,1234,1529,2138,2056,2099,4459,646,785,1102,1074,995,2005,588,744,1036,982,1104,2454,5936,0,5936
20231,A,골목상권,3110468,응암역 3번,35596,16940,18656,4134,3828,5335,6459,5649,10191,2097,1880,2440,3255,2728,4540,2037,1948,2895,3204,2921,5651,15134,0,15134
20231,A,골목상권,3110469,응암정보도서관,29912,14822,15090,2882,3649,4131,4448,5071,9731,1458,1966,2166,2296,2531,4405,1424,1683,1965,2152,2540,5326,13072,0,13072
20231,A,골목상권,3110470,신진과학기술고등학교,16056,7773,8283,2143,1592,2502,3081,2410,4328,1110,810,1210,1491,1199,1953,1033,782,1292,1590,1211,2375,6949,0,6949
20231,A,골목상권,3110471,응암동우체국,13434,6622,6812,1163,1403,1818,2062,2236,4752,604,745,935,1084,1123,2131,559,658,883,978,1113,2621,6378,0,6378
20231,A,골목상권,3110472,연신내역 4번,19870,9427,10443,2021,2163,3342,3216,3185,5943,994,1054,1595,1655,1471,2658,1027,1109,1747,1561,1714,3285,9016,0,9016
20231,A,골목상권,3110473,구산역 1번,31170,14821,16349,3421,3496,4593,5091,5070,9499,1700,1658,2211,2598,2416,4238,1721,1838,2382,2493,2654,5261,13343,0,13343
20231,A,골목상권,3110474,세명컴퓨터고등학교,18449,9060,9389,1655,2114,2870,2831,2948,6031,844,1110,1474,1493,1394,2745,811,1004,1396,1338,1554,3286,8090,0,8090
20231,A,골목상권,3110475,백련산해모로아파트,16578,7997,8581,2369,1773,2333,3045,2584,4474,1224,914,1083,1496,1280,2000,1145,859,1250,1549,1304,2474,6655,0,6655
20231,A,골목상권,3110476,역촌역 2번,11014,5336,5678,1148,1109,1559,1787,1790,3621,583,531,770,935,895,1622,565,578,789,852,895,1999,4941,0,4941
20231,A,골목상권,3110477,은평세무서,17313,8312,9001,2047,1805,2456,2997,2785,5223,1043,918,1149,1535,1360,2307,1004,887,1307,1462,1425,2916,7412,0,7412
20231,A,골목상권,3110478,응암1동주민센터,17269,8340,8929,2335,1891,2190,3042,2822,4989,1219,969,1027,1507,1395,2223,1116,922,1163,1535,1427,2766,6895,0,6895
20231,A,골목상권,3110479,연신내역 2번,19312,9294,10018,1703,2123,2900,2813,3150,6623,870,1111,1459,1434,1491,2929,833,1012,1441,1379,1659,3694,8721,0,8721
20231,A,골목상권,3110480,연신내역 3번,14311,6743,7568,1452,1475,2435,2314,2189,4446,719,700,1166,1179,1002,1977,733,775,1269,1135,1187,2469,6421,0,6421
20231,A,골목상권,3110481,불광역 7번,18382,8688,9694,1880,1871,2971,2985,2889,5786,949,888,1375,1543,1373,2560,931,983,1596,1442,1516,3226,8240,0,8240
20231,A,골목상권,3110482,연신초등학교,9719,4757,4962,936,1167,1291,1392,1727,3206,488,633,645,713,816,1462,448,534,646,679,911,1744,4171,0,4171
20231,A,골목상권,3110483,연천초등학교,13054,6225,6829,1229,1385,1973,1946,2085,4436,623,688,972,1010,986,1946,606,697,1001,936,1099,2490,5791,0,5791
20231,A,골목상권,3110484,역촌역 3번,22714,10934,11780,2418,2157,3388,3808,3553,7390,1214,1079,1695,1961,1747,3238,1204,1078,1693,1847,1806,4152,10206,0,10206
20231,A,골목상권,3110485,연신내우체국,15442,7468,7974,1563,1767,2073,2313,2617,5109,799,930,1026,1198,1252,2263,764,837,1047,1115,1365,2846,6554,0,6554
20231,A,골목상권,3110486,은평구청,14418,6969,7449,1691,1475,1900,2412,2378,4562,886,730,945,1222,1175,2011,805,745,955,1190,1203,2551,6045,0,6045
20231,A,골목상권,3110487,불광역 8번,7911,3751,4160,625,786,1517,1267,1245,2471,335,372,690,639,618,1097,290,414,827,628,627,1374,4313,0,4313
20231,A,골목상권,3110488,우리은행응암동지점,10593,5100,5493,1294,1025,1386,1817,1748,3323,681,510,657,919,883,1450,613,515,729,898,865,1873,4452,0,4452
20231,A,골목상권,3110489,불광역 3번,8962,4344,4618,825,858,1390,1468,1376,3045,421,434,720,747,688,1334,404,424,670,721,688,1711,4187,0,4187
20231,A,골목상권,3110490,녹번동근린공원,15010,7286,7724,1660,1513,2118,2495,2367,4857,849,778,1070,1271,1182,2136,811,735,1048,1224,1185,2721,6463,0,6463
20231,A,골목상권,3110491,불광중학교,8237,3994,4243,1091,836,1088,1445,1318,2459,560,429,539,739,637,1090,531,407,549,706,681,1369,3351,0,3351
20231,A,골목상권,3110492,하나고등학교,1856,916,940,294,184,227,276,311,564,156,101,118,117,148,276,138,83,109,159,163,288,631,0,631
20231,A,골목상권,3110493,북가좌초등학교,9583,4699,4884,1259,1038,1250,1559,1555,2922,633,537,621,778,765,1365,626,501,629,781,790,1557,3476,0,3476
20231,A,골목상권,3110494,증산3교남측,8230,4066,4164,958,817,1092,1416,1268,2679,477,444,556,735,619,1235,481,373,536,681,649,1444,3243,0,3243
20231,A,골목상권,3110495,북가좌2동주민센터,21936,10718,11218,2482,2294,3079,3521,3509,7051,1298,1151,1525,1772,1749,3223,1184,1143,1554,1749,1760,3828,9022,0,9022
20231,A,골목상권,3110496,모래내우체국,25085,12228,12857,3436,2806,3227,4029,4083,7504,1786,1454,1596,1977,2012,3403,1650,1352,1631,2052,2071,4101,9629,0,9629
20231,A,골목상권,3110497,가좌역 3번,6470,3165,3305,1155,632,892,1232,1000,1559,603,335,415,607,490,715,552,297,477,625,510,844,2267,0,2267
20231,A,골목상권,3110498,증산역 1번,17361,8557,8804,1619,1821,2559,2789,2763,5810,823,953,1300,1463,1384,2634,796,868,1259,1326,1379,3176,7690,0,7690
20231,A,골목상권,3110499,연가초등학교,24116,12021,12095,2542,3266,3340,3678,4163,7127,1315,1732,1796,1862,2038,3278,1227,1534,1544,1816,2125,3849,9935,0,9935
20231,A,골목상권,3110500,남가좌동현대아파트,12216,5938,6278,1948,1206,1494,2098,1927,3543,1005,623,718,1083,960,1549,943,583,776,1015,967,1994,4552,0,4552
20231,A,골목상권,3110501,연희어린이공원,10572,5189,5383,1231,1023,1746,1802,1600,3170,620,542,847,920,800,1460,611,481,899,882,800,1710,4540,0,4540
20231,A,골목상권,3110502,남가좌파출소,14700,7113,7587,1721,1533,1944,2241,2383,4878,843,781,995,1152,1196,2146,878,752,949,1089,1187,2732,6371,0,6371
20231,A,골목상권,3110503,명지대학교교회,16533,8207,8326,1662,2424,2652,2296,2866,4633,872,1178,1465,1159,1396,2137,790,1246,1187,1137,1470,2496,7453,0,7453
20231,A,골목상권,3110504,명지전문대,6024,2966,3058,996,760,697,1130,991,1450,499,396,349,574,477,671,497,364,348,556,514,779,2297,0,2297
20231,A,골목상권,3110505,홍남교남측,7799,3839,3960,900,795,1098,1238,1235,2533,431,426,550,664,643,1125,469,369,548,574,592,1408,3330,0,3330
20231,A,골목상권,3110506,연희임광아파트,6213,2987,3226,504,552,1442,1119,841,1755,259,278,696,553,430,771,245,274,746,566,411,984,3208,0,3208
20231,A,골목상권,3110507,명지대학교,16146,7934,8212,1506,2023,2532,2260,2687,5138,765,990,1334,1161,1353,2331,741,1033,1198,1099,1334,2807,7515,0,7515
20231,A,골목상권,3110508,서연중학교,11620,5560,6060,1152,1193,2069,1818,1782,3606,573,603,1006,878,874,1626,579,590,1063,940,908,1980,5338,0,5338
20231,A,골목상권,3110509,연희대우아파트앞,13995,6733,7262,907,1488,4390,2335,1711,3164,491,660,2216,1160,837,1369,416,828,2174,1175,874,1795,8240,0,8240
20231,A,골목상권,3110510,홍연시장,9177,4522,4655,907,1059,1261,1344,1560,3046,465,558,661,689,790,1359,442,501,600,655,770,1687,3894,0,3894
20231,A,골목상권,3110511,연희초등학교,10941,5477,5464,826,1312,3435,1605,1333,2430,427,604,1929,783,644,1090,399,708,1506,822,689,1340,6368,0,6368
20231,A,골목상권,3110512,연희지하차도,12580,6111,6469,1307,1412,1556,1830,2209,4266,680,719,822,874,1116,1900,627,693,734,956,1093,2366,5449,0,5449
20231,A,골목상권,3110513,연희파출소,6598,3083,3515,716,702,1309,1018,980,1873,370,319,605,446,486,857,346,383,704,572,494,1016,3321,0,3321
20231,A,골목상권,3110514,서대문우체국,11453,5628,5825,696,1400,4005,1661,1322,2369,389,632,2089,847,631,1040,307,768,1916,814,691,1329,7137,0,7137
20231,A,골목상권,3110515,홍은중학교,6559,3209,3350,712,776,832,922,1105,2212,373,414,419,467,539,997,339,362,413,455,566,1215,2564,0,2564
20231,A,골목상권,3110516,정원여중,9884,4817,5067,1056,1155,1302,1522,1648,3201,510,599,678,781,839,1410,546,556,624,741,809,1791,4005,0,4005
20231,A,골목상권,3110517,서대문소방서,7311,3456,3855,977,904,945,1044,1302,2139,529,431,433,461,616,986,448,473,512,583,686,1153,3046,0,3046
20231,A,골목상권,3110518,서대문구청,7042,3350,3692,879,912,894,1010,1297,2050,466,455,442,456,615,916,413,457,452,554,682,1134,2734,0,2734
20231,A,골목상권,3110519,서대문구보건소별관,11430,5440,5990,1435,1337,1450,1806,1847,3555,682,669,731,904,910,1544,753,668,719,902,937,2011,4393,0,4393
20231,A,골목상권,3110520,경의중앙 신촌역,5770,2640,3130,216,744,1566,815,779,1650,117,267,712,414,421,709,99,477,854,401,358,941,4019,0,4019
20231,A,골목상권,3110521,홍제역 4번,8833,4228,4605,743,983,1176,1188,1497,3246,367,501,597,600,714,1449,376,482,579,588,783,1797,3762,0,3762
20231,A,골목상권,3110522,홍제역 3번,8607,4128,4479,788,907,1164,1281,1454,3013,385,461,581,644,703,1354,403,446,583,637,751,1659,3777,0,3777
20231,A,골목상권,3110523,홍제성원아파트,5955,2855,3100,789,690,861,965,988,1662,394,339,435,482,463,742,395,351,426,483,525,920,2258,0,2258
20231,A,골목상권,3110524,연희세브란스병원,569,238,331,52,81,187,76,55,118,27,21,73,32,32,53,25,60,114,44,23,65,343,0,343
20231,A,골목상권,3110525,홍은종합사회복지관,11657,5608,6049,1456,1385,1322,1670,2027,3797,754,668,665,837,997,1687,702,717,657,833,1030,2110,4373,0,4373
20231,A,골목상권,3110526,봉원사,1838,798,1040,192,242,525,231,225,423,96,72,211,100,111,208,96,170,314,131,114,215,1050,0,1050
20231,A,골목상권,3110527,홍제역 2번,14946,7192,7754,1423,1679,1976,2069,2605,5194,714,867,964,1091,1250,2306,709,812,1012,978,1355,2888,6330,0,6330
20231,A,골목상권,3110528,서울여자간호대학교,14132,6864,7268,1503,1742,1646,1932,2541,4768,783,900,846,982,1255,2098,720,842,800,950,1286,2670,5732,0,5732
20231,A,골목상권,3110529,홍제3동주민센터,16918,8246,8672,1711,2004,2183,2309,2981,5730,877,1019,1104,1205,1473,2568,834,985,1079,1104,1508,3162,6834,0,6834
20231,A,골목상권,3110530,아현역 1번,2813,1388,1425,340,233,460,508,418,854,164,110,223,270,232,389,176,123,237,238,186,465,1396,0,1396
20231,A,골목상권,3110531,홍지문,2373,1168,1205,212,315,376,292,380,798,101,170,191,143,193,370,111,145,185,149,187,428,1016,0,1016
20231,A,골목상권,3110532,아현역 2번,9543,4749,4794,720,1006,1394,1396,1656,3371,378,545,746,743,867,1470,342,461,648,653,789,1901,4690,0,4690
20231,A,골목상권,3110533,충정로역 7번,10732,5321,5411,768,1140,1577,1493,1813,3941,398,605,855,793,943,1727,370,535,722,700,870,2214,5121,0,5121
20231,A,골목상권,3110534,경기대학교,12772,6251,6521,1641,1425,1852,1971,2098,3785,835,723,972,990,1069,1662,806,702,880,981,1029,2123,5387,0,5387
20231,A,골목상권,3110535,영천시장입구,12646,6090,6556,1915,1308,1527,2058,2042,3796,993,634,759,1026,1037,1641,922,674,768,1032,1005,2155,5361,0,5361
20231,A,골목상권,3110536,돈의문센트레빌아파트입구,6217,3064,3153,877,684,902,1003,1025,1726,463,311,444,503,548,795,414,373,458,500,477,931,2741,0,2741
20231,A,골목상권,3110537,충정로현대아파트,5166,2544,2622,559,545,901,834,823,1504,288,264,432,424,446,690,271,281,469,410,377,814,2451,0,2451
20231,A,골목상권,3110538,충정로역 3번,4605,2266,2339,519,435,777,884,721,1269,269,201,356,442,388,610,250,234,421,442,333,659,2289,0,2289
20231,A,골목상권,3110539,미근동,3705,1809,1896,454,311,760,768,547,865,240,134,348,385,289,413,214,177,412,383,258,452,1943,0,1943
20231,A,골목상권,3110540,망원나들목체육관,11252,5552,5700,1388,1202,1704,2117,1785,3056,709,634,818,1053,940,1398,679,568,886,1064,845,1658,4672,0,4672
20231,A,골목상권,3110541,동교초등학교,22053,10618,11435,2761,2445,3381,4052,3588,5826,1398,1247,1589,1951,1800,2633,1363,1198,1792,2101,1788,3193,9079,0,9079
20231,A,골목상권,3110542,마포구청역 7번,16260,7820,8440,2068,1719,2546,3064,2587,4276,1078,898,1160,1496,1285,1903,990,821,1386,1568,1302,2373,6694,0,6694
20231,A,골목상권,3110543,중암중학교,6472,3143,3329,1065,785,892,1112,1192,1426,531,408,465,510,596,633,534,377,427,602,596,793,2372,0,2372
20231,A,골목상권,3110544,망리단길,37362,17923,19439,4000,3861,6829,6923,5747,10002,2045,1921,3125,3442,2887,4503,1955,1940,3704,3481,2860,5499,16916,0,16916
20231,A,골목상권,3110545,마포구청역 1번,11579,5459,6120,1547,1297,1936,2088,1873,2838,784,628,861,960,961,1265,763,669,1075,1128,912,1573,5154,0,5154
20231,A,골목상권,3110546,양화대교북단,8781,4192,4589,860,873,1930,1672,1188,2258,418,417,880,860,590,1027,442,456,1050,812,598,1231,4067,0,4067
20231,A,골목상권,3110547,KB국민은행 망원동지점,15587,7402,8185,1672,1672,2674,2876,2501,4192,859,869,1174,1401,1243,1856,813,803,1500,1475,1258,2336,6873,0,6873
20231,A,골목상권,3110548,마포구청역 4번,14362,6879,7483,1686,1547,2366,2587,2336,3840,873,812,1069,1229,1180,1716,813,735,1297,1358,1156,2124,6173,0,6173
20231,A,골목상권,3110549,새터산,15229,7415,7814,1667,1787,2275,2413,2616,4471,853,893,1133,1153,1332,2051,814,894,1142,1260,1284,2420,6569,0,6569
20231,A,골목상권,3110550,합정역 8번,19156,9100,10056,2228,1964,4131,3417,2641,4775,1172,925,1851,1716,1285,2151,1056,1039,2280,1701,1356,2624,8997,0,8997
20231,A,골목상권,3110551,성서초등학교,14552,6869,7683,1715,1627,2379,2753,2416,3662,863,834,1031,1322,1190,1629,852,793,1348,1431,1226,2033,6206,0,6206
20231,A,골목상권,3110552,성미산체육관,11924,5695,6229,1276,1318,1914,2081,2022,3313,623,677,926,972,997,1500,653,641,988,1109,1025,1813,5160,0,5160
20231,A,골목상권,3110553,가좌역 2번,14769,7208,7561,1818,1834,2032,2332,2651,4102,956,919,971,1146,1344,1872,862,915,1061,1186,1307,2230,5813,0,5813
20231,A,골목상권,3110554,망원역 1번,15239,7091,8148,1325,1479,3262,2961,2231,3981,677,712,1404,1431,1080,1787,648,767,1858,1530,1151,2194,7769,0,7769
20231,A,골목상권,3110555,홍익지구대,7536,3500,4036,584,721,1653,1348,1093,2137,304,360,709,645,532,950,280,361,944,703,561,1187,3976,0,3976
20231,A,골목상권,3110556,절두산순교성지,3743,1776,1967,302,335,796,719,512,1079,174,166,358,384,232,462,128,169,438,335,280,617,1806,0,1806
20231,A,골목상권,3110557,홍대부속여중고앞,12410,5769,6641,1121,1179,2545,2504,1912,3149,561,567,1130,1194,915,1402,560,612,1415,1310,997,1747,6318,0,6318
20231,A,골목상권,3110558,경성고등학교,20026,9579,10447,1968,2106,3617,3587,3180,5568,979,1050,1747,1780,1538,2485,989,1056,1870,1807,1642,3083,8958,0,8958
20231,A,골목상권,3110559,성산중학교,9243,4368,4875,660,849,2211,1785,1258,2480,355,400,1015,918,589,1091,305,449,1196,867,669,1389,4773,0,4773
20231,A,골목상권,3110560,마포FM,9372,4314,5058,831,891,2131,1859,1334,2326,413,421,962,866,615,1037,418,470,1169,993,719,1289,4700,0,4700
20231,A,골목상권,3110561,상수역 4번,7434,3483,3951,535,761,1914,1418,954,1852,277,324,894,702,454,832,258,437,1020,716,500,1020,3934,0,3934
20231,A,골목상권,3110562,연트럴파크(연남동주민센터),13976,6560,7416,1230,1270,3164,2614,1923,3775,634,618,1457,1284,929,1638,596,652,1707,1330,994,2137,7128,0,7128
20231,A,골목상권,3110563,상수역 3번,8169,3886,4283,1007,858,1771,1579,1104,1850,545,387,821,761,512,860,462,471,950,818,592,990,3753,0,3753
20231,A,골목상권,3110564,홍대입구역 3번,7929,3670,4259,634,721,2179,1470,1018,1907,325,321,990,723,478,833,309,400,1189,747,540,1074,4407,0,4407
20231,A,골목상권,3110565,홍익대,6713,3255,3458,696,923,1593,991,1053,1457,359,404,836,486,497,673,337,519,757,505,556,784,3410,0,3410
20231,A,골목상권,3110566,경의선책거리,12157,5775,6382,914,1492,3530,2006,1593,2622,487,644,1744,957,765,1178,427,848,1786,1049,828,1444,7049,0,7049
20231,A,골목상권,3110567,광흥창역 6번,8633,4099,4534,1755,843,1147,1909,1355,1624,900,418,483,894,676,728,855,425,664,1015,679,896,3116,0,3116
20231,A,골목상권,3110568,광흥창역 1번,10549,5039,5510,1856,1055,1489,2061,1654,2434,931,547,655,971,838,1097,925,508,834,1090,816,1337,3869,0,3869
20231,A,골목상권,3110569,홍대땡땡거리,10308,5024,5284,997,1228,2671,1603,1491,2318,526,569,1311,799,737,1082,471,659,1360,804,754,1236,5584,0,5584
20231,A,골목상권,3110570,KB국민은행 서강지점,8766,4251,4515,1320,932,1235,1637,1442,2200,662,480,586,825,717,981,658,452,649,812,725,1219,3417,0,3417
20231,A,골목상권,3110571,신수동주민센터,16073,7875,8198,2206,1728,2399,2857,2618,4265,1125,898,1218,1416,1314,1904,1081,830,1181,1441,1304,2361,6671,0,6671
20231,A,골목상권,3110572,서강대역 1번,17757,8826,8931,2194,2132,3471,2913,2783,4264,1144,1076,1814,1427,1421,1944,1050,1056,1657,1486,1362,2320,8151,0,8151
20231,A,골목상권,3110573,신촌역 6번,3793,1959,1834,224,402,1018,567,492,1090,116,193,573,303,274,500,108,209,445,264,218,590,2359,0,2359
20231,A,골목상권,3110574,서강대학교,4230,2123,2107,486,564,789,712,712,967,254,286,437,347,362,437,232,278,352,365,350,530,1943,0,1943
20231,A,골목상권,3110575,대흥동주민센터,6811,3109,3702,308,920,1899,971,871,1842,161,316,886,484,460,802,147,604,1013,487,411,1040,4585,0,4585
20231,A,골목상권,3110576,대흥역 3번,15554,7559,7995,2197,1663,2058,2733,2593,4310,1110,857,1013,1324,1299,1956,1087,806,1045,1409,1294,2354,6340,0,6340
20231,A,골목상권,3110577,용강동주민센터,15425,7397,8028,3046,1421,1961,3218,2472,3307,1525,715,882,1511,1277,1487,1521,706,1079,1707,1195,1820,5537,0,5537
20231,A,골목상권,3110578,대흥역 2번,12475,6042,6433,1597,1436,1697,2091,2139,3515,823,727,845,1014,1076,1557,774,709,852,1077,1063,1958,5292,0,5292
20231,A,골목상권,3110579,마포역 4번,5426,2690,2736,770,461,1011,951,763,1470,409,245,465,500,381,690,361,216,546,451,382,780,2245,0,2245
20231,A,골목상권,3110580,양원초등학교,4345,2061,2284,270,585,1074,597,569,1250,148,219,524,316,281,573,122,366,550,281,288,677,2597,0,2597
20231,A,골목상권,3110581,염리초등학교,5380,2597,2783,975,453,832,1149,822,1149,504,230,367,547,424,525,471,223,465,602,398,624,2125,0,2125
20231,A,골목상권,3110582,이대역 5번,4704,2069,2635,197,746,1238,571,634,1318,101,225,535,292,299,617,96,521,703,279,335,701,2979,0,2979
20231,A,골목상권,3110583,공덕래미안3차아파트,9775,4633,5142,1412,790,1832,1934,1384,2423,717,387,784,976,678,1091,695,403,1048,958,706,1332,4199,0,4199
20231,A,골목상권,3110584,아현역 4번,3899,1898,2001,497,390,613,661,618,1120,252,179,299,346,313,509,245,211,314,315,305,611,1781,0,1781
20231,A,골목상권,3110585,마포경찰서,13298,6307,6991,2425,1168,2308,2831,1941,2625,1193,543,959,1456,928,1228,1232,625,1349,1375,1013,1397,5056,0,5056
20231,A,골목상권,3110586,서울서부지방법원,20953,10074,10879,2978,1918,3556,3820,3397,5284,1517,972,1542,1895,1713,2435,1461,946,2014,1925,1684,2849,9175,0,9175
20231,A,골목상권,3110587,공덕동주민센터,18190,8806,9384,2016,1927,2960,3007,3188,5092,1034,970,1415,1500,1586,2301,982,957,1545,1507,1602,2791,8180,0,8180
20231,A,골목상권,3110588,한겨레신문사,15339,7486,7853,1588,1679,2281,2440,2773,4578,805,865,1133,1237,1374,2072,783,814,1148,1203,1399,2506,6856,0,6856
20231,A,골목상권,3110589,애오개역 3번,13288,6478,6810,1435,1564,1946,1923,2363,4057,765,796,972,982,1159,1804,670,768,974,941,1204,2253,5592,0,5592
20231,A,골목상권,3110590,만리재,14452,7110,7342,1318,1793,2096,2154,2777,4314,697,922,1072,1104,1383,1932,621,871,1024,1050,1394,2382,6543,0,6543
20231,A,골목상권,3110591,충정로역 6번,12497,6153,6344,936,1375,1818,1755,2035,4578,476,720,964,935,1025,2033,460,655,854,820,1010,2545,5674,0,5674
20231,A,골목상권,3110592,서울금융고등학교,8783,4470,4313,830,993,1183,1305,1519,2953,440,492,606,725,776,1431,390,501,577,580,743,1522,3953,0,3953
20231,A,골목상권,3110593,신월3동주민센터,17124,8930,8194,1529,1873,2167,2488,3119,5948,810,926,1161,1387,1693,2953,719,947,1006,1101,1426,2995,8217,0,8217
20231,A,골목상권,3110594,신월중학교,10425,5264,5161,1437,1381,1402,1633,1707,2865,755,761,757,812,817,1362,682,620,645,821,890,1503,3822,0,3822
20231,A,골목상권,3110595,메디힐병원,19693,9848,9845,2158,2252,2902,3110,3183,6088,1128,1134,1480,1647,1570,2889,1030,1118,1422,1463,1613,3199,8228,0,8228
20231,A,골목상권,3110596,서서울호수공원,16144,8318,7826,1629,1781,2176,2435,2860,5263,868,919,1136,1318,1506,2571,761,862,1040,1117,1354,2692,7207,0,7207
20231,A,골목상권,3110597,신월1동주민센터,24389,12393,11996,2522,2674,3325,3814,4102,7952,1315,1350,1747,2050,2111,3820,1207,1324,1578,1764,1991,4132,10744,0,10744
20231,A,골목상권,3110598,신월문화체육센터,20280,10001,10279,2269,2262,2823,3172,3191,6563,1138,1193,1499,1659,1577,2935,1131,1069,1324,1513,1614,3628,7949,0,7949
20231,A,골목상권,3110599,신월1파출소,16749,8515,8234,1714,1804,2190,2536,2924,5581,869,950,1134,1361,1491,2710,845,854,1056,1175,1433,2871,7396,0,7396
20231,A,골목상권,3110600,신월7동주민센터,20490,10149,10341,2529,2327,2720,3377,3197,6340,1291,1227,1422,1744,1599,2866,1238,1100,1298,1633,1598,3474,7745,0,7745
20231,A,골목상권,3110601,신월1동우편취급국,21510,10964,10546,2544,2161,3201,3738,3402,6464,1286,1155,1668,2045,1737,3073,1258,1006,1533,1693,1665,3391,9021,0,9021
20231,A,골목상권,3110602,신월시영아파트중문,14626,7184,7442,1790,1727,1993,2323,2343,4450,899,904,1035,1205,1151,1990,891,823,958,1118,1192,2460,5414,0,5414
20231,A,골목상권,3110603,지향초등학교,15045,7372,7673,2412,2253,1650,2357,2883,3490,1237,1156,816,1106,1442,1615,1175,1097,834,1251,1441,1875,4808,0,4808
20231,A,골목상권,3110604,신월4동주민센터,23688,11753,11935,3402,2608,2969,4137,3564,7008,1716,1387,1529,2114,1750,3257,1686,1221,1440,2023,1814,3751,8404,0,8404
20231,A,골목상권,3110605,목동센트럴아이파크앞,10507,5194,5313,1335,1477,1308,1567,1853,2967,691,772,674,785,896,1376,644,705,634,782,957,1591,3607,0,3607
20231,A,골목상권,3110606,신한은행 신월동지점,20290,10010,10280,2636,2380,2599,3284,3211,6180,1299,1269,1340,1652,1561,2889,1337,1111,1259,1632,1650,3291,7167,0,7167
20231,A,골목상권,3110607,금빛새마을금고본점,12398,6128,6270,1747,1361,1685,2072,1929,3604,897,731,856,1036,909,1699,850,630,829,1036,1020,1905,4319,0,4319
20231,A,골목상권,3110608,신월2동주민센터,25437,12693,12744,3291,2714,3503,4290,3777,7862,1664,1442,1805,2218,1840,3724,1627,1272,1698,2072,1937,4138,9605,0,9605
20231,A,골목상권,3110609,신정네거리역 2번,13225,6579,6646,1557,1465,1911,2168,2107,4017,786,804,990,1113,1016,1870,771,661,921,1055,1091,2147,5151,0,5151
20231,A,골목상권,3110610,계남근린공원,10427,5315,5112,1129,1159,1404,1625,1725,3385,562,664,763,887,843,1596,567,495,641,738,882,1789,4220,0,4220
20231,A,골목상권,3110611,신정역 1번,23201,11589,11612,2500,2474,3638,3987,3517,7085,1289,1258,1856,2105,1730,3351,1211,1216,1782,1882,1787,3734,9800,0,9800
20231,A,골목상권,3110612,신정역 5번,23802,11848,11954,2553,2626,3607,3987,3855,7174,1317,1354,1811,2077,1903,3386,1236,1272,1796,1910,1952,3788,10322,0,10322
20231,A,골목상권,3110613,신정네거리역 4번,10350,5112,5238,1648,1517,1032,1603,2082,2468,848,794,493,724,1085,1168,800,723,539,879,997,1300,3695,0,3695
20231,A,골목상권,3110614,목동로데오거리,12365,6062,6303,1307,1185,2123,2163,1760,3827,641,621,1030,1124,846,1800,666,564,1093,1039,914,2027,5386,0,5386
20231,A,골목상권,3110615,신서초등학교,8926,4379,4547,1455,1259,960,1508,1694,2050,760,645,447,711,838,978,695,614,513,797,856,1072,3140,0,3140
20231,A,골목상권,3110616,양목초등학교,7427,3566,3861,968,943,1081,1266,1297,1872,489,461,518,622,596,880,479,482,563,644,701,992,2864,0,2864
20231,A,골목상권,3110617,등촌역 4번,19200,9387,9813,2139,2287,3173,2922,2995,5684,1099,1272,1557,1495,1371,2593,1040,1015,1616,1427,1624,3091,7588,0,7588
20231,A,골목상권,3110618,강서고등학교,26153,12978,13175,2925,4124,3594,3838,5050,6622,1480,2378,1823,1835,2387,3075,1445,1746,1771,2003,2663,3547,9899,0,9899
20231,A,골목상권,3110619,목4동주민센터,14438,7072,7366,1811,2425,1808,2064,3041,3289,886,1298,912,955,1462,1559,925,1127,896,1109,1579,1730,5228,0,5228
20231,A,골목상권,3110620,목동보건지소,33793,16863,16930,4426,5657,4248,5007,6717,7738,2320,3223,2153,2347,3234,3586,2106,2434,2095,2660,3483,4152,11701,0,11701
20231,A,골목상권,3110621,목동역 5번,10192,4916,5276,1567,1800,1189,1384,2164,2088,810,882,541,571,1057,1055,757,918,648,813,1107,1033,3122,0,3122
20231,A,골목상권,3110622,달마을공원,20657,9986,10671,2262,2505,3765,3260,3224,5641,1147,1335,1805,1656,1488,2555,1115,1170,1960,1604,1736,3086,8091,0,8091
20231,A,골목상권,3110623,갈산공원,11463,5687,5776,1118,1765,1518,1358,2128,3576,596,936,808,678,1011,1658,522,829,710,680,1117,1918,4189,0,4189
20231,A,골목상권,3110624,목동문화체육센터,15905,7864,8041,2019,2436,2378,2436,2922,3714,1044,1364,1212,1175,1377,1692,975,1072,1166,1261,1545,2022,5642,0,5642
20231,A,골목상권,3110625,신정2동주민센터,20418,10125,10293,2988,3794,2095,2649,4587,4305,1584,2022,1029,1106,2239,2145,1404,1772,1066,1543,2348,2160,6321,0,6321
20231,A,골목상권,3110626,양화초등학교,20887,10085,10802,2286,2321,4216,3473,3090,5501,1165,1229,1976,1776,1413,2526,1121,1092,2240,1697,1677,2975,8728,0,8728
20231,A,골목상권,3110627,신정롯데캐슬아파트,24301,11992,12309,3088,4043,2711,3065,5066,6328,1597,2156,1335,1371,2495,3038,1491,1887,1376,1694,2571,3290,8236,0,8236
20231,A,골목상권,3110628,신목동역,7113,3510,3603,791,792,1502,1164,1095,1769,419,424,700,603,518,846,372,368,802,561,577,923,3031,0,3031
20231,A,골목상권,3110629,송정역 4번,6409,3135,3274,541,566,1535,1008,854,1905,286,236,727,560,440,886,255,330,808,448,414,1019,3552,0,3552
20231,A,골목상권,3110630,공항시장역 1번,15302,7572,7730,1524,1581,2756,2287,2296,4858,791,778,1345,1218,1191,2249,733,803,1411,1069,1105,2609,7257,0,7257
20231,A,골목상권,3110631,방화초등학교,16845,8361,8484,2041,1708,2265,2724,2705,5402,1062,906,1121,1414,1373,2485,979,802,1144,1310,1332,2917,6896,0,6896
20231,A,골목상권,3110632,방화역 3번,15006,7325,7681,1810,1428,2487,2681,2264,4336,941,728,1127,1368,1149,2012,869,700,1360,1313,1115,2324,6513,0,6513
20231,A,골목상권,3110633,개화산역 1번,8755,4326,4429,1006,952,1237,1350,1388,2822,504,483,598,690,701,1350,502,469,639,660,687,1472,3479,0,3479
20231,A,골목상권,3110634,송정역 3번,16160,8260,7900,1667,1481,2973,2770,2374,4895,875,724,1550,1529,1251,2331,792,757,1423,1241,1123,2564,7987,0,7987
20231,A,골목상권,3110635,공항시장역 3번,13707,6881,6826,1535,1438,2191,2098,2056,4389,789,743,1109,1117,1052,2071,746,695,1082,981,1004,2318,6022,0,6022
20231,A,골목상권,3110636,방화역 2번,12519,6120,6399,1801,1235,1769,2216,1877,3621,891,636,870,1115,933,1675,910,599,899,1101,944,1946,4808,0,4808
20231,A,골목상권,3110637,송정역 2번,7421,3739,3682,703,753,1266,1090,1097,2512,353,392,648,594,561,1191,350,361,618,496,536,1321,3543,0,3543
20231,A,골목상권,3110638,신방화역 2번,24305,12037,12268,2962,2445,3672,3951,3660,7615,1507,1263,1800,2045,1858,3564,1455,1182,1872,1906,1802,4051,10077,0,10077
20231,A,골목상권,3110639,신방화역 8번,13951,6932,7019,1672,1494,2214,2218,2135,4218,853,758,1068,1160,1092,2001,819,736,1146,1058,1043,2217,5985,0,5985
20231,A,골목상권,3110640,방화역 1번,16772,8142,8630,2301,1497,2498,2913,2527,5036,1165,763,1168,1454,1251,2341,1136,734,1330,1459,1276,2695,6825,0,6825
20231,A,골목상권,3110641,공항고등학교,13428,6598,6830,1848,1237,1788,2315,1815,4425,934,669,899,1216,902,1978,914,568,889,1099,913,2447,5348,0,5348
20231,A,골목상권,3110642,정곡초등학교,5995,2906,3089,902,515,879,1149,854,1696,438,250,449,585,414,770,464,265,430,564,440,926,2368,0,2368
20231,A,골목상권,3110643,강서구다솔마을,8619,4406,4213,1491,854,1149,1717,1336,2072,771,419,602,918,716,980,720,435,547,799,620,1092,3458,0,3458
20231,A,골목상권,3110644,신광명마을,3799,1870,1929,630,471,436,655,614,993,338,257,209,332,300,434,292,214,227,323,314,559,1289,0,1289
20231,A,골목상권,3110645,우장산역 4번,26136,12444,13692,3973,4099,2833,4334,4928,5969,1963,1941,1374,2013,2404,2749,2010,2158,1459,2321,2524,3220,9109,0,9109
20231,A,골목상권,3110646,푸른들청소년도서관,31994,15533,16461,3690,3708,5076,5048,4960,9512,1928,1873,2459,2471,2356,4446,1762,1835,2617,2577,2604,5066,12366,0,12366
20231,A,골목상권,3110647,화곡역 5번,29205,14245,14960,3306,3006,5078,5304,4319,8192,1699,1466,2465,2745,2086,3784,1607,1540,2613,2559,2233,4408,12293,0,12293
20231,A,골목상권,3110648,양천향교역 7번,9112,4341,4771,611,1045,2294,1432,1202,2528,331,470,1082,775,573,1110,280,575,1212,657,629,1418,5181,0,5181
20231,A,골목상권,3110649,우장산역 1번,16400,7840,8560,2808,2464,1702,2841,3141,3444,1367,1156,829,1242,1617,1629,1441,1308,873,1599,1524,1815,5446,0,5446
20231,A,골목상권,3110650,우장산힐스테이트,12516,5908,6608,2232,1804,1279,2129,2377,2695,1060,811,633,913,1224,1267,1172,993,646,1216,1153,1428,4012,0,4012
20231,A,골목상권,3110651,화원중학교,28188,13877,14311,3288,2918,4557,4993,4145,8287,1684,1462,2302,2598,2009,3822,1604,1456,2255,2395,2136,4465,11224,0,11224
20231,A,골목상권,3110652,양천향교역 2번,5133,2585,2548,483,615,1051,779,770,1435,269,318,520,416,356,706,214,297,531,363,414,729,2183,0,2183
20231,A,골목상권,3110653,화곡역 2번,20886,10007,10879,2572,2086,3757,3844,3013,5614,1313,1046,1745,1936,1404,2563,1259,1040,2012,1908,1609,3051,8645,0,8645
20231,A,골목상권,3110654,까치산역 4번,40791,20167,20624,4107,3841,7531,7229,5927,12156,2055,1936,3782,3915,2884,5595,2052,1905,3749,3314,3043,6561,18206,0,18206
20231,A,골목상권,3110655,발산역 5번,11292,5375,5917,1855,1427,1413,1941,1933,2723,883,672,680,880,979,1281,972,755,733,1061,954,1442,4101,0,4101
20231,A,골목상권,3110656,까치산역 3번,29309,14658,14651,2857,2468,6031,5466,4002,8485,1395,1274,2980,3064,2012,3933,1462,1194,3051,2402,1990,4552,14070,0,14070
20231,A,골목상권,3110657,양천향교역 5번,16168,7774,8394,1628,2106,3271,2468,2523,4172,864,1019,1549,1231,1210,1901,764,1087,1722,1237,1313,2271,7464,0,7464
20231,A,골목상권,3110658,화곡초등학교,17781,8731,9050,1924,1699,3273,3378,2566,4941,1004,846,1660,1761,1262,2198,920,853,1613,1617,1304,2743,8042,0,8042
20231,A,골목상권,3110659,화곡역 4번,46161,22563,23598,6012,4750,7877,9000,6651,11871,3118,2390,3889,4663,3244,5259,2894,2360,3988,4337,3407,6612,18881,0,18881
20231,A,골목상권,3110660,등촌3동주민센터,21667,10366,11301,2652,2695,3558,3213,3309,6240,1358,1406,1620,1578,1562,2842,1294,1289,1938,1635,1747,3398,8693,0,8693
20231,A,골목상권,3110661,강서새말어린이공원,9165,4506,4659,1063,1030,1391,1526,1484,2671,526,543,693,772,720,1252,537,487,698,754,764,1419,3640,0,3640
20231,A,골목상권,3110662,까치산역 1번,41215,20073,21142,5080,4182,6695,7976,5974,11308,2601,2147,3294,4094,2865,5072,2479,2035,3401,3882,3109,6236,16739,0,16739
20231,A,골목상권,3110663,우장산롯데캐슬아파트앞,9926,4858,5068,1080,1134,1762,1527,1596,2827,552,597,786,776,783,1364,528,537,976,751,813,1463,4105,0,4105
20231,A,골목상권,3110664,강서구청옆,7546,3667,3879,946,761,1527,1382,1020,1910,464,385,679,752,526,861,482,376,848,630,494,1049,3426,0,3426
20231,A,골목상권,3110665,곰달래도서관,23702,11665,12037,2624,2266,3885,4386,3402,7139,1341,1170,1915,2268,1672,3299,1283,1096,1970,2118,1730,3840,10065,0,10065
20231,A,골목상권,3110666,KC대학교,9394,4673,4721,1188,980,1481,1651,1361,2733,610,538,737,884,664,1240,578,442,744,767,697,1493,3929,0,3929
20231,A,골목상권,3110667,가양역 10번,15153,7167,7986,1052,1562,2784,1987,2092,5676,559,848,1308,1069,920,2463,493,714,1476,918,1172,3213,7124,0,7124
20231,A,골목상권,3110668,화곡2동주민센터,38707,18834,19873,4896,3889,5954,7336,5796,10836,2473,2012,2925,3738,2807,4879,2423,1877,3029,3598,2989,5957,15702,0,15702
20231,A,골목상권,3110669,화곡보람2차아파트,6159,2993,3166,606,647,1303,1014,844,1745,328,339,571,535,406,814,278,308,732,479,438,931,2813,0,2813
20231,A,골목상권,3110670,신곡초등학교,25563,12561,13002,3361,2979,3659,4710,4117,6737,1720,1516,1848,2399,2014,3064,1641,1463,1811,2311,2103,3673,10003,0,10003
20231,A,골목상권,3110671,등촌1동주민센터,24848,11827,13021,3075,2459,5818,4417,3447,5632,1603,1238,2413,2292,1652,2629,1472,1221,3405,2125,1795,3003,11437,0,11437
20231,A,골목상권,3110672,백석중학교,12167,6151,6016,1480,1634,1801,1731,2020,3501,788,936,928,869,923,1707,692,698,873,862,1097,1794,4165,0,4165
20231,A,골목상권,3110673,뜸부기어린이공원,19505,9570,9935,2039,1958,3112,3359,2981,6056,1018,1043,1549,1729,1435,2796,1021,915,1563,1630,1546,3260,8268,0,8268
20231,A,골목상권,3110674,강서구청가양동별관,10812,5194,5618,989,979,1734,1734,1416,3960,495,529,882,978,695,1615,494,450,852,756,721,2345,4990,0,4990
20231,A,골목상권,3110675,화곡4동주민센터,25685,12684,13001,2934,3141,3818,4389,4224,7179,1526,1757,1910,2249,2024,3218,1408,1384,1908,2140,2200,3961,10199,0,10199
20231,A,골목상권,3110676,등촌역 7번,12414,6031,6383,1398,1397,2492,2226,1805,3096,726,721,1137,1170,830,1447,672,676,1355,1056,975,1649,5263,0,5263
20231,A,골목상권,3110677,등촌역 1번,15595,7597,7998,2610,1867,2318,2805,2571,3424,1340,947,1060,1371,1258,1621,1270,920,1258,1434,1313,1803,5471,0,5471
20231,A,골목상권,3110678,염창무학아파트,10153,5008,5145,1870,1202,1465,1868,1623,2125,948,609,680,944,788,1039,922,593,785,924,835,1086,3422,0,3422
20231,A,골목상권,3110679,염창역 2번,10641,5210,5431,1636,1251,1810,1829,1660,2455,837,660,814,923,791,1185,799,591,996,906,869,1270,3908,0,3908
20231,A,골목상권,3110680,온수역 5번(온수산업단지),6667,3380,3287,1013,577,887,1295,914,1981,573,310,419,666,476,936,440,267,468,629,438,1045,2424,0,2424
20231,A,골목상권,3110681,온수역 1번,5226,2606,2620,693,483,826,966,721,1537,383,232,393,509,374,715,310,251,433,457,347,822,2081,0,2081
20231,A,골목상권,3110682,온수역 8번,4687,2338,2349,719,508,642,892,659,1267,384,267,299,443,333,612,335,241,343,449,326,655,1650,0,1650
20231,A,골목상권,3110683,오류고등학교,7665,3824,3841,998,1014,960,1186,1257,2250,485,558,498,606,616,1061,513,456,462,580,641,1189,2799,0,2799
20231,A,골목상권,3110684,서울공연예술고등학교,9644,4776,4868,1257,1304,1246,1485,1618,2734,631,710,622,754,778,1281,626,594,624,731,840,1453,3444,0,3444
20231,A,골목상권,3110685,금강수목원아파트,5615,2801,2814,832,603,782,952,901,1545,438,323,370,487,463,720,394,280,412,465,438,825,1922,0,1922
20231,A,골목상권,3110686,수궁동주민센터,18239,9025,9214,2375,2202,2427,2953,2925,5357,1208,1200,1222,1510,1422,2463,1167,1002,1205,1443,1503,2894,6791,0,6791
20231,A,골목상권,3110687,"천왕역 3번(오류2동주민센터, 서울오류남초등학교)",7474,3645,3829,1252,700,905,1432,1099,2086,650,354,419,739,526,957,602,346,486,693,573,1129,2869,0,2869
20231,A,골목상권,3110688,오류지구대,12922,6366,6556,1593,1371,2100,2272,1866,3720,787,704,1018,1196,939,1722,806,667,1082,1076,927,1998,5302,0,5302
20231,A,골목상권,3110689,오류동역 3번,21660,10678,10982,2375,2140,3806,3631,2996,6712,1181,1033,1853,1937,1537,3137,1194,1107,1953,1694,1459,3575,9373,0,9373
20231,A,골목상권,3110690,오류2동버들시장,24327,12074,12253,3078,2346,3960,4262,3467,7214,1625,1209,1898,2284,1693,3365,1453,1137,2062,1978,1774,3849,10335,0,10335
20231,A,골목상권,3110691,개봉중학교,14776,7454,7322,1643,1640,1978,2140,2391,4984,814,913,1006,1128,1220,2373,829,727,972,1012,1171,2611,5996,0,5996
20231,A,골목상권,3110692,큰굴다리,14926,7472,7454,1767,1554,2451,2448,2181,4525,907,769,1194,1314,1121,2167,860,785,1257,1134,1060,2358,6227,0,6227
20231,A,골목상권,3110693,오류동역 4번,5410,2638,2772,535,483,1276,984,648,1484,270,213,577,540,337,701,265,270,699,444,311,783,2694,0,2694
20231,A,골목상권,3110694,세곡초등학교,21979,11018,10961,2479,2675,2903,3317,3858,6747,1197,1462,1461,1736,1958,3204,1282,1213,1442,1581,1900,3543,9081,0,9081
20231,A,골목상권,3110695,개봉1동주민센터,21271,10665,10606,2214,2361,2719,3178,3572,7227,1092,1247,1359,1684,1819,3464,1122,1114,1360,1494,1753,3763,9157,0,9157
20231,A,골목상권,3110696,오류동역 1번,19351,9605,9746,2405,1757,2814,3390,2529,6456,1228,922,1370,1832,1234,3019,1177,835,1444,1558,1295,3437,7436,0,7436
20231,A,골목상권,3110697,개봉3동주민센터,12712,6312,6400,1699,1353,1645,2180,1960,3875,862,682,855,1157,960,1796,837,671,790,1023,1000,2079,4696,0,4696
20231,A,골목상권,3110698,개웅초등학교(개웅중학교),22999,11323,11676,2617,2637,3080,3747,3672,7246,1371,1343,1562,1956,1774,3317,1246,1294,1518,1791,1898,3929,8965,0,8965
20231,A,골목상권,3110699,덕의초등학교,15314,7623,7691,2306,1796,1816,2682,2599,4115,1190,909,908,1347,1300,1969,1116,887,908,1335,1299,2146,5632,0,5632
20231,A,골목상권,3110700,고척초등학교,21761,10851,10910,2730,2514,2765,3431,3519,6802,1415,1279,1415,1739,1759,3244,1315,1235,1350,1692,1760,3558,8356,0,8356
20231,A,골목상권,3110701,고척동성당,12348,6085,6263,1805,1516,1486,2116,2134,3291,948,758,726,1050,1059,1544,857,758,760,1066,1075,1747,4358,0,4358
20231,A,골목상권,3110702,개봉초등학교,15571,7654,7917,2359,1494,2020,2739,2188,4771,1236,763,1017,1356,1058,2224,1123,731,1003,1383,1130,2547,5633,0,5633
20231,A,골목상권,3110703,개봉역,29134,14323,14811,4478,2952,3796,5048,4009,8851,2271,1524,1825,2526,1953,4224,2207,1428,1971,2522,2056,4627,9896,0,9896
20231,A,골목상권,3110704,고척중학교,6217,3072,3145,754,773,930,961,949,1850,391,391,474,477,444,895,363,382,456,484,505,955,2299,0,2299
20231,A,골목상권,3110705,고산초등학교,5973,2977,2996,687,726,953,939,896,1772,360,371,485,478,420,863,327,355,468,461,476,909,2328,0,2328
20231,A,골목상권,3110706,그라운드 고척,10432,5308,5124,1098,1289,1536,1577,1662,3270,579,670,822,840,841,1556,519,619,714,737,821,1714,4281,0,4281
20231,A,골목상권,3110707,구로창업지원센터,19408,9593,9815,3467,2134,2556,3741,2949,4561,1751,1082,1242,1795,1520,2203,1716,1052,1314,1946,1429,2358,6750,0,6750
20231,A,골목상권,3110708,화원어린이공원,8756,4405,4351,999,877,1272,1440,1454,2714,532,449,638,772,743,1271,467,428,634,668,711,1443,3655,0,3655
20231,A,골목상권,3110709,구로119안전센터,10806,5474,5332,891,969,1384,1541,2050,3971,444,481,724,849,1118,1858,447,488,660,692,932,2113,5374,0,5374
20231,A,골목상권,3110710,남구로역 3번,21831,11394,10437,1461,2041,2555,2972,4084,8718,780,1099,1399,1681,2240,4195,681,942,1156,1291,1844,4523,11204,0,11204
20231,A,골목상권,3110711,구로초등학교,19072,9522,9550,1822,1919,2540,2822,3376,6593,936,983,1287,1503,1764,3049,886,936,1253,1319,1612,3544,8613,0,8613
20231,A,골목상권,3110712,남구로역 5번,24840,12550,12290,2527,2258,3188,4215,4107,8545,1290,1227,1651,2313,2156,3913,1237,1031,1537,1902,1951,4632,11395,0,11395
20231,A,골목상권,3110713,구로보건소,26464,13026,13438,3312,2594,4480,4496,4039,7543,1683,1312,2121,2322,2044,3544,1629,1282,2359,2174,1995,3999,11232,0,11232
20231,A,골목상권,3110714,구로4동주민센터,25279,12656,12623,2939,2085,3185,4387,4165,8518,1485,1095,1569,2338,2226,3943,1454,990,1616,2049,1939,4575,11520,0,11520
20231,A,골목상권,3110715,구로구민회관,10026,4882,5144,829,1030,2261,1908,1575,2423,420,442,985,1033,859,1143,409,588,1276,875,716,1280,5641,0,5641
20231,A,골목상권,3110716,구로나눔길,9971,4923,5048,805,1016,1540,1486,1796,3328,392,514,702,798,962,1555,413,502,838,688,834,1773,5032,0,5032
20231,A,골목상권,3110717,남구로역 2번,30546,15594,14952,3214,2569,4432,5469,5112,9750,1609,1368,2256,2994,2763,4604,1605,1201,2176,2475,2349,5146,14564,0,14564
20231,A,골목상권,3110718,한국SGI본부,16637,8129,8508,2155,1577,3356,2799,2219,4531,1095,768,1549,1446,1087,2184,1060,809,1807,1353,1132,2347,6916,0,6916
20231,A,골목상권,3110719,영서중학교,11515,5648,5867,1987,939,1577,2464,1594,2954,1001,486,753,1253,816,1339,986,453,824,1211,778,1615,4202,0,4202
20231,A,골목상권,3110720,대림역 2번,15344,7509,7835,1476,1358,2473,2599,2421,5017,732,662,1146,1381,1258,2330,744,696,1327,1218,1163,2687,7604,0,7604
20231,A,골목상권,3110721,가리봉파출소,10757,5913,4844,560,747,3527,1891,1586,2446,275,310,1876,1180,973,1299,285,437,1651,711,613,1147,7502,0,7502
20231,A,골목상권,3110722,G타워,12259,6618,5641,565,805,5378,2369,1253,1889,287,306,2827,1491,741,966,278,499,2551,878,512,923,9095,0,9095
20231,A,골목상권,3110723,가산디지털단지역 1번 출입구,4490,2438,2052,274,330,510,613,849,1914,133,168,284,369,517,967,141,162,226,244,332,947,2581,0,2581
20231,A,골목상권,3110724,금천구립가산도서관,11585,6418,5167,1132,977,3148,2001,1524,2803,579,479,1839,1212,860,1449,553,498,1309,789,664,1354,6067,0,6067
20231,A,골목상권,3110725,가산동주민센터,7611,4157,3454,552,560,1707,1174,1350,2268,277,237,849,679,846,1269,275,323,858,495,504,999,4635,0,4635
20231,A,골목상권,3110726,금천철쭉어린이공원(금하마을),4711,2336,2375,510,613,632,621,861,1474,263,308,336,319,399,711,247,305,296,302,462,763,1746,0,1746
20231,A,골목상권,3110727,독산역 1번 출입구,9957,5262,4695,1414,831,2091,1856,1291,2474,729,431,1148,1069,646,1239,685,400,943,787,645,1235,4202,0,4202
20231,A,골목상권,3110728,두산초등학교,6618,3573,3045,725,528,1810,1251,845,1459,369,252,1012,751,441,748,356,276,798,500,404,711,3469,0,3469
20231,A,골목상권,3110729,가산동우체국,15660,8591,7069,1042,1168,4395,2586,2478,3991,518,506,2338,1557,1508,2164,524,662,2057,1029,970,1827,10014,0,10014
20231,A,골목상권,3110730,서울축산농협 독산역지점(독산파출소),8859,4724,4135,904,785,2144,1457,1303,2266,463,375,1193,856,712,1125,441,410,951,601,591,1141,4518,0,4518
20231,A,골목상권,3110731,금천구청역 1번 출입구,8342,4200,4142,849,761,1447,1361,1344,2580,427,374,738,740,686,1235,422,387,709,621,658,1345,3831,0,3831
20231,A,골목상권,3110732,가산초등학교(세일중학교),15072,8122,6950,1094,1231,4484,2591,2022,3650,542,556,2396,1567,1167,1894,552,675,2088,1024,855,1756,9193,0,9193
20231,A,골목상권,3110733,금천어울림복지센터,6664,3399,3265,766,622,1106,1093,1058,2019,399,319,588,594,530,969,367,303,518,499,528,1050,2825,0,2825
20231,A,골목상권,3110734,금천파출소,2580,1306,1274,234,198,530,458,384,776,119,98,263,245,211,370,115,100,267,213,173,406,1311,0,1311
20231,A,골목상권,3110735,말미고개,18281,9262,9019,1824,1987,2799,2579,3349,5743,914,1028,1495,1360,1733,2732,910,959,1304,1219,1616,3011,8070,0,8070
20231,A,골목상권,3110736,독산119안전센터,17409,8862,8547,1462,1810,2384,2501,3466,5786,732,895,1289,1297,1856,2793,730,915,1095,1204,1610,2993,8445,0,8445
20231,A,골목상권,3110737,금천세무서,12117,6254,5863,977,1075,2367,1809,2071,3818,458,561,1245,1055,1070,1865,519,514,1122,754,1001,1953,6373,0,6373
20231,A,골목상권,3110738,문성초등학교,20890,10580,10310,1839,2242,2834,2892,4030,7053,901,1143,1515,1564,2056,3401,938,1099,1319,1328,1974,3652,9500,0,9500
20231,A,골목상권,3110739,시흥3동 우편취급국,5407,2736,2671,607,541,747,838,844,1830,299,297,390,442,433,875,308,244,357,396,411,955,2130,0,2130
20231,A,골목상권,3110740,금천해태공원,22723,11392,11331,2171,2456,3298,3289,3951,7558,1100,1269,1725,1769,1982,3547,1071,1187,1573,1520,1969,4011,10113,0,10113
20231,A,골목상권,3110741,독산2동주민센터,20323,10334,9989,1882,2219,2996,2841,3917,6468,962,1162,1603,1516,2012,3079,920,1057,1393,1325,1905,3389,9152,0,9152
20231,A,골목상권,3110742,KT금천빌딩(금천구시설관리공단),8038,3991,4047,1201,861,1079,1395,1255,2247,620,479,549,676,615,1052,581,382,530,719,640,1195,2991,0,2991
20231,A,골목상권,3110743,시흥초등학교(시흥1동우체국),21595,10794,10801,1931,2326,2893,2984,3885,7576,1005,1206,1504,1575,1981,3523,926,1120,1389,1409,1904,4053,10000,0,10000
20231,A,골목상권,3110744,독산동성당,29078,14773,14305,2560,3373,3752,3963,5954,9476,1297,1712,2060,2079,3047,4578,1263,1661,1692,1884,2907,4898,13160,0,13160
20231,A,골목상권,3110745,독산동정훈단지,18306,9303,9003,1690,2197,2397,2621,3746,5655,854,1146,1282,1348,1908,2765,836,1051,1115,1273,1838,2890,8068,0,8068
20231,A,골목상권,3110746,금천금빛공원(은행나무사거리서측),10157,5099,5058,858,1086,1372,1438,1873,3530,450,561,731,737,981,1639,408,525,641,701,892,1891,4769,0,4769
20231,A,골목상권,3110747,석수역 1번 출입구,3165,1573,1592,304,319,426,452,470,1194,136,178,219,259,231,550,168,141,207,193,239,644,1245,0,1245
20231,A,골목상권,3110748,백산초등학교,12860,6475,6385,1436,1463,1654,1996,2165,4146,767,771,867,1034,1108,1928,669,692,787,962,1057,2218,5387,0,5387
20231,A,골목상권,3110749,금산초등학교(금천고등학교),9095,4550,4545,1022,988,1205,1344,1462,3074,486,529,630,701,745,1459,536,459,575,643,717,1615,3488,0,3488
20231,A,골목상권,3110750,시흥4동주민센터(서울신흥초등학교),20556,10264,10292,2136,2274,2660,2898,3645,6943,1102,1157,1408,1487,1863,3247,1034,1117,1252,1411,1782,3696,8838,0,8838
20231,A,골목상권,3110751,난곡중학교,20043,10080,9963,2006,2171,2921,2966,3603,6376,996,1122,1536,1577,1780,3069,1010,1049,1385,1389,1823,3307,8773,0,8773
20231,A,골목상권,3110752,한울중학교,26655,13342,13313,2817,3136,3613,3792,4829,8468,1416,1637,1892,1946,2448,4003,1401,1499,1721,1846,2381,4465,10634,0,10634
20231,A,골목상권,3110753,시흥동 은행나무사거리,19502,9782,9720,1955,2283,2412,2732,3444,6676,1017,1213,1271,1415,1753,3113,938,1070,1141,1317,1691,3563,8357,0,8357
20231,A,골목상권,3110754,삼성산자연공원(서울금천초등학교),17627,8811,8816,1809,2069,2313,2396,3204,5836,939,1065,1225,1240,1622,2720,870,1004,1088,1156,1582,3116,7427,0,7427
20231,A,골목상권,3110755,동일여자고등학교,14199,7031,7168,1514,1675,1698,1948,2491,4873,781,891,886,1009,1222,2242,733,784,812,939,1269,2631,5945,0,5945
20231,A,골목상권,3110756,문래중학교,12638,6259,6379,2145,1018,2170,2805,1622,2878,1106,519,1020,1482,838,1294,1039,499,1150,1323,784,1584,5001,0,5001
20231,A,골목상권,3110757,양평역 2번,10887,5420,5467,1472,923,2128,2307,1434,2623,762,463,1001,1245,790,1159,710,460,1127,1062,644,1464,4936,0,4936
20231,A,골목상권,3110758,문래소공원,11476,5625,5851,2126,904,2200,2782,1409,2055,1088,435,996,1443,741,922,1038,469,1204,1339,668,1133,4618,0,4618
20231,A,골목상권,3110759,문래예술촌(문래창작촌),18642,9232,9410,3363,1615,2558,3675,2550,4881,1763,818,1206,1837,1313,2295,1600,797,1352,1838,1237,2586,6790,0,6790
20231,A,골목상권,3110760,선유도역 6번,16006,7955,8051,2667,1766,2834,3021,2404,3314,1342,914,1333,1532,1255,1579,1325,852,1501,1489,1149,1735,6133,0,6133
20231,A,골목상권,3110761,문래동남성맨션,2367,1200,1167,410,173,374,474,287,649,210,91,174,272,148,305,200,82,200,202,139,344,955,0,955
20231,A,골목상권,3110762,선유도역 1번,14444,7238,7206,1829,1369,3325,2602,1948,3371,915,693,1582,1386,1044,1618,914,676,1743,1216,904,1753,6488,0,6488
20231,A,골목상권,3110763,영등포구청역 2번,5910,2881,3029,801,561,1172,1031,752,1593,434,262,546,540,362,737,367,299,626,491,390,856,2457,0,2457
20231,A,골목상권,3110764,문래역 3번,5705,2747,2958,849,469,946,1234,819,1388,422,225,437,619,397,647,427,244,509,615,422,741,2396,0,2396
20231,A,골목상권,3110765,문래동사거리,5875,2952,2923,840,369,1064,1249,787,1566,407,189,498,701,424,733,433,180,566,548,363,833,2770,0,2770
20231,A,골목상권,3110766,대림역 5번,12665,6425,6240,1254,1202,1958,2015,2128,4108,644,630,1026,1069,1096,1960,610,572,932,946,1032,2148,6031,0,6031
20231,A,골목상권,3110767,도림동주민센터,9703,4817,4886,1235,731,2058,1973,1346,2360,616,371,932,1079,707,1112,619,360,1126,894,639,1248,4571,0,4571
20231,A,골목상권,3110768,도림2동유수지내체육시설,16519,8196,8323,2078,1407,3168,2983,2404,4479,1071,695,1524,1591,1217,2098,1007,712,1644,1392,1187,2381,7164,0,7164
20231,A,골목상권,3110769,대림차이나타운(대림역 12번),8863,4371,4492,847,772,1110,1394,1546,3194,427,420,571,698,772,1483,420,352,539,696,774,1711,4096,0,4096
20231,A,골목상권,3110770,영등포구청역 6번,12992,6374,6618,1571,1179,2348,2139,1791,3964,767,570,1140,1134,915,1848,804,609,1208,1005,876,2116,5438,0,5438
20231,A,골목상권,3110771,대림역 11번,5952,2981,2971,417,505,732,856,1115,2327,217,277,410,434,553,1090,200,228,322,422,562,1237,3166,0,3166
20231,A,골목상권,3110772,신우어린이공원,10923,5473,5450,1409,1200,1545,1745,1888,3136,720,645,776,880,971,1481,689,555,769,865,917,1655,4216,0,4216
20231,A,골목상권,3110773,당산역 13번,4198,2033,2165,290,401,1420,704,503,880,152,195,615,367,278,426,138,206,805,337,225,454,2493,0,2493
20231,A,골목상권,3110774,당산반도유보라팰리스아파트,11905,5756,6149,1706,1098,2410,2113,1598,2980,868,534,1131,1052,766,1405,838,564,1279,1061,832,1575,5112,0,5112
20231,A,골목상권,3110775,대동초등학교,9701,4825,4876,752,879,1190,1358,1764,3758,383,447,638,745,896,1716,369,432,552,613,868,2042,4897,0,4897
20231,A,골목상권,3110776,도신초등학교,18019,9210,8809,1817,2054,2291,2607,3300,5950,956,1151,1227,1346,1719,2811,861,903,1064,1261,1581,3139,7567,0,7567
20231,A,골목상권,3110777,구로세무서,4240,2318,1922,545,326,624,805,624,1316,254,168,285,440,371,800,291,158,339,365,253,516,2180,0,2180
20231,A,골목상권,3110778,구로디지털단지역 4번,19704,9832,9872,2029,1739,3145,3154,3174,6463,1045,936,1541,1682,1582,3046,984,803,1604,1472,1592,3417,8961,0,8961
20231,A,골목상권,3110779,대림갑을명가아파트,9376,4686,4690,938,1108,1206,1292,1664,3168,491,606,646,687,796,1460,447,502,560,605,868,1708,3742,0,3742
20231,A,골목상권,3110780,신길대성유니드아파트,11702,5933,5769,1179,1240,1497,1751,2033,4002,622,689,811,897,1057,1857,557,551,686,854,976,2145,5074,0,5074
20231,A,골목상권,3110781,대림한신아파트,14712,7371,7341,1367,1624,1972,2084,2578,5087,708,864,1060,1118,1279,2342,659,760,912,966,1299,2745,6374,0,6374
20231,A,골목상권,3110782,영등포시장역 4번,4956,2695,2261,537,419,778,790,783,1649,290,216,428,442,447,872,247,203,350,348,336,777,2450,0,2450
20231,A,골목상권,3110783,영등포시장역 1번,8373,4162,4211,1116,767,1530,1406,1179,2375,559,367,742,734,612,1148,557,400,788,672,567,1227,3564,0,3564
20231,A,골목상권,3110784,신대림초등학교,9653,4840,4813,875,1011,1287,1398,1665,3417,446,525,686,769,837,1577,429,486,601,629,828,1840,4342,0,4342
20231,A,골목상권,3110785,영등포푸르지오아파트,22523,11270,11253,2927,2379,2976,3555,3949,6737,1505,1284,1501,1853,1990,3137,1422,1095,1475,1702,1959,3600,9003,0,9003
20231,A,골목상권,3110786,당산역 8번,7356,3536,3820,778,659,1700,1153,933,2133,403,299,787,574,459,1014,375,360,913,579,474,1119,3318,0,3318
20231,A,골목상권,3110787,신길3동주민센터,16108,8154,7954,1716,1733,2085,2418,2905,5251,884,960,1091,1288,1483,2448,832,773,994,1130,1422,2803,7036,0,7036
20231,A,골목상권,3110788,영등포시장역 3번,2677,1589,1088,125,189,512,360,433,1058,75,102,282,230,289,611,50,87,230,130,144,447,1734,0,1734
20231,A,골목상권,3110789,대림성모병원,14022,6957,7065,1604,1429,2001,2143,2233,4612,835,761,1004,1102,1102,2153,769,668,997,1041,1131,2459,5883,0,5883
20231,A,골목상권,3110790,대림1동주민센터,12316,6149,6167,1221,1385,1634,1757,2099,4220,632,743,875,916,1013,1970,589,642,759,841,1086,2250,5108,0,5108
20231,A,골목상권,3110791,신풍역 3번,6148,3068,3080,598,620,814,894,1048,2174,314,335,436,447,519,1017,284,285,378,447,529,1157,2823,0,2823
20231,A,골목상권,3110792,영등포역 2번,18127,9436,8691,2028,1719,2490,2786,3120,5984,1045,932,1283,1462,1681,3033,983,787,1207,1324,1439,2951,8579,0,8579
20231,A,골목상권,3110793,대림썬프라자,5380,2671,2709,577,592,760,805,887,1759,298,314,394,414,424,827,279,278,366,391,463,932,2149,0,2149
20231,A,골목상권,3110794,영동초등학교,11421,5508,5913,1355,936,3543,2116,1245,2226,750,444,1490,1109,652,1063,605,492,2053,1007,593,1163,6008,0,6008
20231,A,골목상권,3110795,도림초등학교,12794,6421,6373,1053,1302,1699,1747,2368,4625,535,724,888,927,1219,2128,518,578,811,820,1149,2497,6198,0,6198
20231,A,골목상권,3110796,한림대학교한강성심병원,3678,2070,1608,233,246,1281,641,425,852,126,124,729,394,267,430,107,122,552,247,158,422,2479,0,2479
20231,A,골목상권,3110797,KT대방빌딩,7611,3722,3889,1147,879,1045,1285,1208,2047,596,463,505,622,582,954,551,416,540,663,626,1093,2636,0,2636
20231,A,골목상권,3110798,신풍역 2번,6162,3034,3128,655,618,884,924,957,2124,334,333,455,473,458,981,321,285,429,451,499,1143,2592,0,2592
20231,A,골목상권,3110799,영등포본동주민센터,6944,3588,3356,477,570,984,1011,1191,2711,225,297,516,552,675,1323,252,273,468,459,516,1388,3861,0,3861
20231,A,골목상권,3110800,영등포동성당,3851,2370,1481,124,221,1021,496,577,1412,69,112,643,326,409,811,55,109,378,170,168,601,2902,0,2902
20231,A,골목상권,3110801,신풍역 6번(신길6동공영주차장),3312,1613,1699,376,377,461,469,569,1060,174,194,244,229,283,489,202,183,217,240,286,571,1241,0,1241
20231,A,골목상권,3110802,신길동홍어거리,11663,5825,5838,925,1193,1516,1509,2024,4496,484,656,799,795,1040,2051,441,537,717,714,984,2445,5498,0,5498
20231,A,골목상권,3110803,신길2동우편취급국,14143,7055,7088,1240,1338,2118,2047,2297,5103,619,720,1111,1080,1173,2352,621,618,1007,967,1124,2751,6682,0,6682
20231,A,골목상권,3110804,신풍역 1번,11260,5555,5705,1071,1184,1925,1663,1748,3669,550,609,979,859,865,1693,521,575,946,804,883,1976,5104,0,5104
20231,A,골목상권,3110805,신길새마을금고신길4동지점,8261,4159,4102,870,989,1078,1066,1438,2820,454,525,582,545,723,1330,416,464,496,521,715,1490,3397,0,3397
20231,A,골목상권,3110806,서울시립영등포장애인복지관,1362,844,518,23,58,380,151,195,555,14,21,251,98,129,331,9,37,129,53,66,224,1151,0,1151
20231,A,골목상권,3110807,신길역 3번,4424,2453,1971,259,310,1388,719,561,1187,122,139,781,421,338,652,137,171,607,298,223,535,3055,0,3055
20231,A,골목상권,3110808,신길역 1번,6645,3465,3180,548,604,1787,1143,857,1706,274,284,972,645,452,838,274,320,815,498,405,868,3700,0,3700
20231,A,골목상권,3110809,장훈고등학교,10437,5194,5243,857,998,1535,1451,1632,3964,434,531,790,778,822,1839,423,467,745,673,810,2125,4803,0,4803
20231,A,골목상권,3110810,영신초등학교,21302,10693,10609,2088,2141,3396,3287,3353,7037,1076,1099,1807,1761,1718,3232,1012,1042,1589,1526,1635,3805,9913,0,9913
20231,A,골목상권,3110811,보라매역 4번,7846,3866,3980,685,831,1569,1169,1172,2420,364,414,753,611,597,1127,321,417,816,558,575,1293,3756,0,3756
20231,A,골목상권,3110812,신길6동주민센터,10841,5294,5547,1603,1240,1817,1882,1642,2657,834,604,835,945,843,1233,769,636,982,937,799,1424,4477,0,4477
20231,A,골목상권,3110813,보라매역 6번,10490,5206,5284,1226,1320,1789,1619,1736,2800,657,683,858,827,882,1299,569,637,931,792,854,1501,4555,0,4555
20231,A,골목상권,3110814,서울지방병무청,24406,12142,12264,3330,3140,3346,3796,4354,6440,1765,1608,1726,1893,2193,2957,1565,1532,1620,1903,2161,3483,9567,0,9567
20231,A,골목상권,3110815,공군호텔,20642,10399,10243,2390,2521,3362,3257,3691,5421,1234,1276,1742,1692,1955,2500,1156,1245,1620,1565,1736,2921,9179,0,9179
20231,A,골목상권,3110816,대방역 6번,8679,4378,4301,884,810,2103,1621,1162,2099,465,386,1068,866,619,974,419,424,1035,755,543,1125,4522,0,4522
20231,A,골목상권,3110817,대방역 4번,11670,5859,5811,1234,1159,2627,2080,1707,2863,624,563,1335,1089,928,1320,610,596,1292,991,779,1543,5873,0,5873
20231,A,골목상권,3110818,신대방역 3번,12463,6147,6316,1303,1240,2368,2066,1883,3603,675,629,1147,1036,961,1699,628,611,1221,1030,922,1904,5979,0,5979
20231,A,골목상권,3110819,신대방역 4번,22251,10983,11268,2346,2384,3862,3431,3547,6681,1220,1211,1921,1721,1774,3136,1126,1173,1941,1710,1773,3545,10202,0,10202
20231,A,골목상권,3110820,성남고등학교,15155,7436,7719,1892,2156,2332,2259,2790,3726,985,1133,1135,1081,1398,1704,907,1023,1197,1178,1392,2022,6123,0,6123
20231,A,골목상권,3110821,보라매역 2번,14746,7205,7541,1626,1583,2920,2586,2199,3832,874,802,1349,1309,1082,1789,752,781,1571,1277,1117,2043,6736,0,6736
20231,A,골목상권,3110822,신대방삼거리역 4번(대림초등학교),13962,6688,7274,1575,1753,2779,2310,2216,3329,766,951,1252,1114,1080,1525,809,802,1527,1196,1136,1804,6034,0,6034
20231,A,골목상권,3110823,신대방삼거리역 3번,17289,8447,8842,1908,1787,3403,2894,2546,4751,1046,919,1570,1458,1212,2242,862,868,1833,1436,1334,2509,7599,0,7599
20231,A,골목상권,3110824,대방역 3번,12536,6048,6488,1890,1889,1498,2059,2398,2802,950,940,734,971,1221,1232,940,949,764,1088,1177,1570,4432,0,4432
20231,A,골목상권,3110825,신대방삼거리역 1번,32486,15884,16602,3577,3409,5888,5499,4832,9281,1868,1763,2841,2807,2350,4255,1709,1646,3047,2692,2482,5026,13808,0,13808
20231,A,골목상권,3110826,장승배기역 4번,18364,8914,9450,1686,1925,3382,2917,2774,5680,833,976,1678,1526,1330,2571,853,949,1704,1391,1444,3109,8514,0,8514
20231,A,골목상권,3110827,NH농협은행 상도동지점,14945,7326,7619,1357,1483,2574,2388,2309,4834,669,793,1305,1264,1109,2186,688,690,1269,1124,1200,2648,7056,0,7056
20231,A,골목상권,3110828,노량진역 6번,20039,10046,9993,1445,2261,3474,2654,3233,6972,721,1119,1935,1436,1664,3171,724,1142,1539,1218,1569,3801,9750,0,9750
20231,A,골목상권,3110829,장승배기역 5번,16102,8050,8052,1129,1673,2939,2110,2506,5745,583,833,1535,1168,1280,2651,546,840,1404,942,1226,3094,7884,0,7884
20231,A,골목상권,3110830,상도초등학교,20464,10005,10459,2397,2071,3272,3412,3182,6130,1241,1066,1638,1776,1543,2741,1156,1005,1634,1636,1639,3389,8587,0,8587
20231,A,골목상권,3110831,상도4동주민센터,15666,7747,7919,2265,1553,2452,2735,2322,4339,1199,811,1247,1405,1124,1961,1066,742,1205,1330,1198,2378,5940,0,5940
20231,A,골목상권,3110832,노량진초등학교,14977,7618,7359,1024,1562,3070,1890,2167,5264,532,769,1754,1056,1116,2391,492,793,1316,834,1051,2873,7669,0,7669
20231,A,골목상권,3110833,상도역 2번,13661,6679,6982,2199,1351,2462,2536,1859,3254,1115,669,1183,1268,952,1492,1084,682,1279,1268,907,1762,5647,0,5647
20231,A,골목상권,3110834,동작구자원봉사센터,14823,7402,7421,1927,1580,2676,2260,2171,4209,997,829,1492,1116,1066,1902,930,751,1184,1144,1105,2307,5798,0,5798
20231,A,골목상권,3110835,상도역 1번,9280,4565,4715,1044,1119,2209,1484,1134,2290,540,549,1104,764,550,1058,504,570,1105,720,584,1232,4378,0,4378
20231,A,골목상권,3110836,상도역 5번,23849,11790,12059,2514,2988,5034,3627,3062,6624,1340,1463,2756,1842,1429,2960,1174,1525,2278,1785,1633,3664,11373,0,11373
20231,A,골목상권,3110837,숭실대입구역 1번,29220,14343,14877,4295,3271,4819,5124,4146,7565,2228,1636,2451,2508,2084,3436,2067,1635,2368,2616,2062,4129,11661,0,11661
20231,A,골목상권,3110838,상도1동주민센터앞,6472,3101,3371,799,737,1113,1035,946,1842,406,357,545,479,469,845,393,380,568,556,477,997,2871,0,2871
20231,A,골목상권,3110839,숭실대입구역 4번,12577,6250,6327,1368,1499,2608,1912,1595,3595,724,760,1417,949,799,1601,644,739,1191,963,796,1994,5674,0,5674
20231,A,골목상권,3110840,중앙대학교,4720,2355,2365,396,607,1074,624,616,1403,196,290,646,330,291,602,200,317,428,294,325,801,2472,0,2472
20231,A,골목상권,3110841,중대부중,10338,5023,5315,1250,1068,1566,1699,1573,3182,660,534,772,881,773,1403,590,534,794,818,800,1779,4204,0,4204
20231,A,골목상권,3110842,흑리단길,9604,4588,5016,1014,969,1358,1401,1464,3398,518,504,641,706,723,1496,496,465,717,695,741,1902,4112,0,4112
20231,A,골목상권,3110843,사당5동주민센터,8159,3946,4213,900,802,1484,1497,1191,2285,469,390,686,759,597,1045,431,412,798,738,594,1240,3671,0,3671
20231,A,골목상권,3110844,흑석2치안센터,10156,4869,5287,1116,1016,1413,1479,1600,3532,564,511,697,772,766,1559,552,505,716,707,834,1973,4107,0,4107
20231,A,골목상권,3110845,사당종합체육관,10837,5313,5524,1617,982,1472,1825,1434,3507,884,493,698,898,685,1655,733,489,774,927,749,1852,3630,0,3630
20231,A,골목상권,3110846,남성역 1번,28822,14055,14767,3243,2722,5264,5254,4040,8299,1684,1405,2534,2737,1953,3742,1559,1317,2730,2517,2087,4557,12517,0,12517
20231,A,골목상권,3110847,예술인마을,20558,10105,10453,2023,1871,4452,3756,2684,5772,1042,947,2233,2011,1255,2617,981,924,2219,1745,1429,3155,9143,0,9143
20231,A,골목상권,3110848,양지어린이공원,22196,10669,11527,2138,1938,4677,4016,2986,6441,1092,969,2224,2068,1451,2865,1046,969,2453,1948,1535,3576,10512,0,10512
20231,A,골목상권,3110849,이수역 10번,19977,9691,10286,2387,1521,3495,3707,2624,6243,1235,753,1624,1921,1328,2830,1152,768,1871,1786,1296,3413,9158,0,9158
20231,A,골목상권,3110850,사당역 10번,25404,12127,13277,2011,2179,6488,4440,3159,7127,1063,1072,2969,2309,1515,3199,948,1107,3519,2131,1644,3928,12993,0,12993
20231,A,골목상권,3110851,경문고등학교(동작동성당),16118,7856,8262,1818,1524,2619,2683,2385,5089,974,779,1240,1381,1151,2331,844,745,1379,1302,1234,2758,6828,0,6828
20231,A,골목상권,3110852,이수역 9번,7977,3723,4254,646,645,1792,1416,1083,2395,326,310,757,714,554,1062,320,335,1035,702,529,1333,4249,0,4249
20231,A,골목상권,3110853,KT구로지사,10913,5833,5080,669,712,3828,2085,1294,2325,345,308,2009,1269,722,1180,324,404,1819,816,572,1145,7309,0,7309
20231,A,골목상권,3110854,조원동주민센터,10717,5474,5243,982,1041,1973,1785,1692,3244,483,523,1049,968,882,1569,499,518,924,817,810,1675,5297,0,5297
20231,A,골목상권,3110855,신대방역 2번,20980,10441,10539,1832,2147,4840,3476,3085,5600,955,1022,2424,1807,1589,2644,877,1125,2416,1669,1496,2956,10848,0,10848
20231,A,골목상권,3110856,미성초등학교,18100,9074,9026,1921,1821,3254,2980,2730,5394,1009,879,1669,1591,1363,2563,912,942,1585,1389,1367,2831,8401,0,8401
20231,A,골목상권,3110857,미성동주민센터,14381,7177,7204,1575,1563,2073,2295,2316,4559,806,784,1111,1218,1134,2124,769,779,962,1077,1182,2435,6037,0,6037
20231,A,골목상권,3110858,신대방역 1번,7808,3824,3984,576,742,1880,1248,1168,2194,324,340,905,624,607,1024,252,402,975,624,561,1170,4320,0,4320
20231,A,골목상권,3110859,난향초등학교,7488,3809,3679,761,787,895,1183,1188,2674,379,416,484,643,643,1244,382,371,411,540,545,1430,3292,0,3292
20231,A,골목상권,3110860,호림박물관(성보고등학교),11783,5837,5946,966,1299,2718,1940,1782,3078,494,591,1383,1056,856,1457,472,708,1335,884,926,1621,6224,0,6224
20231,A,골목상권,3110861,관악구신사동주민센터,25088,12570,12518,2057,2719,5826,4125,3848,6513,1093,1314,3029,2168,1909,3057,964,1405,2797,1957,1939,3456,13213,0,13213
20231,A,골목상권,3110862,난곡초등학교(난곡동벽화마을),14945,7424,7521,1605,1714,2056,2299,2520,4751,778,882,1094,1213,1255,2202,827,832,962,1086,1265,2549,6271,0,6271
20231,A,골목상권,3110863,난우초등학교,20345,10212,10133,2189,2422,2800,3153,3432,6349,1131,1260,1501,1685,1667,2968,1058,1162,1299,1468,1765,3381,8377,0,8377
20231,A,골목상권,3110864,신림우방아파트,19586,9904,9682,1721,2024,4496,3368,2877,5100,883,997,2413,1783,1464,2364,838,1027,2083,1585,1413,2736,10209,0,10209
20231,A,골목상권,3110865,남강고등학교(남강중학교),30976,15524,15452,3184,3749,4329,4642,5318,9754,1621,1955,2330,2480,2601,4537,1563,1794,1999,2162,2717,5217,12700,0,12700
20231,A,골목상권,3110866,난우중학교,17206,8808,8398,1662,1991,2296,2623,2917,5717,873,1054,1243,1426,1521,2691,789,937,1053,1197,1396,3026,7543,0,7543
20231,A,골목상권,3110867,국제신학대학원대학교(남서울중학교),16424,8238,8186,1147,1691,4058,2633,2327,4568,582,791,2171,1432,1146,2116,565,900,1887,1201,1181,2452,8911,0,8911
20231,A,골목상권,3110868,남부초등학교,17724,9001,8723,1280,1818,4978,3030,2339,4279,679,852,2642,1650,1183,1995,601,966,2336,1380,1156,2284,10161,0,10161
20231,A,골목상권,3110869,"신림역 5번(신림동주민센터, 신림동별빛거리)",23182,11683,11499,1412,2206,7784,4155,2630,4995,742,961,3969,2304,1387,2320,670,1245,3815,1851,1243,2675,14860,0,14860
20231,A,골목상권,3110870,신림주공2단지(광신고등학교),8311,4115,4196,759,954,1030,1190,1405,2973,406,483,553,618,673,1382,353,471,477,572,732,1591,3001,0,3001
20231,A,골목상권,3110871,신원동주민센터,12353,6126,6227,960,1222,2883,2080,1666,3542,495,575,1554,1107,835,1560,465,647,1329,973,831,1982,6424,0,6424
20231,A,골목상권,3110872,신림초등학교,14101,7057,7044,1189,1565,2995,2300,2075,3977,606,801,1629,1235,1014,1772,583,764,1366,1065,1061,2205,6775,0,6775
20231,A,골목상권,3110873,당곡중학교,19047,9469,9578,1946,2024,3779,3201,2768,5329,1013,1062,1912,1662,1370,2450,933,962,1867,1539,1398,2879,8706,0,8706
20231,A,골목상권,3110874,원신초등학교(구세군관악영문교회),14606,7687,6919,1044,1437,2335,2134,2398,5258,561,725,1386,1310,1357,2348,483,712,949,824,1041,2910,7526,0,7526
20231,A,골목상권,3110875,보라매동주민센터(당곡고등학교),14846,7468,7378,1193,1452,3718,2591,1972,3920,607,709,1953,1398,994,1807,586,743,1765,1193,978,2113,7999,0,7999
20231,A,골목상권,3110876,서원동주민센터(신관중학교),16791,8551,8240,1156,1680,4274,2860,2207,4614,591,830,2358,1586,1086,2100,565,850,1916,1274,1121,2514,8693,0,8693
20231,A,골목상권,3110877,신림역 8번,21218,10819,10399,1347,1923,6681,3840,2505,4922,704,862,3496,2148,1312,2297,643,1061,3185,1692,1193,2625,13092,0,13092
20231,A,골목상권,3110878,미림여고,8214,4761,3453,666,826,1613,1393,1400,2316,361,435,1053,895,886,1131,305,391,560,498,514,1185,4367,0,4367
20231,A,골목상권,3110879,신림현대아파트,17023,8817,8206,1437,1631,3205,2704,2543,5503,747,820,1795,1579,1341,2535,690,811,1410,1125,1202,2968,8268,0,8268
20231,A,골목상권,3110880,신림역 1번,11195,5747,5448,537,971,4100,1964,1213,2410,276,423,2185,1104,650,1109,261,548,1915,860,563,1301,7365,0,7365
20231,A,골목상권,3110881,구립대학경로당(관악산샘말공원),25955,15378,10577,1553,2642,6620,4548,3906,6686,802,1377,4393,3066,2536,3204,751,1265,2227,1482,1370,3482,16331,0,16331
20231,A,골목상권,3110882,신성초등학교,20544,11498,9046,1381,2054,5539,3541,2784,5245,755,1031,3393,2231,1630,2458,626,1023,2146,1310,1154,2787,12238,0,12238
20231,A,골목상권,3110883,은천초등학교(은천교앞),23277,11616,11661,2048,2158,5193,4035,3165,6678,1036,1006,2659,2247,1633,3035,1012,1152,2534,1788,1532,3643,11858,0,11858
20231,A,골목상권,3110884,봉천역 4번(봉천110안전센터),14097,7010,7087,1474,1210,2778,2457,1878,4300,756,588,1412,1328,980,1946,718,622,1366,1129,898,2354,6803,0,6803
20231,A,골목상권,3110885,영락고등학교,21512,11873,9639,1611,2212,5444,3589,2970,5686,856,1185,3348,2180,1612,2692,755,1027,2096,1409,1358,2994,11723,0,11723
20231,A,골목상권,3110886,관악해태어린이공원,14083,8409,5674,793,1589,4586,2432,1776,2907,433,837,3031,1633,1098,1377,360,752,1555,799,678,1530,9290,0,9290
20231,A,골목상권,3110887,서울산업정보학교(서울삼성초등학교),10715,6270,4445,792,1303,3247,1780,1358,2235,389,679,2197,1148,809,1048,403,624,1050,632,549,1187,6595,0,6595
20231,A,골목상권,3110888,청룡동주민센터,17307,8620,8687,1425,1756,4636,2787,2197,4506,752,815,2342,1505,1116,2090,673,941,2294,1282,1081,2416,9605,0,9605
20231,A,골목상권,3110889,봉천역 6번,14999,7459,7540,1663,1284,2887,2603,1908,4654,888,650,1424,1391,972,2134,775,634,1463,1212,936,2520,6715,0,6715
20231,A,골목상권,3110890,봉천역 1번(관악초등학교),14285,6927,7358,971,1488,4339,2291,1687,3509,509,681,2017,1227,875,1618,462,807,2322,1064,812,1891,8870,0,8870
20231,A,골목상권,3110891,구암초등학교,18630,9141,9489,3241,2120,1995,3547,3079,4648,1642,1125,965,1729,1585,2095,1599,995,1030,1818,1494,2553,6565,0,6565
20231,A,골목상권,3110892,관악구 중앙길,33544,16338,17206,2808,3421,7994,5380,4461,9480,1445,1617,3850,2850,2300,4276,1363,1804,4144,2530,2161,5204,17272,0,17272
20231,A,골목상권,3110893,관악소방서(문영여고),4517,2164,2353,521,547,1032,718,636,1063,235,227,542,377,297,486,286,320,490,341,339,577,2057,0,2057
20231,A,골목상권,3110894,관악동부센트레빌아파트(은천로35라길),19339,9428,9911,2463,2247,2658,3263,3115,5593,1258,1150,1296,1635,1559,2530,1205,1097,1362,1628,1556,3063,7220,0,7220
20231,A,골목상권,3110895,샤로수길,22104,10948,11156,1548,2455,7257,3442,2514,4888,764,1070,3682,1824,1299,2309,784,1385,3575,1618,1215,2579,13395,0,13395
20231,A,골목상권,3110896,관악우성아파트,8318,4111,4207,829,785,1444,1315,1183,2762,415,379,724,728,629,1236,414,406,720,587,554,1526,3891,0,3891
20231,A,골목상권,3110897,서울대입구역 8번,19052,9507,9545,1241,1778,5963,3177,2194,4699,624,794,2977,1742,1157,2213,617,984,2986,1435,1037,2486,11426,0,11426
20231,A,골목상권,3110898,청림동주민센터(상도중학교),20733,10186,10547,2808,2087,2820,3418,3072,6528,1455,1088,1448,1742,1562,2891,1353,999,1372,1676,1510,3637,7840,0,7840
20231,A,골목상권,3110899,낙성대역 5번(관악중학교),13811,6627,7184,875,1158,5175,2487,1349,2767,439,494,2434,1323,687,1250,436,664,2741,1164,662,1517,8754,0,8754
20231,A,골목상권,3110900,낙성대역 1번(관악구민 종합체육센터),20470,10207,10263,1809,1950,6128,3511,2517,4555,937,949,3061,1869,1298,2093,872,1001,3067,1642,1219,2462,11421,0,11421
20231,A,골목상권,3110901,인헌고등학교(인헌중학교),20015,9814,10201,2158,2039,4057,3463,2927,5371,1136,1015,2017,1794,1431,2421,1022,1024,2040,1669,1496,2950,9050,0,9050
20231,A,골목상권,3110902,사당역 4번,25874,12446,13428,2458,2339,6304,4408,3174,7191,1269,1116,2979,2295,1482,3305,1189,1223,3325,2113,1692,3886,12047,0,12047
20231,A,골목상권,3110903,방배아이파크아파트,12958,5985,6973,1632,1871,1779,2024,2519,3133,796,794,824,911,1208,1452,836,1077,955,1113,1311,1681,4948,0,4948
20231,A,골목상권,3110904,이수역 5번,9653,4463,5190,1231,1288,1534,1663,1613,2324,625,586,653,761,763,1075,606,702,881,902,850,1249,3826,0,3826
20231,A,골목상권,3110905,방배노인종합복지관(이수중학교),11310,5367,5943,1395,1399,1873,1887,1722,3034,725,717,846,916,793,1370,670,682,1027,971,929,1664,4416,0,4416
20231,A,골목상권,3110906,서문여고,9315,4276,5039,1231,1408,1257,1446,1852,2121,578,579,578,654,877,1010,653,829,679,792,975,1111,3447,0,3447
20231,A,골목상권,3110907,방배초등학교,13240,6039,7201,1798,1746,2057,2316,2321,3002,879,720,875,1058,1100,1407,919,1026,1182,1258,1221,1595,5192,0,5192
20231,A,골목상권,3110908,구반포역,7930,3706,4224,1033,1349,657,1115,1816,1960,548,625,300,426,906,901,485,724,357,689,910,1059,2640,0,2640
20231,A,골목상권,3110909,남태령역(서울전자고등학교),2132,1076,1056,346,225,372,377,289,523,174,115,202,201,141,243,172,110,170,176,148,280,794,0,794
20231,A,골목상권,3110910,내방역 5번,9210,4201,5009,1186,1077,1503,1698,1550,2196,556,486,634,797,728,1000,630,591,869,901,822,1196,3872,0,3872
20231,A,골목상권,3110911,방배배수지체육공원,5036,2354,2682,639,645,758,763,796,1435,291,277,369,368,366,683,348,368,389,395,430,752,1816,0,1816
20231,A,골목상권,3110912,방배동사이길,8667,4061,4606,1285,1146,1014,1334,1615,2273,643,556,451,585,773,1053,642,590,563,749,842,1220,3040,0,3040
20231,A,골목상권,3110913,방현초등학교(방배119안전센터),14092,6773,7319,1432,1928,2245,2103,2344,4040,706,984,1134,1005,1082,1862,726,944,1111,1098,1262,2178,5485,0,5485
20231,A,골목상권,3110914,내방역 6번,5248,2469,2779,619,545,936,1013,821,1314,302,303,394,490,397,583,317,242,542,523,424,731,2372,0,2372
20231,A,골목상권,3110915,서래초등학교,11609,5489,6120,1808,1440,1395,1684,2056,3226,931,717,615,720,971,1535,877,723,780,964,1085,1691,3937,0,3937
20231,A,골목상권,3110916,내방역 4번,13375,6260,7115,1622,1488,2402,2639,2056,3168,813,764,1001,1296,950,1436,809,724,1401,1343,1106,1732,5699,0,5699
20231,A,골목상권,3110917,서초소방서,6245,2937,3308,1010,782,751,960,1078,1664,517,377,328,398,512,805,493,405,423,562,566,859,2095,0,2095
20231,A,골목상권,3110918,방배역 3번,12690,6108,6582,1373,1563,2223,2191,1985,3355,710,873,998,1060,913,1554,663,690,1225,1131,1072,1801,5243,0,5243
20231,A,골목상권,3110919,내방역 8번,11249,5410,5839,1525,1299,1629,1689,1849,3258,795,699,711,793,879,1533,730,600,918,896,970,1725,4190,0,4190
20231,A,골목상권,3110920,방배역 2번(백석예술대학교),5260,2550,2710,483,683,865,739,889,1601,241,363,424,345,417,760,242,320,441,394,472,841,2112,0,2112
20231,A,골목상권,3110921,서울프랑스학교,5770,2679,3091,931,690,710,956,983,1500,469,343,300,383,472,712,462,347,410,573,511,788,2008,0,2008
20231,A,골목상권,3110922,내방역 1번,9670,4640,5030,1264,1011,1597,1703,1422,2673,655,535,702,824,689,1235,609,476,895,879,733,1438,3813,0,3813
20231,A,골목상권,3110923,방배역 1번,4569,2250,2319,516,505,690,641,714,1503,267,301,342,298,325,717,249,204,348,343,389,786,1747,0,1747
20231,A,골목상권,3110924,반포4동주민센터(몽마르뜨공원),9034,4179,4855,1403,984,1258,1650,1420,2319,726,473,553,731,663,1033,677,511,705,919,757,1286,3412,0,3412
20231,A,골목상권,3110925,서초중학교,8536,4178,4358,884,1168,1379,1288,1552,2265,439,689,663,628,725,1034,445,479,716,660,827,1231,3272,0,3272
20231,A,골목상권,3110926,신중초등학교,9901,4871,5030,1245,1421,1411,1393,1737,2694,665,826,664,638,816,1262,580,595,747,755,921,1432,3463,0,3463
20231,A,골목상권,3110927,잠원역,9064,4366,4698,1519,1171,969,1483,1778,2144,781,589,471,631,878,1016,738,582,498,852,900,1128,3078,0,3078
20231,A,골목상권,3110928,서초우방유쉘아파트,2557,1252,1305,209,269,610,421,372,676,110,128,277,219,193,325,99,141,333,202,179,351,1265,0,1265
20231,A,골목상권,3110929,남부터미널역 1번,14601,7173,7428,2262,1552,2194,2809,2269,3515,1163,847,1007,1371,1135,1650,1099,705,1187,1438,1134,1865,5776,0,5776
20231,A,골목상권,3110930,서초동성당,13138,6346,6792,2078,1449,1857,2435,2112,3207,1053,777,851,1131,1054,1480,1025,672,1006,1304,1058,1727,5033,0,5033
20231,A,골목상권,3110931,삼성전자서울R&D(서울우면초등학교),1478,743,735,390,101,183,307,165,332,206,59,87,150,89,152,184,42,96,157,76,180,470,0,470
20231,A,골목상권,3110932,서울시인재개발원,5835,2922,2913,966,599,875,1036,897,1462,525,327,437,509,437,687,441,272,438,527,460,775,2129,0,2129
20231,A,골목상권,3110933,한국상담대학원대학교,5864,2894,2970,1079,629,758,1113,952,1333,562,346,358,535,482,611,517,283,400,578,470,722,2016,0,2016
20231,A,골목상권,3110934,우면주공아파트,8703,4135,4568,1125,756,1229,1486,1126,2981,566,393,622,748,541,1265,559,363,607,738,585,1716,3543,0,3543
20231,A,골목상권,3110935,한전아트센터,5410,2703,2707,960,545,755,1061,908,1181,506,302,365,508,461,561,454,243,390,553,447,620,2003,0,2003
20231,A,골목상권,3110936,더케이호텔(양재리본타워2단지아파트),2489,1202,1287,520,206,325,566,308,564,279,102,149,273,160,239,241,104,176,293,148,325,874,0,874
20231,A,골목상권,3110937,방아다리근린공원(횃불트리니티신학대학원대학교),1548,755,793,133,119,317,250,181,548,76,55,143,133,84,264,57,64,174,117,97,284,727,0,727
20231,A,골목상권,3110938,바우뫼공원,1790,867,923,239,158,301,319,239,534,133,72,129,169,119,245,106,86,172,150,120,289,738,0,738
20231,A,골목상권,3110939,양재역 8번(양재동우체국),12146,5835,6311,1223,1095,2522,2331,1711,3264,640,547,1200,1154,819,1475,583,548,1322,1177,892,1789,5735,0,5735
20231,A,골목상권,3110940,양재근린공원(양재2동주민센터),5009,2505,2504,520,448,1028,975,762,1276,262,232,505,516,394,596,258,216,523,459,368,680,2445,0,2445
20231,A,골목상권,3110941,언남고등학교,4211,2145,2066,496,402,842,841,656,974,263,215,442,431,334,460,233,187,400,410,322,514,1932,0,1932
20231,A,골목상권,3110942,염곡동 구룡사(포이동성당),16161,7994,8167,1928,1628,3155,3107,2597,3746,968,857,1566,1600,1290,1713,960,771,1589,1507,1307,2033,7268,0,7268
20231,A,골목상권,3110943,법제교육센터(버들어린이공원),8897,4448,4449,1108,942,1687,1717,1498,1945,569,501,882,873,726,897,539,441,805,844,772,1048,3905,0,3905
20231,A,골목상권,3110944,서울나래학교(염곡어린이공원),754,373,381,67,73,123,90,93,308,33,34,71,47,38,150,34,39,52,43,55,158,325,0,325
20231,A,골목상권,3110945,본마을노인복지센터(서초구립내곡도서관),1764,879,885,223,185,240,227,264,625,112,101,118,110,124,314,111,84,122,117,140,311,668,0,668
20231,A,골목상권,3110946,청계산원터골,515,278,237,29,20,115,97,72,182,14,12,56,61,44,91,15,8,59,36,28,91,314,0,314
20231,A,골목상권,3110947,청계산입구역 2번(내곡동주민센터),3915,1928,1987,728,236,540,873,447,1091,364,139,249,463,221,492,364,97,291,410,226,599,1536,0,1536
20231,A,골목상권,3110948,헌인가구단지,161,85,76,7,4,19,17,20,94,5,1,10,8,13,48,2,3,9,9,7,46,78,0,78
20231,A,골목상권,3110949,한남IC,6883,3219,3664,842,903,1035,1214,1288,1601,451,452,430,535,641,710,391,451,605,679,647,891,2828,0,2828
20231,A,골목상권,3110950,논현역 7번,4934,2247,2687,455,378,1056,1049,699,1297,230,186,464,469,322,576,225,192,592,580,377,721,2417,0,2417
20231,A,골목상권,3110951,신사은행나무공원,4422,2015,2407,424,441,994,908,645,1010,225,202,406,408,309,465,199,239,588,500,336,545,2211,0,2211
20231,A,골목상권,3110952,논현목련공원,7623,3476,4147,427,573,1956,1774,1122,1771,215,285,836,809,556,775,212,288,1120,965,566,996,4650,0,4650
20231,A,골목상권,3110953,학동근린공원,4925,2233,2692,371,384,1169,1059,668,1274,178,179,501,460,319,596,193,205,668,599,349,678,2656,0,2656
20231,A,골목상권,3110954,국기원,2309,1143,1166,130,155,710,530,291,493,66,81,327,255,171,243,64,74,383,275,120,250,1478,0,1478
20231,A,골목상권,3110955,논현초등학교,17452,8078,9374,1103,1322,4842,4067,2328,3790,548,631,2111,1924,1177,1687,555,691,2731,2143,1151,2103,10485,0,10485
20231,A,골목상권,3110956,언주역 8번,5051,2411,2640,349,335,1473,1201,604,1089,162,167,634,599,336,513,187,168,839,602,268,576,3065,0,3065
20231,A,골목상권,3110957,언북중학교,3346,1530,1816,251,262,790,752,450,841,128,118,340,346,221,377,123,144,450,406,229,464,1810,0,1810
20231,A,골목상권,3110958,역삼역 4번,4738,2387,2351,308,359,1405,1058,561,1047,136,182,677,557,323,512,172,177,728,501,238,535,2992,0,2992
20231,A,골목상권,3110959,신구중학교,2342,1104,1238,288,233,329,421,364,707,152,115,154,201,172,310,136,118,175,220,192,397,998,0,998
20231,A,골목상권,3110960,은광여고,5910,2790,3120,729,616,1281,1158,849,1277,321,291,592,560,426,600,408,325,689,598,423,677,2735,0,2735
20231,A,골목상권,3110961,언주역 3번,6920,3184,3736,628,535,1694,1512,952,1599,315,255,716,712,460,726,313,280,978,800,492,873,3622,0,3622
20231,A,골목상권,3110962,도산공원북측,1405,671,734,199,116,195,312,194,389,104,49,91,166,94,167,95,67,104,146,100,222,653,0,653
20231,A,골목상권,3110963,역삼월드메르디앙아파트,9762,4573,5189,925,954,2242,1957,1405,2279,461,453,1000,939,661,1059,464,501,1242,1018,744,1220,4930,0,4930
20231,A,골목상권,3110964,싸리고개근린공원,8949,4190,4759,1299,1110,1288,1425,1520,2307,607,534,567,644,729,1109,692,576,721,781,791,1198,3170,0,3170
20231,A,골목상권,3110965,언주역 6번,6240,2812,3428,453,432,1809,1592,792,1162,228,181,752,695,407,549,225,251,1057,897,385,613,3899,0,3899
20231,A,골목상권,3110966,논현2동주민센터,7799,3658,4141,854,749,1359,1575,1126,2136,442,390,564,725,542,995,412,359,795,850,584,1141,3603,0,3603
20231,A,골목상권,3110967,역삼역 8번,6233,2814,3419,414,415,1865,1605,773,1161,205,168,765,718,402,556,209,247,1100,887,371,605,4012,0,4012
20231,A,골목상권,3110968,강남구청역 2번,5066,2388,2678,581,458,1035,1061,745,1186,295,251,453,471,357,561,286,207,582,590,388,625,2411,0,2411
20231,A,골목상권,3110969,베르사이유1아파트,5786,2922,2864,949,446,1264,1283,813,1031,578,214,560,623,453,494,371,232,704,660,360,537,3046,0,3046
20231,A,골목상권,3110970,학동초등학교,7060,3282,3778,814,745,1392,1501,1110,1498,416,401,582,667,533,683,398,344,810,834,577,815,3298,0,3298
20231,A,골목상권,3110971,선정릉역 4번,10340,4821,5519,747,853,2758,2491,1409,2082,373,401,1184,1182,732,949,374,452,1574,1309,677,1133,6009,0,6009
20231,A,골목상권,3110972,강남세브란스병원미래의학연구센터,10695,5034,5661,1131,1375,1937,1905,1771,2576,595,659,859,887,861,1173,536,716,1078,1018,910,1403,4983,0,4983
20231,A,골목상권,3110973,강남구청역 4번,11913,5634,6279,2154,1406,1617,2444,1999,2293,1137,760,680,1039,979,1039,1017,646,937,1405,1020,1254,4490,0,4490
20231,A,골목상권,3110974,언주중학교,10478,4943,5535,1406,1236,1632,2128,1876,2200,727,690,709,875,933,1009,679,546,923,1253,943,1191,4657,0,4657
20231,A,골목상권,3110975,매봉역 1번,5193,2480,2713,647,674,890,780,877,1325,315,327,391,388,411,648,332,347,499,392,466,677,1922,0,1922
20231,A,골목상권,3110976,언북초등학교,9529,4471,5058,1485,1052,1592,1935,1545,1920,787,555,653,860,771,845,698,497,939,1075,774,1075,4023,0,4023
20231,A,골목상권,3110977,논현로18길,5934,3024,2910,591,729,1093,1066,1100,1355,312,371,538,562,555,686,279,358,555,504,545,669,2835,0,2835
20231,A,골목상권,3110978,도곡2동주민센터(대치중학교),3909,1845,2064,402,464,632,592,621,1198,204,218,267,283,295,578,198,246,365,309,326,620,1590,0,1590
20231,A,골목상권,3110979,청담초등학교,4524,2119,2405,539,528,565,702,791,1399,294,271,247,314,344,649,245,257,318,388,447,750,1908,0,1908
20231,A,골목상권,3110980,개포지구대옆,8842,4304,4538,948,1093,1324,1506,1600,2371,489,539,628,726,796,1126,459,554,696,780,804,1245,3840,0,3840
20231,A,골목상권,3110981,국악고교사거리,9627,4770,4857,1098,1242,1663,1746,1772,2106,556,638,830,918,835,993,542,604,833,828,937,1113,4136,0,4136
20231,A,골목상권,3110982,강남구보훈회관,10419,4991,5428,1749,1296,1387,2257,1856,1874,945,741,567,942,952,844,804,555,820,1315,904,1030,4110,0,4110
20231,A,골목상권,3110983,국립국악고등학교,8052,3952,4100,913,1113,1171,1382,1587,1886,470,568,565,679,766,904,443,545,606,703,821,982,3380,0,3380
20231,A,골목상권,3110984,포이초등학교(개포목련어린이공원),8420,4203,4217,1052,1044,1424,1527,1500,1873,549,548,714,795,726,871,503,496,710,732,774,1002,3481,0,3481
20231,A,골목상권,3110985,청담근린공원,4719,2237,2482,450,499,708,744,809,1509,236,258,344,347,374,678,214,241,364,397,435,831,2078,0,2078
20231,A,골목상권,3110986,삼성중앙역 7번,6499,3109,3390,702,675,1258,1412,1045,1407,385,364,557,652,511,640,317,311,701,760,534,767,3196,0,3196
20231,A,골목상권,3110987,영동대교남단,4932,2302,2630,689,627,749,859,856,1152,366,311,331,384,375,535,323,316,418,475,481,617,1889,0,1889
20231,A,골목상권,3110988,청담역 3번,4615,2279,2336,558,577,622,658,730,1470,309,343,311,290,333,693,249,234,311,368,397,777,1654,0,1654
20231,A,골목상권,3110989,대치동아우편취급국,11208,5353,5855,967,1792,2007,2084,2214,2144,511,939,904,914,1076,1009,456,853,1103,1170,1138,1135,5322,0,5322
20231,A,골목상권,3110990,청담역 12번,2525,1254,1271,293,289,369,378,379,817,154,167,199,169,176,389,139,122,170,209,203,428,929,0,929
20231,A,골목상권,3110991,삼성중앙역 5번,2063,998,1065,172,219,423,379,342,528,89,129,186,189,168,237,83,90,237,190,174,291,1020,0,1020
20231,A,골목상권,3110992,도곡초등학교,19210,9316,9894,1770,3803,2707,2883,4520,3527,990,2101,1232,1226,2106,1661,780,1702,1475,1657,2414,1866,7988,0,7988
20231,A,골목상권,3110993,개포지하차도 북측,1123,560,563,126,129,199,162,152,355,76,70,97,82,61,174,50,59,102,80,91,181,408,0,408
20231,A,골목상권,3110994,개포고등학교,2464,1231,1233,344,339,330,332,410,709,182,187,175,157,183,347,162,152,155,175,227,362,935,0,935
20231,A,골목상권,3110995,봉은사역 4번,8573,4265,4308,1120,1170,1220,1358,1502,2203,567,733,596,631,689,1049,553,437,624,727,813,1154,3077,0,3077
20231,A,골목상권,3110996,대치2동주민센터,12736,6570,6166,1440,2655,1411,1420,3144,2666,851,1639,688,602,1474,1316,589,1016,723,818,1670,1350,4375,0,4375
20231,A,골목상권,3110997,대청초등학교,14579,7278,7301,1724,1904,2430,2132,2406,3983,913,1119,1177,1054,1152,1863,811,785,1253,1078,1254,2120,5860,0,5860
20231,A,골목상권,3110998,은곡마을(은곡마을공원),6636,3240,3396,1487,868,579,1125,1236,1341,740,435,283,515,659,608,747,433,296,610,577,733,2080,0,2080
20231,A,골목상권,3110999,윗방죽마을공원,8828,4199,4629,1547,802,1694,1888,1215,1682,769,383,716,939,636,756,778,419,978,949,579,926,3987,0,3987
20231,A,골목상권,3111000,대왕초등학교(세곡동사거리서남측),1805,859,946,381,187,180,331,229,497,183,101,95,152,118,210,198,86,85,179,111,287,582,0,582
20231,A,골목상권,3111001,아래방죽마을공원(율현초등학교),6175,2887,3288,1225,579,936,1337,711,1387,598,283,404,647,344,611,627,296,532,690,367,776,2411,0,2411
20231,A,골목상권,3111002,한국교통안전공단 강남자동차검사소,7,6,1,0,0,1,2,0,4,0,0,1,2,0,3,0,0,0,0,0,1,7,0,7
20231,A,골목상권,3111003,삼전역 4번,26235,12543,13692,2793,3008,4976,4929,4064,6465,1464,1476,2291,2416,1902,2994,1329,1532,2685,2513,2162,3471,11520,0,11520
20231,A,골목상권,3111004,삼전역 1번,35213,16827,18386,3964,3683,6746,6749,5470,8601,2075,1823,3062,3271,2657,3939,1889,1860,3684,3478,2813,4662,16116,0,16116
20231,A,골목상권,3111005,삼전역 3번,22665,11102,11563,2543,2406,4403,4506,3591,5216,1317,1240,2096,2276,1727,2446,1226,1166,2307,2230,1864,2770,10197,0,10197
20231,A,골목상권,3111006,석촌고분역 1번,27823,13238,14585,3283,2780,5275,5455,4288,6742,1721,1426,2387,2602,2056,3046,1562,1354,2888,2853,2232,3696,12515,0,12515
20231,A,골목상권,3111007,석촌고분역 4번,19065,9329,9736,2139,1972,3617,3814,2960,4563,1088,1090,1762,1915,1427,2047,1051,882,1855,1899,1533,2516,8690,0,8690
20231,A,골목상권,3111008,석촌고분역 3번,19703,9550,10153,2170,1973,3715,3731,2995,5119,1059,1062,1815,1915,1442,2257,1111,911,1900,1816,1553,2862,8740,0,8740
20231,A,골목상권,3111009,송파책박물관,8068,3950,4118,900,872,1431,1425,1281,2159,437,471,704,740,618,980,463,401,727,685,663,1179,3408,0,3408
20231,A,골목상권,3111010,석촌역 7번,21987,10450,11537,2423,1984,4690,4319,3109,5462,1237,1015,2110,2117,1479,2492,1186,969,2580,2202,1630,2970,10387,0,10387
20231,A,골목상권,3111011,잠실나루역,10393,4956,5437,1786,1130,1385,1781,1626,2685,879,592,622,821,788,1254,907,538,763,960,838,1431,3399,0,3399
20231,A,골목상권,3111012,석촌역 6번,18947,9265,9682,2196,1890,3591,3427,2962,4881,1088,989,1696,1715,1479,2298,1108,901,1895,1712,1483,2583,8547,0,8547
20231,A,골목상권,3111013,송파나루역 1번(송리단길),17073,8152,8921,1714,1517,3756,3371,2327,4388,867,750,1691,1673,1136,2035,847,767,2065,1698,1191,2353,8106,0,8106
20231,A,골목상권,3111014,송파나루역 2번,11987,5829,6158,1192,1005,2552,2420,1679,3139,605,513,1221,1247,817,1426,587,492,1331,1173,862,1713,5844,0,5844
20231,A,골목상권,3111015,석촌역 3번,29116,14034,15082,3074,3223,5703,5084,4443,7589,1549,1596,2688,2555,2117,3529,1525,1627,3015,2529,2326,4060,12654,0,12654
20231,A,골목상권,3111016,송파역 2번,13889,6736,7153,1790,1946,2026,2041,2408,3678,907,954,1003,1015,1149,1708,883,992,1023,1026,1259,1970,4878,0,4878
20231,A,골목상권,3111017,송파나루역 3번,11566,5566,6000,1307,1341,2124,2002,1785,3007,672,663,1021,1026,818,1366,635,678,1103,976,967,1641,4846,0,4846
20231,A,골목상권,3111018,풍납초등학교(풍납백제문화공원),11511,5689,5822,1339,1273,1666,1801,1899,3533,707,645,835,923,937,1642,632,628,831,878,962,1891,4534,0,4534
20231,A,골목상권,3111019,한성백제역 3번,20532,9998,10534,2437,2336,3566,3712,3263,5218,1282,1216,1726,1829,1546,2399,1155,1120,1840,1883,1717,2819,8625,0,8625
20231,A,골목상권,3111020,방이동고분군(방산고등학교),9648,4657,4991,1242,1461,1335,1272,1707,2631,643,733,650,558,786,1287,599,728,685,714,921,1344,3006,0,3006
20231,A,골목상권,3111021,방이역 4번,26057,12704,13353,3260,3681,3821,3993,4657,6645,1655,1905,1902,1893,2205,3144,1605,1776,1919,2100,2452,3501,9609,0,9609
20231,A,골목상권,3111022,석촌중학교(방이육교),19948,9886,10062,2407,2694,3112,2814,3375,5546,1255,1408,1554,1362,1596,2711,1152,1286,1558,1452,1779,2835,7000,0,7000
20231,A,골목상권,3111023,문정역 1번,11268,5606,5662,1314,1320,1973,1878,1838,2945,686,680,989,984,882,1385,628,640,984,894,956,1560,4657,0,4657
20231,A,골목상권,3111024,경찰병원역 4번(건너말공원),8425,4247,4178,820,1013,1653,1295,1374,2270,452,519,812,664,686,1114,368,494,841,631,688,1156,3647,0,3647
20231,A,골목상권,3111025,경찰병원역 3번,18174,9019,9155,2818,2348,2901,3046,3130,3931,1472,1235,1391,1478,1545,1898,1346,1113,1510,1568,1585,2033,6507,0,6507
20231,A,골목상권,3111026,문정역 2번,15483,7603,7880,2043,1871,2584,2588,2509,3888,1043,912,1296,1326,1184,1842,1000,959,1288,1262,1325,2046,6027,0,6027
20231,A,골목상권,3111027,문정초등학교,18646,9197,9449,2252,2304,3227,2903,3049,4911,1159,1158,1610,1494,1421,2355,1093,1146,1617,1409,1628,2556,7244,0,7244
20231,A,골목상권,3111028,문현중학교(장지역 1번),11193,5508,5685,1632,1323,1752,1812,1766,2908,829,660,913,923,829,1354,803,663,839,889,937,1554,4220,0,4220
20231,A,골목상권,3111029,오금역 4번,12039,5939,6100,1936,1597,1639,2022,2153,2692,1013,817,801,961,1068,1279,923,780,838,1061,1085,1413,4252,0,4252
20231,A,골목상권,3111030,방이역 2번,9089,4360,4729,905,1251,1408,1109,1469,2947,452,635,665,510,670,1428,453,616,743,599,799,1519,3240,0,3240
20231,A,골목상권,3111031,장지동주민센터(한림연예예술고교),14158,6984,7174,2097,1865,1916,2379,2385,3516,1045,942,999,1164,1171,1663,1052,923,917,1215,1214,1853,5080,0,5080
20231,A,골목상권,3111032,방이역 1번,15479,7509,7970,1753,2369,2111,1927,2836,4483,914,1234,1016,859,1323,2163,839,1135,1095,1068,1513,2320,5198,0,5198
20231,A,골목상권,3111033,문정동성당,5715,2820,2895,827,680,813,967,888,1540,400,370,411,459,451,729,427,310,402,508,437,811,2028,0,2028
20231,A,골목상권,3111034,오동나무공원(송파레미니스1단지),10317,5121,5196,1244,1441,1484,1488,1932,2728,652,757,755,720,940,1297,592,684,729,768,992,1431,3803,0,3803
20231,A,골목상권,3111035,오금공원(오주중학교),10957,5472,5485,1259,1464,1623,1628,1981,3002,645,786,833,835,957,1416,614,678,790,793,1024,1586,4192,0,4192
20231,A,골목상권,3111036,투구봉어린이공원,8769,4254,4515,1117,1082,1332,1364,1463,2411,563,557,672,684,677,1101,554,525,660,680,786,1310,3237,0,3237
20231,A,골목상권,3111037,Sh수협은행 오금동금융센터(아랫말어린이공원),5924,2987,2937,634,753,897,876,1101,1663,327,421,462,455,533,789,307,332,435,421,568,874,2308,0,2308
20231,A,골목상권,3111038,보인중학교,12763,6375,6388,1552,1764,1749,1884,2278,3536,817,936,885,947,1103,1687,735,828,864,937,1175,1849,4627,0,4627
20231,A,골목상권,3111039,벌말어린이공원,12582,6365,6217,1417,1658,1779,1870,2306,3552,726,894,940,962,1133,1710,691,764,839,908,1173,1842,4726,0,4726
20231,A,골목상권,3111040,거여초등학교,9152,4655,4497,982,1207,1301,1386,1700,2576,491,655,704,729,836,1240,491,552,597,657,864,1336,3464,0,3464
20231,A,골목상권,3111041,거여역 8번,4612,2316,2296,566,574,578,706,796,1392,276,302,300,354,402,682,290,272,278,352,394,710,1764,0,1764
20231,A,골목상권,3111042,거여역 1번(거여공원),18269,9368,8901,1913,2233,2400,2674,3291,5758,984,1203,1316,1363,1694,2808,929,1030,1084,1311,1597,2950,7312,0,7312
20231,A,골목상권,3111043,마천공원,10058,5103,4955,1039,1220,1441,1561,1783,3014,525,662,760,831,882,1443,514,558,681,730,901,1571,3797,0,3797
20231,A,골목상권,3111044,남천초등학교,14440,7389,7051,1418,1572,1796,2059,2528,5067,714,864,982,1092,1321,2416,704,708,814,967,1207,2651,6197,0,6197
20231,A,골목상권,3111045,개미어린이공원,9816,4887,4929,945,1153,1130,1397,1800,3391,458,592,634,698,943,1562,487,561,496,699,857,1829,4181,0,4181
20231,A,골목상권,3111046,마천역(마천초등학교),26224,13478,12746,2683,2779,3135,3784,4502,9341,1366,1438,1743,2013,2425,4493,1317,1341,1392,1771,2077,4848,11342,0,11342
20231,A,골목상권,3111047,마천1치안센터,19521,9916,9605,2450,2334,2202,2940,3329,6266,1251,1193,1174,1525,1765,3008,1199,1141,1028,1415,1564,3258,7580,0,7580
20231,A,골목상권,3111048,천호역 1번(천호문구완구거리),9946,4931,5015,937,859,1667,1684,1539,3260,469,441,861,870,794,1496,468,418,806,814,745,1764,4695,0,4695
20231,A,골목상권,3111049,천호지구대(천호동자전거거리),13392,6776,6616,1383,1124,2247,2362,2177,4099,718,573,1093,1259,1177,1956,665,551,1154,1103,1000,2143,6498,0,6498
20231,A,골목상권,3111050,강동구청(강동구청역 2번),9697,4742,4955,1484,955,1389,1741,1466,2662,788,489,652,861,724,1228,696,466,737,880,742,1434,3770,0,3770
20231,A,골목상권,3111051,천호역 6번,23126,11466,11660,2671,2150,3650,3849,3602,7204,1398,1079,1817,2026,1802,3344,1273,1071,1833,1823,1800,3860,10095,0,10095
20231,A,골목상권,3111052,암사역 3번(천호동자전거거리),20393,10125,10268,3094,1951,3159,3795,3086,5308,1599,997,1493,1965,1571,2500,1495,954,1666,1830,1515,2808,8011,0,8011
20231,A,골목상권,3111053,성내천어린이공원(하니사랑길),12795,6227,6568,1816,1458,1858,2216,1994,3453,941,777,910,1064,948,1587,875,681,948,1152,1046,1866,4630,0,4630
20231,A,골목상권,3111054,암사역 4번(삼성광나루아파트),11801,5826,5975,1986,1147,1620,2304,1731,3013,1025,616,783,1150,861,1391,961,531,837,1154,870,1622,4411,0,4411
20231,A,골목상권,3111055,선사초등학교,4897,2435,2462,799,501,624,964,707,1302,408,275,317,479,353,603,391,226,307,485,354,699,1778,0,1778
20231,A,골목상권,3111056,천호태영아파트,7553,3815,3738,627,597,1439,1369,1095,2426,316,316,738,712,586,1147,311,281,701,657,509,1279,3835,0,3835
20231,A,골목상권,3111057,천호공원(해공체육문화센터),15019,7722,7297,1442,1584,2027,2226,2621,5119,741,881,1061,1214,1360,2465,701,703,966,1012,1261,2654,6816,0,6816
20231,A,골목상권,3111058,성내중학교,14760,7340,7420,1819,1630,2308,2654,2321,4028,933,858,1176,1370,1148,1855,886,772,1132,1284,1173,2173,6098,0,6098
20231,A,골목상권,3111059,강동역 4번(강풀만화거리),36669,18133,18536,4230,3305,6633,6703,5325,10473,2186,1671,3221,3485,2643,4927,2044,1634,3412,3218,2682,5546,16139,0,16139
20231,A,골목상권,3111060,암사역 2번(서울강동초등학교),30599,15437,15162,3486,3133,4772,5190,4926,9092,1785,1659,2420,2776,2495,4302,1701,1474,2352,2414,2431,4790,13097,0,13097
20231,A,골목상권,3111061,암사역 1번,30340,15148,15192,3543,3115,4554,5400,4763,8965,1811,1672,2313,2812,2393,4147,1732,1443,2241,2588,2370,4818,13120,0,13120
20231,A,골목상권,3111062,둔촌동역 3번(성내3동주민센터),10107,5137,4970,1264,1229,1386,1746,1746,2736,692,700,759,879,852,1255,572,529,627,867,894,1481,4076,0,4076
20231,A,골목상권,3111063,강동구립 천호도서관,20969,10575,10394,2068,1887,3438,3365,3196,7015,1062,974,1728,1832,1659,3320,1006,913,1710,1533,1537,3695,9678,0,9678
20231,A,골목상권,3111064,둔촌동역 4번,16408,8196,8212,2000,2009,2302,2833,2767,4497,1049,1112,1216,1432,1371,2016,951,897,1086,1401,1396,2481,6534,0,6534
20231,A,골목상권,3111065,천일초등학교,18053,9237,8816,1758,1917,2604,2670,2977,6127,928,978,1338,1470,1547,2976,830,939,1266,1200,1430,3151,8015,0,8015
20231,A,골목상권,3111066,암사동성당(효정하나플러스아파트),22271,11132,11139,2412,2344,3258,3662,3596,6999,1225,1240,1667,1965,1806,3229,1187,1104,1591,1697,1790,3770,9716,0,9716
20231,A,골목상권,3111067,강동구립성내도서관,26995,13186,13809,3023,2746,5081,4886,4029,7230,1571,1452,2376,2484,1976,3327,1452,1294,2705,2402,2053,3903,11731,0,11731
20231,A,골목상권,3111068,강동성심병원,9795,4735,5060,1068,709,2411,2042,1293,2272,558,337,1025,1063,676,1076,510,372,1386,979,617,1196,4934,0,4934
20231,A,골목상권,3111069,천호1동주민센터,26066,13239,12827,2820,2893,3695,4053,4259,8346,1463,1505,1934,2197,2166,3974,1357,1388,1761,1856,2093,4372,11145,0,11145
20231,A,골목상권,3111070,천호초등학교,18822,9385,9437,2067,2034,2780,2888,3063,5990,1053,1062,1438,1518,1518,2796,1014,972,1342,1370,1545,3194,8042,0,8042
20231,A,골목상권,3111071,천동초등학교,12559,6279,6280,1394,1209,2055,2152,1865,3884,745,603,1008,1157,919,1847,649,606,1047,995,946,2037,5099,0,5099
20231,A,골목상권,3111072,굽은다리역 1번(십자성마을),28403,14231,14172,3072,3026,4168,4617,4483,9037,1614,1530,2117,2461,2254,4255,1458,1496,2051,2156,2229,4782,12035,0,12035
20231,A,골목상권,3111073,둔촌동역 1번(한산중학교),19226,9501,9725,2254,2162,3026,3068,3106,5610,1187,1098,1506,1561,1525,2624,1067,1064,1520,1507,1581,2986,7902,0,7902
20231,A,골목상권,3111074,명일역 1번,17897,8824,9073,2253,2138,2457,2696,2965,5388,1124,1119,1279,1346,1440,2516,1129,1019,1178,1350,1525,2872,6856,0,6856
20231,A,골목상권,3111075,굽은다리역 2번,19927,9755,10172,2183,2295,2967,2953,3172,6357,1088,1198,1515,1501,1509,2944,1095,1097,1452,1452,1663,3413,7972,0,7972
20231,A,골목상권,3111076,둔촌2동주민센터,13821,6855,6966,1582,1584,2156,2175,2250,4074,825,804,1089,1121,1101,1915,757,780,1067,1054,1149,2159,5566,0,5566
20231,A,골목상권,3111077,길동주민센터(강동도서관),34212,17025,17187,3760,3732,5364,5595,5498,10263,2001,1910,2653,2923,2721,4817,1759,1822,2711,2672,2777,5446,13973,0,13973
20231,A,골목상권,3111078,굽은다리역 4번,29632,14500,15132,3481,3343,4566,4697,4635,8910,1820,1718,2239,2382,2227,4114,1661,1625,2327,2315,2408,4796,11471,0,11471
20231,A,골목상권,3111079,둔촌고등학교(둔촌중학교),17536,8672,8864,2329,2176,2562,2644,2781,5044,1217,1113,1268,1341,1374,2359,1112,1063,1294,1303,1407,2685,6464,0,6464
20231,A,골목상권,3111080,굽은다리역 3번,19393,9477,9916,2532,2588,2619,2738,3193,5723,1335,1356,1316,1289,1524,2657,1197,1232,1303,1449,1669,3066,6820,0,6820
20231,A,골목상권,3111081,둔촌푸르지오아파트,10434,5143,5291,1327,1221,1581,1650,1602,3053,713,638,799,820,772,1401,614,583,782,830,830,1652,3719,0,3719
20231,A,골목상권,3111082,중앙보훈병원,10160,5034,5126,1211,1284,1544,1479,1581,3061,647,683,793,746,750,1415,564,601,751,733,831,1646,3477,0,3477
20231,A,골목상권,3111083,GS강동자이아파트,20845,10368,10477,2459,2430,3114,3248,3356,6238,1342,1308,1552,1608,1637,2921,1117,1122,1562,1640,1719,3317,7799,0,7799
20231,A,골목상권,3111084,길동신동아아파트,8596,4204,4392,1076,1040,1389,1356,1391,2344,567,537,693,684,668,1055,509,503,696,672,723,1289,3263,0,3263
20231,A,골목상권,3111085,묘곡초등학교(고덕아이파크아파트),9158,4711,4447,1239,1228,1122,1306,1648,2615,653,684,615,643,844,1272,586,544,507,663,804,1343,3312,0,3312
20231,A,골목상권,3111086,한영중고,9395,4676,4719,1222,1525,1127,1131,1827,2563,638,823,612,492,890,1221,584,702,515,639,937,1342,3086,0,3086
20231,A,골목상권,3111087,고덕중학교(고덕2동주민센터),4709,2510,2199,387,606,599,574,876,1667,200,345,358,318,460,829,187,261,241,256,416,838,2017,0,2017
20231,A,골목상권,3111088,고덕동성당,7286,3669,3617,1045,1034,757,991,1314,2145,539,545,397,498,670,1020,506,489,360,493,644,1125,2576,0,2576
20231,A,골목상권,3111089,상일여고(상일초등학교),6494,3334,3160,850,885,895,796,1193,1875,462,438,499,412,593,930,388,447,396,384,600,945,2363,0,2363
20231,A,골목상권,3111090,강일동주민센터,5040,2518,2522,933,525,547,926,784,1325,503,277,276,463,400,599,430,248,271,463,384,726,1997,0,1997
20232,A,골목상권,3110001,이북5도청사,3152,1528,1624,387,418,372,391,541,1043,202,215,206,180,233,492,185,203,166,211,308,551,1288,0,1288
20232,A,골목상권,3110002,독립문역 1번,6821,3201,3620,948,816,720,997,1234,2106,456,377,342,461,620,945,492,439,378,536,614,1161,2646,0,2646
20232,A,골목상권,3110003,세검정초등학교,8082,3919,4163,951,1158,1048,1026,1525,2374,489,595,565,457,691,1122,462,563,483,569,834,1252,3314,0,3314
20232,A,골목상권,3110004,대신고등학교,9019,4224,4795,1095,1040,977,1303,1607,2997,529,500,466,608,806,1315,566,540,511,695,801,1682,4301,0,4301
20232,A,골목상권,3110005,세검정,6443,3097,3346,697,863,849,884,1180,1970,372,457,439,394,545,890,325,406,410,490,635,1080,2786,0,2786
20232,A,골목상권,3110006,부암동주민센터,2063,1023,1040,196,239,241,269,370,748,116,143,126,121,179,338,80,96,115,148,191,410,956,0,956
20232,A,골목상권,3110007,사직공원(한국사회과학도서관),9521,4411,5110,1192,1050,1227,1437,1633,2982,590,499,562,671,778,1311,602,551,665,766,855,1671,5501,0,5501
20232,A,골목상권,3110008,배화여자대학교(박노수미술관),11592,5363,6229,1524,1322,1592,1998,1934,3222,794,620,750,899,908,1392,730,702,842,1099,1026,1830,5160,0,5160
20232,A,골목상권,3110009,자하문터널,3472,1701,1771,337,413,448,499,636,1139,201,232,239,218,296,515,136,181,209,281,340,624,1649,0,1649
20232,A,골목상권,3110010,평창동서측,8009,3781,4228,961,1003,1008,1077,1423,2537,506,515,505,482,634,1139,455,488,503,595,789,1398,3484,0,3484
20232,A,골목상권,3110011,청운초등학교,1400,707,693,203,211,143,222,264,357,118,139,68,90,123,169,85,72,75,132,141,188,598,0,598
20232,A,골목상권,3110012,성곡미술관,7945,3620,4325,1087,729,1099,1341,1259,2430,561,340,479,581,566,1093,526,389,620,760,693,1337,4385,0,4385
20232,A,골목상권,3110013,체부동홍종문가옥,4051,1870,2181,397,428,595,633,676,1322,213,199,279,282,323,574,184,229,316,351,353,748,2124,0,2124
20232,A,골목상권,3110014,경복고등학교,3618,1729,1889,492,508,442,594,656,926,269,289,207,254,295,415,223,219,235,340,361,511,1536,0,1536
20232,A,골목상권,3110015,청와대사랑채,3471,1594,1877,383,434,404,555,630,1065,200,227,179,240,283,465,183,207,225,315,347,600,1521,0,1521
20232,A,골목상권,3110016,평창동동측,4742,2300,2442,525,580,572,622,829,1614,291,311,305,291,372,730,234,269,267,331,457,884,2008,0,2008
20232,A,골목상권,3110017,정독도서관,3445,1608,1837,311,320,403,523,552,1336,168,161,194,248,266,571,143,159,209,275,286,765,1743,0,1743
20232,A,골목상권,3110018,중앙고등학교,4775,2221,2554,463,521,605,753,825,1608,239,253,288,345,399,697,224,268,317,408,426,911,2235,0,2235
20232,A,골목상권,3110019,창덕궁,1793,1101,692,90,103,207,238,339,816,55,51,127,137,234,497,35,52,80,101,105,319,1282,0,1282
20232,A,골목상권,3110020,서울국제고등학교,10554,5314,5240,949,1484,2247,1429,1483,2962,470,716,1360,717,747,1304,479,768,887,712,736,1658,5715,0,5715
20232,A,골목상권,3110021,성균관대학교,7627,3668,3959,691,1257,1804,1001,1017,1857,358,536,979,471,503,821,333,721,825,530,514,1036,4806,0,4806
20232,A,골목상권,3110022,경신고등학교,11741,5570,6171,1277,1691,2131,1761,1882,2999,627,806,1119,803,906,1309,650,885,1012,958,976,1690,6276,0,6276
20232,A,골목상권,3110023,서울대병원,2161,1006,1155,170,171,543,331,277,669,83,87,253,160,128,295,87,84,290,171,149,374,1313,0,1313
20232,A,골목상권,3110024,혜회동주민센터,7621,3550,4071,863,1084,1431,1134,1220,1889,427,525,715,498,568,817,436,559,716,636,652,1072,4099,0,4099
20232,A,골목상권,3110025,충신시장옆,4658,2457,2201,263,600,808,553,818,1616,126,358,433,302,423,815,137,242,375,251,395,801,2801,0,2801
20232,A,골목상권,3110026,종로5가역 4번,2402,1397,1005,115,369,313,255,426,924,56,256,186,160,239,500,59,113,127,95,187,424,1367,0,1367
20232,A,골목상권,3110027,혜화역 1번,7546,3633,3913,594,843,1471,1096,1228,2314,278,402,719,572,618,1044,316,441,752,524,610,1270,3756,0,3756
20232,A,골목상권,3110028,이화달팽이길,14361,7320,7041,998,1857,2253,1816,2729,4708,504,991,1190,1015,1392,2228,494,866,1063,801,1337,2480,6663,0,6663
20232,A,골목상권,3110029,동대문역 1번,21304,10986,10318,1616,2610,2908,2689,4162,7319,833,1436,1581,1431,2206,3499,783,1174,1327,1258,1956,3820,9812,0,9812
20232,A,골목상권,3110030,동대문역 3번,7717,4014,3703,527,788,1017,902,1526,2957,274,422,582,464,833,1439,253,366,435,438,693,1518,3799,0,3799
20232,A,골목상권,3110031,창신역 1번,11232,5554,5678,1396,1288,1573,1677,1928,3370,718,692,813,820,937,1574,678,596,760,857,991,1796,4695,0,4695
20232,A,골목상권,3110032,수족관거리,1528,896,632,34,81,194,153,244,822,15,39,113,92,150,487,19,42,81,61,94,335,1248,0,1248
20232,A,골목상권,3110033,창신역 4번,10505,5220,5285,962,1214,1492,1452,1955,3430,488,636,798,743,974,1581,474,578,694,709,981,1849,5841,0,5841
20232,A,골목상권,3110034,창신1동주민센터,3698,1868,1830,291,248,695,677,509,1278,134,103,354,347,283,647,157,145,341,330,226,631,2401,0,2401
20232,A,골목상권,3110035,동묘앞역 2번,13895,6977,6918,1010,1444,2500,1976,2423,4542,523,682,1260,1050,1274,2188,487,762,1240,926,1149,2354,8950,0,8950
20232,A,골목상권,3110036,동묘앞역 3번,7667,3878,3789,551,625,1673,1290,1177,2351,275,272,812,664,660,1195,276,353,861,626,517,1156,5252,0,5252
20232,A,골목상권,3110037,신설동역 12번,9421,4670,4751,761,960,1489,1411,1647,3153,392,472,761,742,825,1478,369,488,728,669,822,1675,5148,0,5148
20232,A,골목상권,3110038,경향신문사,106,56,50,18,6,11,21,15,35,8,3,9,11,9,16,10,3,2,10,6,19,296,0,296
20232,A,골목상권,3110039,회현역 1번,3288,1636,1652,236,242,377,421,451,1561,116,101,190,225,227,777,120,141,187,196,224,784,2143,0,2143
20232,A,골목상권,3110040,중구회현체육센터(정화예술대남산캠퍼스),4273,2090,2183,338,326,508,591,587,1923,167,147,264,314,287,911,171,179,244,277,300,1012,2600,0,2600
20232,A,골목상권,3110041,남산케이블카,3112,1505,1607,267,232,429,483,480,1221,131,117,226,246,247,538,136,115,203,237,233,683,1931,0,1931
20232,A,골목상권,3110042,남산골공원옆,2703,1378,1325,206,241,466,364,395,1031,102,119,268,202,216,471,104,122,198,162,179,560,1494,0,1494
20232,A,골목상권,3110043,충무초등학교,4779,2491,2288,388,608,1199,680,630,1274,194,257,701,386,336,617,194,351,498,294,294,657,3345,0,3345
20232,A,골목상권,3110044,관성묘,4032,2094,1938,270,514,928,524,539,1257,139,219,565,290,290,591,131,295,363,234,249,666,2635,0,2635
20232,A,골목상권,3110045,동대문역사문화공원역 5번,3185,1669,1516,171,308,522,440,482,1262,89,138,292,254,270,626,82,170,230,186,212,636,1982,0,1982
20232,A,골목상권,3110046,버티고개,10937,5339,5598,943,1141,1744,1702,1727,3680,508,600,912,865,842,1612,435,541,832,837,885,2068,5118,0,5118
20232,A,골목상권,3110047,다산성곽길,10357,5021,5336,863,1153,1733,1544,1731,3333,456,597,894,759,851,1464,407,556,839,785,880,1869,4824,0,4824
20232,A,골목상권,3110048,장충동주민센터,10607,5208,5399,926,1202,1851,1531,1758,3339,460,581,964,808,859,1536,466,621,887,723,899,1803,5157,0,5157
20232,A,골목상권,3110049,장충단 고개,7283,3478,3805,734,777,1485,1135,1148,2004,376,366,701,562,558,915,358,411,784,573,590,1089,3534,0,3534
20232,A,골목상권,3110050,약수역 7번,15666,7512,8154,1423,1433,2258,2385,2429,5738,720,748,1130,1210,1215,2489,703,685,1128,1175,1214,3249,7007,0,7007
20232,A,골목상권,3110051,한양공고앞 교차로,7488,3811,3677,546,807,1203,1037,1383,2512,257,423,665,577,724,1165,289,384,538,460,659,1347,3812,0,3812
20232,A,골목상권,3110052,장충초등학교,11066,5346,5720,1018,1234,2101,1677,1842,3194,492,611,1024,853,911,1455,526,623,1077,824,931,1739,5351,0,5351
20232,A,골목상권,3110053,청구역 1번,10890,5466,5424,949,1162,1744,1605,1956,3474,457,598,937,849,1023,1602,492,564,807,756,933,1872,5503,0,5503
20232,A,골목상권,3110054,청구역 3번,12765,6191,6574,1410,1329,2220,2069,2014,3723,715,696,1056,1023,994,1707,695,633,1164,1046,1020,2016,5686,0,5686
20232,A,골목상권,3110055,황학동벼룩시장,6571,3350,3221,836,441,1010,1137,955,2192,428,234,515,588,508,1077,408,207,495,549,447,1115,3519,0,3519
20232,A,골목상권,3110056,신당역 3번,24765,12145,12620,2816,2609,3537,3837,4290,7676,1415,1339,1731,1980,2156,3524,1401,1270,1806,1857,2134,4152,12358,0,12358
20232,A,골목상권,3110057,황학코아루아파트,7958,3949,4009,704,716,1419,1224,1314,2581,357,340,642,669,713,1228,347,376,777,555,601,1353,6789,0,6789
20232,A,골목상권,3110058,성심여자고등학교,17012,8053,8959,2391,1920,2180,2877,2901,4743,1106,905,1044,1417,1433,2148,1285,1015,1136,1460,1468,2595,7191,0,7191
20232,A,골목상권,3110059,새남터성지,8283,3931,4352,1042,700,1112,1314,1254,2861,543,351,539,677,622,1199,499,349,573,637,632,1662,3394,0,3394
20232,A,골목상권,3110060,효창공원앞역 6번,17092,8236,8856,2215,1827,2349,2876,2796,5029,1095,934,1170,1435,1388,2214,1120,893,1179,1441,1408,2815,7727,0,7727
20232,A,골목상권,3110061,효창동주민센터,17194,8309,8885,2228,1899,2662,2802,2782,4821,1158,972,1248,1424,1329,2178,1070,927,1414,1378,1453,2643,7353,0,7353
20232,A,골목상권,3110062,한강로동땡땡거리(은행나무길),6604,3257,3347,832,547,934,1109,970,2212,432,300,490,560,498,977,400,247,444,549,472,1235,4370,0,4370
20232,A,골목상권,3110063,효창공원앞역 5번,9340,4703,4637,1167,835,1444,1629,1382,2883,614,456,745,857,722,1309,553,379,699,772,660,1574,5975,0,5975
20232,A,골목상권,3110064,효창공원앞역 2번,10918,5150,5768,1078,1278,1944,1775,1645,3198,563,596,906,867,794,1424,515,682,1038,908,851,1774,7006,0,7006
20232,A,골목상권,3110065,남정초등학교,4651,2400,2251,607,383,698,820,658,1485,350,202,366,447,353,682,257,181,332,373,305,803,2886,0,2886
20232,A,골목상권,3110066,서울역 15번,10947,5550,5397,1088,1268,1813,1711,2020,3047,566,673,966,912,1012,1421,522,595,847,799,1008,1626,5264,0,5264
20232,A,골목상권,3110067,배문고등학교,21336,10580,10756,1839,2703,3719,3212,3702,6161,972,1318,1864,1668,1893,2865,867,1385,1855,1544,1809,3296,10427,0,10427
20232,A,골목상권,3110068,남영역 1번,12653,6087,6566,1422,1316,2449,2263,1784,3419,752,599,1101,1149,914,1572,670,717,1348,1114,870,1847,9337,0,9337
20232,A,골목상권,3110069,숙대입구,13162,6294,6868,1090,1705,2630,2018,1963,3756,553,706,1183,1034,1043,1775,537,999,1447,984,920,1981,7753,0,7753
20232,A,골목상권,3110070,용산세무서,4971,2388,2583,818,447,667,791,782,1466,408,230,335,371,381,663,410,217,332,420,401,803,2102,0,2102
20232,A,골목상권,3110071,한강미주맨션아파트,10037,4721,5316,1885,942,1061,1753,1648,2748,942,491,489,771,814,1214,943,451,572,982,834,1534,3728,0,3728
20232,A,골목상권,3110072,열정도,6350,3088,3262,955,506,1196,1338,867,1488,481,254,527,675,437,714,474,252,669,663,430,774,4534,0,4534
20232,A,골목상권,3110073,삼각지역 3번,3393,1648,1745,303,248,682,611,462,1087,168,138,305,297,235,505,135,110,377,314,227,582,2429,0,2429
20232,A,골목상권,3110074,서울역 12번,10348,5829,4519,925,922,1467,1538,1845,3651,506,502,819,860,1124,2018,419,420,648,678,721,1633,6517,0,6517
20232,A,골목상권,3110075,숙대입구역 1번,9001,4860,4141,701,858,1296,1349,1599,3198,391,469,684,747,922,1647,310,389,612,602,677,1551,5449,0,5449
20232,A,골목상권,3110076,삼각지역 14번,1280,667,613,88,71,225,208,182,506,46,40,123,117,100,241,42,31,102,91,82,265,1894,0,1894
20232,A,골목상권,3110077,삼광초등학교,11119,5676,5443,1154,1181,1635,1810,1938,3401,613,652,887,935,1015,1574,541,529,748,875,923,1827,5741,0,5741
20232,A,골목상권,3110078,이촌동점보아파트,11621,5407,6214,2099,1391,1193,1806,2177,2955,1055,666,535,784,1028,1339,1044,725,658,1022,1149,1616,4031,0,4031
20232,A,골목상권,3110079,후암동주민센터,19346,10148,9198,1925,1888,2648,3012,3353,6520,989,1000,1402,1586,1847,3324,936,888,1246,1426,1506,3196,10199,0,10199
20232,A,골목상권,3110080,해방촌예술마을,13820,6721,7099,1292,1489,2111,2167,2291,4470,652,773,1073,1132,1114,1977,640,716,1038,1035,1177,2493,6603,0,6603
20232,A,골목상권,3110081,해방촌 남동측,14502,6856,7646,1222,1323,2255,2285,2239,5178,606,666,1119,1159,1071,2235,616,657,1136,1126,1168,2943,7063,0,7063
20232,A,골목상권,3110082,용산구청,4192,1944,2248,249,300,750,622,631,1640,127,151,400,322,301,643,122,149,350,300,330,997,2484,0,2484
20232,A,골목상권,3110083,서빙고역 1번,6249,3043,3206,800,963,631,923,1358,1574,400,503,312,425,695,708,400,460,319,498,663,866,2508,0,2508
20232,A,골목상권,3110084,경리단길북측,12111,5554,6557,1115,1014,1970,2039,1832,4141,533,506,949,981,854,1731,582,508,1021,1058,978,2410,6145,0,6145
20232,A,골목상권,3110085,경리단길남측,8139,3815,4324,886,675,1335,1361,1192,2690,421,340,679,653,573,1149,465,335,656,708,619,1541,4374,0,4374
20232,A,골목상권,3110086,이태원역 북측,6188,2973,3215,652,515,1025,1060,943,1993,313,258,540,518,460,884,339,257,485,542,483,1109,3557,0,3557
20232,A,골목상권,3110087,이태원엔틱가구거리,7751,3668,4083,543,630,1341,1140,1216,2881,296,342,709,574,575,1172,247,288,632,566,641,1709,4240,0,4240
20232,A,골목상권,3110088,오산고등학교,12878,6253,6625,1348,1729,1555,1986,2689,3571,711,911,823,929,1340,1539,637,818,732,1057,1349,2032,5586,0,5586
20232,A,골목상권,3110089,서빙고동주민센터,9133,4525,4608,1080,1338,998,1458,1888,2371,560,690,544,693,975,1063,520,648,454,765,913,1308,3739,0,3739
20232,A,골목상권,3110090,한국폴리텍대학서울정수캠퍼스,11680,5532,6148,971,1288,1678,1791,2249,3703,517,695,877,827,1081,1535,454,593,801,964,1168,2168,5747,0,5747
20232,A,골목상권,3110091,리움미술관,3235,1502,1733,162,178,556,572,527,1240,80,89,280,293,248,512,82,89,276,279,279,728,2083,0,2083
20232,A,골목상권,3110092,NH농협은행 보광동지점,17812,8748,9064,1375,1703,2803,2815,3097,6019,764,915,1558,1436,1515,2560,611,788,1245,1379,1582,3459,9191,0,9191
20232,A,골목상권,3110093,우사단길,19890,9718,10172,1394,1675,3342,3248,3329,6902,747,885,1829,1715,1669,2873,647,790,1513,1533,1660,4029,10991,0,10991
20232,A,골목상권,3110094,오산중학교,4658,2230,2428,334,426,637,741,860,1660,192,237,332,372,404,693,142,189,305,369,456,967,2624,0,2624
20232,A,골목상권,3110095,한강진역 3번,7014,3281,3733,533,446,1233,1383,1136,2283,262,217,614,698,550,940,271,229,619,685,586,1343,4534,0,4534
20232,A,골목상권,3110096,한남힐사이드아파트,2169,988,1181,260,172,377,481,320,559,143,85,158,237,136,229,117,87,219,244,184,330,1100,0,1100
20232,A,골목상권,3110097,한남초등학교,2178,985,1193,270,132,453,566,317,440,145,61,185,273,130,191,125,71,268,293,187,249,1428,0,1428
20232,A,골목상권,3110098,서울독일학교,3618,1674,1944,521,290,586,683,572,966,255,155,268,300,245,451,266,135,318,383,327,515,2145,0,2145
20232,A,골목상권,3110099,유엔빌리지길,8520,4055,4465,1141,701,1292,1552,1332,2502,587,361,598,740,623,1146,554,340,694,812,709,1356,4557,0,4557
20232,A,골목상권,3110100,옥수동우편취급국,5990,2844,3146,872,537,944,1086,903,1648,418,274,474,525,411,742,454,263,470,561,492,906,2486,0,2486
20232,A,골목상권,3110101,옥정중학교,9827,4691,5136,1373,848,1426,1735,1509,2936,670,435,704,851,714,1317,703,413,722,884,795,1619,3990,0,3990
20232,A,골목상권,3110102,옥수역 6번,15231,7225,8006,2611,1242,2258,3099,2180,3841,1322,638,988,1517,1035,1725,1289,604,1270,1582,1145,2116,6094,0,6094
20232,A,골목상권,3110103,옥수터널,10029,4768,5261,1670,856,1451,2108,1484,2460,844,437,646,1006,736,1099,826,419,805,1102,748,1361,4300,0,4300
20232,A,골목상권,3110104,신금호역 4번,19114,9294,9820,2527,1879,2740,3439,2975,5554,1312,959,1343,1737,1478,2465,1215,920,1397,1702,1497,3089,8324,0,8324
20232,A,골목상권,3110105,금동어린이공원,21139,10339,10800,2582,2134,2869,3645,3363,6546,1330,1103,1467,1851,1716,2872,1252,1031,1402,1794,1647,3674,9356,0,9356
20232,A,골목상권,3110106,금북초등학교,14481,7054,7427,1522,1525,1882,2169,2389,4994,793,769,951,1114,1215,2212,729,756,931,1055,1174,2782,6637,0,6637
20232,A,골목상권,3110107,금호사거리,9902,4847,5055,1209,932,1290,1711,1573,3187,633,481,657,872,818,1386,576,451,633,839,755,1801,5037,0,5037
20232,A,골목상권,3110108,성동구립금호도서관,17107,8233,8874,2422,1657,2313,3118,2687,4910,1223,837,1096,1588,1332,2157,1199,820,1217,1530,1355,2753,7571,0,7571
20232,A,골목상권,3110109,금호삼성래미안아파트,15805,7618,8187,2400,1576,2023,3034,2502,4270,1234,804,971,1491,1246,1872,1166,772,1052,1543,1256,2398,6798,0,6798
20232,A,골목상권,3110110,상왕십리역 6번,9786,4809,4977,893,1091,1693,1457,1660,2992,438,553,840,729,836,1413,455,538,853,728,824,1579,7331,0,7331
20232,A,골목상권,3110111,대현산장미원,11708,5643,6065,1655,1335,1478,2056,1989,3195,855,679,702,1001,941,1465,800,656,776,1055,1048,1730,4267,0,4267
20232,A,골목상권,3110112,행당역 2번,16832,8157,8675,2289,1976,2183,2811,2924,4649,1109,983,1104,1347,1440,2174,1180,993,1079,1464,1484,2475,7139,0,7139
20232,A,골목상권,3110113,응봉산,9414,4493,4921,1352,1115,1109,1607,1655,2576,717,548,525,746,783,1174,635,567,584,861,872,1402,3412,0,3412
20232,A,골목상권,3110114,왕십리파출소,11048,5429,5619,1314,1262,1719,1564,1820,3369,688,655,862,780,875,1569,626,607,857,784,945,1800,5196,0,5196
20232,A,골목상권,3110115,상왕십리역 3번,12168,5964,6204,1186,1384,2296,1816,2054,3432,620,691,1112,938,1014,1589,566,693,1184,878,1040,1843,7439,0,7439
20232,A,골목상권,3110116,청계천박물관,11940,5983,5957,1207,1322,1680,1673,1998,4060,650,696,879,890,979,1889,557,626,801,783,1019,2171,5907,0,5907
20232,A,골목상권,3110117,성동구보건소,10645,5330,5315,1040,1152,1670,1491,1824,3468,530,625,854,782,915,1624,510,527,816,709,909,1844,5116,0,5116
20232,A,골목상권,3110118,왕십리역 9번,9428,4595,4833,1328,1031,1501,1670,1476,2422,668,523,762,804,728,1110,660,508,739,866,748,1312,4505,0,4505
20232,A,골목상권,3110119,마장지하차도,8427,4160,4267,890,1010,1400,1160,1375,2592,443,530,681,615,676,1215,447,480,719,545,699,1377,3900,0,3900
20232,A,골목상권,3110120,서울숲카페거리,3246,1603,1643,353,336,579,525,524,929,184,158,273,281,269,438,169,178,306,244,255,491,1569,0,1569
20232,A,골목상권,3110121,한양대역 4번,2507,1276,1231,321,399,671,383,304,429,153,186,381,207,146,203,168,213,290,176,158,226,2168,0,2168
20232,A,골목상권,3110122,마장역 2번,11305,5568,5737,1424,1348,1728,1670,1833,3302,714,667,858,848,901,1580,710,681,870,822,932,1722,5053,0,5053
20232,A,골목상권,3110123,마장역 3번,13596,6877,6719,1312,1712,2354,1845,2157,4216,657,880,1269,980,1101,1990,655,832,1085,865,1056,2226,6879,0,6879
20232,A,골목상권,3110124,뚝섬역교차로,8406,4212,4194,1004,797,1580,1490,1267,2268,502,405,777,771,651,1106,502,392,803,719,616,1162,3695,0,3695
20232,A,골목상권,3110125,사근동살곶이상점가,9268,4799,4469,709,1428,2346,1107,1190,2488,357,719,1392,603,596,1132,352,709,954,504,594,1356,5983,0,5983
20232,A,골목상권,3110126,서울숲역 1번,4728,2365,2363,562,513,805,744,791,1313,280,262,415,372,389,647,282,251,390,372,402,666,2106,0,2106
20232,A,골목상권,3110127,성수1가1동주민센터,8639,4457,4182,1072,891,1499,1454,1504,2219,558,468,769,756,796,1110,514,423,730,698,708,1109,4010,0,4010
20232,A,골목상권,3110128,성원중학교,20712,10634,10078,2289,2299,3214,3289,3764,5857,1190,1177,1673,1735,1937,2922,1099,1122,1541,1554,1827,2935,9630,0,9630
20232,A,골목상권,3110129,성원어린이공원,8459,4207,4252,1021,826,1603,1558,1256,2195,527,436,776,800,626,1042,494,390,827,758,630,1153,4162,0,4162
20232,A,골목상권,3110130,답십리역 6번,10505,5402,5103,890,1154,1585,1547,1812,3517,464,587,819,865,960,1707,426,567,766,682,852,1810,3975,0,3975
20232,A,골목상권,3110131,성수동카페거리,9710,5051,4659,1063,933,1629,1594,1674,2817,523,490,837,838,920,1443,540,443,792,756,754,1374,4747,0,4747
20232,A,골목상권,3110132,성수2가3동주민센터,7074,3545,3529,751,645,1303,1175,1032,2168,378,332,650,615,519,1051,373,313,653,560,513,1117,3833,0,3833
20232,A,골목상권,3110133,서울교통공사,7840,4040,3800,717,820,1189,1257,1460,2397,358,424,610,704,796,1148,359,396,579,553,664,1249,4711,0,4711
20232,A,골목상권,3110134,성수119안전센터,15170,7864,7306,1460,1498,2326,2383,2660,4843,749,772,1243,1286,1403,2411,711,726,1083,1097,1257,2432,6854,0,6854
20232,A,골목상권,3110135,성동세무서,9068,4717,4351,814,833,1808,1492,1431,2690,410,439,927,816,769,1356,404,394,881,676,662,1334,5835,0,5835
20232,A,골목상권,3110136,경수초등학교,13153,6825,6328,1075,1277,2377,2089,2182,4153,525,658,1231,1168,1221,2022,550,619,1146,921,961,2131,6878,0,6878
20232,A,골목상권,3110137,성수초등학교,17603,8885,8718,1585,1825,4315,2867,2426,4585,796,847,2119,1562,1324,2237,789,978,2196,1305,1102,2348,10989,0,10989
20232,A,골목상권,3110138,송정체육공원,13736,7259,6477,1125,1567,2752,2099,2277,3916,588,793,1521,1171,1251,1935,537,774,1231,928,1026,1981,8607,0,8607
20232,A,골목상권,3110139,자양4동주민센터,18246,9095,9151,1905,1794,2679,2904,3107,5857,938,914,1335,1505,1616,2787,967,880,1344,1399,1491,3070,8305,0,8305
20232,A,골목상권,3110140,건대입구역 6번,17782,8830,8952,1409,1695,3172,2708,2826,5972,687,828,1569,1422,1506,2818,722,867,1603,1286,1320,3154,9330,0,9330
20232,A,골목상권,3110141,건대입구역 1번,10454,5012,5442,678,1236,3442,1657,1226,2215,348,498,1582,899,652,1033,330,738,1860,758,574,1182,7211,0,7211
20232,A,골목상권,3110142,화양사거리,17361,8521,8840,1032,2323,5886,2538,2016,3566,517,936,2881,1384,1103,1700,515,1387,3005,1154,913,1866,14208,0,14208
20232,A,골목상권,3110143,뚝섬유원지역 1번,12331,6038,6293,1883,1357,1649,2101,2022,3319,940,703,774,990,1025,1606,943,654,875,1111,997,1713,4863,0,4863
20232,A,골목상권,3110144,어린이대공원역 4번,10329,5034,5295,491,1576,3780,1363,1086,2033,245,625,1896,733,590,945,246,951,1884,630,496,1088,9225,0,9225
20232,A,골목상권,3110145,장안초등학교,4743,2331,2412,454,581,1124,684,665,1235,227,261,584,357,327,575,227,320,540,327,338,660,3311,0,3311
20232,A,골목상권,3110146,신자초등학교,19541,9608,9933,2996,2246,2862,3354,3136,4947,1521,1179,1404,1656,1518,2330,1475,1067,1458,1698,1618,2617,7628,0,7628
20232,A,골목상권,3110147,능동우편취급국,19052,9604,9448,1780,1898,3957,3256,2821,5340,953,962,1942,1739,1458,2550,827,936,2015,1517,1363,2790,10509,0,10509
20232,A,골목상권,3110148,어린이대공원역 3번,4987,2435,2552,224,781,1779,674,525,1004,107,318,908,362,282,458,117,463,871,312,243,546,4176,0,4176
20232,A,골목상권,3110149,세종대학교,6633,3166,3467,604,648,1565,1178,921,1717,313,300,705,580,469,799,291,348,860,598,452,918,3704,0,3704
20232,A,골목상권,3110150,중곡1동 마을마당,15547,7717,7830,1446,1416,3078,2658,2400,4549,753,716,1491,1407,1199,2151,693,700,1587,1251,1201,2398,9042,0,9042
20232,A,골목상권,3110151,자양한강도서관,20566,10169,10397,2622,2296,3271,3604,3371,5402,1385,1225,1618,1808,1642,2491,1237,1071,1653,1796,1729,2911,8866,0,8866
20232,A,골목상권,3110152,중곡어린이공원,9143,4560,4583,935,1009,1496,1399,1624,2680,506,519,766,724,811,1234,429,490,730,675,813,1446,4262,0,4262
20232,A,골목상권,3110153,중곡1동주민센터,12827,6291,6536,1145,1133,2630,2222,1939,3758,573,571,1218,1164,974,1791,572,562,1412,1058,965,1967,8062,0,8062
20232,A,골목상권,3110154,광진정말공원,25743,12619,13124,3007,2864,4330,4443,4170,6929,1552,1516,2138,2240,2022,3151,1455,1348,2192,2203,2148,3778,11814,0,11814
20232,A,골목상권,3110155,광진구청,16545,8006,8539,1558,1922,3552,2902,2588,4023,812,955,1654,1462,1248,1875,746,967,1898,1440,1340,2148,9614,0,9614
20232,A,골목상권,3110156,군자역 5번,14001,6567,7434,1384,1232,3569,2611,1808,3397,728,597,1532,1297,875,1538,656,635,2037,1314,933,1859,8093,0,8093
20232,A,골목상권,3110157,자양동우체국,21699,10649,11050,2758,2446,3275,3749,3545,5926,1410,1301,1599,1879,1704,2756,1348,1145,1676,1870,1841,3170,9602,0,9602
20232,A,골목상권,3110158,중곡3동주민센터,22146,11064,11082,2340,2438,3504,3465,3869,6530,1223,1245,1804,1830,1919,3043,1117,1193,1700,1635,1950,3487,10470,0,10470
20232,A,골목상권,3110159,구의역 4번,28129,13745,14384,2922,3127,5197,4766,4472,7645,1524,1591,2496,2443,2157,3534,1398,1536,2701,2323,2315,4111,14824,0,14824
20232,A,골목상권,3110160,광진경찰서,8527,4118,4409,866,1022,1686,1447,1331,2175,443,481,826,737,641,990,423,541,860,710,690,1185,4292,0,4292
20232,A,골목상권,3110161,중곡역 3번,23560,11797,11763,2465,2735,3852,3670,4066,6772,1291,1402,1949,1969,1998,3188,1174,1333,1903,1701,2068,3584,11017,0,11017
20232,A,골목상권,3110162,군자역 4번,18312,8851,9461,2043,1895,3600,3102,2790,4882,1046,978,1706,1534,1322,2265,997,917,1894,1568,1468,2617,9031,0,9031
20232,A,골목상권,3110163,성자초등학교,16032,7875,8157,2021,1847,2387,2750,2545,4482,1033,975,1182,1380,1217,2088,988,872,1205,1370,1328,2394,7121,0,7121
20232,A,골목상권,3110164,아차산역 5번,10072,4774,5298,1096,911,2312,1878,1371,2504,575,441,1033,963,645,1117,521,470,1279,915,726,1387,5327,0,5327
20232,A,골목상권,3110165,국립정신건강센터,19658,9707,9951,2104,2521,3233,2959,3517,5324,1069,1320,1610,1520,1664,2524,1035,1201,1623,1439,1853,2800,8870,0,8870
20232,A,골목상권,3110166,구의1동주민센터,21162,10114,11048,1753,2308,4576,3751,3292,5482,911,1092,2152,1874,1603,2482,842,1216,2424,1877,1689,3000,11755,0,11755
20232,A,골목상권,3110167,용마초등학교,26642,12906,13736,2878,2895,4903,4384,4236,7346,1492,1513,2304,2209,2009,3379,1386,1382,2599,2175,2227,3967,12584,0,12584
20232,A,골목상권,3110168,대원고등학교,14031,6935,7096,1522,1962,2146,2076,2623,3702,779,1010,1087,1088,1237,1734,743,952,1059,988,1386,1968,5816,0,5816
20232,A,골목상권,3110169,성동초등학교,9628,4673,4955,954,1126,1693,1516,1469,2870,485,561,837,780,660,1350,469,565,856,736,809,1520,4740,0,4740
20232,A,골목상권,3110170,동대부여고,20179,9685,10494,1834,2135,4043,3543,3180,5444,929,1043,1959,1796,1535,2423,905,1092,2084,1747,1645,3021,11465,0,11465
20232,A,골목상권,3110171,중곡4동주민센터,11779,5822,5957,1152,1533,1718,1648,2152,3576,606,816,867,882,1028,1623,546,717,851,766,1124,1953,5144,0,5144
20232,A,골목상권,3110172,광진초등학교,13676,6686,6990,1551,1617,2089,2189,2340,3890,811,796,1033,1110,1160,1776,740,821,1056,1079,1180,2114,7486,0,7486
20232,A,골목상권,3110173,구남초등학교,6057,2909,3148,687,684,1047,935,963,1741,353,335,493,467,449,812,334,349,554,468,514,929,3375,0,3375
20232,A,골목상권,3110174,아차산역 1번,25394,12382,13012,2807,2799,4005,4128,4093,7562,1482,1408,1987,2106,1998,3401,1325,1391,2018,2022,2095,4161,11040,0,11040
20232,A,골목상권,3110175,푸른동산공원,19612,9461,10151,2121,2316,3523,3398,3206,5048,1047,1168,1740,1680,1551,2275,1074,1148,1783,1718,1655,2773,10488,0,10488
20232,A,골목상권,3110176,해오름공원,23009,11364,11645,2410,2680,3473,3519,3912,7015,1270,1377,1762,1847,1929,3179,1140,1303,1711,1672,1983,3836,9787,0,9787
20232,A,골목상권,3110177,동의초등학교,13822,6783,7039,1782,1572,2001,2344,2175,3948,933,788,1028,1190,1040,1804,849,784,973,1154,1135,2144,5576,0,5576
20232,A,골목상권,3110178,장로회신학대학교,4885,2349,2536,588,635,699,692,850,1421,297,330,344,321,409,648,291,305,355,371,441,773,2412,0,2412
20232,A,골목상권,3110179,광나루역 1번,7397,3536,3861,1154,1132,851,1075,1554,1631,584,548,419,465,752,768,570,584,432,610,802,863,2811,0,2811
20232,A,골목상권,3110180,광진정보도서관,4939,2418,2521,676,575,718,735,825,1410,344,320,337,354,391,672,332,255,381,381,434,738,2583,0,2583
20232,A,골목상권,3110181,신설동역 9번,11888,5858,6030,1568,1169,2170,2204,1773,3004,781,577,1040,1096,895,1469,787,592,1130,1108,878,1535,8268,0,8268
20232,A,골목상권,3110182,용두희망어린이공원,6711,3670,3041,536,803,1596,962,925,1889,265,438,973,550,496,948,271,365,623,412,429,941,4480,0,4480
20232,A,골목상권,3110183,한국의류시험연구원,4205,2202,2003,326,385,867,706,621,1300,174,208,434,384,325,677,152,177,433,322,296,623,3098,0,3098
20232,A,골목상권,3110184,용두사거리,4761,2431,2330,365,434,942,778,730,1512,188,218,459,403,394,769,177,216,483,375,336,743,3401,0,3401
20232,A,골목상권,3110185,용두초등학교,2475,1293,1182,179,200,441,371,431,853,87,96,235,203,249,423,92,104,206,168,182,430,2475,0,2475
20232,A,골목상권,3110186,종암초등학교,6778,3509,3269,771,898,1423,1035,956,1695,398,484,845,542,483,757,373,414,578,493,473,938,3643,0,3643
20232,A,골목상권,3110187,제기동역 6번,11013,5428,5585,1133,1038,2046,1936,1656,3204,595,543,977,995,819,1499,538,495,1069,941,837,1705,7952,0,7952
20232,A,골목상권,3110188,용두동신동아아파트,13227,6573,6654,1590,1427,1914,1978,2097,4221,820,730,988,1026,1024,1985,770,697,926,952,1073,2236,7050,0,7050
20232,A,골목상권,3110189,제기동역 1번,10978,5441,5537,1208,1126,2042,1805,1579,3218,603,589,1062,904,791,1492,605,537,980,901,788,1726,6950,0,6950
20232,A,골목상권,3110190,고대앞사거리,9594,4915,4679,1078,1034,1653,1434,1428,2967,577,520,946,751,768,1353,501,514,707,683,660,1614,5837,0,5837
20232,A,골목상권,3110191,고려대역 6번,7536,3929,3607,657,748,1438,1085,1059,2549,343,382,829,607,571,1197,314,366,609,478,488,1352,4393,0,4393
20232,A,골목상권,3110192,동의보감타워,6729,3365,3364,611,507,1093,1113,991,2414,340,264,509,564,530,1158,271,243,584,549,461,1256,3923,0,3923
20232,A,골목상권,3110193,고려대역 4번,9027,4635,4392,830,933,1653,1214,1256,3141,411,482,935,649,662,1496,419,451,718,565,594,1645,4616,0,4616
20232,A,골목상권,3110194,홍파초등학교,7798,4028,3770,453,605,1098,999,1155,3488,246,331,626,588,647,1590,207,274,472,411,508,1898,5264,0,5264
20232,A,골목상권,3110195,동대문구청,9151,4721,4430,643,731,1420,1281,1391,3685,352,377,726,698,786,1782,291,354,694,583,605,1903,6144,0,6144
20232,A,골목상권,3110196,홍릉근린공원,9147,4601,4546,859,862,1251,1210,1397,3568,407,455,696,653,723,1667,452,407,555,557,674,1901,4818,0,4818
20232,A,골목상권,3110197,세종대왕기념관교차로,5462,2716,2746,492,558,825,676,832,2079,219,287,447,342,436,985,273,271,378,334,396,1094,2783,0,2783
20232,A,골목상권,3110198,동대문중앙새마을금고본점,2650,1403,1247,128,181,347,327,383,1284,63,97,184,188,231,640,65,84,163,139,152,644,1900,0,1900
20232,A,골목상권,3110199,홍릉시장,9030,4509,4521,654,767,1175,1164,1274,3996,326,407,647,637,665,1827,328,360,528,527,609,2169,5270,0,5270
20232,A,골목상권,3110200,동대문경찰서,9195,4535,4660,789,822,1191,1191,1318,3884,405,434,634,630,678,1754,384,388,557,561,640,2130,4945,0,4945
20232,A,골목상권,3110201,전농119안전센터,6505,3393,3112,503,599,722,873,1090,2718,276,329,367,493,603,1325,227,270,355,380,487,1393,4366,0,4366
20232,A,골목상권,3110202,전농1동주민센터(전농시장),7710,4016,3694,806,676,887,1147,1242,2952,437,374,455,616,685,1449,369,302,432,531,557,1503,4692,0,4692
20232,A,골목상권,3110203,떡전교사거리,10791,5380,5411,908,1009,1598,1415,1569,4292,464,519,844,766,809,1978,444,490,754,649,760,2314,5910,0,5910
20232,A,골목상권,3110204,간데메공원,18572,9187,9385,2616,1777,2430,3253,2908,5588,1320,927,1141,1685,1521,2593,1296,850,1289,1568,1387,2995,10327,0,10327
20232,A,골목상권,3110205,경희대삼거리,13680,6599,7081,1346,1922,3284,1961,1776,3391,683,820,1739,970,879,1508,663,1102,1545,991,897,1883,8245,0,8245
20232,A,골목상권,3110206,텃골근린공원,17816,8923,8893,2059,1982,2311,2754,2985,5725,1036,1014,1188,1440,1532,2713,1023,968,1123,1314,1453,3012,8982,0,8982
20232,A,골목상권,3110207,시립대앞사거리,7627,3894,3733,585,879,1239,1120,1138,2666,289,427,684,622,604,1268,296,452,555,498,534,1398,5000,0,5000
20232,A,골목상권,3110208,시조사삼거리,12738,6231,6507,1330,1564,2473,1867,1785,3719,673,701,1326,956,881,1694,657,863,1147,911,904,2025,6938,0,6938
20232,A,골목상권,3110209,답십리 장령당공원,11995,5942,6053,1600,1209,1992,2175,1851,3168,818,623,932,1144,945,1480,782,586,1060,1031,906,1688,5696,0,5696
20232,A,골목상권,3110210,서울시립대,12534,6252,6282,1026,1633,2491,1820,1736,3828,503,767,1386,984,875,1737,523,866,1105,836,861,2091,7907,0,7907
20232,A,골목상권,3110211,전곡마을마당공원,17359,8601,8758,1822,2121,2273,2590,2941,5612,912,1072,1200,1345,1465,2607,910,1049,1073,1245,1476,3005,8813,0,8813
20232,A,골목상권,3110212,답십리초등학교,17936,8850,9086,2374,1884,2501,3054,2904,5219,1177,960,1267,1552,1469,2425,1197,924,1234,1502,1435,2794,9089,0,9089
20232,A,골목상권,3110213,청량초등학교,8462,4078,4384,561,1379,2500,1085,1021,1916,271,559,1321,544,516,867,290,820,1179,541,505,1049,5850,0,5850
20232,A,골목상권,3110214,경희대후문,8050,4015,4035,603,1464,2127,894,1023,1939,308,647,1266,441,491,862,295,817,861,453,532,1077,5493,0,5493
20232,A,골목상권,3110215,회기역 1번,9383,4571,4812,662,1416,2650,1284,1178,2193,351,599,1369,656,617,979,311,817,1281,628,561,1214,6441,0,6441
20232,A,골목상권,3110216,전농중학교,11235,5502,5733,1417,1387,1292,1669,1973,3497,736,710,688,776,990,1602,681,677,604,893,983,1895,4554,0,4554
20232,A,골목상권,3110217,자동차부품상가,7526,3863,3663,708,699,1087,1276,1295,2461,369,345,556,700,711,1182,339,354,531,576,584,1279,5014,0,5014
20232,A,골목상권,3110218,답십리사거리,18737,9221,9516,2204,2042,2507,2825,3177,5982,1090,1065,1284,1431,1599,2752,1114,977,1223,1394,1578,3230,8708,0,8708
20232,A,골목상권,3110219,삼육보건대학교,14551,7305,7246,1234,2232,3410,1946,1884,3845,634,1021,1926,1053,914,1757,600,1211,1484,893,970,2088,9601,0,9601
20232,A,골목상권,3110220,외대앞역 1번,14663,7303,7360,1133,1925,3066,2065,2246,4228,609,889,1655,1061,1187,1902,524,1036,1411,1004,1059,2326,7698,0,7698
20232,A,골목상권,3110221,의릉,6804,3378,3426,803,820,949,1033,1136,2063,412,404,500,558,585,919,391,416,449,475,551,1144,4253,0,4253
20232,A,골목상권,3110222,회기역 2번,5785,2844,2941,514,755,1054,821,862,1779,265,364,530,434,448,803,249,391,524,387,414,976,2996,0,2996
20232,A,골목상권,3110223,군자초등학교,7519,3899,3620,809,713,1342,1294,1144,2217,446,364,660,709,622,1098,363,349,682,585,522,1119,4077,0,4077
20232,A,골목상권,3110224,외대앞역 2번,12270,6159,6111,1174,1376,1803,1860,2066,3991,619,692,959,975,1065,1849,555,684,844,885,1001,2142,5308,0,5308
20232,A,골목상권,3110225,촬영소사거리,16126,8007,8119,1680,1768,2141,2347,2795,5395,825,925,1135,1213,1413,2496,855,843,1006,1134,1382,2899,7425,0,7425
20232,A,골목상권,3110226,장안1동주민센터,28889,14638,14251,2968,2810,4562,4779,4683,9087,1539,1446,2373,2556,2398,4326,1429,1364,2189,2223,2285,4761,15809,0,15809
20232,A,골목상권,3110227,답십리공원,13991,6951,7040,1562,1677,1784,2203,2404,4361,787,856,928,1127,1226,2027,775,821,856,1076,1178,2334,6282,0,6282
20232,A,골목상권,3110228,장안근린공원,19298,9741,9557,2106,2180,2578,3004,3220,6210,1085,1141,1371,1548,1658,2938,1021,1039,1207,1456,1562,3272,9713,0,9713
20232,A,골목상권,3110229,장평중학교,20283,10078,10205,2871,1815,3230,3886,2916,5565,1469,895,1573,2003,1475,2663,1402,920,1657,1883,1441,2902,10047,0,10047
20232,A,골목상권,3110230,장안현대홈타운1차아파트,17621,8759,8862,2500,1630,2719,3443,2587,4742,1285,849,1331,1749,1297,2248,1215,781,1388,1694,1290,2494,9530,0,9530
20232,A,골목상권,3110231,장안교,7219,3559,3660,947,909,878,1111,1233,2141,469,463,444,541,618,1024,478,446,434,570,615,1117,2751,0,2751
20232,A,골목상권,3110232,동대부고,16386,8310,8076,2971,1649,1845,3187,2593,4141,1570,909,928,1576,1359,1968,1401,740,917,1611,1234,2173,6874,0,6874
20232,A,골목상권,3110233,중랑역 1번,13611,7125,6486,1070,1330,2187,1993,2432,4599,570,701,1122,1116,1309,2307,500,629,1065,877,1123,2292,7674,0,7674
20232,A,골목상권,3110234,중랑역 4번,8471,4337,4134,681,749,1651,1406,1379,2605,360,379,813,768,736,1281,321,370,838,638,643,1324,5106,0,5106
20232,A,골목상권,3110235,세화어린이공원,10635,5536,5099,805,1095,1569,1463,1949,3754,434,577,824,823,1018,1860,371,518,745,640,931,1894,5763,0,5763
20232,A,골목상권,3110236,신묵초등학교,20094,9967,10127,2222,2027,3168,3383,3120,6174,1156,1014,1572,1781,1594,2850,1066,1013,1596,1602,1526,3324,10420,0,10420
20232,A,골목상권,3110237,메가박스 상봉,15670,7810,7860,1554,1622,2577,2574,2785,4558,781,827,1256,1363,1466,2117,773,795,1321,1211,1319,2441,8113,0,8113
20232,A,골목상권,3110238,배꽃어린이공원,7294,3703,3591,614,741,973,1031,1329,2606,308,377,497,557,716,1248,306,364,476,474,613,1358,3613,0,3613
20232,A,골목상권,3110239,중랑역 2번,7373,3817,3556,532,693,1136,1048,1372,2592,286,349,594,556,737,1295,246,344,542,492,635,1297,4135,0,4135
20232,A,골목상권,3110240,태릉시장 특화거리,13333,6964,6369,995,1363,1955,1823,2445,4752,539,727,1041,1012,1284,2361,456,636,914,811,1161,2391,7229,0,7229
20232,A,골목상권,3110241,먹골역 5번,18036,8974,9062,1745,1813,3143,2916,2905,5514,910,902,1567,1546,1508,2541,835,911,1576,1370,1397,2973,9945,0,9945
20232,A,골목상권,3110242,면목5동주민센터,11262,5688,5574,1193,1216,1584,1724,2069,3476,603,620,813,907,1068,1677,590,596,771,817,1001,1799,6795,0,6795
20232,A,골목상권,3110243,중랑노인종합복지관,21243,10628,10615,2203,2280,2957,3264,4001,6538,1105,1151,1506,1736,2080,3050,1098,1129,1451,1528,1921,3488,10236,0,10236
20232,A,골목상권,3110244,중화역 4번,11860,6051,5809,1029,1170,1688,1747,2036,4190,552,601,866,934,1092,2006,477,569,822,813,944,2184,6381,0,6381
20232,A,골목상권,3110245,KB국민은행 중화동지점,14392,7321,7071,1422,1416,2203,2094,2377,4880,755,740,1123,1121,1208,2374,667,676,1080,973,1169,2506,7101,0,7101
20232,A,골목상권,3110246,월드순복음교회,15156,7537,7619,1524,1481,2693,2515,2548,4395,743,740,1334,1337,1316,2067,781,741,1359,1178,1232,2328,8357,0,8357
20232,A,골목상권,3110247,먹골역 1번,21267,10434,10833,2192,2090,3678,3599,3231,6477,1110,1038,1800,1896,1592,2998,1082,1052,1878,1703,1639,3479,10290,0,10290
20232,A,골목상권,3110248,먹골파출소,11553,5659,5894,1483,1211,1743,1952,1748,3416,753,617,834,1000,857,1598,730,594,909,952,891,1818,6066,0,6066
20232,A,골목상권,3110249,중화역 1번,19008,9454,9554,1891,2079,3019,2966,3017,6036,947,1069,1530,1562,1498,2848,944,1010,1489,1404,1519,3188,9622,0,9622
20232,A,골목상권,3110250,화랑대역 7번,11267,5552,5715,1568,1441,1420,1807,1964,3067,798,709,715,887,1002,1441,770,732,705,920,962,1626,5291,0,5291
20232,A,골목상권,3110251,장안중학교,19602,9725,9877,2245,2062,3079,3057,3035,6124,1123,1081,1545,1614,1474,2888,1122,981,1534,1443,1561,3236,9447,0,9447
20232,A,골목상권,3110252,장안제일시장,17420,8841,8579,1939,1828,2558,2757,3044,5294,1001,962,1317,1434,1566,2561,938,866,1241,1323,1478,2733,10180,0,10180
20232,A,골목상권,3110253,중곡초등학교,17373,8850,8523,1983,1849,2442,2949,2963,5187,1054,953,1256,1569,1562,2456,929,896,1186,1380,1401,2731,7823,0,7823
20232,A,골목상권,3110254,오거리공원,24761,12523,12238,2762,2568,3442,4036,4236,7717,1452,1326,1732,2144,2213,3656,1310,1242,1710,1892,2023,4061,11076,0,11076
20232,A,골목상권,3110255,상봉역 4번,21013,10442,10571,2112,1970,3769,3335,3415,6412,1054,988,1810,1778,1736,3076,1058,982,1959,1557,1679,3336,12586,0,12586
20232,A,골목상권,3110256,면목2동체육관,26820,13588,13232,2695,2664,4270,4198,4654,8339,1392,1370,2131,2285,2406,4004,1303,1294,2139,1913,2248,4335,13768,0,13768
20232,A,골목상권,3110257,상봉역 7번,18424,9058,9366,2183,1970,3075,2846,2862,5488,1093,997,1512,1465,1405,2586,1090,973,1563,1381,1457,2902,9939,0,9939
20232,A,골목상권,3110258,면동초등학교,20822,10509,10313,2070,2172,3404,3384,3573,6219,1063,1137,1726,1787,1833,2963,1007,1035,1678,1597,1740,3256,10791,0,10791
20232,A,골목상권,3110259,사가정역 1번,14714,7402,7312,1405,1433,2364,2378,2427,4707,711,739,1171,1264,1271,2246,694,694,1193,1114,1156,2461,8119,0,8119
20232,A,골목상권,3110260,면목역 3번,15463,7800,7663,1424,1516,2592,2497,2567,4867,729,801,1287,1342,1314,2327,695,715,1305,1155,1253,2540,8720,0,8720
20232,A,골목상권,3110261,사가정역 4번,24433,12162,12271,2186,2493,3736,3749,3984,8285,1125,1292,1909,2003,2007,3826,1061,1201,1827,1746,1977,4459,12158,0,12158
20232,A,골목상권,3110262,상봉역 3번,15138,7533,7605,1367,1436,2840,2364,2312,4819,693,718,1386,1281,1150,2305,674,718,1454,1083,1162,2514,10315,0,10315
20232,A,골목상권,3110263,면목역 1번,21148,10604,10544,1976,2149,3422,3300,3498,6803,987,1104,1751,1783,1768,3211,989,1045,1671,1517,1730,3592,12148,0,12148
20232,A,골목상권,3110264,면목역 2번,27438,13873,13565,2400,3136,4394,4213,4879,8416,1206,1650,2278,2258,2501,3980,1194,1486,2116,1955,2378,4436,14847,0,14847
20232,A,골목상권,3110265,망우역 1번,23609,11707,11902,2982,2661,3695,3720,3833,6718,1501,1391,1810,1872,1914,3219,1481,1270,1885,1848,1919,3499,11393,0,11393
20232,A,골목상권,3110266,면목동우체국,19479,9726,9753,1710,2233,3098,2912,3452,6074,860,1169,1611,1557,1729,2800,850,1064,1487,1355,1723,3274,10664,0,10664
20232,A,골목상권,3110267,망우역 2번,31603,15630,15973,4650,3961,4245,4874,5425,8448,2363,2103,2135,2377,2643,4009,2287,1858,2110,2497,2782,4439,11697,0,11697
20232,A,골목상권,3110268,망우3동주민센터,14585,7311,7274,1401,1636,2224,2146,2471,4707,694,821,1147,1159,1246,2244,707,815,1077,987,1225,2463,7727,0,7727
20232,A,골목상권,3110269,용마문화복지센터,12550,6373,6177,1177,1397,1860,1863,2228,4025,600,703,951,1038,1153,1928,577,694,909,825,1075,2097,6285,0,6285
20232,A,골목상권,3110270,혜원여고,11729,5895,5834,1198,1431,1653,1657,2115,3675,600,721,847,867,1089,1771,598,710,806,790,1026,1904,5952,0,5952
20232,A,골목상권,3110271,신내역 1번,2251,1027,1224,221,250,279,312,335,854,105,138,125,152,173,334,116,112,154,160,162,520,1318,0,1318
20232,A,골목상권,3110272,신내1동주민센터,26150,12830,13320,3588,3103,3610,3863,4165,7821,1800,1657,1803,1933,1949,3688,1788,1446,1807,1930,2216,4133,9361,0,9361
20232,A,골목상권,3110273,장스여성병원,14190,7256,6934,1575,1483,2008,2099,2284,4741,779,826,1081,1128,1144,2298,796,657,927,971,1140,2443,6189,0,6189
20232,A,골목상권,3110274,서일대학교,21006,10588,10418,2100,2553,2895,2934,3857,6667,1060,1283,1491,1561,1995,3198,1040,1270,1404,1373,1862,3469,10024,0,10024
20232,A,골목상권,3110275,하나은행 망우동지점,10859,5635,5224,895,1191,1526,1451,1919,3877,458,632,837,807,985,1916,437,559,689,644,934,1961,5622,0,5622
20232,A,골목상권,3110276,신내IC북측,1663,844,819,338,189,173,324,237,402,178,96,87,172,116,195,160,93,86,152,121,207,709,0,709
20232,A,골목상권,3110277,러스크서울병원,15989,8208,7781,1460,1871,2193,2183,2798,5484,751,997,1152,1195,1406,2707,709,874,1041,988,1392,2777,7931,0,7931
20232,A,골목상권,3110278,망우본동주민센터,20463,10368,10095,2315,2333,2796,3027,3365,6627,1169,1262,1435,1615,1634,3253,1146,1071,1361,1412,1731,3374,9071,0,9071
20232,A,골목상권,3110279,신내역 2번,6094,2967,3127,1423,621,613,1151,790,1496,718,321,301,571,379,677,705,300,312,580,411,819,1922,0,1922
20232,A,골목상권,3110280,북정마을,3636,1855,1781,297,380,567,485,574,1333,144,193,336,267,305,610,153,187,231,218,269,723,1934,0,1934
20232,A,골목상권,3110281,길상사,2859,1409,1450,281,275,375,381,459,1088,161,136,189,189,233,501,120,139,186,192,226,587,1414,0,1414
20232,A,골목상권,3110282,국민대학교앞,4363,2237,2126,506,546,871,592,535,1313,244,248,521,333,284,607,262,298,350,259,251,706,2861,0,2861
20232,A,골목상권,3110283,성북초등학교앞,5173,2533,2640,514,590,733,846,922,1568,243,308,385,428,471,698,271,282,348,418,451,870,2459,0,2459
20232,A,골목상권,3110284,정릉북한산국립공원입구,6908,3369,3539,743,712,854,1068,1071,2460,388,381,424,527,514,1135,355,331,430,541,557,1325,2978,0,2978
20232,A,골목상권,3110285,홍대부중,5833,2825,3008,545,675,833,947,1066,1767,275,366,409,457,531,787,270,309,424,490,535,980,2863,0,2863
20232,A,골목상권,3110286,한성대입구역 5번,8994,4232,4762,805,1111,1626,1382,1512,2558,390,544,777,652,739,1130,415,567,849,730,773,1428,5052,0,5052
20232,A,골목상권,3110287,정릉3동주민센터,7243,3729,3514,675,1017,1307,930,1082,2232,362,520,772,506,554,1015,313,497,535,424,528,1217,3718,0,3718
20232,A,골목상권,3110288,동구여중,9071,4330,4741,892,1082,1559,1401,1592,2545,441,555,730,672,781,1151,451,527,829,729,811,1394,4528,0,4528
20232,A,골목상권,3110289,북한산보국문역 2번,15854,7902,7952,1621,2016,2297,2306,2483,5131,836,1007,1264,1222,1263,2310,785,1009,1033,1084,1220,2821,7468,0,7468
20232,A,골목상권,3110290,북한산보국문역 1번,12807,6230,6577,1823,1402,1507,2308,2106,3661,967,705,717,1164,1050,1627,856,697,790,1144,1056,2034,5335,0,5335
20232,A,골목상권,3110291,한성대입구역 3번,17578,8574,9004,2100,2127,2743,2931,2963,4714,1086,1053,1385,1445,1457,2148,1014,1074,1358,1486,1506,2566,8074,0,8074
20232,A,골목상권,3110292,정릉역 2번,10719,5272,5447,1544,1212,1220,1792,1742,3209,807,626,628,903,876,1432,737,586,592,889,866,1777,4554,0,4554
20232,A,골목상권,3110293,삼선중학교,16748,7784,8964,1934,2170,2643,2426,2806,4769,950,1041,1175,1144,1334,2140,984,1129,1468,1282,1472,2629,7695,0,7695
20232,A,골목상권,3110294,서경대학교,29246,14319,14927,4267,3483,3612,5024,4779,8081,2229,1742,1838,2508,2381,3621,2038,1741,1774,2516,2398,4460,12192,0,12192
20232,A,골목상권,3110295,정릉우체국,21507,10552,10955,2782,2430,2747,3431,3395,6722,1465,1238,1440,1747,1652,3010,1317,1192,1307,1684,1743,3712,9568,0,9568
20232,A,골목상권,3110296,성신여대입구역 4번,19016,8939,10077,2930,2430,2908,3233,3201,4314,1504,1133,1310,1507,1563,1922,1426,1297,1598,1726,1638,2392,8407,0,8407
20232,A,골목상권,3110297,경동고등학교,19928,9337,10591,1858,2398,4049,3118,3080,5425,946,1115,1855,1558,1488,2375,912,1283,2194,1560,1592,3050,10899,0,10899
20232,A,골목상권,3110298,솔숲어린이공원,13902,6728,7174,2045,1550,1638,2342,2263,4064,1071,798,770,1162,1101,1826,974,752,868,1180,1162,2238,5312,0,5312
20232,A,골목상권,3110299,정릉역 1번,29345,14122,15223,4310,3384,3771,4887,4869,8124,2167,1675,1825,2390,2385,3680,2143,1709,1946,2497,2484,4444,11021,0,11021
20232,A,골목상권,3110300,삼선동주민센터,11386,5014,6372,795,1519,2913,1664,1571,2924,412,571,1168,801,787,1275,383,948,1745,863,784,1649,10554,0,10554
20232,A,골목상권,3110301,성신여대입구역 7번,17131,7815,9316,1999,2104,3366,2788,2631,4243,987,852,1447,1345,1316,1868,1012,1252,1919,1443,1315,2375,8962,0,8962
20232,A,골목상권,3110302,보문역 8번,10328,4991,5337,1078,1130,1875,1657,1685,2903,523,559,943,854,816,1296,555,571,932,803,869,1607,6440,0,6440
20232,A,골목상권,3110303,성신여대입구역 1번,11905,5201,6704,809,1594,3023,1666,1610,3203,402,548,1223,819,778,1431,407,1046,1800,847,832,1772,7369,0,7369
20232,A,골목상권,3110304,보문역 4번,6764,3125,3639,507,821,1709,1031,1011,1685,242,356,782,509,494,742,265,465,927,522,517,943,7744,0,7744
20232,A,골목상권,3110305,보문역 5번,9363,4588,4775,729,1078,1958,1400,1454,2744,357,537,1002,737,719,1236,372,541,956,663,735,1508,8204,0,8204
20232,A,골목상권,3110306,미아초등학교,13807,6721,7086,2596,1445,1508,2654,2265,3339,1380,700,724,1244,1169,1504,1216,745,784,1410,1096,1835,4967,0,4967
20232,A,골목상권,3110307,길음역 7번,13427,6403,7024,2292,1392,1779,2504,2103,3357,1176,687,814,1241,1031,1454,1116,705,965,1263,1072,1903,5064,0,5064
20232,A,골목상권,3110308,길음역 8번,19786,9633,10153,3278,2124,2314,3575,3221,5274,1726,1048,1124,1716,1650,2369,1552,1076,1190,1859,1571,2905,7658,0,7658
20232,A,골목상권,3110309,대광초등학교,5429,2913,2516,370,642,1272,794,796,1555,196,338,775,449,417,738,174,304,497,345,379,817,4343,0,4343
20232,A,골목상권,3110310,길음역 10번,8945,4234,4711,1148,1016,1199,1420,1407,2755,575,505,573,694,694,1193,573,511,626,726,713,1562,3865,0,3865
20232,A,골목상권,3110311,종암아이파크2차후문,8759,4294,4465,1358,1027,1077,1520,1473,2304,648,556,541,736,764,1049,710,471,536,784,709,1255,3823,0,3823
20232,A,골목상권,3110312,안암역 2번,1532,816,716,66,343,498,158,146,321,36,166,289,91,85,149,30,177,209,67,61,172,2540,0,2540
20232,A,골목상권,3110313,안암역 3번,7302,3865,3437,683,1010,1698,992,1002,1917,355,525,1032,541,525,887,328,485,666,451,477,1030,5433,0,5433
20232,A,골목상권,3110314,종암경찰서,19952,9606,10346,3086,2139,2476,3543,3276,5432,1544,1085,1212,1728,1671,2366,1542,1054,1264,1815,1605,3066,8617,0,8617
20232,A,골목상권,3110315,종암아이파크2차,15868,7781,8087,1800,1839,2452,2343,2593,4841,874,953,1330,1192,1274,2158,926,886,1122,1151,1319,2683,8379,0,8379
20232,A,골목상권,3110316,숭곡초등학교,27226,13253,13973,3864,2785,3202,4521,4505,8349,1952,1378,1570,2198,2333,3822,1912,1407,1632,2323,2172,4527,11788,0,11788
20232,A,골목상권,3110317,종암중학교,7683,3970,3713,699,974,1722,1029,1097,2162,368,500,1020,540,539,1003,331,474,702,489,558,1159,4661,0,4661
20232,A,골목상권,3110318,KT월곡지사,16497,8173,8324,2282,1838,2101,2576,2709,4991,1210,958,1053,1291,1373,2288,1072,880,1048,1285,1336,2703,7064,0,7064
20232,A,골목상권,3110319,종암동주민센터,21339,10449,10890,2960,2382,2745,3446,3571,6235,1572,1251,1404,1667,1787,2768,1388,1131,1341,1779,1784,3467,9026,0,9026
20232,A,골목상권,3110320,KB국민은행 종암동지점,9084,4631,4453,910,1174,1770,1227,1424,2579,478,605,1020,635,693,1200,432,569,750,592,731,1379,4536,0,4536
20232,A,골목상권,3110321,동덕여대,11947,5757,6190,1838,1456,1486,2012,1943,3212,916,651,709,990,1020,1471,922,805,777,1022,923,1741,4911,0,4911
20232,A,골목상권,3110322,장위1동주민센터,13586,6707,6879,1345,1675,1869,1825,2386,4486,674,856,985,980,1139,2073,671,819,884,845,1247,2413,6292,0,6292
20232,A,골목상권,3110323,상월곡역 1번,13699,6641,7058,1539,1687,1970,2028,2197,4278,803,734,952,1034,1117,2001,736,953,1018,994,1080,2277,6479,0,6479
20232,A,골목상권,3110324,월곡역 4번,8806,4290,4516,685,1108,1553,1164,1360,2936,359,463,761,636,680,1391,326,645,792,528,680,1545,4950,0,4950
20232,A,골목상권,3110325,장곡초등학교,12727,6348,6379,1272,1561,1636,1695,2279,4284,632,822,899,899,1115,1981,640,739,737,796,1164,2303,6329,0,6329
20232,A,골목상권,3110326,장위동성당,10743,5302,5441,1107,1367,1358,1490,1947,3474,539,710,724,767,980,1582,568,657,634,723,967,1892,4628,0,4628
20232,A,골목상권,3110327,상월곡역 2번,16315,8139,8176,1872,1779,2073,2514,2663,5414,973,920,1080,1297,1363,2506,899,859,993,1217,1300,2908,7177,0,7177
20232,A,골목상권,3110328,상월곡역 3번,9826,4953,4873,948,1019,1352,1505,1560,3442,500,529,711,805,787,1621,448,490,641,700,773,1821,4889,0,4889
20232,A,골목상권,3110329,우리은행체육관,6540,3294,3246,522,710,797,853,1121,2537,265,359,430,486,557,1197,257,351,367,367,564,1340,4374,0,4374
20232,A,골목상권,3110330,돌곶이역 1번,9298,4560,4738,1081,962,1215,1457,1531,3052,546,487,606,751,775,1395,535,475,609,706,756,1657,4460,0,4460
20232,A,골목상권,3110331,돌곶이역 8번,12583,6214,6369,1352,1379,1787,1994,2028,4043,687,684,916,1037,1041,1849,665,695,871,957,987,2194,6435,0,6435
20232,A,골목상권,3110332,돌곶이역 3번,7259,3685,3574,603,710,960,1077,1314,2595,300,360,517,566,683,1259,303,350,443,511,631,1336,3971,0,3971
20232,A,골목상권,3110333,돌곶이역 5번,12291,6193,6098,1034,1324,1714,1831,2123,4265,539,668,891,977,1068,2050,495,656,823,854,1055,2215,6733,0,6733
20232,A,골목상권,3110334,석관중앙교회,15836,7954,7882,1412,1833,2122,2207,2760,5502,755,920,1125,1167,1404,2583,657,913,997,1040,1356,2919,8611,0,8611
20232,A,골목상권,3110335,석계역 7번,16989,8565,8424,1733,1749,2445,2562,2788,5712,887,917,1265,1353,1396,2747,846,832,1180,1209,1392,2965,8162,0,8162
20232,A,골목상권,3110336,석관고등학교,11273,5713,5560,940,1306,1607,1585,2025,3810,527,660,859,842,1004,1821,413,646,748,743,1021,1989,5532,0,5532
20232,A,골목상권,3110337,아카데미하우스,9177,4475,4702,1026,1065,1124,1280,1534,3148,520,554,560,654,737,1450,506,511,564,626,797,1698,4288,0,4288
20232,A,골목상권,3110338,인수초등학교,7686,3775,3911,694,815,907,1021,1282,2967,331,455,442,535,628,1384,363,360,465,486,654,1583,3772,0,3772
20232,A,골목상권,3110339,국립4.19민주묘지,7494,3624,3870,836,838,964,1072,1207,2577,432,427,479,532,576,1178,404,411,485,540,631,1399,3731,0,3731
20232,A,골목상권,3110340,인수중학교,11541,5659,5882,1257,1307,1391,1630,2009,3947,630,701,681,842,974,1831,627,606,710,788,1035,2116,5182,0,5182
20232,A,골목상권,3110341,북한산우이역 2번,4436,2195,2241,408,473,537,557,740,1721,217,261,277,304,363,773,191,212,260,253,377,948,1913,0,1913
20232,A,골목상권,3110342,국립재활원,11492,5658,5834,1268,1337,1481,1713,1864,3829,681,672,739,926,920,1720,587,665,742,787,944,2109,5121,0,5121
20232,A,골목상권,3110343,무너미어린이공원,15567,7550,8017,1727,1756,2046,2245,2504,5289,874,879,1029,1173,1190,2405,853,877,1017,1072,1314,2884,7687,0,7687
20232,A,골목상권,3110344,화계중학교,6795,3385,3410,738,818,896,992,1129,2222,394,415,447,559,547,1023,344,403,449,433,582,1199,3005,0,3005
20232,A,골목상권,3110345,솔밭공원역 2번,11238,5511,5727,1262,1253,1292,1589,1907,3935,651,628,677,849,943,1763,611,625,615,740,964,2172,5259,0,5259
20232,A,골목상권,3110346,4.19민주묘지역 2번,7075,3426,3649,728,775,941,1032,1099,2500,389,372,455,536,523,1151,339,403,486,496,576,1349,4031,0,4031
20232,A,골목상권,3110347,구세군강북종합사회복지관,9840,4901,4939,1134,1268,1309,1559,1676,2894,595,663,681,810,835,1317,539,605,628,749,841,1577,4222,0,4222
20232,A,골목상권,3110348,강북문화예술회관,20308,9944,10364,2316,2177,2600,2938,3234,7043,1211,1146,1310,1541,1554,3182,1105,1031,1290,1397,1680,3861,8836,0,8836
20232,A,골목상권,3110349,화계역 2번,9161,4531,4630,993,1083,1251,1310,1500,3024,525,573,625,714,703,1391,468,510,626,596,797,1633,4176,0,4176
20232,A,골목상권,3110350,가오리역 2번,16030,7878,8152,1696,1749,2161,2315,2584,5525,882,934,1090,1231,1279,2462,814,815,1071,1084,1305,3063,6857,0,6857
20232,A,골목상권,3110351,수유북부시장옆,17226,8460,8766,1818,1949,2399,2479,2802,5779,938,1016,1217,1335,1376,2578,880,933,1182,1144,1426,3201,7994,0,7994
20232,A,골목상권,3110352,수유1동주민센터,21324,10645,10679,2276,2382,2680,3178,3536,7272,1173,1252,1406,1707,1785,3322,1103,1130,1274,1471,1751,3950,9917,0,9917
20232,A,골목상권,3110353,수유동우체국,14828,7266,7562,1550,1657,1909,2201,2384,5127,812,826,998,1156,1153,2321,738,831,911,1045,1231,2806,7003,0,7003
20232,A,골목상권,3110354,삼각산119안전센터,12431,6014,6417,1554,1354,1335,1983,2163,4042,790,687,684,1009,1098,1746,764,667,651,974,1065,2296,5214,0,5214
20232,A,골목상권,3110355,삼양사거리역 2번,14532,7201,7331,1462,1578,1849,2102,2458,5083,727,830,964,1127,1258,2295,735,748,885,975,1200,2788,6881,0,6881
20232,A,골목상권,3110356,덕수교,14823,7322,7501,1497,1718,1927,2175,2447,5059,777,887,1014,1134,1212,2298,720,831,913,1041,1235,2761,7190,0,7190
20232,A,골목상권,3110357,가오리역 1번,18841,9229,9612,2003,1962,2372,2737,3065,6702,1047,1010,1230,1434,1512,2996,956,952,1142,1303,1553,3706,7781,0,7781
20232,A,골목상권,3110358,인수동 우편취급국,18053,8867,9186,1483,1863,3172,2787,2820,5928,740,935,1602,1509,1373,2708,743,928,1570,1278,1447,3220,9623,0,9623
20232,A,골목상권,3110359,수유시장옆,22921,11317,11604,2049,2315,3637,3408,3648,7864,1072,1205,1877,1810,1767,3586,977,1110,1760,1598,1881,4278,11163,0,11163
20232,A,골목상권,3110360,수유초등학교,16713,8230,8483,1437,1694,2695,2523,2538,5826,700,832,1373,1361,1279,2685,737,862,1322,1162,1259,3141,9229,0,9229
20232,A,골목상권,3110361,삼양사거리역 1번,14483,7249,7234,1259,1495,1862,2028,2514,5325,638,776,982,1111,1274,2468,621,719,880,917,1240,2857,6818,0,6818
20232,A,골목상권,3110362,우이천 계성교,18703,9236,9467,1781,2102,2445,2747,3163,6465,906,1123,1290,1427,1612,2878,875,979,1155,1320,1551,3587,8618,0,8618
20232,A,골목상권,3110363,송천동주민센터,10765,5383,5382,1254,1120,1307,1671,1811,3602,652,590,685,886,904,1666,602,530,622,785,907,1936,4671,0,4671
20232,A,골목상권,3110364,미아역 8번,16951,8350,8601,1429,1607,2441,2459,2874,6141,736,823,1251,1265,1446,2829,693,784,1190,1194,1428,3312,8844,0,8844
20232,A,골목상권,3110365,미아역 5번,17932,8842,9090,1628,1851,2582,2654,3056,6161,824,946,1311,1380,1519,2862,804,905,1271,1274,1537,3299,8855,0,8855
20232,A,골목상권,3110366,광산사거리,13688,6705,6983,1103,1409,2207,2058,2229,4682,569,703,1144,1107,1113,2069,534,706,1063,951,1116,2613,7114,0,7114
20232,A,골목상권,3110367,강북구청,10977,5417,5560,790,1029,1921,1695,1776,3766,411,491,966,918,884,1747,379,538,955,777,892,2019,6334,0,6334
20232,A,골목상권,3110368,송천초등학교,20686,10280,10406,2962,2175,2549,3527,3487,5986,1551,1119,1289,1803,1779,2739,1411,1056,1260,1724,1708,3247,8931,0,8931
20232,A,골목상권,3110369,성신여대운정그린캠퍼스,13410,6505,6905,928,1474,2512,2103,2090,4303,460,643,1223,1124,1087,1968,468,831,1289,979,1003,2335,7932,0,7932
20232,A,골목상권,3110370,도봉세무서,15245,7586,7659,1126,1586,2102,2086,2625,5720,545,814,1132,1124,1325,2646,581,772,970,962,1300,3074,7295,0,7295
20232,A,골목상권,3110371,삼양입구사거리,12465,6185,6280,897,1360,1674,1669,2190,4675,447,717,886,881,1105,2149,450,643,788,788,1085,2526,6201,0,6201
20232,A,골목상권,3110372,강북중학교,12727,6323,6404,1057,1336,2114,1932,2009,4279,558,677,1065,1037,1018,1968,499,659,1049,895,991,2311,6752,0,6752
20232,A,골목상권,3110373,수유역 2번,14641,7169,7472,1279,1516,2400,2422,2343,4681,651,741,1157,1272,1222,2126,628,775,1243,1150,1121,2555,7803,0,7803
20232,A,골목상권,3110374,송중초등학교,17380,8650,8730,1492,1836,2547,2607,2837,6061,734,949,1318,1407,1443,2799,758,887,1229,1200,1394,3262,9054,0,9054
20232,A,골목상권,3110375,서울북부고용노동지청,12554,6122,6432,1140,1390,1675,1899,1988,4462,597,694,855,997,1030,1949,543,696,820,902,958,2513,5937,0,5937
20232,A,골목상권,3110376,수송초등학교,26214,13025,13189,2543,2911,3925,4090,4293,8452,1328,1510,1944,2110,2200,3933,1215,1401,1981,1980,2093,4519,12928,0,12928
20232,A,골목상권,3110377,미아사거리역 3번,7841,3818,4023,810,693,1052,1220,1343,2723,395,349,519,617,676,1262,415,344,533,603,667,1461,3952,0,3952
20232,A,골목상권,3110378,송중동주민센터,14669,7064,7605,1477,1481,2018,2278,2390,5025,724,728,986,1131,1186,2309,753,753,1032,1147,1204,2716,7906,0,7906
20232,A,골목상권,3110379,KT&G 북부지사,7930,3952,3978,711,913,925,1176,1314,2891,349,493,489,653,688,1280,362,420,436,523,626,1611,3493,0,3493
20232,A,골목상권,3110380,강북문화정보도서관,10848,5315,5533,1169,1293,1438,1703,1748,3497,604,648,752,874,835,1602,565,645,686,829,913,1895,4130,0,4130
20232,A,골목상권,3110381,번동주공2단지,14573,7047,7526,1513,1708,1344,2222,2213,5573,794,876,710,1186,1145,2336,719,832,634,1036,1068,3237,5658,0,5658
20232,A,골목상권,3110382,솔밭공원역 1번,7217,3482,3735,848,853,811,1075,1248,2382,429,408,399,556,623,1067,419,445,412,519,625,1315,3383,0,3383
20232,A,골목상권,3110383,덕성여대시반거리,3660,1739,1921,428,423,398,572,572,1267,221,199,174,282,267,596,207,224,224,290,305,671,1961,0,1961
20232,A,골목상권,3110384,문이교,6305,3105,3200,645,736,767,855,1082,2220,325,384,401,430,532,1033,320,352,366,425,550,1187,2960,0,2960
20232,A,골목상권,3110385,효문고등학교,7833,3882,3951,885,984,933,1063,1388,2580,459,510,491,524,704,1194,426,474,442,539,684,1386,3269,0,3269
20232,A,골목상권,3110386,연산군묘,5960,2897,3063,831,783,752,819,1054,1721,430,412,396,380,500,779,401,371,356,439,554,942,2154,0,2154
20232,A,골목상권,3110387,쌍문초등학교,19746,9668,10078,2286,2390,2514,2952,3304,6300,1134,1216,1315,1508,1610,2885,1152,1174,1199,1444,1694,3415,7922,0,7922
20232,A,골목상권,3110388,도봉우체국,18066,8772,9294,2129,2014,2490,2820,2934,5679,1087,984,1267,1434,1393,2607,1042,1030,1223,1386,1541,3072,7409,0,7409
20232,A,골목상권,3110389,한일병원,13874,6799,7075,1513,1438,2150,2281,2059,4433,763,730,1091,1177,988,2050,750,708,1059,1104,1071,2383,6205,0,6205
20232,A,골목상권,3110390,방학초등학교,17222,8517,8705,2011,2084,2263,2323,2934,5607,1056,1146,1232,1142,1393,2548,955,938,1031,1181,1541,3059,6635,0,6635
20232,A,골목상권,3110391,샘말어린이공원,14689,7453,7236,1483,1926,1753,1979,2637,4911,773,1032,974,1019,1367,2288,710,894,779,960,1270,2623,6265,0,6265
20232,A,골목상권,3110392,발바닥공원,15916,7604,8312,1825,2058,2213,2111,2722,4987,935,1101,1102,1024,1203,2239,890,957,1111,1087,1519,2748,5482,0,5482
20232,A,골목상권,3110393,국민은행방학지점,10689,5304,5385,1226,1288,1482,1413,1782,3498,665,705,788,712,827,1607,561,583,694,701,955,1891,3919,0,3919
20232,A,골목상권,3110394,방학중학교,24390,12378,12012,2266,3044,3048,3348,4469,8215,1207,1665,1691,1732,2272,3811,1059,1379,1357,1616,2197,4404,10583,0,10583
20232,A,골목상권,3110395,신한은행 방학동지점,13351,6773,6578,1234,1478,1769,1863,2341,4666,675,812,974,975,1195,2142,559,666,795,888,1146,2524,5909,0,5909
20232,A,골목상권,3110396,쌍문역1번(쌍리단길),11098,5408,5690,871,1122,1809,1729,1862,3705,424,579,899,910,902,1694,447,543,910,819,960,2011,5853,0,5853
20232,A,골목상권,3110397,도봉산입구,22014,10976,11038,2293,2181,2752,3132,3230,8426,1153,1137,1444,1658,1599,3985,1140,1044,1308,1474,1631,4441,9872,0,9872
20232,A,골목상권,3110398,쌍문2동우체국,19794,9573,10221,2323,2397,2925,2992,3194,5963,1215,1180,1511,1529,1493,2645,1108,1217,1414,1463,1701,3318,8232,0,8232
20232,A,골목상권,3110399,창2동주민센터,31817,15683,16134,3837,3816,4365,5006,5367,9426,1990,1975,2195,2530,2649,4344,1847,1841,2170,2476,2718,5082,13094,0,13094
20232,A,골목상권,3110400,도봉구보건소,18713,9205,9508,2203,2245,2662,2761,3044,5798,1190,1166,1361,1399,1445,2644,1013,1079,1301,1362,1599,3154,8419,0,8419
20232,A,골목상권,3110401,도봉구민회관,14090,6842,7248,1642,1649,2176,2253,2182,4188,861,817,1108,1165,1015,1876,781,832,1068,1088,1167,2312,5879,0,5879
20232,A,골목상권,3110402,도봉구 정병원,15619,7810,7809,1539,1831,2151,2235,2579,5284,827,964,1123,1175,1264,2457,712,867,1028,1060,1315,2827,7036,0,7036
20232,A,골목상권,3110403,방학1동주민센터,20158,10180,9978,1615,2332,2780,2793,3583,7055,848,1228,1486,1496,1838,3284,767,1104,1294,1297,1745,3771,9345,0,9345
20232,A,골목상권,3110404,신창초등학교,30219,15020,15199,3494,3741,3697,4588,5286,9413,1801,1960,1927,2347,2683,4302,1693,1781,1770,2241,2603,5111,12634,0,12634
20232,A,골목상권,3110405,방학역 1번,22972,11737,11235,1881,2728,3119,3165,4129,7950,994,1438,1650,1704,2135,3816,887,1290,1469,1461,1994,4134,10710,0,10710
20232,A,골목상권,3110406,도봉산역 1번,10482,5228,5254,1132,1041,1375,1512,1484,3938,581,554,717,775,749,1852,551,487,658,737,735,2086,4402,0,4402
20232,A,골목상권,3110407,도봉역 2번,17808,9153,8655,1458,1859,2156,2438,2970,6927,751,978,1141,1383,1548,3352,707,881,1015,1055,1422,3575,8519,0,8519
20232,A,골목상권,3110408,가인초등학교,15489,7621,7868,1952,2054,2246,2118,2600,4519,1042,1039,1142,1027,1219,2152,910,1015,1104,1091,1381,2367,6039,0,6039
20232,A,골목상권,3110409,창동역 2번,22721,11075,11646,2885,2788,3236,3372,3719,6721,1504,1381,1654,1657,1747,3132,1381,1407,1582,1715,1972,3589,8285,0,8285
20232,A,골목상권,3110410,방학역 2번,20504,10265,10239,1981,2187,2629,3004,3396,7307,999,1165,1345,1614,1694,3448,982,1022,1284,1390,1702,3859,9507,0,9507
20232,A,골목상권,3110411,도봉역 3번,16402,8277,8125,1847,1594,1949,2524,2578,5910,926,846,1010,1368,1336,2791,921,748,939,1156,1242,3119,7221,0,7221
20232,A,골목상권,3110412,창동중학교,9299,4576,4723,1475,1416,1029,1329,1856,2194,767,744,531,603,867,1064,708,672,498,726,989,1130,2921,0,2921
20232,A,골목상권,3110413,누원고등학교,17927,8781,9146,2091,1851,2310,2494,2524,6657,1065,973,1169,1250,1201,3123,1026,878,1141,1244,1323,3534,7204,0,7204
20232,A,골목상권,3110415,수락산역 4번,26335,12983,13352,3225,3408,3537,3892,4587,7686,1645,1768,1793,1899,2214,3664,1580,1640,1744,1993,2373,4022,10277,0,10277
20232,A,골목상권,3110416,노원초등학교,15488,7555,7933,2258,1877,2297,2523,2403,4130,1106,991,1125,1278,1117,1938,1152,886,1172,1245,1286,2192,5479,0,5479
20232,A,골목상권,3110417,월계역 3번,7033,3341,3692,624,613,950,1119,974,2753,330,325,479,618,457,1132,294,288,471,501,517,1621,4182,0,4182
20232,A,골목상권,3110418,광운대학교 남단,12145,6245,5900,1279,1521,1754,1830,1874,3887,652,855,1005,944,938,1851,627,666,749,886,936,2036,5676,0,5676
20232,A,골목상권,3110419,수락산디자인거리,20024,9864,10160,2252,2516,2772,2836,3443,6205,1149,1311,1392,1388,1621,3003,1103,1205,1380,1448,1822,3202,7743,0,7743
20232,A,골목상권,3110420,광운대역 1번,10071,5361,4710,1066,1479,1590,1547,1418,2971,564,865,973,810,730,1419,502,614,617,737,688,1552,5447,0,5447
20232,A,골목상권,3110421,석계역 1번,12654,6435,6219,1342,1337,1790,1935,1986,4264,668,722,954,1016,1020,2055,674,615,836,919,966,2209,5559,0,5559
20232,A,골목상권,3110422,노원역 9번,13340,6348,6992,1623,1674,2053,2217,2242,3531,823,801,969,1110,1027,1618,800,873,1084,1107,1215,1913,5477,0,5477
20232,A,골목상권,3110423,석계역 2번,16504,8305,8199,2263,1819,2291,2753,2481,4897,1180,962,1191,1377,1252,2343,1083,857,1100,1376,1229,2554,6917,0,6917
20232,A,골목상권,3110424,상계초등학교,16844,8246,8598,1485,2120,2429,2295,2851,5664,774,1069,1204,1188,1373,2638,711,1051,1225,1107,1478,3026,7562,0,7562
20232,A,골목상권,3110425,계상초등학교,24939,12101,12838,2654,3176,3272,3524,4324,7989,1350,1654,1640,1769,2063,3625,1304,1522,1632,1755,2261,4364,10308,0,10308
20232,A,골목상권,3110426,상계2동주민센터,28547,13928,14619,3242,4496,3727,3786,5615,7681,1652,2349,1838,1782,2722,3585,1590,2147,1889,2004,2893,4096,11174,0,11174
20232,A,골목상권,3110427,노원 을지대학교병원,10071,4775,5296,1333,1362,1550,1587,1817,2422,687,719,747,759,826,1037,646,643,803,828,991,1385,3921,0,3921
20232,A,골목상권,3110428,상계5동주민센터,26744,13006,13738,2745,3523,3349,3759,4772,8596,1388,1834,1720,1885,2277,3902,1357,1689,1629,1874,2495,4694,11445,0,11445
20232,A,골목상권,3110429,공릉동 국수거리,17684,8671,9013,1865,2070,3301,2860,2564,5024,923,1026,1615,1527,1214,2366,942,1044,1686,1333,1350,2658,8993,0,8993
20232,A,골목상권,3110430,중계초등학교,12703,6148,6555,1411,1907,1387,1665,2397,3936,719,1023,710,808,1173,1715,692,884,677,857,1224,2221,5017,0,5017
20232,A,골목상권,3110431,상계역,17417,8499,8918,2030,2435,2122,2479,3190,5161,1038,1272,1076,1203,1525,2385,992,1163,1046,1276,1665,2776,6694,0,6694
20232,A,골목상권,3110432,대진고등학교,8439,4116,4323,963,1410,1237,1055,1709,2065,504,786,616,478,790,942,459,624,621,577,919,1123,3484,0,3484
20232,A,골목상권,3110433,공릉역 2번,14853,7592,7261,1230,2341,3001,2027,2065,4189,633,1174,1675,1118,984,2008,597,1167,1326,909,1081,2181,9025,0,9025
20232,A,골목상권,3110434,태릉입구역 4번,11263,5595,5668,1120,1307,2123,1748,1648,3317,559,618,1050,967,815,1586,561,689,1073,781,833,1731,5708,0,5708
20232,A,골목상권,3110435,서울과학기술대,4825,2404,2421,571,726,727,641,791,1369,287,380,371,322,384,660,284,346,356,319,407,709,2263,0,2263
20232,A,골목상권,3110436,상계제일중학교,14332,7050,7282,1631,2026,1597,2076,2621,4381,841,1094,831,1056,1291,1937,790,932,766,1020,1330,2444,5574,0,5574
20232,A,골목상권,3110437,당고개역 2번,13395,6587,6808,1360,1580,1501,1781,2373,4800,727,837,794,905,1168,2156,633,743,707,876,1205,2644,6331,0,6331
20232,A,골목상권,3110438,경춘선숲길 우측,20417,10289,10128,2215,3140,3535,2830,2987,5710,1135,1588,1943,1460,1460,2703,1080,1552,1592,1370,1527,3007,10345,0,10345
20232,A,골목상권,3110439,당고개역 5번,9255,4672,4583,758,985,1064,1254,1609,3585,400,531,578,675,830,1658,358,454,486,579,779,1927,4095,0,4095
20232,A,골목상권,3110440,상계3동4동주민센터,9304,4776,4528,738,1000,1090,1282,1589,3605,389,527,609,726,845,1680,349,473,481,556,744,1925,4003,0,4003
20232,A,골목상권,3110441,영신여고,12100,5913,6187,1866,2434,1003,1568,2899,2330,935,1268,492,650,1424,1144,931,1166,511,918,1475,1186,4122,0,4122
20232,A,골목상권,3110442,화랑대철도공원,5422,2564,2858,936,767,502,908,1052,1257,505,357,220,400,527,555,431,410,282,508,525,702,2156,0,2156
20232,A,골목상권,3110443,수색역 1번,638,327,311,39,37,106,72,84,300,21,21,62,43,53,127,18,16,44,29,31,173,1003,0,1003
20232,A,골목상권,3110444,수색성당,8033,3992,4041,996,835,1131,1308,1308,2455,511,446,551,684,633,1167,485,389,580,624,675,1288,3020,0,3020
20232,A,골목상권,3110445,덕산중학교,14017,6858,7159,1786,1760,1884,2177,2355,4055,890,956,946,1100,1136,1830,896,804,938,1077,1219,2225,5144,0,5144
20232,A,골목상권,3110446,내를건너서숲으로도서관,11138,5570,5568,1455,1383,1440,1772,1868,3220,768,753,740,904,911,1494,687,630,700,868,957,1726,4603,0,4603
20232,A,골목상권,3110447,구산초등학교,10263,5170,5093,1234,1182,1285,1522,1626,3414,627,631,664,766,778,1704,607,551,621,756,848,1710,4225,0,4225
20232,A,골목상권,3110448,상신초등학교입구,14656,7277,7379,1697,1797,1995,2347,2470,4350,877,990,1039,1183,1194,1994,820,807,956,1164,1276,2356,6387,0,6387
20232,A,골목상권,3110449,증산역 3번,17637,8638,8999,1868,1852,2466,2810,2819,5822,960,933,1230,1415,1398,2702,908,919,1236,1395,1421,3120,8191,0,8191
20232,A,골목상권,3110450,시립서북병원,35019,17123,17896,4316,4405,4582,5675,5926,10115,2162,2281,2243,2863,2869,4705,2154,2124,2339,2812,3057,5410,14144,0,14144
20232,A,골목상권,3110451,증산역 4번,21385,10500,10885,2187,2308,2976,3410,3385,7119,1098,1205,1505,1755,1680,3257,1089,1103,1471,1655,1705,3862,9649,0,9649
20232,A,골목상권,3110452,새절역 3번,16047,7874,8173,1499,1701,2305,2473,2591,5478,754,932,1153,1290,1282,2463,745,769,1152,1183,1309,3015,7878,0,7878
20232,A,골목상권,3110453,신사1동주민센터,25762,12568,13194,2653,2743,3882,4325,4186,7973,1346,1491,1939,2199,2034,3559,1307,1252,1943,2126,2152,4414,12456,0,12456
20232,A,골목상권,3110454,선정중학교,20541,9872,10669,2453,2746,2818,3475,3447,5602,1299,1347,1338,1776,1651,2461,1154,1399,1480,1699,1796,3141,8774,0,8774
20232,A,골목상권,3110455,역촌노인복지관,33740,16214,17526,4133,4024,4599,5857,5568,9559,2069,2068,2192,2961,2657,4267,2064,1956,2407,2896,2911,5292,14254,0,14254
20232,A,골목상권,3110456,구산보건지소,29456,14041,15415,3520,3656,3987,4977,5020,8296,1744,1746,1911,2498,2414,3728,1776,1910,2076,2479,2606,4568,12655,0,12655
20232,A,골목상권,3110457,예일여고,18007,8698,9309,2032,2281,2368,2869,3108,5349,1015,1058,1142,1452,1492,2539,1017,1223,1226,1417,1616,2810,7825,0,7825
20232,A,골목상권,3110458,선일여고,22183,10802,11381,2432,3034,3212,3463,3799,6243,1270,1571,1593,1752,1794,2822,1162,1463,1619,1711,2005,3421,9951,0,9951
20232,A,골목상권,3110459,응암역 2번,27102,12950,14152,3244,3049,3903,4932,4366,7608,1621,1542,1821,2465,2111,3390,1623,1507,2082,2467,2255,4218,11884,0,11884
20232,A,골목상권,3110460,구산역 4번,25027,11910,13117,2819,3135,3637,4160,4124,7152,1455,1509,1732,2127,1940,3147,1364,1626,1905,2033,2184,4005,10723,0,10723
20232,A,골목상권,3110461,새절역 2번,9522,4645,4877,782,930,1542,1498,1549,3221,393,510,751,776,779,1436,389,420,791,722,770,1785,5377,0,5377
20232,A,골목상권,3110462,갈현건영아파트,20722,10170,10552,1928,2562,2986,3021,3460,6765,1023,1363,1523,1561,1659,3041,905,1199,1463,1460,1801,3724,9346,0,9346
20232,A,골목상권,3110463,응암3동주민센터,12696,6196,6500,1172,1285,1920,2084,2027,4208,598,690,951,1087,1010,1860,574,595,969,997,1017,2348,6751,0,6751
20232,A,골목상권,3110464,연신내역 5번,19511,9351,10160,2111,2493,3050,3261,3238,5358,1100,1248,1433,1692,1501,2377,1011,1245,1617,1569,1737,2981,9299,0,9299
20232,A,골목상권,3110465,연신내역 7번,16168,7822,8346,1620,1990,2651,2569,2640,4698,851,1009,1297,1319,1237,2109,769,981,1354,1250,1403,2589,7944,0,7944
20232,A,골목상권,3110466,구산역 2번,21180,10090,11090,2435,2464,2991,3562,3537,6191,1237,1131,1431,1783,1715,2793,1198,1333,1560,1779,1822,3398,9398,0,9398
20232,A,골목상권,3110467,은평요양병원,13515,6607,6908,1234,1529,2138,2056,2099,4459,646,785,1102,1074,995,2005,588,744,1036,982,1104,2454,6676,0,6676
20232,A,골목상권,3110468,응암역 3번,35596,16940,18656,4134,3828,5335,6459,5649,10191,2097,1880,2440,3255,2728,4540,2037,1948,2895,3204,2921,5651,16556,0,16556
20232,A,골목상권,3110469,응암정보도서관,29912,14822,15090,2882,3649,4131,4448,5071,9731,1458,1966,2166,2296,2531,4405,1424,1683,1965,2152,2540,5326,14309,0,14309
20232,A,골목상권,3110470,신진과학기술고등학교,16056,7773,8283,2143,1592,2502,3081,2410,4328,1110,810,1210,1491,1199,1953,1033,782,1292,1590,1211,2375,8420,0,8420
20232,A,골목상권,3110471,응암동우체국,13434,6622,6812,1163,1403,1818,2062,2236,4752,604,745,935,1084,1123,2131,559,658,883,978,1113,2621,10223,0,10223
20232,A,골목상권,3110472,연신내역 4번,19870,9427,10443,2021,2163,3342,3216,3185,5943,994,1054,1595,1655,1471,2658,1027,1109,1747,1561,1714,3285,9856,0,9856
20232,A,골목상권,3110473,구산역 1번,31170,14821,16349,3421,3496,4593,5091,5070,9499,1700,1658,2211,2598,2416,4238,1721,1838,2382,2493,2654,5261,13053,0,13053
20232,A,골목상권,3110474,세명컴퓨터고등학교,18449,9060,9389,1655,2114,2870,2831,2948,6031,844,1110,1474,1493,1394,2745,811,1004,1396,1338,1554,3286,9001,0,9001
20232,A,골목상권,3110475,백련산해모로아파트,16578,7997,8581,2369,1773,2333,3045,2584,4474,1224,914,1083,1496,1280,2000,1145,859,1250,1549,1304,2474,8851,0,8851
20232,A,골목상권,3110476,역촌역 2번,11014,5336,5678,1148,1109,1559,1787,1790,3621,583,531,770,935,895,1622,565,578,789,852,895,1999,4875,0,4875
20232,A,골목상권,3110477,은평세무서,17313,8312,9001,2047,1805,2456,2997,2785,5223,1043,918,1149,1535,1360,2307,1004,887,1307,1462,1425,2916,8560,0,8560
20232,A,골목상권,3110478,응암1동주민센터,17269,8340,8929,2335,1891,2190,3042,2822,4989,1219,969,1027,1507,1395,2223,1116,922,1163,1535,1427,2766,7577,0,7577
20232,A,골목상권,3110479,연신내역 2번,19312,9294,10018,1703,2123,2900,2813,3150,6623,870,1111,1459,1434,1491,2929,833,1012,1441,1379,1659,3694,9627,0,9627
20232,A,골목상권,3110480,연신내역 3번,14311,6743,7568,1452,1475,2435,2314,2189,4446,719,700,1166,1179,1002,1977,733,775,1269,1135,1187,2469,7413,0,7413
20232,A,골목상권,3110481,불광역 7번,18382,8688,9694,1880,1871,2971,2985,2889,5786,949,888,1375,1543,1373,2560,931,983,1596,1442,1516,3226,7537,0,7537
20232,A,골목상권,3110482,연신초등학교,9719,4757,4962,936,1167,1291,1392,1727,3206,488,633,645,713,816,1462,448,534,646,679,911,1744,4758,0,4758
20232,A,골목상권,3110483,연천초등학교,13054,6225,6829,1229,1385,1973,1946,2085,4436,623,688,972,1010,986,1946,606,697,1001,936,1099,2490,6280,0,6280
20232,A,골목상권,3110484,역촌역 3번,22714,10934,11780,2418,2157,3388,3808,3553,7390,1214,1079,1695,1961,1747,3238,1204,1078,1693,1847,1806,4152,11452,0,11452
20232,A,골목상권,3110485,연신내우체국,15442,7468,7974,1563,1767,2073,2313,2617,5109,799,930,1026,1198,1252,2263,764,837,1047,1115,1365,2846,7160,0,7160
20232,A,골목상권,3110486,은평구청,14418,6969,7449,1691,1475,1900,2412,2378,4562,886,730,945,1222,1175,2011,805,745,955,1190,1203,2551,7358,0,7358
20232,A,골목상권,3110487,불광역 8번,7911,3751,4160,625,786,1517,1267,1245,2471,335,372,690,639,618,1097,290,414,827,628,627,1374,4576,0,4576
20232,A,골목상권,3110488,우리은행응암동지점,10593,5100,5493,1294,1025,1386,1817,1748,3323,681,510,657,919,883,1450,613,515,729,898,865,1873,7792,0,7792
20232,A,골목상권,3110489,불광역 3번,8962,4344,4618,825,858,1390,1468,1376,3045,421,434,720,747,688,1334,404,424,670,721,688,1711,4759,0,4759
20232,A,골목상권,3110490,녹번동근린공원,15010,7286,7724,1660,1513,2118,2495,2367,4857,849,778,1070,1271,1182,2136,811,735,1048,1224,1185,2721,9130,0,9130
20232,A,골목상권,3110491,불광중학교,8237,3994,4243,1091,836,1088,1445,1318,2459,560,429,539,739,637,1090,531,407,549,706,681,1369,3662,0,3662
20232,A,골목상권,3110492,하나고등학교,1856,916,940,294,184,227,276,311,564,156,101,118,117,148,276,138,83,109,159,163,288,837,0,837
20232,A,골목상권,3110493,북가좌초등학교,9583,4699,4884,1259,1038,1250,1559,1555,2922,633,537,621,778,765,1365,626,501,629,781,790,1557,3669,0,3669
20232,A,골목상권,3110494,증산3교남측,8230,4066,4164,958,817,1092,1416,1268,2679,477,444,556,735,619,1235,481,373,536,681,649,1444,3545,0,3545
20232,A,골목상권,3110495,북가좌2동주민센터,21936,10718,11218,2482,2294,3079,3521,3509,7051,1298,1151,1525,1772,1749,3223,1184,1143,1554,1749,1760,3828,9809,0,9809
20232,A,골목상권,3110496,모래내우체국,25085,12228,12857,3436,2806,3227,4029,4083,7504,1786,1454,1596,1977,2012,3403,1650,1352,1631,2052,2071,4101,10271,0,10271
20232,A,골목상권,3110497,가좌역 3번,6470,3165,3305,1155,632,892,1232,1000,1559,603,335,415,607,490,715,552,297,477,625,510,844,2781,0,2781
20232,A,골목상권,3110498,증산역 1번,17361,8557,8804,1619,1821,2559,2789,2763,5810,823,953,1300,1463,1384,2634,796,868,1259,1326,1379,3176,8308,0,8308
20232,A,골목상권,3110499,연가초등학교,24116,12021,12095,2542,3266,3340,3678,4163,7127,1315,1732,1796,1862,2038,3278,1227,1534,1544,1816,2125,3849,11409,0,11409
20232,A,골목상권,3110500,남가좌동현대아파트,12216,5938,6278,1948,1206,1494,2098,1927,3543,1005,623,718,1083,960,1549,943,583,776,1015,967,1994,6231,0,6231
20232,A,골목상권,3110501,연희어린이공원,10572,5189,5383,1231,1023,1746,1802,1600,3170,620,542,847,920,800,1460,611,481,899,882,800,1710,4518,0,4518
20232,A,골목상권,3110502,남가좌파출소,14700,7113,7587,1721,1533,1944,2241,2383,4878,843,781,995,1152,1196,2146,878,752,949,1089,1187,2732,8516,0,8516
20232,A,골목상권,3110503,명지대학교교회,16533,8207,8326,1662,2424,2652,2296,2866,4633,872,1178,1465,1159,1396,2137,790,1246,1187,1137,1470,2496,8546,0,8546
20232,A,골목상권,3110504,명지전문대,6024,2966,3058,996,760,697,1130,991,1450,499,396,349,574,477,671,497,364,348,556,514,779,2501,0,2501
20232,A,골목상권,3110505,홍남교남측,7799,3839,3960,900,795,1098,1238,1235,2533,431,426,550,664,643,1125,469,369,548,574,592,1408,3279,0,3279
20232,A,골목상권,3110506,연희임광아파트,6213,2987,3226,504,552,1442,1119,841,1755,259,278,696,553,430,771,245,274,746,566,411,984,3400,0,3400
20232,A,골목상권,3110507,명지대학교,16146,7934,8212,1506,2023,2532,2260,2687,5138,765,990,1334,1161,1353,2331,741,1033,1198,1099,1334,2807,9737,0,9737
20232,A,골목상권,3110508,서연중학교,11620,5560,6060,1152,1193,2069,1818,1782,3606,573,603,1006,878,874,1626,579,590,1063,940,908,1980,5264,0,5264
20232,A,골목상권,3110509,연희대우아파트앞,13995,6733,7262,907,1488,4390,2335,1711,3164,491,660,2216,1160,837,1369,416,828,2174,1175,874,1795,7998,0,7998
20232,A,골목상권,3110414,장석교회,9017,4392,4625,1168,1082,1036,1374,1442,2915,598,579,542,692,730,1251,570,503,494,682,712,1664,4170,0,4170
20232,A,골목상권,3110510,홍연시장,9177,4522,4655,907,1059,1261,1344,1560,3046,465,558,661,689,790,1359,442,501,600,655,770,1687,4516,0,4516
20232,A,골목상권,3110511,연희초등학교,10941,5477,5464,826,1312,3435,1605,1333,2430,427,604,1929,783,644,1090,399,708,1506,822,689,1340,7098,0,7098
20232,A,골목상권,3110512,연희지하차도,12580,6111,6469,1307,1412,1556,1830,2209,4266,680,719,822,874,1116,1900,627,693,734,956,1093,2366,6225,0,6225
20232,A,골목상권,3110513,연희파출소,6598,3083,3515,716,702,1309,1018,980,1873,370,319,605,446,486,857,346,383,704,572,494,1016,3591,0,3591
20232,A,골목상권,3110514,서대문우체국,11453,5628,5825,696,1400,4005,1661,1322,2369,389,632,2089,847,631,1040,307,768,1916,814,691,1329,7646,0,7646
20232,A,골목상권,3110515,홍은중학교,6559,3209,3350,712,776,832,922,1105,2212,373,414,419,467,539,997,339,362,413,455,566,1215,2732,0,2732
20232,A,골목상권,3110516,정원여중,9884,4817,5067,1056,1155,1302,1522,1648,3201,510,599,678,781,839,1410,546,556,624,741,809,1791,4174,0,4174
20232,A,골목상권,3110517,서대문소방서,7311,3456,3855,977,904,945,1044,1302,2139,529,431,433,461,616,986,448,473,512,583,686,1153,3155,0,3155
20232,A,골목상권,3110518,서대문구청,7042,3350,3692,879,912,894,1010,1297,2050,466,455,442,456,615,916,413,457,452,554,682,1134,3089,0,3089
20232,A,골목상권,3110519,서대문구보건소별관,11430,5440,5990,1435,1337,1450,1806,1847,3555,682,669,731,904,910,1544,753,668,719,902,937,2011,4752,0,4752
20232,A,골목상권,3110520,경의중앙 신촌역,5770,2640,3130,216,744,1566,815,779,1650,117,267,712,414,421,709,99,477,854,401,358,941,5765,0,5765
20232,A,골목상권,3110521,홍제역 4번,8833,4228,4605,743,983,1176,1188,1497,3246,367,501,597,600,714,1449,376,482,579,588,783,1797,4154,0,4154
20232,A,골목상권,3110522,홍제역 3번,8607,4128,4479,788,907,1164,1281,1454,3013,385,461,581,644,703,1354,403,446,583,637,751,1659,4807,0,4807
20232,A,골목상권,3110523,홍제성원아파트,5955,2855,3100,789,690,861,965,988,1662,394,339,435,482,463,742,395,351,426,483,525,920,3040,0,3040
20232,A,골목상권,3110524,연희세브란스병원,569,238,331,52,81,187,76,55,118,27,21,73,32,32,53,25,60,114,44,23,65,397,0,397
20232,A,골목상권,3110525,홍은종합사회복지관,11657,5608,6049,1456,1385,1322,1670,2027,3797,754,668,665,837,997,1687,702,717,657,833,1030,2110,5391,0,5391
20232,A,골목상권,3110526,봉원사,1838,798,1040,192,242,525,231,225,423,96,72,211,100,111,208,96,170,314,131,114,215,1231,0,1231
20232,A,골목상권,3110527,홍제역 2번,14946,7192,7754,1423,1679,1976,2069,2605,5194,714,867,964,1091,1250,2306,709,812,1012,978,1355,2888,6959,0,6959
20232,A,골목상권,3110528,서울여자간호대학교,14132,6864,7268,1503,1742,1646,1932,2541,4768,783,900,846,982,1255,2098,720,842,800,950,1286,2670,6239,0,6239
20232,A,골목상권,3110529,홍제3동주민센터,16918,8246,8672,1711,2004,2183,2309,2981,5730,877,1019,1104,1205,1473,2568,834,985,1079,1104,1508,3162,6965,0,6965
20232,A,골목상권,3110530,아현역 1번,2813,1388,1425,340,233,460,508,418,854,164,110,223,270,232,389,176,123,237,238,186,465,3305,0,3305
20232,A,골목상권,3110531,홍지문,2373,1168,1205,212,315,376,292,380,798,101,170,191,143,193,370,111,145,185,149,187,428,1203,0,1203
20232,A,골목상권,3110532,아현역 2번,9543,4749,4794,720,1006,1394,1396,1656,3371,378,545,746,743,867,1470,342,461,648,653,789,1901,5652,0,5652
20232,A,골목상권,3110533,충정로역 7번,10732,5321,5411,768,1140,1577,1493,1813,3941,398,605,855,793,943,1727,370,535,722,700,870,2214,5847,0,5847
20232,A,골목상권,3110534,경기대학교,12772,6251,6521,1641,1425,1852,1971,2098,3785,835,723,972,990,1069,1662,806,702,880,981,1029,2123,5854,0,5854
20232,A,골목상권,3110535,영천시장입구,12646,6090,6556,1915,1308,1527,2058,2042,3796,993,634,759,1026,1037,1641,922,674,768,1032,1005,2155,6593,0,6593
20232,A,골목상권,3110536,돈의문센트레빌아파트입구,6217,3064,3153,877,684,902,1003,1025,1726,463,311,444,503,548,795,414,373,458,500,477,931,3144,0,3144
20232,A,골목상권,3110537,충정로현대아파트,5166,2544,2622,559,545,901,834,823,1504,288,264,432,424,446,690,271,281,469,410,377,814,3138,0,3138
20232,A,골목상권,3110538,충정로역 3번,4605,2266,2339,519,435,777,884,721,1269,269,201,356,442,388,610,250,234,421,442,333,659,3028,0,3028
20232,A,골목상권,3110539,미근동,3705,1809,1896,454,311,760,768,547,865,240,134,348,385,289,413,214,177,412,383,258,452,2634,0,2634
20232,A,골목상권,3110540,망원나들목체육관,11252,5552,5700,1388,1202,1704,2117,1785,3056,709,634,818,1053,940,1398,679,568,886,1064,845,1658,5126,0,5126
20232,A,골목상권,3110541,동교초등학교,22053,10618,11435,2761,2445,3381,4052,3588,5826,1398,1247,1589,1951,1800,2633,1363,1198,1792,2101,1788,3193,9934,0,9934
20232,A,골목상권,3110542,마포구청역 7번,16260,7820,8440,2068,1719,2546,3064,2587,4276,1078,898,1160,1496,1285,1903,990,821,1386,1568,1302,2373,9878,0,9878
20232,A,골목상권,3110543,중암중학교,6472,3143,3329,1065,785,892,1112,1192,1426,531,408,465,510,596,633,534,377,427,602,596,793,2313,0,2313
20232,A,골목상권,3110544,망리단길,37362,17923,19439,4000,3861,6829,6923,5747,10002,2045,1921,3125,3442,2887,4503,1955,1940,3704,3481,2860,5499,17906,0,17906
20232,A,골목상권,3110545,마포구청역 1번,11579,5459,6120,1547,1297,1936,2088,1873,2838,784,628,861,960,961,1265,763,669,1075,1128,912,1573,8107,0,8107
20232,A,골목상권,3110546,양화대교북단,8781,4192,4589,860,873,1930,1672,1188,2258,418,417,880,860,590,1027,442,456,1050,812,598,1231,4601,0,4601
20232,A,골목상권,3110547,KB국민은행 망원동지점,15587,7402,8185,1672,1672,2674,2876,2501,4192,859,869,1174,1401,1243,1856,813,803,1500,1475,1258,2336,7365,0,7365
20232,A,골목상권,3110548,마포구청역 4번,14362,6879,7483,1686,1547,2366,2587,2336,3840,873,812,1069,1229,1180,1716,813,735,1297,1358,1156,2124,8570,0,8570
20232,A,골목상권,3110549,새터산,15229,7415,7814,1667,1787,2275,2413,2616,4471,853,893,1133,1153,1332,2051,814,894,1142,1260,1284,2420,8684,0,8684
20232,A,골목상권,3110550,합정역 8번,19156,9100,10056,2228,1964,4131,3417,2641,4775,1172,925,1851,1716,1285,2151,1056,1039,2280,1701,1356,2624,10433,0,10433
20232,A,골목상권,3110551,성서초등학교,14552,6869,7683,1715,1627,2379,2753,2416,3662,863,834,1031,1322,1190,1629,852,793,1348,1431,1226,2033,6430,0,6430
20232,A,골목상권,3110552,성미산체육관,11924,5695,6229,1276,1318,1914,2081,2022,3313,623,677,926,972,997,1500,653,641,988,1109,1025,1813,5704,0,5704
20232,A,골목상권,3110553,가좌역 2번,14769,7208,7561,1818,1834,2032,2332,2651,4102,956,919,971,1146,1344,1872,862,915,1061,1186,1307,2230,6575,0,6575
20232,A,골목상권,3110554,망원역 1번,15239,7091,8148,1325,1479,3262,2961,2231,3981,677,712,1404,1431,1080,1787,648,767,1858,1530,1151,2194,7955,0,7955
20232,A,골목상권,3110555,홍익지구대,7536,3500,4036,584,721,1653,1348,1093,2137,304,360,709,645,532,950,280,361,944,703,561,1187,4865,0,4865
20232,A,골목상권,3110556,절두산순교성지,3743,1776,1967,302,335,796,719,512,1079,174,166,358,384,232,462,128,169,438,335,280,617,1609,0,1609
20232,A,골목상권,3110557,홍대부속여중고앞,12410,5769,6641,1121,1179,2545,2504,1912,3149,561,567,1130,1194,915,1402,560,612,1415,1310,997,1747,6410,0,6410
20232,A,골목상권,3110558,경성고등학교,20026,9579,10447,1968,2106,3617,3587,3180,5568,979,1050,1747,1780,1538,2485,989,1056,1870,1807,1642,3083,9748,0,9748
20232,A,골목상권,3110559,성산중학교,9243,4368,4875,660,849,2211,1785,1258,2480,355,400,1015,918,589,1091,305,449,1196,867,669,1389,4405,0,4405
20232,A,골목상권,3110560,마포FM,9372,4314,5058,831,891,2131,1859,1334,2326,413,421,962,866,615,1037,418,470,1169,993,719,1289,4768,0,4768
20232,A,골목상권,3110561,상수역 4번,7434,3483,3951,535,761,1914,1418,954,1852,277,324,894,702,454,832,258,437,1020,716,500,1020,3823,0,3823
20232,A,골목상권,3110562,연트럴파크(연남동주민센터),13976,6560,7416,1230,1270,3164,2614,1923,3775,634,618,1457,1284,929,1638,596,652,1707,1330,994,2137,6976,0,6976
20232,A,골목상권,3110563,상수역 3번,8169,3886,4283,1007,858,1771,1579,1104,1850,545,387,821,761,512,860,462,471,950,818,592,990,3824,0,3824
20232,A,골목상권,3110564,홍대입구역 3번,7929,3670,4259,634,721,2179,1470,1018,1907,325,321,990,723,478,833,309,400,1189,747,540,1074,4048,0,4048
20232,A,골목상권,3110565,홍익대,6713,3255,3458,696,923,1593,991,1053,1457,359,404,836,486,497,673,337,519,757,505,556,784,3429,0,3429
20232,A,골목상권,3110566,경의선책거리,12157,5775,6382,914,1492,3530,2006,1593,2622,487,644,1744,957,765,1178,427,848,1786,1049,828,1444,7053,0,7053
20232,A,골목상권,3110567,광흥창역 6번,8633,4099,4534,1755,843,1147,1909,1355,1624,900,418,483,894,676,728,855,425,664,1015,679,896,3468,0,3468
20232,A,골목상권,3110568,광흥창역 1번,10549,5039,5510,1856,1055,1489,2061,1654,2434,931,547,655,971,838,1097,925,508,834,1090,816,1337,5008,0,5008
20232,A,골목상권,3110569,홍대땡땡거리,10308,5024,5284,997,1228,2671,1603,1491,2318,526,569,1311,799,737,1082,471,659,1360,804,754,1236,6475,0,6475
20232,A,골목상권,3110570,KB국민은행 서강지점,8766,4251,4515,1320,932,1235,1637,1442,2200,662,480,586,825,717,981,658,452,649,812,725,1219,3590,0,3590
20232,A,골목상권,3110571,신수동주민센터,16073,7875,8198,2206,1728,2399,2857,2618,4265,1125,898,1218,1416,1314,1904,1081,830,1181,1441,1304,2361,7022,0,7022
20232,A,골목상권,3110572,서강대역 1번,17757,8826,8931,2194,2132,3471,2913,2783,4264,1144,1076,1814,1427,1421,1944,1050,1056,1657,1486,1362,2320,9847,0,9847
20232,A,골목상권,3110573,신촌역 6번,3793,1959,1834,224,402,1018,567,492,1090,116,193,573,303,274,500,108,209,445,264,218,590,2454,0,2454
20232,A,골목상권,3110574,서강대학교,4230,2123,2107,486,564,789,712,712,967,254,286,437,347,362,437,232,278,352,365,350,530,2196,0,2196
20232,A,골목상권,3110575,대흥동주민센터,6811,3109,3702,308,920,1899,971,871,1842,161,316,886,484,460,802,147,604,1013,487,411,1040,6819,0,6819
20232,A,골목상권,3110576,대흥역 3번,15554,7559,7995,2197,1663,2058,2733,2593,4310,1110,857,1013,1324,1299,1956,1087,806,1045,1409,1294,2354,6829,0,6829
20232,A,골목상권,3110577,용강동주민센터,15425,7397,8028,3046,1421,1961,3218,2472,3307,1525,715,882,1511,1277,1487,1521,706,1079,1707,1195,1820,5827,0,5827
20232,A,골목상권,3110578,대흥역 2번,12475,6042,6433,1597,1436,1697,2091,2139,3515,823,727,845,1014,1076,1557,774,709,852,1077,1063,1958,6350,0,6350
20232,A,골목상권,3110579,마포역 4번,5426,2690,2736,770,461,1011,951,763,1470,409,245,465,500,381,690,361,216,546,451,382,780,3457,0,3457
20232,A,골목상권,3110580,양원초등학교,4345,2061,2284,270,585,1074,597,569,1250,148,219,524,316,281,573,122,366,550,281,288,677,3934,0,3934
20232,A,골목상권,3110581,염리초등학교,5380,2597,2783,975,453,832,1149,822,1149,504,230,367,547,424,525,471,223,465,602,398,624,2603,0,2603
20232,A,골목상권,3110582,이대역 5번,4704,2069,2635,197,746,1238,571,634,1318,101,225,535,292,299,617,96,521,703,279,335,701,4875,0,4875
20232,A,골목상권,3110583,공덕래미안3차아파트,9775,4633,5142,1412,790,1832,1934,1384,2423,717,387,784,976,678,1091,695,403,1048,958,706,1332,4762,0,4762
20232,A,골목상권,3110584,아현역 4번,3899,1898,2001,497,390,613,661,618,1120,252,179,299,346,313,509,245,211,314,315,305,611,3484,0,3484
20232,A,골목상권,3110585,마포경찰서,13298,6307,6991,2425,1168,2308,2831,1941,2625,1193,543,959,1456,928,1228,1232,625,1349,1375,1013,1397,6555,0,6555
20232,A,골목상권,3110586,서울서부지방법원,20953,10074,10879,2978,1918,3556,3820,3397,5284,1517,972,1542,1895,1713,2435,1461,946,2014,1925,1684,2849,10947,0,10947
20232,A,골목상권,3110587,공덕동주민센터,18190,8806,9384,2016,1927,2960,3007,3188,5092,1034,970,1415,1500,1586,2301,982,957,1545,1507,1602,2791,9596,0,9596
20232,A,골목상권,3110588,한겨레신문사,15339,7486,7853,1588,1679,2281,2440,2773,4578,805,865,1133,1237,1374,2072,783,814,1148,1203,1399,2506,7579,0,7579
20232,A,골목상권,3110589,애오개역 3번,13288,6478,6810,1435,1564,1946,1923,2363,4057,765,796,972,982,1159,1804,670,768,974,941,1204,2253,7740,0,7740
20232,A,골목상권,3110590,만리재,14452,7110,7342,1318,1793,2096,2154,2777,4314,697,922,1072,1104,1383,1932,621,871,1024,1050,1394,2382,6708,0,6708
20232,A,골목상권,3110591,충정로역 6번,12497,6153,6344,936,1375,1818,1755,2035,4578,476,720,964,935,1025,2033,460,655,854,820,1010,2545,5893,0,5893
20232,A,골목상권,3110592,서울금융고등학교,8783,4470,4313,830,993,1183,1305,1519,2953,440,492,606,725,776,1431,390,501,577,580,743,1522,4033,0,4033
20232,A,골목상권,3110593,신월3동주민센터,17124,8930,8194,1529,1873,2167,2488,3119,5948,810,926,1161,1387,1693,2953,719,947,1006,1101,1426,2995,8131,0,8131
20232,A,골목상권,3110594,신월중학교,10425,5264,5161,1437,1381,1402,1633,1707,2865,755,761,757,812,817,1362,682,620,645,821,890,1503,4285,0,4285
20232,A,골목상권,3110595,메디힐병원,19693,9848,9845,2158,2252,2902,3110,3183,6088,1128,1134,1480,1647,1570,2889,1030,1118,1422,1463,1613,3199,8606,0,8606
20232,A,골목상권,3110596,서서울호수공원,16144,8318,7826,1629,1781,2176,2435,2860,5263,868,919,1136,1318,1506,2571,761,862,1040,1117,1354,2692,7711,0,7711
20232,A,골목상권,3110597,신월1동주민센터,24389,12393,11996,2522,2674,3325,3814,4102,7952,1315,1350,1747,2050,2111,3820,1207,1324,1578,1764,1991,4132,11135,0,11135
20232,A,골목상권,3110598,신월문화체육센터,20280,10001,10279,2269,2262,2823,3172,3191,6563,1138,1193,1499,1659,1577,2935,1131,1069,1324,1513,1614,3628,8055,0,8055
20232,A,골목상권,3110599,신월1파출소,16749,8515,8234,1714,1804,2190,2536,2924,5581,869,950,1134,1361,1491,2710,845,854,1056,1175,1433,2871,7885,0,7885
20232,A,골목상권,3110600,신월7동주민센터,20490,10149,10341,2529,2327,2720,3377,3197,6340,1291,1227,1422,1744,1599,2866,1238,1100,1298,1633,1598,3474,8034,0,8034
20232,A,골목상권,3110601,신월1동우편취급국,21510,10964,10546,2544,2161,3201,3738,3402,6464,1286,1155,1668,2045,1737,3073,1258,1006,1533,1693,1665,3391,10063,0,10063
20232,A,골목상권,3110602,신월시영아파트중문,14626,7184,7442,1790,1727,1993,2323,2343,4450,899,904,1035,1205,1151,1990,891,823,958,1118,1192,2460,5474,0,5474
20232,A,골목상권,3110603,지향초등학교,15045,7372,7673,2412,2253,1650,2357,2883,3490,1237,1156,816,1106,1442,1615,1175,1097,834,1251,1441,1875,5396,0,5396
20232,A,골목상권,3110604,신월4동주민센터,23688,11753,11935,3402,2608,2969,4137,3564,7008,1716,1387,1529,2114,1750,3257,1686,1221,1440,2023,1814,3751,8781,0,8781
20232,A,골목상권,3110605,목동센트럴아이파크앞,10507,5194,5313,1335,1477,1308,1567,1853,2967,691,772,674,785,896,1376,644,705,634,782,957,1591,5375,0,5375
20232,A,골목상권,3110606,신한은행 신월동지점,20290,10010,10280,2636,2380,2599,3284,3211,6180,1299,1269,1340,1652,1561,2889,1337,1111,1259,1632,1650,3291,8720,0,8720
20232,A,골목상권,3110607,금빛새마을금고본점,12398,6128,6270,1747,1361,1685,2072,1929,3604,897,731,856,1036,909,1699,850,630,829,1036,1020,1905,5824,0,5824
20232,A,골목상권,3110608,신월2동주민센터,25437,12693,12744,3291,2714,3503,4290,3777,7862,1664,1442,1805,2218,1840,3724,1627,1272,1698,2072,1937,4138,10377,0,10377
20232,A,골목상권,3110609,신정네거리역 2번,13225,6579,6646,1557,1465,1911,2168,2107,4017,786,804,990,1113,1016,1870,771,661,921,1055,1091,2147,5591,0,5591
20232,A,골목상권,3110610,계남근린공원,10427,5315,5112,1129,1159,1404,1625,1725,3385,562,664,763,887,843,1596,567,495,641,738,882,1789,4610,0,4610
20232,A,골목상권,3110611,신정역 1번,23201,11589,11612,2500,2474,3638,3987,3517,7085,1289,1258,1856,2105,1730,3351,1211,1216,1782,1882,1787,3734,10835,0,10835
20232,A,골목상권,3110612,신정역 5번,23802,11848,11954,2553,2626,3607,3987,3855,7174,1317,1354,1811,2077,1903,3386,1236,1272,1796,1910,1952,3788,11550,0,11550
20232,A,골목상권,3110613,신정네거리역 4번,10350,5112,5238,1648,1517,1032,1603,2082,2468,848,794,493,724,1085,1168,800,723,539,879,997,1300,3961,0,3961
20232,A,골목상권,3110614,목동로데오거리,12365,6062,6303,1307,1185,2123,2163,1760,3827,641,621,1030,1124,846,1800,666,564,1093,1039,914,2027,5570,0,5570
20232,A,골목상권,3110615,신서초등학교,8926,4379,4547,1455,1259,960,1508,1694,2050,760,645,447,711,838,978,695,614,513,797,856,1072,3222,0,3222
20232,A,골목상권,3110616,양목초등학교,7427,3566,3861,968,943,1081,1266,1297,1872,489,461,518,622,596,880,479,482,563,644,701,992,3040,0,3040
20232,A,골목상권,3110617,등촌역 4번,19200,9387,9813,2139,2287,3173,2922,2995,5684,1099,1272,1557,1495,1371,2593,1040,1015,1616,1427,1624,3091,8740,0,8740
20232,A,골목상권,3110618,강서고등학교,26153,12978,13175,2925,4124,3594,3838,5050,6622,1480,2378,1823,1835,2387,3075,1445,1746,1771,2003,2663,3547,10669,0,10669
20232,A,골목상권,3110619,목4동주민센터,14438,7072,7366,1811,2425,1808,2064,3041,3289,886,1298,912,955,1462,1559,925,1127,896,1109,1579,1730,5442,0,5442
20232,A,골목상권,3110620,목동보건지소,33793,16863,16930,4426,5657,4248,5007,6717,7738,2320,3223,2153,2347,3234,3586,2106,2434,2095,2660,3483,4152,12475,0,12475
20232,A,골목상권,3110621,목동역 5번,10192,4916,5276,1567,1800,1189,1384,2164,2088,810,882,541,571,1057,1055,757,918,648,813,1107,1033,3587,0,3587
20232,A,골목상권,3110622,달마을공원,20657,9986,10671,2262,2505,3765,3260,3224,5641,1147,1335,1805,1656,1488,2555,1115,1170,1960,1604,1736,3086,9404,0,9404
20232,A,골목상권,3110623,갈산공원,11463,5687,5776,1118,1765,1518,1358,2128,3576,596,936,808,678,1011,1658,522,829,710,680,1117,1918,4547,0,4547
20232,A,골목상권,3110624,목동문화체육센터,15905,7864,8041,2019,2436,2378,2436,2922,3714,1044,1364,1212,1175,1377,1692,975,1072,1166,1261,1545,2022,5900,0,5900
20232,A,골목상권,3110625,신정2동주민센터,20418,10125,10293,2988,3794,2095,2649,4587,4305,1584,2022,1029,1106,2239,2145,1404,1772,1066,1543,2348,2160,6494,0,6494
20232,A,골목상권,3110626,양화초등학교,20887,10085,10802,2286,2321,4216,3473,3090,5501,1165,1229,1976,1776,1413,2526,1121,1092,2240,1697,1677,2975,9456,0,9456
20232,A,골목상권,3110627,신정롯데캐슬아파트,24301,11992,12309,3088,4043,2711,3065,5066,6328,1597,2156,1335,1371,2495,3038,1491,1887,1376,1694,2571,3290,8229,0,8229
20232,A,골목상권,3110628,신목동역,7113,3510,3603,791,792,1502,1164,1095,1769,419,424,700,603,518,846,372,368,802,561,577,923,3406,0,3406
20232,A,골목상권,3110629,송정역 4번,6409,3135,3274,541,566,1535,1008,854,1905,286,236,727,560,440,886,255,330,808,448,414,1019,4003,0,4003
20232,A,골목상권,3110630,공항시장역 1번,15302,7572,7730,1524,1581,2756,2287,2296,4858,791,778,1345,1218,1191,2249,733,803,1411,1069,1105,2609,8175,0,8175
20232,A,골목상권,3110631,방화초등학교,16845,8361,8484,2041,1708,2265,2724,2705,5402,1062,906,1121,1414,1373,2485,979,802,1144,1310,1332,2917,7505,0,7505
20232,A,골목상권,3110632,방화역 3번,15006,7325,7681,1810,1428,2487,2681,2264,4336,941,728,1127,1368,1149,2012,869,700,1360,1313,1115,2324,6981,0,6981
20232,A,골목상권,3110633,개화산역 1번,8755,4326,4429,1006,952,1237,1350,1388,2822,504,483,598,690,701,1350,502,469,639,660,687,1472,3727,0,3727
20232,A,골목상권,3110634,송정역 3번,16160,8260,7900,1667,1481,2973,2770,2374,4895,875,724,1550,1529,1251,2331,792,757,1423,1241,1123,2564,9460,0,9460
20232,A,골목상권,3110635,공항시장역 3번,13707,6881,6826,1535,1438,2191,2098,2056,4389,789,743,1109,1117,1052,2071,746,695,1082,981,1004,2318,6562,0,6562
20232,A,골목상권,3110636,방화역 2번,12519,6120,6399,1801,1235,1769,2216,1877,3621,891,636,870,1115,933,1675,910,599,899,1101,944,1946,5030,0,5030
20232,A,골목상권,3110637,송정역 2번,7421,3739,3682,703,753,1266,1090,1097,2512,353,392,648,594,561,1191,350,361,618,496,536,1321,4006,0,4006
20232,A,골목상권,3110638,신방화역 2번,24305,12037,12268,2962,2445,3672,3951,3660,7615,1507,1263,1800,2045,1858,3564,1455,1182,1872,1906,1802,4051,11154,0,11154
20232,A,골목상권,3110639,신방화역 8번,13951,6932,7019,1672,1494,2214,2218,2135,4218,853,758,1068,1160,1092,2001,819,736,1146,1058,1043,2217,6628,0,6628
20232,A,골목상권,3110640,방화역 1번,16772,8142,8630,2301,1497,2498,2913,2527,5036,1165,763,1168,1454,1251,2341,1136,734,1330,1459,1276,2695,7164,0,7164
20232,A,골목상권,3110641,공항고등학교,13428,6598,6830,1848,1237,1788,2315,1815,4425,934,669,899,1216,902,1978,914,568,889,1099,913,2447,5928,0,5928
20232,A,골목상권,3110642,정곡초등학교,5995,2906,3089,902,515,879,1149,854,1696,438,250,449,585,414,770,464,265,430,564,440,926,2405,0,2405
20232,A,골목상권,3110643,강서구다솔마을,8619,4406,4213,1491,854,1149,1717,1336,2072,771,419,602,918,716,980,720,435,547,799,620,1092,4847,0,4847
20232,A,골목상권,3110644,신광명마을,3799,1870,1929,630,471,436,655,614,993,338,257,209,332,300,434,292,214,227,323,314,559,1452,0,1452
20232,A,골목상권,3110645,우장산역 4번,26136,12444,13692,3973,4099,2833,4334,4928,5969,1963,1941,1374,2013,2404,2749,2010,2158,1459,2321,2524,3220,9706,0,9706
20232,A,골목상권,3110646,푸른들청소년도서관,31994,15533,16461,3690,3708,5076,5048,4960,9512,1928,1873,2459,2471,2356,4446,1762,1835,2617,2577,2604,5066,12658,0,12658
20232,A,골목상권,3110647,화곡역 5번,29205,14245,14960,3306,3006,5078,5304,4319,8192,1699,1466,2465,2745,2086,3784,1607,1540,2613,2559,2233,4408,13742,0,13742
20232,A,골목상권,3110648,양천향교역 7번,9112,4341,4771,611,1045,2294,1432,1202,2528,331,470,1082,775,573,1110,280,575,1212,657,629,1418,8697,0,8697
20232,A,골목상권,3110649,우장산역 1번,16400,7840,8560,2808,2464,1702,2841,3141,3444,1367,1156,829,1242,1617,1629,1441,1308,873,1599,1524,1815,5998,0,5998
20232,A,골목상권,3110650,우장산힐스테이트,12516,5908,6608,2232,1804,1279,2129,2377,2695,1060,811,633,913,1224,1267,1172,993,646,1216,1153,1428,4373,0,4373
20232,A,골목상권,3110651,화원중학교,28188,13877,14311,3288,2918,4557,4993,4145,8287,1684,1462,2302,2598,2009,3822,1604,1456,2255,2395,2136,4465,12207,0,12207
20232,A,골목상권,3110652,양천향교역 2번,5133,2585,2548,483,615,1051,779,770,1435,269,318,520,416,356,706,214,297,531,363,414,729,4584,0,4584
20232,A,골목상권,3110653,화곡역 2번,20886,10007,10879,2572,2086,3757,3844,3013,5614,1313,1046,1745,1936,1404,2563,1259,1040,2012,1908,1609,3051,8671,0,8671
20232,A,골목상권,3110654,까치산역 4번,40791,20167,20624,4107,3841,7531,7229,5927,12156,2055,1936,3782,3915,2884,5595,2052,1905,3749,3314,3043,6561,20710,0,20710
20232,A,골목상권,3110655,발산역 5번,11292,5375,5917,1855,1427,1413,1941,1933,2723,883,672,680,880,979,1281,972,755,733,1061,954,1442,4412,0,4412
20232,A,골목상권,3110656,까치산역 3번,29309,14658,14651,2857,2468,6031,5466,4002,8485,1395,1274,2980,3064,2012,3933,1462,1194,3051,2402,1990,4552,16321,0,16321
20232,A,골목상권,3110657,양천향교역 5번,16168,7774,8394,1628,2106,3271,2468,2523,4172,864,1019,1549,1231,1210,1901,764,1087,1722,1237,1313,2271,10610,0,10610
20232,A,골목상권,3110658,화곡초등학교,17781,8731,9050,1924,1699,3273,3378,2566,4941,1004,846,1660,1761,1262,2198,920,853,1613,1617,1304,2743,11144,0,11144
20232,A,골목상권,3110659,화곡역 4번,46161,22563,23598,6012,4750,7877,9000,6651,11871,3118,2390,3889,4663,3244,5259,2894,2360,3988,4337,3407,6612,22174,0,22174
20232,A,골목상권,3110660,등촌3동주민센터,21667,10366,11301,2652,2695,3558,3213,3309,6240,1358,1406,1620,1578,1562,2842,1294,1289,1938,1635,1747,3398,10097,0,10097
20232,A,골목상권,3110661,강서새말어린이공원,9165,4506,4659,1063,1030,1391,1526,1484,2671,526,543,693,772,720,1252,537,487,698,754,764,1419,4466,0,4466
20232,A,골목상권,3110662,까치산역 1번,41215,20073,21142,5080,4182,6695,7976,5974,11308,2601,2147,3294,4094,2865,5072,2479,2035,3401,3882,3109,6236,17937,0,17937
20232,A,골목상권,3110663,우장산롯데캐슬아파트앞,9926,4858,5068,1080,1134,1762,1527,1596,2827,552,597,786,776,783,1364,528,537,976,751,813,1463,5281,0,5281
20232,A,골목상권,3110664,강서구청옆,7546,3667,3879,946,761,1527,1382,1020,1910,464,385,679,752,526,861,482,376,848,630,494,1049,4467,0,4467
20232,A,골목상권,3110665,곰달래도서관,23702,11665,12037,2624,2266,3885,4386,3402,7139,1341,1170,1915,2268,1672,3299,1283,1096,1970,2118,1730,3840,10733,0,10733
20232,A,골목상권,3110666,KC대학교,9394,4673,4721,1188,980,1481,1651,1361,2733,610,538,737,884,664,1240,578,442,744,767,697,1493,3833,0,3833
20232,A,골목상권,3110667,가양역 10번,15153,7167,7986,1052,1562,2784,1987,2092,5676,559,848,1308,1069,920,2463,493,714,1476,918,1172,3213,7452,0,7452
20232,A,골목상권,3110668,화곡2동주민센터,38707,18834,19873,4896,3889,5954,7336,5796,10836,2473,2012,2925,3738,2807,4879,2423,1877,3029,3598,2989,5957,16369,0,16369
20232,A,골목상권,3110669,화곡보람2차아파트,6159,2993,3166,606,647,1303,1014,844,1745,328,339,571,535,406,814,278,308,732,479,438,931,3829,0,3829
20232,A,골목상권,3110670,신곡초등학교,25563,12561,13002,3361,2979,3659,4710,4117,6737,1720,1516,1848,2399,2014,3064,1641,1463,1811,2311,2103,3673,10466,0,10466
20232,A,골목상권,3110671,등촌1동주민센터,24848,11827,13021,3075,2459,5818,4417,3447,5632,1603,1238,2413,2292,1652,2629,1472,1221,3405,2125,1795,3003,14497,0,14497
20232,A,골목상권,3110672,백석중학교,12167,6151,6016,1480,1634,1801,1731,2020,3501,788,936,928,869,923,1707,692,698,873,862,1097,1794,4532,0,4532
20232,A,골목상권,3110673,뜸부기어린이공원,19505,9570,9935,2039,1958,3112,3359,2981,6056,1018,1043,1549,1729,1435,2796,1021,915,1563,1630,1546,3260,8383,0,8383
20232,A,골목상권,3110674,강서구청가양동별관,10812,5194,5618,989,979,1734,1734,1416,3960,495,529,882,978,695,1615,494,450,852,756,721,2345,5273,0,5273
20232,A,골목상권,3110675,화곡4동주민센터,25685,12684,13001,2934,3141,3818,4389,4224,7179,1526,1757,1910,2249,2024,3218,1408,1384,1908,2140,2200,3961,11096,0,11096
20232,A,골목상권,3110676,등촌역 7번,12414,6031,6383,1398,1397,2492,2226,1805,3096,726,721,1137,1170,830,1447,672,676,1355,1056,975,1649,6297,0,6297
20232,A,골목상권,3110677,등촌역 1번,15595,7597,7998,2610,1867,2318,2805,2571,3424,1340,947,1060,1371,1258,1621,1270,920,1258,1434,1313,1803,7001,0,7001
20232,A,골목상권,3110678,염창무학아파트,10153,5008,5145,1870,1202,1465,1868,1623,2125,948,609,680,944,788,1039,922,593,785,924,835,1086,3910,0,3910
20232,A,골목상권,3110679,염창역 2번,10641,5210,5431,1636,1251,1810,1829,1660,2455,837,660,814,923,791,1185,799,591,996,906,869,1270,4632,0,4632
20232,A,골목상권,3110680,온수역 5번(온수산업단지),6667,3380,3287,1013,577,887,1295,914,1981,573,310,419,666,476,936,440,267,468,629,438,1045,2602,0,2602
20232,A,골목상권,3110681,온수역 1번,5226,2606,2620,693,483,826,966,721,1537,383,232,393,509,374,715,310,251,433,457,347,822,2101,0,2101
20232,A,골목상권,3110682,온수역 8번,4687,2338,2349,719,508,642,892,659,1267,384,267,299,443,333,612,335,241,343,449,326,655,1873,0,1873
20232,A,골목상권,3110683,오류고등학교,7665,3824,3841,998,1014,960,1186,1257,2250,485,558,498,606,616,1061,513,456,462,580,641,1189,3105,0,3105
20232,A,골목상권,3110684,서울공연예술고등학교,9644,4776,4868,1257,1304,1246,1485,1618,2734,631,710,622,754,778,1281,626,594,624,731,840,1453,3601,0,3601
20232,A,골목상권,3110685,금강수목원아파트,5615,2801,2814,832,603,782,952,901,1545,438,323,370,487,463,720,394,280,412,465,438,825,2106,0,2106
20232,A,골목상권,3110686,수궁동주민센터,18239,9025,9214,2375,2202,2427,2953,2925,5357,1208,1200,1222,1510,1422,2463,1167,1002,1205,1443,1503,2894,7328,0,7328
20232,A,골목상권,3110687,"천왕역 3번(오류2동주민센터, 서울오류남초등학교)",7474,3645,3829,1252,700,905,1432,1099,2086,650,354,419,739,526,957,602,346,486,693,573,1129,3146,0,3146
20232,A,골목상권,3110688,오류지구대,12922,6366,6556,1593,1371,2100,2272,1866,3720,787,704,1018,1196,939,1722,806,667,1082,1076,927,1998,6380,0,6380
20232,A,골목상권,3110689,오류동역 3번,21660,10678,10982,2375,2140,3806,3631,2996,6712,1181,1033,1853,1937,1537,3137,1194,1107,1953,1694,1459,3575,12338,0,12338
20232,A,골목상권,3110690,오류2동버들시장,24327,12074,12253,3078,2346,3960,4262,3467,7214,1625,1209,1898,2284,1693,3365,1453,1137,2062,1978,1774,3849,12581,0,12581
20232,A,골목상권,3110691,개봉중학교,14776,7454,7322,1643,1640,1978,2140,2391,4984,814,913,1006,1128,1220,2373,829,727,972,1012,1171,2611,6308,0,6308
20232,A,골목상권,3110692,큰굴다리,14926,7472,7454,1767,1554,2451,2448,2181,4525,907,769,1194,1314,1121,2167,860,785,1257,1134,1060,2358,7541,0,7541
20232,A,골목상권,3110693,오류동역 4번,5410,2638,2772,535,483,1276,984,648,1484,270,213,577,540,337,701,265,270,699,444,311,783,4768,0,4768
20232,A,골목상권,3110694,세곡초등학교,21979,11018,10961,2479,2675,2903,3317,3858,6747,1197,1462,1461,1736,1958,3204,1282,1213,1442,1581,1900,3543,9637,0,9637
20232,A,골목상권,3110695,개봉1동주민센터,21271,10665,10606,2214,2361,2719,3178,3572,7227,1092,1247,1359,1684,1819,3464,1122,1114,1360,1494,1753,3763,10118,0,10118
20232,A,골목상권,3110696,오류동역 1번,19351,9605,9746,2405,1757,2814,3390,2529,6456,1228,922,1370,1832,1234,3019,1177,835,1444,1558,1295,3437,8822,0,8822
20232,A,골목상권,3110697,개봉3동주민센터,12712,6312,6400,1699,1353,1645,2180,1960,3875,862,682,855,1157,960,1796,837,671,790,1023,1000,2079,5222,0,5222
20232,A,골목상권,3110698,개웅초등학교(개웅중학교),22999,11323,11676,2617,2637,3080,3747,3672,7246,1371,1343,1562,1956,1774,3317,1246,1294,1518,1791,1898,3929,10020,0,10020
20232,A,골목상권,3110699,덕의초등학교,15314,7623,7691,2306,1796,1816,2682,2599,4115,1190,909,908,1347,1300,1969,1116,887,908,1335,1299,2146,6027,0,6027
20232,A,골목상권,3110700,고척초등학교,21761,10851,10910,2730,2514,2765,3431,3519,6802,1415,1279,1415,1739,1759,3244,1315,1235,1350,1692,1760,3558,8887,0,8887
20232,A,골목상권,3110701,고척동성당,12348,6085,6263,1805,1516,1486,2116,2134,3291,948,758,726,1050,1059,1544,857,758,760,1066,1075,1747,4699,0,4699
20232,A,골목상권,3110702,개봉초등학교,15571,7654,7917,2359,1494,2020,2739,2188,4771,1236,763,1017,1356,1058,2224,1123,731,1003,1383,1130,2547,6081,0,6081
20232,A,골목상권,3110703,개봉역,29134,14323,14811,4478,2952,3796,5048,4009,8851,2271,1524,1825,2526,1953,4224,2207,1428,1971,2522,2056,4627,10602,0,10602
20232,A,골목상권,3110704,고척중학교,6217,3072,3145,754,773,930,961,949,1850,391,391,474,477,444,895,363,382,456,484,505,955,2445,0,2445
20232,A,골목상권,3110705,고산초등학교,5973,2977,2996,687,726,953,939,896,1772,360,371,485,478,420,863,327,355,468,461,476,909,2550,0,2550
20232,A,골목상권,3110706,그라운드 고척,10432,5308,5124,1098,1289,1536,1577,1662,3270,579,670,822,840,841,1556,519,619,714,737,821,1714,4702,0,4702
20232,A,골목상권,3110707,구로창업지원센터,19408,9593,9815,3467,2134,2556,3741,2949,4561,1751,1082,1242,1795,1520,2203,1716,1052,1314,1946,1429,2358,6805,0,6805
20232,A,골목상권,3110708,화원어린이공원,8756,4405,4351,999,877,1272,1440,1454,2714,532,449,638,772,743,1271,467,428,634,668,711,1443,3650,0,3650
20232,A,골목상권,3110709,구로119안전센터,10806,5474,5332,891,969,1384,1541,2050,3971,444,481,724,849,1118,1858,447,488,660,692,932,2113,5245,0,5245
20232,A,골목상권,3110710,남구로역 3번,21831,11394,10437,1461,2041,2555,2972,4084,8718,780,1099,1399,1681,2240,4195,681,942,1156,1291,1844,4523,10599,0,10599
20232,A,골목상권,3110711,구로초등학교,19072,9522,9550,1822,1919,2540,2822,3376,6593,936,983,1287,1503,1764,3049,886,936,1253,1319,1612,3544,8703,0,8703
20232,A,골목상권,3110712,남구로역 5번,24840,12550,12290,2527,2258,3188,4215,4107,8545,1290,1227,1651,2313,2156,3913,1237,1031,1537,1902,1951,4632,10318,0,10318
20232,A,골목상권,3110713,구로보건소,26464,13026,13438,3312,2594,4480,4496,4039,7543,1683,1312,2121,2322,2044,3544,1629,1282,2359,2174,1995,3999,12320,0,12320
20232,A,골목상권,3110714,구로4동주민센터,25279,12656,12623,2939,2085,3185,4387,4165,8518,1485,1095,1569,2338,2226,3943,1454,990,1616,2049,1939,4575,11704,0,11704
20232,A,골목상권,3110715,구로구민회관,10026,4882,5144,829,1030,2261,1908,1575,2423,420,442,985,1033,859,1143,409,588,1276,875,716,1280,5892,0,5892
20232,A,골목상권,3110716,구로나눔길,9971,4923,5048,805,1016,1540,1486,1796,3328,392,514,702,798,962,1555,413,502,838,688,834,1773,5590,0,5590
20232,A,골목상권,3110717,남구로역 2번,30546,15594,14952,3214,2569,4432,5469,5112,9750,1609,1368,2256,2994,2763,4604,1605,1201,2176,2475,2349,5146,14417,0,14417
20232,A,골목상권,3110718,한국SGI본부,16637,8129,8508,2155,1577,3356,2799,2219,4531,1095,768,1549,1446,1087,2184,1060,809,1807,1353,1132,2347,8379,0,8379
20232,A,골목상권,3110719,영서중학교,11515,5648,5867,1987,939,1577,2464,1594,2954,1001,486,753,1253,816,1339,986,453,824,1211,778,1615,4307,0,4307
20232,A,골목상권,3110720,대림역 2번,15344,7509,7835,1476,1358,2473,2599,2421,5017,732,662,1146,1381,1258,2330,744,696,1327,1218,1163,2687,7786,0,7786
20232,A,골목상권,3110721,가리봉파출소,10757,5913,4844,560,747,3527,1891,1586,2446,275,310,1876,1180,973,1299,285,437,1651,711,613,1147,8728,0,8728
20232,A,골목상권,3110722,G타워,12259,6618,5641,565,805,5378,2369,1253,1889,287,306,2827,1491,741,966,278,499,2551,878,512,923,9561,0,9561
20232,A,골목상권,3110723,가산디지털단지역 1번 출입구,4490,2438,2052,274,330,510,613,849,1914,133,168,284,369,517,967,141,162,226,244,332,947,2615,0,2615
20232,A,골목상권,3110724,금천구립가산도서관,11585,6418,5167,1132,977,3148,2001,1524,2803,579,479,1839,1212,860,1449,553,498,1309,789,664,1354,8055,0,8055
20232,A,골목상권,3110725,가산동주민센터,7611,4157,3454,552,560,1707,1174,1350,2268,277,237,849,679,846,1269,275,323,858,495,504,999,6865,0,6865
20232,A,골목상권,3110726,금천철쭉어린이공원(금하마을),4711,2336,2375,510,613,632,621,861,1474,263,308,336,319,399,711,247,305,296,302,462,763,1689,0,1689
20232,A,골목상권,3110727,독산역 1번 출입구,9957,5262,4695,1414,831,2091,1856,1291,2474,729,431,1148,1069,646,1239,685,400,943,787,645,1235,5360,0,5360
20232,A,골목상권,3110728,두산초등학교,6618,3573,3045,725,528,1810,1251,845,1459,369,252,1012,751,441,748,356,276,798,500,404,711,5421,0,5421
20232,A,골목상권,3110729,가산동우체국,15660,8591,7069,1042,1168,4395,2586,2478,3991,518,506,2338,1557,1508,2164,524,662,2057,1029,970,1827,12725,0,12725
20232,A,골목상권,3110730,서울축산농협 독산역지점(독산파출소),8859,4724,4135,904,785,2144,1457,1303,2266,463,375,1193,856,712,1125,441,410,951,601,591,1141,6559,0,6559
20232,A,골목상권,3110731,금천구청역 1번 출입구,8342,4200,4142,849,761,1447,1361,1344,2580,427,374,738,740,686,1235,422,387,709,621,658,1345,5289,0,5289
20232,A,골목상권,3110732,가산초등학교(세일중학교),15072,8122,6950,1094,1231,4484,2591,2022,3650,542,556,2396,1567,1167,1894,552,675,2088,1024,855,1756,10391,0,10391
20232,A,골목상권,3110733,금천어울림복지센터,6664,3399,3265,766,622,1106,1093,1058,2019,399,319,588,594,530,969,367,303,518,499,528,1050,4639,0,4639
20232,A,골목상권,3110734,금천파출소,2580,1306,1274,234,198,530,458,384,776,119,98,263,245,211,370,115,100,267,213,173,406,2208,0,2208
20232,A,골목상권,3110735,말미고개,18281,9262,9019,1824,1987,2799,2579,3349,5743,914,1028,1495,1360,1733,2732,910,959,1304,1219,1616,3011,11615,0,11615
20232,A,골목상권,3110736,독산119안전센터,17409,8862,8547,1462,1810,2384,2501,3466,5786,732,895,1289,1297,1856,2793,730,915,1095,1204,1610,2993,8588,0,8588
20232,A,골목상권,3110737,금천세무서,12117,6254,5863,977,1075,2367,1809,2071,3818,458,561,1245,1055,1070,1865,519,514,1122,754,1001,1953,7870,0,7870
20232,A,골목상권,3110738,문성초등학교,20890,10580,10310,1839,2242,2834,2892,4030,7053,901,1143,1515,1564,2056,3401,938,1099,1319,1328,1974,3652,10189,0,10189
20232,A,골목상권,3110739,시흥3동 우편취급국,5407,2736,2671,607,541,747,838,844,1830,299,297,390,442,433,875,308,244,357,396,411,955,2237,0,2237
20232,A,골목상권,3110740,금천해태공원,22723,11392,11331,2171,2456,3298,3289,3951,7558,1100,1269,1725,1769,1982,3547,1071,1187,1573,1520,1969,4011,12126,0,12126
20232,A,골목상권,3110741,독산2동주민센터,20323,10334,9989,1882,2219,2996,2841,3917,6468,962,1162,1603,1516,2012,3079,920,1057,1393,1325,1905,3389,9729,0,9729
20232,A,골목상권,3110742,KT금천빌딩(금천구시설관리공단),8038,3991,4047,1201,861,1079,1395,1255,2247,620,479,549,676,615,1052,581,382,530,719,640,1195,3497,0,3497
20232,A,골목상권,3110743,시흥초등학교(시흥1동우체국),21595,10794,10801,1931,2326,2893,2984,3885,7576,1005,1206,1504,1575,1981,3523,926,1120,1389,1409,1904,4053,10718,0,10718
20232,A,골목상권,3110744,독산동성당,29078,14773,14305,2560,3373,3752,3963,5954,9476,1297,1712,2060,2079,3047,4578,1263,1661,1692,1884,2907,4898,13678,0,13678
20232,A,골목상권,3110745,독산동정훈단지,18306,9303,9003,1690,2197,2397,2621,3746,5655,854,1146,1282,1348,1908,2765,836,1051,1115,1273,1838,2890,8318,0,8318
20232,A,골목상권,3110746,금천금빛공원(은행나무사거리서측),10157,5099,5058,858,1086,1372,1438,1873,3530,450,561,731,737,981,1639,408,525,641,701,892,1891,5485,0,5485
20232,A,골목상권,3110747,석수역 1번 출입구,3165,1573,1592,304,319,426,452,470,1194,136,178,219,259,231,550,168,141,207,193,239,644,1399,0,1399
20232,A,골목상권,3110748,백산초등학교,12860,6475,6385,1436,1463,1654,1996,2165,4146,767,771,867,1034,1108,1928,669,692,787,962,1057,2218,6091,0,6091
20232,A,골목상권,3110749,금산초등학교(금천고등학교),9095,4550,4545,1022,988,1205,1344,1462,3074,486,529,630,701,745,1459,536,459,575,643,717,1615,3931,0,3931
20232,A,골목상권,3110750,시흥4동주민센터(서울신흥초등학교),20556,10264,10292,2136,2274,2660,2898,3645,6943,1102,1157,1408,1487,1863,3247,1034,1117,1252,1411,1782,3696,9421,0,9421
20232,A,골목상권,3110751,난곡중학교,20043,10080,9963,2006,2171,2921,2966,3603,6376,996,1122,1536,1577,1780,3069,1010,1049,1385,1389,1823,3307,9766,0,9766
20232,A,골목상권,3110752,한울중학교,26655,13342,13313,2817,3136,3613,3792,4829,8468,1416,1637,1892,1946,2448,4003,1401,1499,1721,1846,2381,4465,11212,0,11212
20232,A,골목상권,3110753,시흥동 은행나무사거리,19502,9782,9720,1955,2283,2412,2732,3444,6676,1017,1213,1271,1415,1753,3113,938,1070,1141,1317,1691,3563,9438,0,9438
20232,A,골목상권,3110754,삼성산자연공원(서울금천초등학교),17627,8811,8816,1809,2069,2313,2396,3204,5836,939,1065,1225,1240,1622,2720,870,1004,1088,1156,1582,3116,8941,0,8941
20232,A,골목상권,3110755,동일여자고등학교,14199,7031,7168,1514,1675,1698,1948,2491,4873,781,891,886,1009,1222,2242,733,784,812,939,1269,2631,6735,0,6735
20232,A,골목상권,3110756,문래중학교,12638,6259,6379,2145,1018,2170,2805,1622,2878,1106,519,1020,1482,838,1294,1039,499,1150,1323,784,1584,5705,0,5705
20232,A,골목상권,3110757,양평역 2번,10887,5420,5467,1472,923,2128,2307,1434,2623,762,463,1001,1245,790,1159,710,460,1127,1062,644,1464,5683,0,5683
20232,A,골목상권,3110758,문래소공원,11476,5625,5851,2126,904,2200,2782,1409,2055,1088,435,996,1443,741,922,1038,469,1204,1339,668,1133,5283,0,5283
20232,A,골목상권,3110759,문래예술촌(문래창작촌),18642,9232,9410,3363,1615,2558,3675,2550,4881,1763,818,1206,1837,1313,2295,1600,797,1352,1838,1237,2586,7485,0,7485
20232,A,골목상권,3110760,선유도역 6번,16006,7955,8051,2667,1766,2834,3021,2404,3314,1342,914,1333,1532,1255,1579,1325,852,1501,1489,1149,1735,7151,0,7151
20232,A,골목상권,3110761,문래동남성맨션,2367,1200,1167,410,173,374,474,287,649,210,91,174,272,148,305,200,82,200,202,139,344,911,0,911
20232,A,골목상권,3110762,선유도역 1번,14444,7238,7206,1829,1369,3325,2602,1948,3371,915,693,1582,1386,1044,1618,914,676,1743,1216,904,1753,8041,0,8041
20232,A,골목상권,3110763,영등포구청역 2번,5910,2881,3029,801,561,1172,1031,752,1593,434,262,546,540,362,737,367,299,626,491,390,856,3241,0,3241
20232,A,골목상권,3110764,문래역 3번,5705,2747,2958,849,469,946,1234,819,1388,422,225,437,619,397,647,427,244,509,615,422,741,2785,0,2785
20232,A,골목상권,3110765,문래동사거리,5875,2952,2923,840,369,1064,1249,787,1566,407,189,498,701,424,733,433,180,566,548,363,833,2815,0,2815
20232,A,골목상권,3110766,대림역 5번,12665,6425,6240,1254,1202,1958,2015,2128,4108,644,630,1026,1069,1096,1960,610,572,932,946,1032,2148,5668,0,5668
20232,A,골목상권,3110767,도림동주민센터,9703,4817,4886,1235,731,2058,1973,1346,2360,616,371,932,1079,707,1112,619,360,1126,894,639,1248,5253,0,5253
20232,A,골목상권,3110768,도림2동유수지내체육시설,16519,8196,8323,2078,1407,3168,2983,2404,4479,1071,695,1524,1591,1217,2098,1007,712,1644,1392,1187,2381,7747,0,7747
20232,A,골목상권,3110769,대림차이나타운(대림역 12번),8863,4371,4492,847,772,1110,1394,1546,3194,427,420,571,698,772,1483,420,352,539,696,774,1711,3898,0,3898
20232,A,골목상권,3110770,영등포구청역 6번,12992,6374,6618,1571,1179,2348,2139,1791,3964,767,570,1140,1134,915,1848,804,609,1208,1005,876,2116,6939,0,6939
20232,A,골목상권,3110771,대림역 11번,5952,2981,2971,417,505,732,856,1115,2327,217,277,410,434,553,1090,200,228,322,422,562,1237,2838,0,2838
20232,A,골목상권,3110772,신우어린이공원,10923,5473,5450,1409,1200,1545,1745,1888,3136,720,645,776,880,971,1481,689,555,769,865,917,1655,4260,0,4260
20232,A,골목상권,3110773,당산역 13번,4198,2033,2165,290,401,1420,704,503,880,152,195,615,367,278,426,138,206,805,337,225,454,2976,0,2976
20232,A,골목상권,3110774,당산반도유보라팰리스아파트,11905,5756,6149,1706,1098,2410,2113,1598,2980,868,534,1131,1052,766,1405,838,564,1279,1061,832,1575,6059,0,6059
20232,A,골목상권,3110775,대동초등학교,9701,4825,4876,752,879,1190,1358,1764,3758,383,447,638,745,896,1716,369,432,552,613,868,2042,4738,0,4738
20232,A,골목상권,3110776,도신초등학교,18019,9210,8809,1817,2054,2291,2607,3300,5950,956,1151,1227,1346,1719,2811,861,903,1064,1261,1581,3139,7386,0,7386
20232,A,골목상권,3110777,구로세무서,4240,2318,1922,545,326,624,805,624,1316,254,168,285,440,371,800,291,158,339,365,253,516,2224,0,2224
20232,A,골목상권,3110778,구로디지털단지역 4번,19704,9832,9872,2029,1739,3145,3154,3174,6463,1045,936,1541,1682,1582,3046,984,803,1604,1472,1592,3417,10107,0,10107
20232,A,골목상권,3110779,대림갑을명가아파트,9376,4686,4690,938,1108,1206,1292,1664,3168,491,606,646,687,796,1460,447,502,560,605,868,1708,3704,0,3704
20232,A,골목상권,3110780,신길대성유니드아파트,11702,5933,5769,1179,1240,1497,1751,2033,4002,622,689,811,897,1057,1857,557,551,686,854,976,2145,5371,0,5371
20232,A,골목상권,3110781,대림한신아파트,14712,7371,7341,1367,1624,1972,2084,2578,5087,708,864,1060,1118,1279,2342,659,760,912,966,1299,2745,7531,0,7531
20232,A,골목상권,3110782,영등포시장역 4번,4956,2695,2261,537,419,778,790,783,1649,290,216,428,442,447,872,247,203,350,348,336,777,3999,0,3999
20232,A,골목상권,3110783,영등포시장역 1번,8373,4162,4211,1116,767,1530,1406,1179,2375,559,367,742,734,612,1148,557,400,788,672,567,1227,6018,0,6018
20232,A,골목상권,3110784,신대림초등학교,9653,4840,4813,875,1011,1287,1398,1665,3417,446,525,686,769,837,1577,429,486,601,629,828,1840,4523,0,4523
20232,A,골목상권,3110785,영등포푸르지오아파트,22523,11270,11253,2927,2379,2976,3555,3949,6737,1505,1284,1501,1853,1990,3137,1422,1095,1475,1702,1959,3600,8994,0,8994
20232,A,골목상권,3110786,당산역 8번,7356,3536,3820,778,659,1700,1153,933,2133,403,299,787,574,459,1014,375,360,913,579,474,1119,4160,0,4160
20232,A,골목상권,3110787,신길3동주민센터,16108,8154,7954,1716,1733,2085,2418,2905,5251,884,960,1091,1288,1483,2448,832,773,994,1130,1422,2803,7819,0,7819
20232,A,골목상권,3110788,영등포시장역 3번,2677,1589,1088,125,189,512,360,433,1058,75,102,282,230,289,611,50,87,230,130,144,447,3805,0,3805
20232,A,골목상권,3110789,대림성모병원,14022,6957,7065,1604,1429,2001,2143,2233,4612,835,761,1004,1102,1102,2153,769,668,997,1041,1131,2459,6309,0,6309
20232,A,골목상권,3110790,대림1동주민센터,12316,6149,6167,1221,1385,1634,1757,2099,4220,632,743,875,916,1013,1970,589,642,759,841,1086,2250,6564,0,6564
20232,A,골목상권,3110791,신풍역 3번,6148,3068,3080,598,620,814,894,1048,2174,314,335,436,447,519,1017,284,285,378,447,529,1157,3153,0,3153
20232,A,골목상권,3110792,영등포역 2번,18127,9436,8691,2028,1719,2490,2786,3120,5984,1045,932,1283,1462,1681,3033,983,787,1207,1324,1439,2951,8942,0,8942
20232,A,골목상권,3110793,대림썬프라자,5380,2671,2709,577,592,760,805,887,1759,298,314,394,414,424,827,279,278,366,391,463,932,3325,0,3325
20232,A,골목상권,3110794,영동초등학교,11421,5508,5913,1355,936,3543,2116,1245,2226,750,444,1490,1109,652,1063,605,492,2053,1007,593,1163,8723,0,8723
20232,A,골목상권,3110795,도림초등학교,12794,6421,6373,1053,1302,1699,1747,2368,4625,535,724,888,927,1219,2128,518,578,811,820,1149,2497,6658,0,6658
20232,A,골목상권,3110796,한림대학교한강성심병원,3678,2070,1608,233,246,1281,641,425,852,126,124,729,394,267,430,107,122,552,247,158,422,5169,0,5169
20232,A,골목상권,3110797,KT대방빌딩,7611,3722,3889,1147,879,1045,1285,1208,2047,596,463,505,622,582,954,551,416,540,663,626,1093,3520,0,3520
20232,A,골목상권,3110798,신풍역 2번,6162,3034,3128,655,618,884,924,957,2124,334,333,455,473,458,981,321,285,429,451,499,1143,3631,0,3631
20232,A,골목상권,3110799,영등포본동주민센터,6944,3588,3356,477,570,984,1011,1191,2711,225,297,516,552,675,1323,252,273,468,459,516,1388,4179,0,4179
20232,A,골목상권,3110800,영등포동성당,3851,2370,1481,124,221,1021,496,577,1412,69,112,643,326,409,811,55,109,378,170,168,601,4941,0,4941
20232,A,골목상권,3110801,신풍역 6번(신길6동공영주차장),3312,1613,1699,376,377,461,469,569,1060,174,194,244,229,283,489,202,183,217,240,286,571,3368,0,3368
20232,A,골목상권,3110802,신길동홍어거리,11663,5825,5838,925,1193,1516,1509,2024,4496,484,656,799,795,1040,2051,441,537,717,714,984,2445,5971,0,5971
20232,A,골목상권,3110803,신길2동우편취급국,14143,7055,7088,1240,1338,2118,2047,2297,5103,619,720,1111,1080,1173,2352,621,618,1007,967,1124,2751,7153,0,7153
20232,A,골목상권,3110804,신풍역 1번,11260,5555,5705,1071,1184,1925,1663,1748,3669,550,609,979,859,865,1693,521,575,946,804,883,1976,7985,0,7985
20232,A,골목상권,3110805,신길새마을금고신길4동지점,8261,4159,4102,870,989,1078,1066,1438,2820,454,525,582,545,723,1330,416,464,496,521,715,1490,4393,0,4393
20232,A,골목상권,3110806,서울시립영등포장애인복지관,1362,844,518,23,58,380,151,195,555,14,21,251,98,129,331,9,37,129,53,66,224,1926,0,1926
20232,A,골목상권,3110807,신길역 3번,4424,2453,1971,259,310,1388,719,561,1187,122,139,781,421,338,652,137,171,607,298,223,535,4543,0,4543
20232,A,골목상권,3110808,신길역 1번,6645,3465,3180,548,604,1787,1143,857,1706,274,284,972,645,452,838,274,320,815,498,405,868,5324,0,5324
20232,A,골목상권,3110809,장훈고등학교,10437,5194,5243,857,998,1535,1451,1632,3964,434,531,790,778,822,1839,423,467,745,673,810,2125,5278,0,5278
20232,A,골목상권,3110810,영신초등학교,21302,10693,10609,2088,2141,3396,3287,3353,7037,1076,1099,1807,1761,1718,3232,1012,1042,1589,1526,1635,3805,10912,0,10912
20232,A,골목상권,3110811,보라매역 4번,7846,3866,3980,685,831,1569,1169,1172,2420,364,414,753,611,597,1127,321,417,816,558,575,1293,4951,0,4951
20232,A,골목상권,3110812,신길6동주민센터,10841,5294,5547,1603,1240,1817,1882,1642,2657,834,604,835,945,843,1233,769,636,982,937,799,1424,4903,0,4903
20232,A,골목상권,3110813,보라매역 6번,10490,5206,5284,1226,1320,1789,1619,1736,2800,657,683,858,827,882,1299,569,637,931,792,854,1501,7238,0,7238
20232,A,골목상권,3110814,서울지방병무청,24406,12142,12264,3330,3140,3346,3796,4354,6440,1765,1608,1726,1893,2193,2957,1565,1532,1620,1903,2161,3483,10473,0,10473
20232,A,골목상권,3110815,공군호텔,20642,10399,10243,2390,2521,3362,3257,3691,5421,1234,1276,1742,1692,1955,2500,1156,1245,1620,1565,1736,2921,10497,0,10497
20232,A,골목상권,3110816,대방역 6번,8679,4378,4301,884,810,2103,1621,1162,2099,465,386,1068,866,619,974,419,424,1035,755,543,1125,5409,0,5409
20232,A,골목상권,3110817,대방역 4번,11670,5859,5811,1234,1159,2627,2080,1707,2863,624,563,1335,1089,928,1320,610,596,1292,991,779,1543,7002,0,7002
20232,A,골목상권,3110818,신대방역 3번,12463,6147,6316,1303,1240,2368,2066,1883,3603,675,629,1147,1036,961,1699,628,611,1221,1030,922,1904,6725,0,6725
20232,A,골목상권,3110819,신대방역 4번,22251,10983,11268,2346,2384,3862,3431,3547,6681,1220,1211,1921,1721,1774,3136,1126,1173,1941,1710,1773,3545,11130,0,11130
20232,A,골목상권,3110820,성남고등학교,15155,7436,7719,1892,2156,2332,2259,2790,3726,985,1133,1135,1081,1398,1704,907,1023,1197,1178,1392,2022,6781,0,6781
20232,A,골목상권,3110821,보라매역 2번,14746,7205,7541,1626,1583,2920,2586,2199,3832,874,802,1349,1309,1082,1789,752,781,1571,1277,1117,2043,7921,0,7921
20232,A,골목상권,3110822,신대방삼거리역 4번(대림초등학교),13962,6688,7274,1575,1753,2779,2310,2216,3329,766,951,1252,1114,1080,1525,809,802,1527,1196,1136,1804,7291,0,7291
20232,A,골목상권,3110823,신대방삼거리역 3번,17289,8447,8842,1908,1787,3403,2894,2546,4751,1046,919,1570,1458,1212,2242,862,868,1833,1436,1334,2509,9599,0,9599
20232,A,골목상권,3110824,대방역 3번,12536,6048,6488,1890,1889,1498,2059,2398,2802,950,940,734,971,1221,1232,940,949,764,1088,1177,1570,4587,0,4587
20232,A,골목상권,3110825,신대방삼거리역 1번,32486,15884,16602,3577,3409,5888,5499,4832,9281,1868,1763,2841,2807,2350,4255,1709,1646,3047,2692,2482,5026,15751,0,15751
20232,A,골목상권,3110826,장승배기역 4번,18364,8914,9450,1686,1925,3382,2917,2774,5680,833,976,1678,1526,1330,2571,853,949,1704,1391,1444,3109,10066,0,10066
20232,A,골목상권,3110827,NH농협은행 상도동지점,14945,7326,7619,1357,1483,2574,2388,2309,4834,669,793,1305,1264,1109,2186,688,690,1269,1124,1200,2648,8041,0,8041
20232,A,골목상권,3110828,노량진역 6번,20039,10046,9993,1445,2261,3474,2654,3233,6972,721,1119,1935,1436,1664,3171,724,1142,1539,1218,1569,3801,10803,0,10803
20232,A,골목상권,3110829,장승배기역 5번,16102,8050,8052,1129,1673,2939,2110,2506,5745,583,833,1535,1168,1280,2651,546,840,1404,942,1226,3094,8727,0,8727
20232,A,골목상권,3110830,상도초등학교,20464,10005,10459,2397,2071,3272,3412,3182,6130,1241,1066,1638,1776,1543,2741,1156,1005,1634,1636,1639,3389,9737,0,9737
20232,A,골목상권,3110831,상도4동주민센터,15666,7747,7919,2265,1553,2452,2735,2322,4339,1199,811,1247,1405,1124,1961,1066,742,1205,1330,1198,2378,7196,0,7196
20232,A,골목상권,3110832,노량진초등학교,14977,7618,7359,1024,1562,3070,1890,2167,5264,532,769,1754,1056,1116,2391,492,793,1316,834,1051,2873,8859,0,8859
20232,A,골목상권,3110833,상도역 2번,13661,6679,6982,2199,1351,2462,2536,1859,3254,1115,669,1183,1268,952,1492,1084,682,1279,1268,907,1762,7011,0,7011
20232,A,골목상권,3110834,동작구자원봉사센터,14823,7402,7421,1927,1580,2676,2260,2171,4209,997,829,1492,1116,1066,1902,930,751,1184,1144,1105,2307,7290,0,7290
20232,A,골목상권,3110835,상도역 1번,9280,4565,4715,1044,1119,2209,1484,1134,2290,540,549,1104,764,550,1058,504,570,1105,720,584,1232,5108,0,5108
20232,A,골목상권,3110836,상도역 5번,23849,11790,12059,2514,2988,5034,3627,3062,6624,1340,1463,2756,1842,1429,2960,1174,1525,2278,1785,1633,3664,13237,0,13237
20232,A,골목상권,3110837,숭실대입구역 1번,29220,14343,14877,4295,3271,4819,5124,4146,7565,2228,1636,2451,2508,2084,3436,2067,1635,2368,2616,2062,4129,12228,0,12228
20232,A,골목상권,3110838,상도1동주민센터앞,6472,3101,3371,799,737,1113,1035,946,1842,406,357,545,479,469,845,393,380,568,556,477,997,2960,0,2960
20232,A,골목상권,3110839,숭실대입구역 4번,12577,6250,6327,1368,1499,2608,1912,1595,3595,724,760,1417,949,799,1601,644,739,1191,963,796,1994,5935,0,5935
20232,A,골목상권,3110840,중앙대학교,4720,2355,2365,396,607,1074,624,616,1403,196,290,646,330,291,602,200,317,428,294,325,801,4270,0,4270
20232,A,골목상권,3110841,중대부중,10338,5023,5315,1250,1068,1566,1699,1573,3182,660,534,772,881,773,1403,590,534,794,818,800,1779,4444,0,4444
20232,A,골목상권,3110842,흑리단길,9604,4588,5016,1014,969,1358,1401,1464,3398,518,504,641,706,723,1496,496,465,717,695,741,1902,4222,0,4222
20232,A,골목상권,3110843,사당5동주민센터,8159,3946,4213,900,802,1484,1497,1191,2285,469,390,686,759,597,1045,431,412,798,738,594,1240,4399,0,4399
20232,A,골목상권,3110844,흑석2치안센터,10156,4869,5287,1116,1016,1413,1479,1600,3532,564,511,697,772,766,1559,552,505,716,707,834,1973,4108,0,4108
20232,A,골목상권,3110845,사당종합체육관,10837,5313,5524,1617,982,1472,1825,1434,3507,884,493,698,898,685,1655,733,489,774,927,749,1852,4282,0,4282
20232,A,골목상권,3110846,남성역 1번,28822,14055,14767,3243,2722,5264,5254,4040,8299,1684,1405,2534,2737,1953,3742,1559,1317,2730,2517,2087,4557,14433,0,14433
20232,A,골목상권,3110847,예술인마을,20558,10105,10453,2023,1871,4452,3756,2684,5772,1042,947,2233,2011,1255,2617,981,924,2219,1745,1429,3155,10631,0,10631
20232,A,골목상권,3110848,양지어린이공원,22196,10669,11527,2138,1938,4677,4016,2986,6441,1092,969,2224,2068,1451,2865,1046,969,2453,1948,1535,3576,12247,0,12247
20232,A,골목상권,3110849,이수역 10번,19977,9691,10286,2387,1521,3495,3707,2624,6243,1235,753,1624,1921,1328,2830,1152,768,1871,1786,1296,3413,10112,0,10112
20232,A,골목상권,3110850,사당역 10번,25404,12127,13277,2011,2179,6488,4440,3159,7127,1063,1072,2969,2309,1515,3199,948,1107,3519,2131,1644,3928,15451,0,15451
20232,A,골목상권,3110851,경문고등학교(동작동성당),16118,7856,8262,1818,1524,2619,2683,2385,5089,974,779,1240,1381,1151,2331,844,745,1379,1302,1234,2758,7309,0,7309
20232,A,골목상권,3110852,이수역 9번,7977,3723,4254,646,645,1792,1416,1083,2395,326,310,757,714,554,1062,320,335,1035,702,529,1333,4861,0,4861
20232,A,골목상권,3110853,KT구로지사,10913,5833,5080,669,712,3828,2085,1294,2325,345,308,2009,1269,722,1180,324,404,1819,816,572,1145,8427,0,8427
20232,A,골목상권,3110854,조원동주민센터,10717,5474,5243,982,1041,1973,1785,1692,3244,483,523,1049,968,882,1569,499,518,924,817,810,1675,5895,0,5895
20232,A,골목상권,3110855,신대방역 2번,20980,10441,10539,1832,2147,4840,3476,3085,5600,955,1022,2424,1807,1589,2644,877,1125,2416,1669,1496,2956,12368,0,12368
20232,A,골목상권,3110856,미성초등학교,18100,9074,9026,1921,1821,3254,2980,2730,5394,1009,879,1669,1591,1363,2563,912,942,1585,1389,1367,2831,9534,0,9534
20232,A,골목상권,3110857,미성동주민센터,14381,7177,7204,1575,1563,2073,2295,2316,4559,806,784,1111,1218,1134,2124,769,779,962,1077,1182,2435,7131,0,7131
20232,A,골목상권,3110858,신대방역 1번,7808,3824,3984,576,742,1880,1248,1168,2194,324,340,905,624,607,1024,252,402,975,624,561,1170,4920,0,4920
20232,A,골목상권,3110859,난향초등학교,7488,3809,3679,761,787,895,1183,1188,2674,379,416,484,643,643,1244,382,371,411,540,545,1430,3332,0,3332
20232,A,골목상권,3110860,호림박물관(성보고등학교),11783,5837,5946,966,1299,2718,1940,1782,3078,494,591,1383,1056,856,1457,472,708,1335,884,926,1621,7074,0,7074
20232,A,골목상권,3110861,관악구신사동주민센터,25088,12570,12518,2057,2719,5826,4125,3848,6513,1093,1314,3029,2168,1909,3057,964,1405,2797,1957,1939,3456,15432,0,15432
20232,A,골목상권,3110862,난곡초등학교(난곡동벽화마을),14945,7424,7521,1605,1714,2056,2299,2520,4751,778,882,1094,1213,1255,2202,827,832,962,1086,1265,2549,6859,0,6859
20232,A,골목상권,3110863,난우초등학교,20345,10212,10133,2189,2422,2800,3153,3432,6349,1131,1260,1501,1685,1667,2968,1058,1162,1299,1468,1765,3381,9047,0,9047
20232,A,골목상권,3110864,신림우방아파트,19586,9904,9682,1721,2024,4496,3368,2877,5100,883,997,2413,1783,1464,2364,838,1027,2083,1585,1413,2736,11733,0,11733
20232,A,골목상권,3110865,남강고등학교(남강중학교),30976,15524,15452,3184,3749,4329,4642,5318,9754,1621,1955,2330,2480,2601,4537,1563,1794,1999,2162,2717,5217,13216,0,13216
20232,A,골목상권,3110866,난우중학교,17206,8808,8398,1662,1991,2296,2623,2917,5717,873,1054,1243,1426,1521,2691,789,937,1053,1197,1396,3026,8012,0,8012
20232,A,골목상권,3110867,국제신학대학원대학교(남서울중학교),16424,8238,8186,1147,1691,4058,2633,2327,4568,582,791,2171,1432,1146,2116,565,900,1887,1201,1181,2452,11392,0,11392
20232,A,골목상권,3110868,남부초등학교,17724,9001,8723,1280,1818,4978,3030,2339,4279,679,852,2642,1650,1183,1995,601,966,2336,1380,1156,2284,12415,0,12415
20232,A,골목상권,3110869,"신림역 5번(신림동주민센터, 신림동별빛거리)",23182,11683,11499,1412,2206,7784,4155,2630,4995,742,961,3969,2304,1387,2320,670,1245,3815,1851,1243,2675,18311,0,18311
20232,A,골목상권,3110870,신림주공2단지(광신고등학교),8311,4115,4196,759,954,1030,1190,1405,2973,406,483,553,618,673,1382,353,471,477,572,732,1591,3046,0,3046
20232,A,골목상권,3110871,신원동주민센터,12353,6126,6227,960,1222,2883,2080,1666,3542,495,575,1554,1107,835,1560,465,647,1329,973,831,1982,8017,0,8017
20232,A,골목상권,3110872,신림초등학교,14101,7057,7044,1189,1565,2995,2300,2075,3977,606,801,1629,1235,1014,1772,583,764,1366,1065,1061,2205,7464,0,7464
20232,A,골목상권,3110873,당곡중학교,19047,9469,9578,1946,2024,3779,3201,2768,5329,1013,1062,1912,1662,1370,2450,933,962,1867,1539,1398,2879,10398,0,10398
20232,A,골목상권,3110874,원신초등학교(구세군관악영문교회),14606,7687,6919,1044,1437,2335,2134,2398,5258,561,725,1386,1310,1357,2348,483,712,949,824,1041,2910,8060,0,8060
20232,A,골목상권,3110875,보라매동주민센터(당곡고등학교),14846,7468,7378,1193,1452,3718,2591,1972,3920,607,709,1953,1398,994,1807,586,743,1765,1193,978,2113,9264,0,9264
20232,A,골목상권,3110876,서원동주민센터(신관중학교),16791,8551,8240,1156,1680,4274,2860,2207,4614,591,830,2358,1586,1086,2100,565,850,1916,1274,1121,2514,9440,0,9440
20232,A,골목상권,3110877,신림역 8번,21218,10819,10399,1347,1923,6681,3840,2505,4922,704,862,3496,2148,1312,2297,643,1061,3185,1692,1193,2625,15428,0,15428
20232,A,골목상권,3110878,미림여고,8214,4761,3453,666,826,1613,1393,1400,2316,361,435,1053,895,886,1131,305,391,560,498,514,1185,4758,0,4758
20232,A,골목상권,3110879,신림현대아파트,17023,8817,8206,1437,1631,3205,2704,2543,5503,747,820,1795,1579,1341,2535,690,811,1410,1125,1202,2968,8766,0,8766
20232,A,골목상권,3110880,신림역 1번,11195,5747,5448,537,971,4100,1964,1213,2410,276,423,2185,1104,650,1109,261,548,1915,860,563,1301,8573,0,8573
20232,A,골목상권,3110881,구립대학경로당(관악산샘말공원),25955,15378,10577,1553,2642,6620,4548,3906,6686,802,1377,4393,3066,2536,3204,751,1265,2227,1482,1370,3482,18152,0,18152
20232,A,골목상권,3110882,신성초등학교,20544,11498,9046,1381,2054,5539,3541,2784,5245,755,1031,3393,2231,1630,2458,626,1023,2146,1310,1154,2787,13222,0,13222
20232,A,골목상권,3110883,은천초등학교(은천교앞),23277,11616,11661,2048,2158,5193,4035,3165,6678,1036,1006,2659,2247,1633,3035,1012,1152,2534,1788,1532,3643,13709,0,13709
20232,A,골목상권,3110884,봉천역 4번(봉천110안전센터),14097,7010,7087,1474,1210,2778,2457,1878,4300,756,588,1412,1328,980,1946,718,622,1366,1129,898,2354,7885,0,7885
20232,A,골목상권,3110885,영락고등학교,21512,11873,9639,1611,2212,5444,3589,2970,5686,856,1185,3348,2180,1612,2692,755,1027,2096,1409,1358,2994,15026,0,15026
20232,A,골목상권,3110886,관악해태어린이공원,14083,8409,5674,793,1589,4586,2432,1776,2907,433,837,3031,1633,1098,1377,360,752,1555,799,678,1530,10046,0,10046
20232,A,골목상권,3110887,서울산업정보학교(서울삼성초등학교),10715,6270,4445,792,1303,3247,1780,1358,2235,389,679,2197,1148,809,1048,403,624,1050,632,549,1187,7505,0,7505
20232,A,골목상권,3110888,청룡동주민센터,17307,8620,8687,1425,1756,4636,2787,2197,4506,752,815,2342,1505,1116,2090,673,941,2294,1282,1081,2416,13774,0,13774
20232,A,골목상권,3110889,봉천역 6번,14999,7459,7540,1663,1284,2887,2603,1908,4654,888,650,1424,1391,972,2134,775,634,1463,1212,936,2520,7571,0,7571
20232,A,골목상권,3110890,봉천역 1번(관악초등학교),14285,6927,7358,971,1488,4339,2291,1687,3509,509,681,2017,1227,875,1618,462,807,2322,1064,812,1891,11851,0,11851
20232,A,골목상권,3110891,구암초등학교,18630,9141,9489,3241,2120,1995,3547,3079,4648,1642,1125,965,1729,1585,2095,1599,995,1030,1818,1494,2553,8388,0,8388
20232,A,골목상권,3110892,관악구 중앙길,33544,16338,17206,2808,3421,7994,5380,4461,9480,1445,1617,3850,2850,2300,4276,1363,1804,4144,2530,2161,5204,21325,0,21325
20232,A,골목상권,3110893,관악소방서(문영여고),4517,2164,2353,521,547,1032,718,636,1063,235,227,542,377,297,486,286,320,490,341,339,577,2010,0,2010
20232,A,골목상권,3110894,관악동부센트레빌아파트(은천로35라길),19339,9428,9911,2463,2247,2658,3263,3115,5593,1258,1150,1296,1635,1559,2530,1205,1097,1362,1628,1556,3063,8027,0,8027
20232,A,골목상권,3110895,샤로수길,22104,10948,11156,1548,2455,7257,3442,2514,4888,764,1070,3682,1824,1299,2309,784,1385,3575,1618,1215,2579,15416,0,15416
20232,A,골목상권,3110896,관악우성아파트,8318,4111,4207,829,785,1444,1315,1183,2762,415,379,724,728,629,1236,414,406,720,587,554,1526,5257,0,5257
20232,A,골목상권,3110897,서울대입구역 8번,19052,9507,9545,1241,1778,5963,3177,2194,4699,624,794,2977,1742,1157,2213,617,984,2986,1435,1037,2486,13853,0,13853
20232,A,골목상권,3110898,청림동주민센터(상도중학교),20733,10186,10547,2808,2087,2820,3418,3072,6528,1455,1088,1448,1742,1562,2891,1353,999,1372,1676,1510,3637,8694,0,8694
20232,A,골목상권,3110899,낙성대역 5번(관악중학교),13811,6627,7184,875,1158,5175,2487,1349,2767,439,494,2434,1323,687,1250,436,664,2741,1164,662,1517,9243,0,9243
20232,A,골목상권,3110900,낙성대역 1번(관악구민 종합체육센터),20470,10207,10263,1809,1950,6128,3511,2517,4555,937,949,3061,1869,1298,2093,872,1001,3067,1642,1219,2462,11982,0,11982
20232,A,골목상권,3110901,인헌고등학교(인헌중학교),20015,9814,10201,2158,2039,4057,3463,2927,5371,1136,1015,2017,1794,1431,2421,1022,1024,2040,1669,1496,2950,9679,0,9679
20232,A,골목상권,3110902,사당역 4번,25874,12446,13428,2458,2339,6304,4408,3174,7191,1269,1116,2979,2295,1482,3305,1189,1223,3325,2113,1692,3886,13686,0,13686
20232,A,골목상권,3110903,방배아이파크아파트,12958,5985,6973,1632,1871,1779,2024,2519,3133,796,794,824,911,1208,1452,836,1077,955,1113,1311,1681,5235,0,5235
20232,A,골목상권,3110904,이수역 5번,9653,4463,5190,1231,1288,1534,1663,1613,2324,625,586,653,761,763,1075,606,702,881,902,850,1249,4430,0,4430
20232,A,골목상권,3110905,방배노인종합복지관(이수중학교),11310,5367,5943,1395,1399,1873,1887,1722,3034,725,717,846,916,793,1370,670,682,1027,971,929,1664,4961,0,4961
20232,A,골목상권,3110906,서문여고,9315,4276,5039,1231,1408,1257,1446,1852,2121,578,579,578,654,877,1010,653,829,679,792,975,1111,3653,0,3653
20232,A,골목상권,3110907,방배초등학교,13240,6039,7201,1798,1746,2057,2316,2321,3002,879,720,875,1058,1100,1407,919,1026,1182,1258,1221,1595,5762,0,5762
20232,A,골목상권,3110908,구반포역,7930,3706,4224,1033,1349,657,1115,1816,1960,548,625,300,426,906,901,485,724,357,689,910,1059,2613,0,2613
20232,A,골목상권,3110909,남태령역(서울전자고등학교),2132,1076,1056,346,225,372,377,289,523,174,115,202,201,141,243,172,110,170,176,148,280,899,0,899
20232,A,골목상권,3110910,내방역 5번,9210,4201,5009,1186,1077,1503,1698,1550,2196,556,486,634,797,728,1000,630,591,869,901,822,1196,4375,0,4375
20232,A,골목상권,3110911,방배배수지체육공원,5036,2354,2682,639,645,758,763,796,1435,291,277,369,368,366,683,348,368,389,395,430,752,1952,0,1952
20232,A,골목상권,3110912,방배동사이길,8667,4061,4606,1285,1146,1014,1334,1615,2273,643,556,451,585,773,1053,642,590,563,749,842,1220,3263,0,3263
20232,A,골목상권,3110913,방현초등학교(방배119안전센터),14092,6773,7319,1432,1928,2245,2103,2344,4040,706,984,1134,1005,1082,1862,726,944,1111,1098,1262,2178,5122,0,5122
20232,A,골목상권,3110914,내방역 6번,5248,2469,2779,619,545,936,1013,821,1314,302,303,394,490,397,583,317,242,542,523,424,731,2676,0,2676
20232,A,골목상권,3110915,서래초등학교,11609,5489,6120,1808,1440,1395,1684,2056,3226,931,717,615,720,971,1535,877,723,780,964,1085,1691,4393,0,4393
20232,A,골목상권,3110916,내방역 4번,13375,6260,7115,1622,1488,2402,2639,2056,3168,813,764,1001,1296,950,1436,809,724,1401,1343,1106,1732,6235,0,6235
20232,A,골목상권,3110917,서초소방서,6245,2937,3308,1010,782,751,960,1078,1664,517,377,328,398,512,805,493,405,423,562,566,859,2225,0,2225
20232,A,골목상권,3110918,방배역 3번,12690,6108,6582,1373,1563,2223,2191,1985,3355,710,873,998,1060,913,1554,663,690,1225,1131,1072,1801,5581,0,5581
20232,A,골목상권,3110919,내방역 8번,11249,5410,5839,1525,1299,1629,1689,1849,3258,795,699,711,793,879,1533,730,600,918,896,970,1725,4730,0,4730
20232,A,골목상권,3110920,방배역 2번(백석예술대학교),5260,2550,2710,483,683,865,739,889,1601,241,363,424,345,417,760,242,320,441,394,472,841,2149,0,2149
20232,A,골목상권,3110921,서울프랑스학교,5770,2679,3091,931,690,710,956,983,1500,469,343,300,383,472,712,462,347,410,573,511,788,2135,0,2135
20232,A,골목상권,3110922,내방역 1번,9670,4640,5030,1264,1011,1597,1703,1422,2673,655,535,702,824,689,1235,609,476,895,879,733,1438,4057,0,4057
20232,A,골목상권,3110923,방배역 1번,4569,2250,2319,516,505,690,641,714,1503,267,301,342,298,325,717,249,204,348,343,389,786,2077,0,2077
20232,A,골목상권,3110924,반포4동주민센터(몽마르뜨공원),9034,4179,4855,1403,984,1258,1650,1420,2319,726,473,553,731,663,1033,677,511,705,919,757,1286,3589,0,3589
20232,A,골목상권,3110925,서초중학교,8536,4178,4358,884,1168,1379,1288,1552,2265,439,689,663,628,725,1034,445,479,716,660,827,1231,3630,0,3630
20232,A,골목상권,3110926,신중초등학교,9901,4871,5030,1245,1421,1411,1393,1737,2694,665,826,664,638,816,1262,580,595,747,755,921,1432,4366,0,4366
20232,A,골목상권,3110927,잠원역,9064,4366,4698,1519,1171,969,1483,1778,2144,781,589,471,631,878,1016,738,582,498,852,900,1128,3968,0,3968
20232,A,골목상권,3110928,서초우방유쉘아파트,2557,1252,1305,209,269,610,421,372,676,110,128,277,219,193,325,99,141,333,202,179,351,2272,0,2272
20232,A,골목상권,3110929,남부터미널역 1번,14601,7173,7428,2262,1552,2194,2809,2269,3515,1163,847,1007,1371,1135,1650,1099,705,1187,1438,1134,1865,6392,0,6392
20232,A,골목상권,3110930,서초동성당,13138,6346,6792,2078,1449,1857,2435,2112,3207,1053,777,851,1131,1054,1480,1025,672,1006,1304,1058,1727,5590,0,5590
20232,A,골목상권,3110931,삼성전자서울R&D(서울우면초등학교),1478,743,735,390,101,183,307,165,332,206,59,87,150,89,152,184,42,96,157,76,180,416,0,416
20232,A,골목상권,3110932,서울시인재개발원,5835,2922,2913,966,599,875,1036,897,1462,525,327,437,509,437,687,441,272,438,527,460,775,2182,0,2182
20232,A,골목상권,3110933,한국상담대학원대학교,5864,2894,2970,1079,629,758,1113,952,1333,562,346,358,535,482,611,517,283,400,578,470,722,2099,0,2099
20232,A,골목상권,3110934,우면주공아파트,8703,4135,4568,1125,756,1229,1486,1126,2981,566,393,622,748,541,1265,559,363,607,738,585,1716,3613,0,3613
20232,A,골목상권,3110935,한전아트센터,5410,2703,2707,960,545,755,1061,908,1181,506,302,365,508,461,561,454,243,390,553,447,620,2265,0,2265
20232,A,골목상권,3110936,더케이호텔(양재리본타워2단지아파트),2489,1202,1287,520,206,325,566,308,564,279,102,149,273,160,239,241,104,176,293,148,325,882,0,882
20232,A,골목상권,3110937,방아다리근린공원(횃불트리니티신학대학원대학교),1548,755,793,133,119,317,250,181,548,76,55,143,133,84,264,57,64,174,117,97,284,892,0,892
20232,A,골목상권,3110938,바우뫼공원,1790,867,923,239,158,301,319,239,534,133,72,129,169,119,245,106,86,172,150,120,289,875,0,875
20232,A,골목상권,3110939,양재역 8번(양재동우체국),12146,5835,6311,1223,1095,2522,2331,1711,3264,640,547,1200,1154,819,1475,583,548,1322,1177,892,1789,6394,0,6394
20232,A,골목상권,3110940,양재근린공원(양재2동주민센터),5009,2505,2504,520,448,1028,975,762,1276,262,232,505,516,394,596,258,216,523,459,368,680,2393,0,2393
20232,A,골목상권,3110941,언남고등학교,4211,2145,2066,496,402,842,841,656,974,263,215,442,431,334,460,233,187,400,410,322,514,1956,0,1956
20232,A,골목상권,3110942,염곡동 구룡사(포이동성당),16161,7994,8167,1928,1628,3155,3107,2597,3746,968,857,1566,1600,1290,1713,960,771,1589,1507,1307,2033,7479,0,7479
20232,A,골목상권,3110943,법제교육센터(버들어린이공원),8897,4448,4449,1108,942,1687,1717,1498,1945,569,501,882,873,726,897,539,441,805,844,772,1048,4080,0,4080
20232,A,골목상권,3110944,서울나래학교(염곡어린이공원),754,373,381,67,73,123,90,93,308,33,34,71,47,38,150,34,39,52,43,55,158,409,0,409
20232,A,골목상권,3110945,본마을노인복지센터(서초구립내곡도서관),1764,879,885,223,185,240,227,264,625,112,101,118,110,124,314,111,84,122,117,140,311,638,0,638
20232,A,골목상권,3110946,청계산원터골,515,278,237,29,20,115,97,72,182,14,12,56,61,44,91,15,8,59,36,28,91,468,0,468
20232,A,골목상권,3110947,청계산입구역 2번(내곡동주민센터),3915,1928,1987,728,236,540,873,447,1091,364,139,249,463,221,492,364,97,291,410,226,599,1816,0,1816
20232,A,골목상권,3110948,헌인가구단지,161,85,76,7,4,19,17,20,94,5,1,10,8,13,48,2,3,9,9,7,46,55,0,55
20232,A,골목상권,3110949,한남IC,6883,3219,3664,842,903,1035,1214,1288,1601,451,452,430,535,641,710,391,451,605,679,647,891,2761,0,2761
20232,A,골목상권,3110950,논현역 7번,4934,2247,2687,455,378,1056,1049,699,1297,230,186,464,469,322,576,225,192,592,580,377,721,2577,0,2577
20232,A,골목상권,3110951,신사은행나무공원,4422,2015,2407,424,441,994,908,645,1010,225,202,406,408,309,465,199,239,588,500,336,545,2149,0,2149
20232,A,골목상권,3110952,논현목련공원,7623,3476,4147,427,573,1956,1774,1122,1771,215,285,836,809,556,775,212,288,1120,965,566,996,4751,0,4751
20232,A,골목상권,3110953,학동근린공원,4925,2233,2692,371,384,1169,1059,668,1274,178,179,501,460,319,596,193,205,668,599,349,678,2638,0,2638
20232,A,골목상권,3110954,국기원,2309,1143,1166,130,155,710,530,291,493,66,81,327,255,171,243,64,74,383,275,120,250,1464,0,1464
20232,A,골목상권,3110955,논현초등학교,17452,8078,9374,1103,1322,4842,4067,2328,3790,548,631,2111,1924,1177,1687,555,691,2731,2143,1151,2103,11165,0,11165
20232,A,골목상권,3110956,언주역 8번,5051,2411,2640,349,335,1473,1201,604,1089,162,167,634,599,336,513,187,168,839,602,268,576,3367,0,3367
20232,A,골목상권,3110957,언북중학교,3346,1530,1816,251,262,790,752,450,841,128,118,340,346,221,377,123,144,450,406,229,464,1975,0,1975
20232,A,골목상권,3110958,역삼역 4번,4738,2387,2351,308,359,1405,1058,561,1047,136,182,677,557,323,512,172,177,728,501,238,535,3221,0,3221
20232,A,골목상권,3110959,신구중학교,2342,1104,1238,288,233,329,421,364,707,152,115,154,201,172,310,136,118,175,220,192,397,1118,0,1118
20232,A,골목상권,3110960,은광여고,5910,2790,3120,729,616,1281,1158,849,1277,321,291,592,560,426,600,408,325,689,598,423,677,3030,0,3030
20232,A,골목상권,3110968,강남구청역 2번,5066,2388,2678,581,458,1035,1061,745,1186,295,251,453,471,357,561,286,207,582,590,388,625,2659,0,2659
20232,A,골목상권,3110969,베르사이유1아파트,5786,2922,2864,949,446,1264,1283,813,1031,578,214,560,623,453,494,371,232,704,660,360,537,3753,0,3753
20232,A,골목상권,3110970,학동초등학교,7060,3282,3778,814,745,1392,1501,1110,1498,416,401,582,667,533,683,398,344,810,834,577,815,3594,0,3594
20232,A,골목상권,3110974,언주중학교,10478,4943,5535,1406,1236,1632,2128,1876,2200,727,690,709,875,933,1009,679,546,923,1253,943,1191,4685,0,4685
20232,A,골목상권,3110975,매봉역 1번,5193,2480,2713,647,674,890,780,877,1325,315,327,391,388,411,648,332,347,499,392,466,677,2007,0,2007
20232,A,골목상권,3110976,언북초등학교,9529,4471,5058,1485,1052,1592,1935,1545,1920,787,555,653,860,771,845,698,497,939,1075,774,1075,4253,0,4253
20232,A,골목상권,3110977,논현로18길,5934,3024,2910,591,729,1093,1066,1100,1355,312,371,538,562,555,686,279,358,555,504,545,669,3150,0,3150
20232,A,골목상권,3110978,도곡2동주민센터(대치중학교),3909,1845,2064,402,464,632,592,621,1198,204,218,267,283,295,578,198,246,365,309,326,620,1677,0,1677
20232,A,골목상권,3110979,청담초등학교,4524,2119,2405,539,528,565,702,791,1399,294,271,247,314,344,649,245,257,318,388,447,750,2011,0,2011
20232,A,골목상권,3110980,개포지구대옆,8842,4304,4538,948,1093,1324,1506,1600,2371,489,539,628,726,796,1126,459,554,696,780,804,1245,4137,0,4137
20232,A,골목상권,3110981,국악고교사거리,9627,4770,4857,1098,1242,1663,1746,1772,2106,556,638,830,918,835,993,542,604,833,828,937,1113,4589,0,4589
20232,A,골목상권,3110982,강남구보훈회관,10419,4991,5428,1749,1296,1387,2257,1856,1874,945,741,567,942,952,844,804,555,820,1315,904,1030,4575,0,4575
20232,A,골목상권,3110983,국립국악고등학교,8052,3952,4100,913,1113,1171,1382,1587,1886,470,568,565,679,766,904,443,545,606,703,821,982,5278,0,5278
20232,A,골목상권,3110984,포이초등학교(개포목련어린이공원),8420,4203,4217,1052,1044,1424,1527,1500,1873,549,548,714,795,726,871,503,496,710,732,774,1002,3679,0,3679
20232,A,골목상권,3110985,청담근린공원,4719,2237,2482,450,499,708,744,809,1509,236,258,344,347,374,678,214,241,364,397,435,831,2276,0,2276
20232,A,골목상권,3110986,삼성중앙역 7번,6499,3109,3390,702,675,1258,1412,1045,1407,385,364,557,652,511,640,317,311,701,760,534,767,3219,0,3219
20232,A,골목상권,3110987,영동대교남단,4932,2302,2630,689,627,749,859,856,1152,366,311,331,384,375,535,323,316,418,475,481,617,2068,0,2068
20232,A,골목상권,3110988,청담역 3번,4615,2279,2336,558,577,622,658,730,1470,309,343,311,290,333,693,249,234,311,368,397,777,1920,0,1920
20232,A,골목상권,3110989,대치동아우편취급국,11208,5353,5855,967,1792,2007,2084,2214,2144,511,939,904,914,1076,1009,456,853,1103,1170,1138,1135,5786,0,5786
20232,A,골목상권,3110990,청담역 12번,2525,1254,1271,293,289,369,378,379,817,154,167,199,169,176,389,139,122,170,209,203,428,1017,0,1017
20232,A,골목상권,3110991,삼성중앙역 5번,2063,998,1065,172,219,423,379,342,528,89,129,186,189,168,237,83,90,237,190,174,291,1122,0,1122
20232,A,골목상권,3110992,도곡초등학교,19210,9316,9894,1770,3803,2707,2883,4520,3527,990,2101,1232,1226,2106,1661,780,1702,1475,1657,2414,1866,8155,0,8155
20232,A,골목상권,3110993,개포지하차도 북측,1123,560,563,126,129,199,162,152,355,76,70,97,82,61,174,50,59,102,80,91,181,531,0,531
20232,A,골목상권,3110994,개포고등학교,2464,1231,1233,344,339,330,332,410,709,182,187,175,157,183,347,162,152,155,175,227,362,1780,0,1780
20232,A,골목상권,3110995,봉은사역 4번,8573,4265,4308,1120,1170,1220,1358,1502,2203,567,733,596,631,689,1049,553,437,624,727,813,1154,3493,0,3493
20232,A,골목상권,3110996,대치2동주민센터,12736,6570,6166,1440,2655,1411,1420,3144,2666,851,1639,688,602,1474,1316,589,1016,723,818,1670,1350,4164,0,4164
20232,A,골목상권,3110997,대청초등학교,14579,7278,7301,1724,1904,2430,2132,2406,3983,913,1119,1177,1054,1152,1863,811,785,1253,1078,1254,2120,6849,0,6849
20232,A,골목상권,3110998,은곡마을(은곡마을공원),6636,3240,3396,1487,868,579,1125,1236,1341,740,435,283,515,659,608,747,433,296,610,577,733,3228,0,3228
20232,A,골목상권,3110999,윗방죽마을공원,8828,4199,4629,1547,802,1694,1888,1215,1682,769,383,716,939,636,756,778,419,978,949,579,926,5849,0,5849
20232,A,골목상권,3111000,대왕초등학교(세곡동사거리서남측),1805,859,946,381,187,180,331,229,497,183,101,95,152,118,210,198,86,85,179,111,287,637,0,637
20232,A,골목상권,3111001,아래방죽마을공원(율현초등학교),6175,2887,3288,1225,579,936,1337,711,1387,598,283,404,647,344,611,627,296,532,690,367,776,3761,0,3761
20232,A,골목상권,3111002,한국교통안전공단 강남자동차검사소,7,6,1,0,0,1,2,0,4,0,0,1,2,0,3,0,0,0,0,0,1,1,0,1
20232,A,골목상권,3111003,삼전역 4번,26235,12543,13692,2793,3008,4976,4929,4064,6465,1464,1476,2291,2416,1902,2994,1329,1532,2685,2513,2162,3471,12263,0,12263
20232,A,골목상권,3111004,삼전역 1번,35213,16827,18386,3964,3683,6746,6749,5470,8601,2075,1823,3062,3271,2657,3939,1889,1860,3684,3478,2813,4662,17371,0,17371
20232,A,골목상권,3111005,삼전역 3번,22665,11102,11563,2543,2406,4403,4506,3591,5216,1317,1240,2096,2276,1727,2446,1226,1166,2307,2230,1864,2770,10969,0,10969
20232,A,골목상권,3111006,석촌고분역 1번,27823,13238,14585,3283,2780,5275,5455,4288,6742,1721,1426,2387,2602,2056,3046,1562,1354,2888,2853,2232,3696,13031,0,13031
20232,A,골목상권,3111007,석촌고분역 4번,19065,9329,9736,2139,1972,3617,3814,2960,4563,1088,1090,1762,1915,1427,2047,1051,882,1855,1899,1533,2516,9306,0,9306
20232,A,골목상권,3111008,석촌고분역 3번,19703,9550,10153,2170,1973,3715,3731,2995,5119,1059,1062,1815,1915,1442,2257,1111,911,1900,1816,1553,2862,9805,0,9805
20232,A,골목상권,3111009,송파책박물관,8068,3950,4118,900,872,1431,1425,1281,2159,437,471,704,740,618,980,463,401,727,685,663,1179,5035,0,5035
20232,A,골목상권,3111010,석촌역 7번,21987,10450,11537,2423,1984,4690,4319,3109,5462,1237,1015,2110,2117,1479,2492,1186,969,2580,2202,1630,2970,11081,0,11081
20232,A,골목상권,3111011,잠실나루역,10393,4956,5437,1786,1130,1385,1781,1626,2685,879,592,622,821,788,1254,907,538,763,960,838,1431,3478,0,3478
20232,A,골목상권,3111012,석촌역 6번,18947,9265,9682,2196,1890,3591,3427,2962,4881,1088,989,1696,1715,1479,2298,1108,901,1895,1712,1483,2583,9122,0,9122
20232,A,골목상권,3111013,송파나루역 1번(송리단길),17073,8152,8921,1714,1517,3756,3371,2327,4388,867,750,1691,1673,1136,2035,847,767,2065,1698,1191,2353,8607,0,8607
20232,A,골목상권,3111014,송파나루역 2번,11987,5829,6158,1192,1005,2552,2420,1679,3139,605,513,1221,1247,817,1426,587,492,1331,1173,862,1713,6878,0,6878
20232,A,골목상권,3111015,석촌역 3번,29116,14034,15082,3074,3223,5703,5084,4443,7589,1549,1596,2688,2555,2117,3529,1525,1627,3015,2529,2326,4060,13733,0,13733
20232,A,골목상권,3111016,송파역 2번,13889,6736,7153,1790,1946,2026,2041,2408,3678,907,954,1003,1015,1149,1708,883,992,1023,1026,1259,1970,6089,0,6089
20232,A,골목상권,3111017,송파나루역 3번,11566,5566,6000,1307,1341,2124,2002,1785,3007,672,663,1021,1026,818,1366,635,678,1103,976,967,1641,5588,0,5588
20232,A,골목상권,3111018,풍납초등학교(풍납백제문화공원),11511,5689,5822,1339,1273,1666,1801,1899,3533,707,645,835,923,937,1642,632,628,831,878,962,1891,4497,0,4497
20232,A,골목상권,3111019,한성백제역 3번,20532,9998,10534,2437,2336,3566,3712,3263,5218,1282,1216,1726,1829,1546,2399,1155,1120,1840,1883,1717,2819,10229,0,10229
20232,A,골목상권,3111020,방이동고분군(방산고등학교),9648,4657,4991,1242,1461,1335,1272,1707,2631,643,733,650,558,786,1287,599,728,685,714,921,1344,3346,0,3346
20232,A,골목상권,3111021,방이역 4번,26057,12704,13353,3260,3681,3821,3993,4657,6645,1655,1905,1902,1893,2205,3144,1605,1776,1919,2100,2452,3501,10427,0,10427
20232,A,골목상권,3111022,석촌중학교(방이육교),19948,9886,10062,2407,2694,3112,2814,3375,5546,1255,1408,1554,1362,1596,2711,1152,1286,1558,1452,1779,2835,7583,0,7583
20232,A,골목상권,3111023,문정역 1번,11268,5606,5662,1314,1320,1973,1878,1838,2945,686,680,989,984,882,1385,628,640,984,894,956,1560,4873,0,4873
20232,A,골목상권,3111024,경찰병원역 4번(건너말공원),8425,4247,4178,820,1013,1653,1295,1374,2270,452,519,812,664,686,1114,368,494,841,631,688,1156,3843,0,3843
20232,A,골목상권,3111025,경찰병원역 3번,18174,9019,9155,2818,2348,2901,3046,3130,3931,1472,1235,1391,1478,1545,1898,1346,1113,1510,1568,1585,2033,6865,0,6865
20232,A,골목상권,3111026,문정역 2번,15483,7603,7880,2043,1871,2584,2588,2509,3888,1043,912,1296,1326,1184,1842,1000,959,1288,1262,1325,2046,10788,0,10788
20232,A,골목상권,3111027,문정초등학교,18646,9197,9449,2252,2304,3227,2903,3049,4911,1159,1158,1610,1494,1421,2355,1093,1146,1617,1409,1628,2556,7676,0,7676
20232,A,골목상권,3111028,문현중학교(장지역 1번),11193,5508,5685,1632,1323,1752,1812,1766,2908,829,660,913,923,829,1354,803,663,839,889,937,1554,6812,0,6812
20232,A,골목상권,3111029,오금역 4번,12039,5939,6100,1936,1597,1639,2022,2153,2692,1013,817,801,961,1068,1279,923,780,838,1061,1085,1413,4355,0,4355
20232,A,골목상권,3111030,방이역 2번,9089,4360,4729,905,1251,1408,1109,1469,2947,452,635,665,510,670,1428,453,616,743,599,799,1519,3438,0,3438
20232,A,골목상권,3111031,장지동주민센터(한림연예예술고교),14158,6984,7174,2097,1865,1916,2379,2385,3516,1045,942,999,1164,1171,1663,1052,923,917,1215,1214,1853,5537,0,5537
20232,A,골목상권,3111032,방이역 1번,15479,7509,7970,1753,2369,2111,1927,2836,4483,914,1234,1016,859,1323,2163,839,1135,1095,1068,1513,2320,5455,0,5455
20232,A,골목상권,3111033,문정동성당,5715,2820,2895,827,680,813,967,888,1540,400,370,411,459,451,729,427,310,402,508,437,811,2309,0,2309
20232,A,골목상권,3111034,오동나무공원(송파레미니스1단지),10317,5121,5196,1244,1441,1484,1488,1932,2728,652,757,755,720,940,1297,592,684,729,768,992,1431,5223,0,5223
20232,A,골목상권,3111035,오금공원(오주중학교),10957,5472,5485,1259,1464,1623,1628,1981,3002,645,786,833,835,957,1416,614,678,790,793,1024,1586,4447,0,4447
20232,A,골목상권,3111036,투구봉어린이공원,8769,4254,4515,1117,1082,1332,1364,1463,2411,563,557,672,684,677,1101,554,525,660,680,786,1310,3945,0,3945
20232,A,골목상권,3111037,Sh수협은행 오금동금융센터(아랫말어린이공원),5924,2987,2937,634,753,897,876,1101,1663,327,421,462,455,533,789,307,332,435,421,568,874,3626,0,3626
20232,A,골목상권,3111038,보인중학교,12763,6375,6388,1552,1764,1749,1884,2278,3536,817,936,885,947,1103,1687,735,828,864,937,1175,1849,4904,0,4904
20232,A,골목상권,3111039,벌말어린이공원,12582,6365,6217,1417,1658,1779,1870,2306,3552,726,894,940,962,1133,1710,691,764,839,908,1173,1842,5150,0,5150
20232,A,골목상권,3111040,거여초등학교,9152,4655,4497,982,1207,1301,1386,1700,2576,491,655,704,729,836,1240,491,552,597,657,864,1336,4631,0,4631
20232,A,골목상권,3111041,거여역 8번,4612,2316,2296,566,574,578,706,796,1392,276,302,300,354,402,682,290,272,278,352,394,710,2566,0,2566
20232,A,골목상권,3111042,거여역 1번(거여공원),18269,9368,8901,1913,2233,2400,2674,3291,5758,984,1203,1316,1363,1694,2808,929,1030,1084,1311,1597,2950,8803,0,8803
20232,A,골목상권,3111043,마천공원,10058,5103,4955,1039,1220,1441,1561,1783,3014,525,662,760,831,882,1443,514,558,681,730,901,1571,4515,0,4515
20232,A,골목상권,3111044,남천초등학교,14440,7389,7051,1418,1572,1796,2059,2528,5067,714,864,982,1092,1321,2416,704,708,814,967,1207,2651,6921,0,6921
20232,A,골목상권,3111045,개미어린이공원,9816,4887,4929,945,1153,1130,1397,1800,3391,458,592,634,698,943,1562,487,561,496,699,857,1829,4908,0,4908
20232,A,골목상권,3111046,마천역(마천초등학교),26224,13478,12746,2683,2779,3135,3784,4502,9341,1366,1438,1743,2013,2425,4493,1317,1341,1392,1771,2077,4848,12275,0,12275
20232,A,골목상권,3111047,마천1치안센터,19521,9916,9605,2450,2334,2202,2940,3329,6266,1251,1193,1174,1525,1765,3008,1199,1141,1028,1415,1564,3258,7445,0,7445
20232,A,골목상권,3111048,천호역 1번(천호문구완구거리),9946,4931,5015,937,859,1667,1684,1539,3260,469,441,861,870,794,1496,468,418,806,814,745,1764,4944,0,4944
20232,A,골목상권,3111049,천호지구대(천호동자전거거리),13392,6776,6616,1383,1124,2247,2362,2177,4099,718,573,1093,1259,1177,1956,665,551,1154,1103,1000,2143,8382,0,8382
20232,A,골목상권,3111050,강동구청(강동구청역 2번),9697,4742,4955,1484,955,1389,1741,1466,2662,788,489,652,861,724,1228,696,466,737,880,742,1434,3999,0,3999
20232,A,골목상권,3111051,천호역 6번,23126,11466,11660,2671,2150,3650,3849,3602,7204,1398,1079,1817,2026,1802,3344,1273,1071,1833,1823,1800,3860,11580,0,11580
20232,A,골목상권,3111052,암사역 3번(천호동자전거거리),20393,10125,10268,3094,1951,3159,3795,3086,5308,1599,997,1493,1965,1571,2500,1495,954,1666,1830,1515,2808,9625,0,9625
20232,A,골목상권,3111053,성내천어린이공원(하니사랑길),12795,6227,6568,1816,1458,1858,2216,1994,3453,941,777,910,1064,948,1587,875,681,948,1152,1046,1866,5738,0,5738
20232,A,골목상권,3111054,암사역 4번(삼성광나루아파트),11801,5826,5975,1986,1147,1620,2304,1731,3013,1025,616,783,1150,861,1391,961,531,837,1154,870,1622,5158,0,5158
20232,A,골목상권,3111055,선사초등학교,4897,2435,2462,799,501,624,964,707,1302,408,275,317,479,353,603,391,226,307,485,354,699,2522,0,2522
20232,A,골목상권,3111056,천호태영아파트,7553,3815,3738,627,597,1439,1369,1095,2426,316,316,738,712,586,1147,311,281,701,657,509,1279,6173,0,6173
20232,A,골목상권,3111057,천호공원(해공체육문화센터),15019,7722,7297,1442,1584,2027,2226,2621,5119,741,881,1061,1214,1360,2465,701,703,966,1012,1261,2654,8559,0,8559
20232,A,골목상권,3111058,성내중학교,14760,7340,7420,1819,1630,2308,2654,2321,4028,933,858,1176,1370,1148,1855,886,772,1132,1284,1173,2173,6922,0,6922
20232,A,골목상권,3111059,강동역 4번(강풀만화거리),36669,18133,18536,4230,3305,6633,6703,5325,10473,2186,1671,3221,3485,2643,4927,2044,1634,3412,3218,2682,5546,19545,0,19545
20232,A,골목상권,3111060,암사역 2번(서울강동초등학교),30599,15437,15162,3486,3133,4772,5190,4926,9092,1785,1659,2420,2776,2495,4302,1701,1474,2352,2414,2431,4790,15301,0,15301
20232,A,골목상권,3111061,암사역 1번,30340,15148,15192,3543,3115,4554,5400,4763,8965,1811,1672,2313,2812,2393,4147,1732,1443,2241,2588,2370,4818,15411,0,15411
20232,A,골목상권,3111062,둔촌동역 3번(성내3동주민센터),10107,5137,4970,1264,1229,1386,1746,1746,2736,692,700,759,879,852,1255,572,529,627,867,894,1481,4611,0,4611
20232,A,골목상권,3111063,강동구립 천호도서관,20969,10575,10394,2068,1887,3438,3365,3196,7015,1062,974,1728,1832,1659,3320,1006,913,1710,1533,1537,3695,12914,0,12914
20232,A,골목상권,3111064,둔촌동역 4번,16408,8196,8212,2000,2009,2302,2833,2767,4497,1049,1112,1216,1432,1371,2016,951,897,1086,1401,1396,2481,7497,0,7497
20232,A,골목상권,3111065,천일초등학교,18053,9237,8816,1758,1917,2604,2670,2977,6127,928,978,1338,1470,1547,2976,830,939,1266,1200,1430,3151,9057,0,9057
20232,A,골목상권,3111066,암사동성당(효정하나플러스아파트),22271,11132,11139,2412,2344,3258,3662,3596,6999,1225,1240,1667,1965,1806,3229,1187,1104,1591,1697,1790,3770,11393,0,11393
20232,A,골목상권,3111067,강동구립성내도서관,26995,13186,13809,3023,2746,5081,4886,4029,7230,1571,1452,2376,2484,1976,3327,1452,1294,2705,2402,2053,3903,13406,0,13406
20232,A,골목상권,3111068,강동성심병원,9795,4735,5060,1068,709,2411,2042,1293,2272,558,337,1025,1063,676,1076,510,372,1386,979,617,1196,6566,0,6566
20232,A,골목상권,3111069,천호1동주민센터,26066,13239,12827,2820,2893,3695,4053,4259,8346,1463,1505,1934,2197,2166,3974,1357,1388,1761,1856,2093,4372,12656,0,12656
20232,A,골목상권,3111070,천호초등학교,18822,9385,9437,2067,2034,2780,2888,3063,5990,1053,1062,1438,1518,1518,2796,1014,972,1342,1370,1545,3194,8958,0,8958
20232,A,골목상권,3110961,언주역 3번,6920,3184,3736,628,535,1694,1512,952,1599,315,255,716,712,460,726,313,280,978,800,492,873,4179,0,4179
20232,A,골목상권,3110962,도산공원북측,1405,671,734,199,116,195,312,194,389,104,49,91,166,94,167,95,67,104,146,100,222,706,0,706
20232,A,골목상권,3110963,역삼월드메르디앙아파트,9762,4573,5189,925,954,2242,1957,1405,2279,461,453,1000,939,661,1059,464,501,1242,1018,744,1220,5353,0,5353
20232,A,골목상권,3110964,싸리고개근린공원,8949,4190,4759,1299,1110,1288,1425,1520,2307,607,534,567,644,729,1109,692,576,721,781,791,1198,3441,0,3441
20232,A,골목상권,3110965,언주역 6번,6240,2812,3428,453,432,1809,1592,792,1162,228,181,752,695,407,549,225,251,1057,897,385,613,3988,0,3988
20232,A,골목상권,3110966,논현2동주민센터,7799,3658,4141,854,749,1359,1575,1126,2136,442,390,564,725,542,995,412,359,795,850,584,1141,4068,0,4068
20232,A,골목상권,3110967,역삼역 8번,6233,2814,3419,414,415,1865,1605,773,1161,205,168,765,718,402,556,209,247,1100,887,371,605,4192,0,4192
20232,A,골목상권,3110971,선정릉역 4번,10340,4821,5519,747,853,2758,2491,1409,2082,373,401,1184,1182,732,949,374,452,1574,1309,677,1133,6414,0,6414
20232,A,골목상권,3110972,강남세브란스병원미래의학연구센터,10695,5034,5661,1131,1375,1937,1905,1771,2576,595,659,859,887,861,1173,536,716,1078,1018,910,1403,5374,0,5374
20232,A,골목상권,3110973,강남구청역 4번,11913,5634,6279,2154,1406,1617,2444,1999,2293,1137,760,680,1039,979,1039,1017,646,937,1405,1020,1254,4628,0,4628
20232,A,골목상권,3111071,천동초등학교,12559,6279,6280,1394,1209,2055,2152,1865,3884,745,603,1008,1157,919,1847,649,606,1047,995,946,2037,6026,0,6026
20232,A,골목상권,3111072,굽은다리역 1번(십자성마을),28403,14231,14172,3072,3026,4168,4617,4483,9037,1614,1530,2117,2461,2254,4255,1458,1496,2051,2156,2229,4782,13478,0,13478
20232,A,골목상권,3111073,둔촌동역 1번(한산중학교),19226,9501,9725,2254,2162,3026,3068,3106,5610,1187,1098,1506,1561,1525,2624,1067,1064,1520,1507,1581,2986,9166,0,9166
20232,A,골목상권,3111074,명일역 1번,17897,8824,9073,2253,2138,2457,2696,2965,5388,1124,1119,1279,1346,1440,2516,1129,1019,1178,1350,1525,2872,7529,0,7529
20232,A,골목상권,3111075,굽은다리역 2번,19927,9755,10172,2183,2295,2967,2953,3172,6357,1088,1198,1515,1501,1509,2944,1095,1097,1452,1452,1663,3413,8542,0,8542
20232,A,골목상권,3111076,둔촌2동주민센터,13821,6855,6966,1582,1584,2156,2175,2250,4074,825,804,1089,1121,1101,1915,757,780,1067,1054,1149,2159,6140,0,6140
20232,A,골목상권,3111077,길동주민센터(강동도서관),34212,17025,17187,3760,3732,5364,5595,5498,10263,2001,1910,2653,2923,2721,4817,1759,1822,2711,2672,2777,5446,15946,0,15946
20232,A,골목상권,3111078,굽은다리역 4번,29632,14500,15132,3481,3343,4566,4697,4635,8910,1820,1718,2239,2382,2227,4114,1661,1625,2327,2315,2408,4796,12723,0,12723
20232,A,골목상권,3111079,둔촌고등학교(둔촌중학교),17536,8672,8864,2329,2176,2562,2644,2781,5044,1217,1113,1268,1341,1374,2359,1112,1063,1294,1303,1407,2685,7115,0,7115
20232,A,골목상권,3111080,굽은다리역 3번,19393,9477,9916,2532,2588,2619,2738,3193,5723,1335,1356,1316,1289,1524,2657,1197,1232,1303,1449,1669,3066,7171,0,7171
20232,A,골목상권,3111081,둔촌푸르지오아파트,10434,5143,5291,1327,1221,1581,1650,1602,3053,713,638,799,820,772,1401,614,583,782,830,830,1652,3951,0,3951
20232,A,골목상권,3111082,중앙보훈병원,10160,5034,5126,1211,1284,1544,1479,1581,3061,647,683,793,746,750,1415,564,601,751,733,831,1646,3381,0,3381
20232,A,골목상권,3111083,GS강동자이아파트,20845,10368,10477,2459,2430,3114,3248,3356,6238,1342,1308,1552,1608,1637,2921,1117,1122,1562,1640,1719,3317,8578,0,8578
20232,A,골목상권,3111084,길동신동아아파트,8596,4204,4392,1076,1040,1389,1356,1391,2344,567,537,693,684,668,1055,509,503,696,672,723,1289,3805,0,3805
20232,A,골목상권,3111085,묘곡초등학교(고덕아이파크아파트),9158,4711,4447,1239,1228,1122,1306,1648,2615,653,684,615,643,844,1272,586,544,507,663,804,1343,5410,0,5410
20232,A,골목상권,3111086,한영중고,9395,4676,4719,1222,1525,1127,1131,1827,2563,638,823,612,492,890,1221,584,702,515,639,937,1342,3154,0,3154
20232,A,골목상권,3111087,고덕중학교(고덕2동주민센터),4709,2510,2199,387,606,599,574,876,1667,200,345,358,318,460,829,187,261,241,256,416,838,2902,0,2902
20232,A,골목상권,3111088,고덕동성당,7286,3669,3617,1045,1034,757,991,1314,2145,539,545,397,498,670,1020,506,489,360,493,644,1125,3989,0,3989
20232,A,골목상권,3111089,상일여고(상일초등학교),6494,3334,3160,850,885,895,796,1193,1875,462,438,499,412,593,930,388,447,396,384,600,945,3569,0,3569
20233,A,골목상권,3110012,성곡미술관,7945,3620,4325,1087,729,1099,1341,1259,2430,561,340,479,581,566,1093,526,389,620,760,693,1337,4385,0,4385
20233,A,골목상권,3110013,체부동홍종문가옥,4051,1870,2181,397,428,595,633,676,1322,213,199,279,282,323,574,184,229,316,351,353,748,2124,0,2124
20233,A,골목상권,3110014,경복고등학교,3618,1729,1889,492,508,442,594,656,926,269,289,207,254,295,415,223,219,235,340,361,511,1536,0,1536
20233,A,골목상권,3110015,청와대사랑채,3471,1594,1877,383,434,404,555,630,1065,200,227,179,240,283,465,183,207,225,315,347,600,1521,0,1521
20233,A,골목상권,3110016,평창동동측,4742,2300,2442,525,580,572,622,829,1614,291,311,305,291,372,730,234,269,267,331,457,884,2008,0,2008
20233,A,골목상권,3110017,정독도서관,3445,1608,1837,311,320,403,523,552,1336,168,161,194,248,266,571,143,159,209,275,286,765,1743,0,1743
20233,A,골목상권,3110018,중앙고등학교,4775,2221,2554,463,521,605,753,825,1608,239,253,288,345,399,697,224,268,317,408,426,911,2235,0,2235
20233,A,골목상권,3110019,창덕궁,1793,1101,692,90,103,207,238,339,816,55,51,127,137,234,497,35,52,80,101,105,319,1282,0,1282
20233,A,골목상권,3110020,서울국제고등학교,10554,5314,5240,949,1484,2247,1429,1483,2962,470,716,1360,717,747,1304,479,768,887,712,736,1658,5715,0,5715
20233,A,골목상권,3110021,성균관대학교,7627,3668,3959,691,1257,1804,1001,1017,1857,358,536,979,471,503,821,333,721,825,530,514,1036,4806,0,4806
20233,A,골목상권,3110022,경신고등학교,11741,5570,6171,1277,1691,2131,1761,1882,2999,627,806,1119,803,906,1309,650,885,1012,958,976,1690,6276,0,6276
20233,A,골목상권,3110023,서울대병원,2161,1006,1155,170,171,543,331,277,669,83,87,253,160,128,295,87,84,290,171,149,374,1313,0,1313
20233,A,골목상권,3110024,혜회동주민센터,7621,3550,4071,863,1084,1431,1134,1220,1889,427,525,715,498,568,817,436,559,716,636,652,1072,4099,0,4099
20233,A,골목상권,3110025,충신시장옆,4658,2457,2201,263,600,808,553,818,1616,126,358,433,302,423,815,137,242,375,251,395,801,2801,0,2801
20233,A,골목상권,3110026,종로5가역 4번,2402,1397,1005,115,369,313,255,426,924,56,256,186,160,239,500,59,113,127,95,187,424,1367,0,1367
20233,A,골목상권,3110027,혜화역 1번,7546,3633,3913,594,843,1471,1096,1228,2314,278,402,719,572,618,1044,316,441,752,524,610,1270,3756,0,3756
20233,A,골목상권,3110028,이화달팽이길,14361,7320,7041,998,1857,2253,1816,2729,4708,504,991,1190,1015,1392,2228,494,866,1063,801,1337,2480,6663,0,6663
20233,A,골목상권,3110029,동대문역 1번,21304,10986,10318,1616,2610,2908,2689,4162,7319,833,1436,1581,1431,2206,3499,783,1174,1327,1258,1956,3820,9812,0,9812
20233,A,골목상권,3110030,동대문역 3번,7717,4014,3703,527,788,1017,902,1526,2957,274,422,582,464,833,1439,253,366,435,438,693,1518,3799,0,3799
20233,A,골목상권,3110031,창신역 1번,11232,5554,5678,1396,1288,1573,1677,1928,3370,718,692,813,820,937,1574,678,596,760,857,991,1796,4695,0,4695
20233,A,골목상권,3110032,수족관거리,1528,896,632,34,81,194,153,244,822,15,39,113,92,150,487,19,42,81,61,94,335,1248,0,1248
20233,A,골목상권,3110033,창신역 4번,10505,5220,5285,962,1214,1492,1452,1955,3430,488,636,798,743,974,1581,474,578,694,709,981,1849,5841,0,5841
20233,A,골목상권,3110034,창신1동주민센터,3698,1868,1830,291,248,695,677,509,1278,134,103,354,347,283,647,157,145,341,330,226,631,2401,0,2401
20233,A,골목상권,3110035,동묘앞역 2번,13895,6977,6918,1010,1444,2500,1976,2423,4542,523,682,1260,1050,1274,2188,487,762,1240,926,1149,2354,8950,0,8950
20233,A,골목상권,3110036,동묘앞역 3번,7667,3878,3789,551,625,1673,1290,1177,2351,275,272,812,664,660,1195,276,353,861,626,517,1156,5252,0,5252
20233,A,골목상권,3110037,신설동역 12번,9421,4670,4751,761,960,1489,1411,1647,3153,392,472,761,742,825,1478,369,488,728,669,822,1675,5148,0,5148
20233,A,골목상권,3110038,경향신문사,106,56,50,18,6,11,21,15,35,8,3,9,11,9,16,10,3,2,10,6,19,296,0,296
20233,A,골목상권,3110039,회현역 1번,3288,1636,1652,236,242,377,421,451,1561,116,101,190,225,227,777,120,141,187,196,224,784,2143,0,2143
20233,A,골목상권,3110040,중구회현체육센터(정화예술대남산캠퍼스),4273,2090,2183,338,326,508,591,587,1923,167,147,264,314,287,911,171,179,244,277,300,1012,2600,0,2600
20233,A,골목상권,3110041,남산케이블카,3112,1505,1607,267,232,429,483,480,1221,131,117,226,246,247,538,136,115,203,237,233,683,1931,0,1931
20233,A,골목상권,3110042,남산골공원옆,2703,1378,1325,206,241,466,364,395,1031,102,119,268,202,216,471,104,122,198,162,179,560,1494,0,1494
20233,A,골목상권,3110043,충무초등학교,4779,2491,2288,388,608,1199,680,630,1274,194,257,701,386,336,617,194,351,498,294,294,657,3345,0,3345
20233,A,골목상권,3110044,관성묘,4032,2094,1938,270,514,928,524,539,1257,139,219,565,290,290,591,131,295,363,234,249,666,2635,0,2635
20233,A,골목상권,3110045,동대문역사문화공원역 5번,3185,1669,1516,171,308,522,440,482,1262,89,138,292,254,270,626,82,170,230,186,212,636,1982,0,1982
20233,A,골목상권,3110046,버티고개,10937,5339,5598,943,1141,1744,1702,1727,3680,508,600,912,865,842,1612,435,541,832,837,885,2068,5118,0,5118
20233,A,골목상권,3110047,다산성곽길,10357,5021,5336,863,1153,1733,1544,1731,3333,456,597,894,759,851,1464,407,556,839,785,880,1869,4824,0,4824
20233,A,골목상권,3110048,장충동주민센터,10607,5208,5399,926,1202,1851,1531,1758,3339,460,581,964,808,859,1536,466,621,887,723,899,1803,5157,0,5157
20233,A,골목상권,3110049,장충단 고개,7283,3478,3805,734,777,1485,1135,1148,2004,376,366,701,562,558,915,358,411,784,573,590,1089,3534,0,3534
20233,A,골목상권,3110050,약수역 7번,15666,7512,8154,1423,1433,2258,2385,2429,5738,720,748,1130,1210,1215,2489,703,685,1128,1175,1214,3249,7007,0,7007
20233,A,골목상권,3110051,한양공고앞 교차로,7488,3811,3677,546,807,1203,1037,1383,2512,257,423,665,577,724,1165,289,384,538,460,659,1347,3812,0,3812
20233,A,골목상권,3110052,장충초등학교,11066,5346,5720,1018,1234,2101,1677,1842,3194,492,611,1024,853,911,1455,526,623,1077,824,931,1739,5351,0,5351
20233,A,골목상권,3110053,청구역 1번,10890,5466,5424,949,1162,1744,1605,1956,3474,457,598,937,849,1023,1602,492,564,807,756,933,1872,5503,0,5503
20233,A,골목상권,3110054,청구역 3번,12765,6191,6574,1410,1329,2220,2069,2014,3723,715,696,1056,1023,994,1707,695,633,1164,1046,1020,2016,5686,0,5686
20233,A,골목상권,3110055,황학동벼룩시장,6571,3350,3221,836,441,1010,1137,955,2192,428,234,515,588,508,1077,408,207,495,549,447,1115,3519,0,3519
20233,A,골목상권,3110056,신당역 3번,24765,12145,12620,2816,2609,3537,3837,4290,7676,1415,1339,1731,1980,2156,3524,1401,1270,1806,1857,2134,4152,12358,0,12358
20233,A,골목상권,3110057,황학코아루아파트,7958,3949,4009,704,716,1419,1224,1314,2581,357,340,642,669,713,1228,347,376,777,555,601,1353,6789,0,6789
20233,A,골목상권,3110058,성심여자고등학교,17012,8053,8959,2391,1920,2180,2877,2901,4743,1106,905,1044,1417,1433,2148,1285,1015,1136,1460,1468,2595,7191,0,7191
20233,A,골목상권,3110059,새남터성지,8283,3931,4352,1042,700,1112,1314,1254,2861,543,351,539,677,622,1199,499,349,573,637,632,1662,3394,0,3394
20233,A,골목상권,3110060,효창공원앞역 6번,17092,8236,8856,2215,1827,2349,2876,2796,5029,1095,934,1170,1435,1388,2214,1120,893,1179,1441,1408,2815,7727,0,7727
20233,A,골목상권,3110061,효창동주민센터,17194,8309,8885,2228,1899,2662,2802,2782,4821,1158,972,1248,1424,1329,2178,1070,927,1414,1378,1453,2643,7353,0,7353
20233,A,골목상권,3110062,한강로동땡땡거리(은행나무길),6604,3257,3347,832,547,934,1109,970,2212,432,300,490,560,498,977,400,247,444,549,472,1235,4370,0,4370
20233,A,골목상권,3110063,효창공원앞역 5번,9340,4703,4637,1167,835,1444,1629,1382,2883,614,456,745,857,722,1309,553,379,699,772,660,1574,5975,0,5975
20233,A,골목상권,3110064,효창공원앞역 2번,10918,5150,5768,1078,1278,1944,1775,1645,3198,563,596,906,867,794,1424,515,682,1038,908,851,1774,7006,0,7006
20233,A,골목상권,3110065,남정초등학교,4651,2400,2251,607,383,698,820,658,1485,350,202,366,447,353,682,257,181,332,373,305,803,2886,0,2886
20233,A,골목상권,3110066,서울역 15번,10947,5550,5397,1088,1268,1813,1711,2020,3047,566,673,966,912,1012,1421,522,595,847,799,1008,1626,5264,0,5264
20233,A,골목상권,3110067,배문고등학교,21336,10580,10756,1839,2703,3719,3212,3702,6161,972,1318,1864,1668,1893,2865,867,1385,1855,1544,1809,3296,10427,0,10427
20233,A,골목상권,3110068,남영역 1번,12653,6087,6566,1422,1316,2449,2263,1784,3419,752,599,1101,1149,914,1572,670,717,1348,1114,870,1847,9337,0,9337
20233,A,골목상권,3110069,숙대입구,13162,6294,6868,1090,1705,2630,2018,1963,3756,553,706,1183,1034,1043,1775,537,999,1447,984,920,1981,7753,0,7753
20233,A,골목상권,3110070,용산세무서,4971,2388,2583,818,447,667,791,782,1466,408,230,335,371,381,663,410,217,332,420,401,803,2102,0,2102
20233,A,골목상권,3110071,한강미주맨션아파트,10037,4721,5316,1885,942,1061,1753,1648,2748,942,491,489,771,814,1214,943,451,572,982,834,1534,3728,0,3728
20233,A,골목상권,3110072,열정도,6350,3088,3262,955,506,1196,1338,867,1488,481,254,527,675,437,714,474,252,669,663,430,774,4534,0,4534
20233,A,골목상권,3110073,삼각지역 3번,3393,1648,1745,303,248,682,611,462,1087,168,138,305,297,235,505,135,110,377,314,227,582,2429,0,2429
20233,A,골목상권,3110074,서울역 12번,10348,5829,4519,925,922,1467,1538,1845,3651,506,502,819,860,1124,2018,419,420,648,678,721,1633,6517,0,6517
20233,A,골목상권,3110075,숙대입구역 1번,9001,4860,4141,701,858,1296,1349,1599,3198,391,469,684,747,922,1647,310,389,612,602,677,1551,5449,0,5449
20233,A,골목상권,3110076,삼각지역 14번,1280,667,613,88,71,225,208,182,506,46,40,123,117,100,241,42,31,102,91,82,265,1894,0,1894
20233,A,골목상권,3110077,삼광초등학교,11119,5676,5443,1154,1181,1635,1810,1938,3401,613,652,887,935,1015,1574,541,529,748,875,923,1827,5741,0,5741
20233,A,골목상권,3110078,이촌동점보아파트,11621,5407,6214,2099,1391,1193,1806,2177,2955,1055,666,535,784,1028,1339,1044,725,658,1022,1149,1616,4031,0,4031
20233,A,골목상권,3110079,후암동주민센터,19346,10148,9198,1925,1888,2648,3012,3353,6520,989,1000,1402,1586,1847,3324,936,888,1246,1426,1506,3196,10199,0,10199
20233,A,골목상권,3110080,해방촌예술마을,13820,6721,7099,1292,1489,2111,2167,2291,4470,652,773,1073,1132,1114,1977,640,716,1038,1035,1177,2493,6603,0,6603
20233,A,골목상권,3110081,해방촌 남동측,14502,6856,7646,1222,1323,2255,2285,2239,5178,606,666,1119,1159,1071,2235,616,657,1136,1126,1168,2943,7063,0,7063
20233,A,골목상권,3110082,용산구청,4192,1944,2248,249,300,750,622,631,1640,127,151,400,322,301,643,122,149,350,300,330,997,2484,0,2484
20233,A,골목상권,3110083,서빙고역 1번,6249,3043,3206,800,963,631,923,1358,1574,400,503,312,425,695,708,400,460,319,498,663,866,2508,0,2508
20233,A,골목상권,3110084,경리단길북측,12111,5554,6557,1115,1014,1970,2039,1832,4141,533,506,949,981,854,1731,582,508,1021,1058,978,2410,6145,0,6145
20233,A,골목상권,3110085,경리단길남측,8139,3815,4324,886,675,1335,1361,1192,2690,421,340,679,653,573,1149,465,335,656,708,619,1541,4374,0,4374
20233,A,골목상권,3110086,이태원역 북측,6188,2973,3215,652,515,1025,1060,943,1993,313,258,540,518,460,884,339,257,485,542,483,1109,3557,0,3557
20233,A,골목상권,3110087,이태원엔틱가구거리,7751,3668,4083,543,630,1341,1140,1216,2881,296,342,709,574,575,1172,247,288,632,566,641,1709,4240,0,4240
20233,A,골목상권,3110088,오산고등학교,12878,6253,6625,1348,1729,1555,1986,2689,3571,711,911,823,929,1340,1539,637,818,732,1057,1349,2032,5586,0,5586
20233,A,골목상권,3110089,서빙고동주민센터,9133,4525,4608,1080,1338,998,1458,1888,2371,560,690,544,693,975,1063,520,648,454,765,913,1308,3739,0,3739
20233,A,골목상권,3110090,한국폴리텍대학서울정수캠퍼스,11680,5532,6148,971,1288,1678,1791,2249,3703,517,695,877,827,1081,1535,454,593,801,964,1168,2168,5747,0,5747
20233,A,골목상권,3110091,리움미술관,3235,1502,1733,162,178,556,572,527,1240,80,89,280,293,248,512,82,89,276,279,279,728,2083,0,2083
20233,A,골목상권,3110092,NH농협은행 보광동지점,17812,8748,9064,1375,1703,2803,2815,3097,6019,764,915,1558,1436,1515,2560,611,788,1245,1379,1582,3459,9191,0,9191
20233,A,골목상권,3110093,우사단길,19890,9718,10172,1394,1675,3342,3248,3329,6902,747,885,1829,1715,1669,2873,647,790,1513,1533,1660,4029,10991,0,10991
20233,A,골목상권,3110094,오산중학교,4658,2230,2428,334,426,637,741,860,1660,192,237,332,372,404,693,142,189,305,369,456,967,2624,0,2624
20233,A,골목상권,3110095,한강진역 3번,7014,3281,3733,533,446,1233,1383,1136,2283,262,217,614,698,550,940,271,229,619,685,586,1343,4534,0,4534
20233,A,골목상권,3110096,한남힐사이드아파트,2169,988,1181,260,172,377,481,320,559,143,85,158,237,136,229,117,87,219,244,184,330,1100,0,1100
20233,A,골목상권,3110097,한남초등학교,2178,985,1193,270,132,453,566,317,440,145,61,185,273,130,191,125,71,268,293,187,249,1428,0,1428
20233,A,골목상권,3110098,서울독일학교,3618,1674,1944,521,290,586,683,572,966,255,155,268,300,245,451,266,135,318,383,327,515,2145,0,2145
20233,A,골목상권,3110099,유엔빌리지길,8520,4055,4465,1141,701,1292,1552,1332,2502,587,361,598,740,623,1146,554,340,694,812,709,1356,4557,0,4557
20233,A,골목상권,3110100,옥수동우편취급국,5990,2844,3146,872,537,944,1086,903,1648,418,274,474,525,411,742,454,263,470,561,492,906,2486,0,2486
20233,A,골목상권,3110101,옥정중학교,9827,4691,5136,1373,848,1426,1735,1509,2936,670,435,704,851,714,1317,703,413,722,884,795,1619,3990,0,3990
20233,A,골목상권,3110102,옥수역 6번,15231,7225,8006,2611,1242,2258,3099,2180,3841,1322,638,988,1517,1035,1725,1289,604,1270,1582,1145,2116,6094,0,6094
20233,A,골목상권,3110103,옥수터널,10029,4768,5261,1670,856,1451,2108,1484,2460,844,437,646,1006,736,1099,826,419,805,1102,748,1361,4300,0,4300
20233,A,골목상권,3110104,신금호역 4번,19114,9294,9820,2527,1879,2740,3439,2975,5554,1312,959,1343,1737,1478,2465,1215,920,1397,1702,1497,3089,8324,0,8324
20233,A,골목상권,3110105,금동어린이공원,21139,10339,10800,2582,2134,2869,3645,3363,6546,1330,1103,1467,1851,1716,2872,1252,1031,1402,1794,1647,3674,9356,0,9356
20233,A,골목상권,3110106,금북초등학교,14481,7054,7427,1522,1525,1882,2169,2389,4994,793,769,951,1114,1215,2212,729,756,931,1055,1174,2782,6637,0,6637
20233,A,골목상권,3110107,금호사거리,9902,4847,5055,1209,932,1290,1711,1573,3187,633,481,657,872,818,1386,576,451,633,839,755,1801,5037,0,5037
20233,A,골목상권,3110108,성동구립금호도서관,17107,8233,8874,2422,1657,2313,3118,2687,4910,1223,837,1096,1588,1332,2157,1199,820,1217,1530,1355,2753,7571,0,7571
20233,A,골목상권,3110109,금호삼성래미안아파트,15805,7618,8187,2400,1576,2023,3034,2502,4270,1234,804,971,1491,1246,1872,1166,772,1052,1543,1256,2398,6798,0,6798
20233,A,골목상권,3110110,상왕십리역 6번,9786,4809,4977,893,1091,1693,1457,1660,2992,438,553,840,729,836,1413,455,538,853,728,824,1579,7331,0,7331
20233,A,골목상권,3110111,대현산장미원,11708,5643,6065,1655,1335,1478,2056,1989,3195,855,679,702,1001,941,1465,800,656,776,1055,1048,1730,4267,0,4267
20233,A,골목상권,3110112,행당역 2번,16832,8157,8675,2289,1976,2183,2811,2924,4649,1109,983,1104,1347,1440,2174,1180,993,1079,1464,1484,2475,7139,0,7139
20233,A,골목상권,3110113,응봉산,9414,4493,4921,1352,1115,1109,1607,1655,2576,717,548,525,746,783,1174,635,567,584,861,872,1402,3412,0,3412
20233,A,골목상권,3110114,왕십리파출소,11048,5429,5619,1314,1262,1719,1564,1820,3369,688,655,862,780,875,1569,626,607,857,784,945,1800,5196,0,5196
20233,A,골목상권,3110115,상왕십리역 3번,12168,5964,6204,1186,1384,2296,1816,2054,3432,620,691,1112,938,1014,1589,566,693,1184,878,1040,1843,7439,0,7439
20233,A,골목상권,3110116,청계천박물관,11940,5983,5957,1207,1322,1680,1673,1998,4060,650,696,879,890,979,1889,557,626,801,783,1019,2171,5907,0,5907
20233,A,골목상권,3110117,성동구보건소,10645,5330,5315,1040,1152,1670,1491,1824,3468,530,625,854,782,915,1624,510,527,816,709,909,1844,5116,0,5116
20233,A,골목상권,3110118,왕십리역 9번,9428,4595,4833,1328,1031,1501,1670,1476,2422,668,523,762,804,728,1110,660,508,739,866,748,1312,4505,0,4505
20233,A,골목상권,3110119,마장지하차도,8427,4160,4267,890,1010,1400,1160,1375,2592,443,530,681,615,676,1215,447,480,719,545,699,1377,3900,0,3900
20233,A,골목상권,3110120,서울숲카페거리,3246,1603,1643,353,336,579,525,524,929,184,158,273,281,269,438,169,178,306,244,255,491,1569,0,1569
20233,A,골목상권,3110121,한양대역 4번,2507,1276,1231,321,399,671,383,304,429,153,186,381,207,146,203,168,213,290,176,158,226,2168,0,2168
20233,A,골목상권,3110122,마장역 2번,11305,5568,5737,1424,1348,1728,1670,1833,3302,714,667,858,848,901,1580,710,681,870,822,932,1722,5053,0,5053
20233,A,골목상권,3110123,마장역 3번,13596,6877,6719,1312,1712,2354,1845,2157,4216,657,880,1269,980,1101,1990,655,832,1085,865,1056,2226,6879,0,6879
20233,A,골목상권,3110124,뚝섬역교차로,8406,4212,4194,1004,797,1580,1490,1267,2268,502,405,777,771,651,1106,502,392,803,719,616,1162,3695,0,3695
20233,A,골목상권,3110125,사근동살곶이상점가,9268,4799,4469,709,1428,2346,1107,1190,2488,357,719,1392,603,596,1132,352,709,954,504,594,1356,5983,0,5983
20233,A,골목상권,3110126,서울숲역 1번,4728,2365,2363,562,513,805,744,791,1313,280,262,415,372,389,647,282,251,390,372,402,666,2106,0,2106
20233,A,골목상권,3110127,성수1가1동주민센터,8639,4457,4182,1072,891,1499,1454,1504,2219,558,468,769,756,796,1110,514,423,730,698,708,1109,4010,0,4010
20233,A,골목상권,3110128,성원중학교,20712,10634,10078,2289,2299,3214,3289,3764,5857,1190,1177,1673,1735,1937,2922,1099,1122,1541,1554,1827,2935,9630,0,9630
20233,A,골목상권,3110129,성원어린이공원,8459,4207,4252,1021,826,1603,1558,1256,2195,527,436,776,800,626,1042,494,390,827,758,630,1153,4162,0,4162
20233,A,골목상권,3110130,답십리역 6번,10505,5402,5103,890,1154,1585,1547,1812,3517,464,587,819,865,960,1707,426,567,766,682,852,1810,3975,0,3975
20233,A,골목상권,3110131,성수동카페거리,9710,5051,4659,1063,933,1629,1594,1674,2817,523,490,837,838,920,1443,540,443,792,756,754,1374,4747,0,4747
20233,A,골목상권,3110132,성수2가3동주민센터,7074,3545,3529,751,645,1303,1175,1032,2168,378,332,650,615,519,1051,373,313,653,560,513,1117,3833,0,3833
20233,A,골목상권,3110133,서울교통공사,7840,4040,3800,717,820,1189,1257,1460,2397,358,424,610,704,796,1148,359,396,579,553,664,1249,4711,0,4711
20233,A,골목상권,3110134,성수119안전센터,15170,7864,7306,1460,1498,2326,2383,2660,4843,749,772,1243,1286,1403,2411,711,726,1083,1097,1257,2432,6854,0,6854
20233,A,골목상권,3110135,성동세무서,9068,4717,4351,814,833,1808,1492,1431,2690,410,439,927,816,769,1356,404,394,881,676,662,1334,5835,0,5835
20233,A,골목상권,3110136,경수초등학교,13153,6825,6328,1075,1277,2377,2089,2182,4153,525,658,1231,1168,1221,2022,550,619,1146,921,961,2131,6878,0,6878
20233,A,골목상권,3110137,성수초등학교,17603,8885,8718,1585,1825,4315,2867,2426,4585,796,847,2119,1562,1324,2237,789,978,2196,1305,1102,2348,10989,0,10989
20233,A,골목상권,3110138,송정체육공원,13736,7259,6477,1125,1567,2752,2099,2277,3916,588,793,1521,1171,1251,1935,537,774,1231,928,1026,1981,8607,0,8607
20233,A,골목상권,3110139,자양4동주민센터,18246,9095,9151,1905,1794,2679,2904,3107,5857,938,914,1335,1505,1616,2787,967,880,1344,1399,1491,3070,8305,0,8305
20233,A,골목상권,3110140,건대입구역 6번,17782,8830,8952,1409,1695,3172,2708,2826,5972,687,828,1569,1422,1506,2818,722,867,1603,1286,1320,3154,9330,0,9330
20233,A,골목상권,3110141,건대입구역 1번,10454,5012,5442,678,1236,3442,1657,1226,2215,348,498,1582,899,652,1033,330,738,1860,758,574,1182,7211,0,7211
20233,A,골목상권,3110142,화양사거리,17361,8521,8840,1032,2323,5886,2538,2016,3566,517,936,2881,1384,1103,1700,515,1387,3005,1154,913,1866,14208,0,14208
20233,A,골목상권,3110143,뚝섬유원지역 1번,12331,6038,6293,1883,1357,1649,2101,2022,3319,940,703,774,990,1025,1606,943,654,875,1111,997,1713,4863,0,4863
20233,A,골목상권,3110144,어린이대공원역 4번,10329,5034,5295,491,1576,3780,1363,1086,2033,245,625,1896,733,590,945,246,951,1884,630,496,1088,9225,0,9225
20233,A,골목상권,3110145,장안초등학교,4743,2331,2412,454,581,1124,684,665,1235,227,261,584,357,327,575,227,320,540,327,338,660,3311,0,3311
20233,A,골목상권,3110146,신자초등학교,19541,9608,9933,2996,2246,2862,3354,3136,4947,1521,1179,1404,1656,1518,2330,1475,1067,1458,1698,1618,2617,7628,0,7628
20233,A,골목상권,3110147,능동우편취급국,19052,9604,9448,1780,1898,3957,3256,2821,5340,953,962,1942,1739,1458,2550,827,936,2015,1517,1363,2790,10509,0,10509
20233,A,골목상권,3110148,어린이대공원역 3번,4987,2435,2552,224,781,1779,674,525,1004,107,318,908,362,282,458,117,463,871,312,243,546,4176,0,4176
20233,A,골목상권,3110149,세종대학교,6633,3166,3467,604,648,1565,1178,921,1717,313,300,705,580,469,799,291,348,860,598,452,918,3704,0,3704
20233,A,골목상권,3110150,중곡1동 마을마당,15547,7717,7830,1446,1416,3078,2658,2400,4549,753,716,1491,1407,1199,2151,693,700,1587,1251,1201,2398,9042,0,9042
20233,A,골목상권,3110151,자양한강도서관,20566,10169,10397,2622,2296,3271,3604,3371,5402,1385,1225,1618,1808,1642,2491,1237,1071,1653,1796,1729,2911,8866,0,8866
20233,A,골목상권,3110152,중곡어린이공원,9143,4560,4583,935,1009,1496,1399,1624,2680,506,519,766,724,811,1234,429,490,730,675,813,1446,4262,0,4262
20233,A,골목상권,3110153,중곡1동주민센터,12827,6291,6536,1145,1133,2630,2222,1939,3758,573,571,1218,1164,974,1791,572,562,1412,1058,965,1967,8062,0,8062
20233,A,골목상권,3110154,광진정말공원,25743,12619,13124,3007,2864,4330,4443,4170,6929,1552,1516,2138,2240,2022,3151,1455,1348,2192,2203,2148,3778,11814,0,11814
20233,A,골목상권,3110155,광진구청,16545,8006,8539,1558,1922,3552,2902,2588,4023,812,955,1654,1462,1248,1875,746,967,1898,1440,1340,2148,9614,0,9614
20233,A,골목상권,3110156,군자역 5번,14001,6567,7434,1384,1232,3569,2611,1808,3397,728,597,1532,1297,875,1538,656,635,2037,1314,933,1859,8093,0,8093
20233,A,골목상권,3110157,자양동우체국,21699,10649,11050,2758,2446,3275,3749,3545,5926,1410,1301,1599,1879,1704,2756,1348,1145,1676,1870,1841,3170,9602,0,9602
20233,A,골목상권,3110158,중곡3동주민센터,22146,11064,11082,2340,2438,3504,3465,3869,6530,1223,1245,1804,1830,1919,3043,1117,1193,1700,1635,1950,3487,10470,0,10470
20233,A,골목상권,3110159,구의역 4번,28129,13745,14384,2922,3127,5197,4766,4472,7645,1524,1591,2496,2443,2157,3534,1398,1536,2701,2323,2315,4111,14824,0,14824
20233,A,골목상권,3110160,광진경찰서,8527,4118,4409,866,1022,1686,1447,1331,2175,443,481,826,737,641,990,423,541,860,710,690,1185,4292,0,4292
20233,A,골목상권,3110161,중곡역 3번,23560,11797,11763,2465,2735,3852,3670,4066,6772,1291,1402,1949,1969,1998,3188,1174,1333,1903,1701,2068,3584,11017,0,11017
20233,A,골목상권,3110162,군자역 4번,18312,8851,9461,2043,1895,3600,3102,2790,4882,1046,978,1706,1534,1322,2265,997,917,1894,1568,1468,2617,9031,0,9031
20233,A,골목상권,3110163,성자초등학교,16032,7875,8157,2021,1847,2387,2750,2545,4482,1033,975,1182,1380,1217,2088,988,872,1205,1370,1328,2394,7121,0,7121
20233,A,골목상권,3110164,아차산역 5번,10072,4774,5298,1096,911,2312,1878,1371,2504,575,441,1033,963,645,1117,521,470,1279,915,726,1387,5327,0,5327
20233,A,골목상권,3110165,국립정신건강센터,19658,9707,9951,2104,2521,3233,2959,3517,5324,1069,1320,1610,1520,1664,2524,1035,1201,1623,1439,1853,2800,8870,0,8870
20233,A,골목상권,3110166,구의1동주민센터,21162,10114,11048,1753,2308,4576,3751,3292,5482,911,1092,2152,1874,1603,2482,842,1216,2424,1877,1689,3000,11755,0,11755
20233,A,골목상권,3110167,용마초등학교,26642,12906,13736,2878,2895,4903,4384,4236,7346,1492,1513,2304,2209,2009,3379,1386,1382,2599,2175,2227,3967,12584,0,12584
20233,A,골목상권,3110168,대원고등학교,14031,6935,7096,1522,1962,2146,2076,2623,3702,779,1010,1087,1088,1237,1734,743,952,1059,988,1386,1968,5816,0,5816
20233,A,골목상권,3110169,성동초등학교,9628,4673,4955,954,1126,1693,1516,1469,2870,485,561,837,780,660,1350,469,565,856,736,809,1520,4740,0,4740
20233,A,골목상권,3110170,동대부여고,20179,9685,10494,1834,2135,4043,3543,3180,5444,929,1043,1959,1796,1535,2423,905,1092,2084,1747,1645,3021,11465,0,11465
20233,A,골목상권,3110171,중곡4동주민센터,11779,5822,5957,1152,1533,1718,1648,2152,3576,606,816,867,882,1028,1623,546,717,851,766,1124,1953,5144,0,5144
20233,A,골목상권,3110172,광진초등학교,13676,6686,6990,1551,1617,2089,2189,2340,3890,811,796,1033,1110,1160,1776,740,821,1056,1079,1180,2114,7486,0,7486
20233,A,골목상권,3110173,구남초등학교,6057,2909,3148,687,684,1047,935,963,1741,353,335,493,467,449,812,334,349,554,468,514,929,3375,0,3375
20233,A,골목상권,3110174,아차산역 1번,25394,12382,13012,2807,2799,4005,4128,4093,7562,1482,1408,1987,2106,1998,3401,1325,1391,2018,2022,2095,4161,11040,0,11040
20233,A,골목상권,3110175,푸른동산공원,19612,9461,10151,2121,2316,3523,3398,3206,5048,1047,1168,1740,1680,1551,2275,1074,1148,1783,1718,1655,2773,10488,0,10488
20233,A,골목상권,3110176,해오름공원,23009,11364,11645,2410,2680,3473,3519,3912,7015,1270,1377,1762,1847,1929,3179,1140,1303,1711,1672,1983,3836,9787,0,9787
20233,A,골목상권,3110177,동의초등학교,13822,6783,7039,1782,1572,2001,2344,2175,3948,933,788,1028,1190,1040,1804,849,784,973,1154,1135,2144,5576,0,5576
20233,A,골목상권,3110178,장로회신학대학교,4885,2349,2536,588,635,699,692,850,1421,297,330,344,321,409,648,291,305,355,371,441,773,2412,0,2412
20233,A,골목상권,3110179,광나루역 1번,7397,3536,3861,1154,1132,851,1075,1554,1631,584,548,419,465,752,768,570,584,432,610,802,863,2811,0,2811
20233,A,골목상권,3110180,광진정보도서관,4939,2418,2521,676,575,718,735,825,1410,344,320,337,354,391,672,332,255,381,381,434,738,2583,0,2583
20233,A,골목상권,3110181,신설동역 9번,11888,5858,6030,1568,1169,2170,2204,1773,3004,781,577,1040,1096,895,1469,787,592,1130,1108,878,1535,8268,0,8268
20233,A,골목상권,3110182,용두희망어린이공원,6711,3670,3041,536,803,1596,962,925,1889,265,438,973,550,496,948,271,365,623,412,429,941,4480,0,4480
20233,A,골목상권,3110183,한국의류시험연구원,4205,2202,2003,326,385,867,706,621,1300,174,208,434,384,325,677,152,177,433,322,296,623,3098,0,3098
20233,A,골목상권,3110184,용두사거리,4761,2431,2330,365,434,942,778,730,1512,188,218,459,403,394,769,177,216,483,375,336,743,3401,0,3401
20233,A,골목상권,3110185,용두초등학교,2475,1293,1182,179,200,441,371,431,853,87,96,235,203,249,423,92,104,206,168,182,430,2475,0,2475
20233,A,골목상권,3110186,종암초등학교,6778,3509,3269,771,898,1423,1035,956,1695,398,484,845,542,483,757,373,414,578,493,473,938,3643,0,3643
20233,A,골목상권,3110187,제기동역 6번,11013,5428,5585,1133,1038,2046,1936,1656,3204,595,543,977,995,819,1499,538,495,1069,941,837,1705,7952,0,7952
20233,A,골목상권,3110188,용두동신동아아파트,13227,6573,6654,1590,1427,1914,1978,2097,4221,820,730,988,1026,1024,1985,770,697,926,952,1073,2236,7050,0,7050
20233,A,골목상권,3110189,제기동역 1번,10978,5441,5537,1208,1126,2042,1805,1579,3218,603,589,1062,904,791,1492,605,537,980,901,788,1726,6950,0,6950
20233,A,골목상권,3110190,고대앞사거리,9594,4915,4679,1078,1034,1653,1434,1428,2967,577,520,946,751,768,1353,501,514,707,683,660,1614,5837,0,5837
20233,A,골목상권,3110191,고려대역 6번,7536,3929,3607,657,748,1438,1085,1059,2549,343,382,829,607,571,1197,314,366,609,478,488,1352,4393,0,4393
20233,A,골목상권,3110192,동의보감타워,6729,3365,3364,611,507,1093,1113,991,2414,340,264,509,564,530,1158,271,243,584,549,461,1256,3923,0,3923
20233,A,골목상권,3110193,고려대역 4번,9027,4635,4392,830,933,1653,1214,1256,3141,411,482,935,649,662,1496,419,451,718,565,594,1645,4616,0,4616
20233,A,골목상권,3110194,홍파초등학교,7798,4028,3770,453,605,1098,999,1155,3488,246,331,626,588,647,1590,207,274,472,411,508,1898,5264,0,5264
20233,A,골목상권,3110195,동대문구청,9151,4721,4430,643,731,1420,1281,1391,3685,352,377,726,698,786,1782,291,354,694,583,605,1903,6144,0,6144
20233,A,골목상권,3110196,홍릉근린공원,9147,4601,4546,859,862,1251,1210,1397,3568,407,455,696,653,723,1667,452,407,555,557,674,1901,4818,0,4818
20233,A,골목상권,3110197,세종대왕기념관교차로,5462,2716,2746,492,558,825,676,832,2079,219,287,447,342,436,985,273,271,378,334,396,1094,2783,0,2783
20233,A,골목상권,3110198,동대문중앙새마을금고본점,2650,1403,1247,128,181,347,327,383,1284,63,97,184,188,231,640,65,84,163,139,152,644,1900,0,1900
20233,A,골목상권,3110199,홍릉시장,9030,4509,4521,654,767,1175,1164,1274,3996,326,407,647,637,665,1827,328,360,528,527,609,2169,5270,0,5270
20233,A,골목상권,3110200,동대문경찰서,9195,4535,4660,789,822,1191,1191,1318,3884,405,434,634,630,678,1754,384,388,557,561,640,2130,4945,0,4945
20233,A,골목상권,3110201,전농119안전센터,6505,3393,3112,503,599,722,873,1090,2718,276,329,367,493,603,1325,227,270,355,380,487,1393,4366,0,4366
20233,A,골목상권,3110202,전농1동주민센터(전농시장),7710,4016,3694,806,676,887,1147,1242,2952,437,374,455,616,685,1449,369,302,432,531,557,1503,4692,0,4692
20233,A,골목상권,3110203,떡전교사거리,10791,5380,5411,908,1009,1598,1415,1569,4292,464,519,844,766,809,1978,444,490,754,649,760,2314,5910,0,5910
20233,A,골목상권,3110204,간데메공원,18572,9187,9385,2616,1777,2430,3253,2908,5588,1320,927,1141,1685,1521,2593,1296,850,1289,1568,1387,2995,10327,0,10327
20233,A,골목상권,3110205,경희대삼거리,13680,6599,7081,1346,1922,3284,1961,1776,3391,683,820,1739,970,879,1508,663,1102,1545,991,897,1883,8245,0,8245
20233,A,골목상권,3110206,텃골근린공원,17816,8923,8893,2059,1982,2311,2754,2985,5725,1036,1014,1188,1440,1532,2713,1023,968,1123,1314,1453,3012,8982,0,8982
20233,A,골목상권,3110207,시립대앞사거리,7627,3894,3733,585,879,1239,1120,1138,2666,289,427,684,622,604,1268,296,452,555,498,534,1398,5000,0,5000
20233,A,골목상권,3110208,시조사삼거리,12738,6231,6507,1330,1564,2473,1867,1785,3719,673,701,1326,956,881,1694,657,863,1147,911,904,2025,6938,0,6938
20233,A,골목상권,3110209,답십리 장령당공원,11995,5942,6053,1600,1209,1992,2175,1851,3168,818,623,932,1144,945,1480,782,586,1060,1031,906,1688,5696,0,5696
20233,A,골목상권,3110210,서울시립대,12534,6252,6282,1026,1633,2491,1820,1736,3828,503,767,1386,984,875,1737,523,866,1105,836,861,2091,7907,0,7907
20233,A,골목상권,3110211,전곡마을마당공원,17359,8601,8758,1822,2121,2273,2590,2941,5612,912,1072,1200,1345,1465,2607,910,1049,1073,1245,1476,3005,8813,0,8813
20233,A,골목상권,3110212,답십리초등학교,17936,8850,9086,2374,1884,2501,3054,2904,5219,1177,960,1267,1552,1469,2425,1197,924,1234,1502,1435,2794,9089,0,9089
20233,A,골목상권,3110213,청량초등학교,8462,4078,4384,561,1379,2500,1085,1021,1916,271,559,1321,544,516,867,290,820,1179,541,505,1049,5850,0,5850
20233,A,골목상권,3110214,경희대후문,8050,4015,4035,603,1464,2127,894,1023,1939,308,647,1266,441,491,862,295,817,861,453,532,1077,5493,0,5493
20233,A,골목상권,3110215,회기역 1번,9383,4571,4812,662,1416,2650,1284,1178,2193,351,599,1369,656,617,979,311,817,1281,628,561,1214,6441,0,6441
20233,A,골목상권,3110216,전농중학교,11235,5502,5733,1417,1387,1292,1669,1973,3497,736,710,688,776,990,1602,681,677,604,893,983,1895,4554,0,4554
20233,A,골목상권,3110217,자동차부품상가,7526,3863,3663,708,699,1087,1276,1295,2461,369,345,556,700,711,1182,339,354,531,576,584,1279,5014,0,5014
20233,A,골목상권,3110218,답십리사거리,18737,9221,9516,2204,2042,2507,2825,3177,5982,1090,1065,1284,1431,1599,2752,1114,977,1223,1394,1578,3230,8708,0,8708
20233,A,골목상권,3110219,삼육보건대학교,14551,7305,7246,1234,2232,3410,1946,1884,3845,634,1021,1926,1053,914,1757,600,1211,1484,893,970,2088,9601,0,9601
20233,A,골목상권,3110220,외대앞역 1번,14663,7303,7360,1133,1925,3066,2065,2246,4228,609,889,1655,1061,1187,1902,524,1036,1411,1004,1059,2326,7698,0,7698
20233,A,골목상권,3110221,의릉,6804,3378,3426,803,820,949,1033,1136,2063,412,404,500,558,585,919,391,416,449,475,551,1144,4253,0,4253
20233,A,골목상권,3110222,회기역 2번,5785,2844,2941,514,755,1054,821,862,1779,265,364,530,434,448,803,249,391,524,387,414,976,2996,0,2996
20233,A,골목상권,3110223,군자초등학교,7519,3899,3620,809,713,1342,1294,1144,2217,446,364,660,709,622,1098,363,349,682,585,522,1119,4077,0,4077
20233,A,골목상권,3110224,외대앞역 2번,12270,6159,6111,1174,1376,1803,1860,2066,3991,619,692,959,975,1065,1849,555,684,844,885,1001,2142,5308,0,5308
20233,A,골목상권,3110225,촬영소사거리,16126,8007,8119,1680,1768,2141,2347,2795,5395,825,925,1135,1213,1413,2496,855,843,1006,1134,1382,2899,7425,0,7425
20233,A,골목상권,3110226,장안1동주민센터,28889,14638,14251,2968,2810,4562,4779,4683,9087,1539,1446,2373,2556,2398,4326,1429,1364,2189,2223,2285,4761,15809,0,15809
20233,A,골목상권,3110227,답십리공원,13991,6951,7040,1562,1677,1784,2203,2404,4361,787,856,928,1127,1226,2027,775,821,856,1076,1178,2334,6282,0,6282
20233,A,골목상권,3110228,장안근린공원,19298,9741,9557,2106,2180,2578,3004,3220,6210,1085,1141,1371,1548,1658,2938,1021,1039,1207,1456,1562,3272,9713,0,9713
20233,A,골목상권,3110229,장평중학교,20283,10078,10205,2871,1815,3230,3886,2916,5565,1469,895,1573,2003,1475,2663,1402,920,1657,1883,1441,2902,10047,0,10047
20233,A,골목상권,3110230,장안현대홈타운1차아파트,17621,8759,8862,2500,1630,2719,3443,2587,4742,1285,849,1331,1749,1297,2248,1215,781,1388,1694,1290,2494,9530,0,9530
20233,A,골목상권,3110231,장안교,7219,3559,3660,947,909,878,1111,1233,2141,469,463,444,541,618,1024,478,446,434,570,615,1117,2751,0,2751
20233,A,골목상권,3110232,동대부고,16386,8310,8076,2971,1649,1845,3187,2593,4141,1570,909,928,1576,1359,1968,1401,740,917,1611,1234,2173,6874,0,6874
20233,A,골목상권,3110233,중랑역 1번,13611,7125,6486,1070,1330,2187,1993,2432,4599,570,701,1122,1116,1309,2307,500,629,1065,877,1123,2292,7674,0,7674
20233,A,골목상권,3110234,중랑역 4번,8471,4337,4134,681,749,1651,1406,1379,2605,360,379,813,768,736,1281,321,370,838,638,643,1324,5106,0,5106
20233,A,골목상권,3110235,세화어린이공원,10635,5536,5099,805,1095,1569,1463,1949,3754,434,577,824,823,1018,1860,371,518,745,640,931,1894,5763,0,5763
20233,A,골목상권,3110236,신묵초등학교,20094,9967,10127,2222,2027,3168,3383,3120,6174,1156,1014,1572,1781,1594,2850,1066,1013,1596,1602,1526,3324,10420,0,10420
20233,A,골목상권,3110237,메가박스 상봉,15670,7810,7860,1554,1622,2577,2574,2785,4558,781,827,1256,1363,1466,2117,773,795,1321,1211,1319,2441,8113,0,8113
20233,A,골목상권,3110238,배꽃어린이공원,7294,3703,3591,614,741,973,1031,1329,2606,308,377,497,557,716,1248,306,364,476,474,613,1358,3613,0,3613
20233,A,골목상권,3110239,중랑역 2번,7373,3817,3556,532,693,1136,1048,1372,2592,286,349,594,556,737,1295,246,344,542,492,635,1297,4135,0,4135
20233,A,골목상권,3110240,태릉시장 특화거리,13333,6964,6369,995,1363,1955,1823,2445,4752,539,727,1041,1012,1284,2361,456,636,914,811,1161,2391,7229,0,7229
20233,A,골목상권,3110241,먹골역 5번,18036,8974,9062,1745,1813,3143,2916,2905,5514,910,902,1567,1546,1508,2541,835,911,1576,1370,1397,2973,9945,0,9945
20233,A,골목상권,3110242,면목5동주민센터,11262,5688,5574,1193,1216,1584,1724,2069,3476,603,620,813,907,1068,1677,590,596,771,817,1001,1799,6795,0,6795
20233,A,골목상권,3110243,중랑노인종합복지관,21243,10628,10615,2203,2280,2957,3264,4001,6538,1105,1151,1506,1736,2080,3050,1098,1129,1451,1528,1921,3488,10236,0,10236
20233,A,골목상권,3110244,중화역 4번,11860,6051,5809,1029,1170,1688,1747,2036,4190,552,601,866,934,1092,2006,477,569,822,813,944,2184,6381,0,6381
20233,A,골목상권,3110245,KB국민은행 중화동지점,14392,7321,7071,1422,1416,2203,2094,2377,4880,755,740,1123,1121,1208,2374,667,676,1080,973,1169,2506,7101,0,7101
20233,A,골목상권,3110246,월드순복음교회,15156,7537,7619,1524,1481,2693,2515,2548,4395,743,740,1334,1337,1316,2067,781,741,1359,1178,1232,2328,8357,0,8357
20233,A,골목상권,3110247,먹골역 1번,21267,10434,10833,2192,2090,3678,3599,3231,6477,1110,1038,1800,1896,1592,2998,1082,1052,1878,1703,1639,3479,10290,0,10290
20233,A,골목상권,3110248,먹골파출소,11553,5659,5894,1483,1211,1743,1952,1748,3416,753,617,834,1000,857,1598,730,594,909,952,891,1818,6066,0,6066
20233,A,골목상권,3110249,중화역 1번,19008,9454,9554,1891,2079,3019,2966,3017,6036,947,1069,1530,1562,1498,2848,944,1010,1489,1404,1519,3188,9622,0,9622
20233,A,골목상권,3110250,화랑대역 7번,11267,5552,5715,1568,1441,1420,1807,1964,3067,798,709,715,887,1002,1441,770,732,705,920,962,1626,5291,0,5291
20233,A,골목상권,3110251,장안중학교,19602,9725,9877,2245,2062,3079,3057,3035,6124,1123,1081,1545,1614,1474,2888,1122,981,1534,1443,1561,3236,9447,0,9447
20233,A,골목상권,3110252,장안제일시장,17420,8841,8579,1939,1828,2558,2757,3044,5294,1001,962,1317,1434,1566,2561,938,866,1241,1323,1478,2733,10180,0,10180
20233,A,골목상권,3110253,중곡초등학교,17373,8850,8523,1983,1849,2442,2949,2963,5187,1054,953,1256,1569,1562,2456,929,896,1186,1380,1401,2731,7823,0,7823
20233,A,골목상권,3110254,오거리공원,24761,12523,12238,2762,2568,3442,4036,4236,7717,1452,1326,1732,2144,2213,3656,1310,1242,1710,1892,2023,4061,11076,0,11076
20233,A,골목상권,3110255,상봉역 4번,21013,10442,10571,2112,1970,3769,3335,3415,6412,1054,988,1810,1778,1736,3076,1058,982,1959,1557,1679,3336,12586,0,12586
20233,A,골목상권,3110256,면목2동체육관,26820,13588,13232,2695,2664,4270,4198,4654,8339,1392,1370,2131,2285,2406,4004,1303,1294,2139,1913,2248,4335,13768,0,13768
20233,A,골목상권,3110257,상봉역 7번,18424,9058,9366,2183,1970,3075,2846,2862,5488,1093,997,1512,1465,1405,2586,1090,973,1563,1381,1457,2902,9939,0,9939
20233,A,골목상권,3110258,면동초등학교,20822,10509,10313,2070,2172,3404,3384,3573,6219,1063,1137,1726,1787,1833,2963,1007,1035,1678,1597,1740,3256,10791,0,10791
20233,A,골목상권,3110259,사가정역 1번,14714,7402,7312,1405,1433,2364,2378,2427,4707,711,739,1171,1264,1271,2246,694,694,1193,1114,1156,2461,8119,0,8119
20233,A,골목상권,3110260,면목역 3번,15463,7800,7663,1424,1516,2592,2497,2567,4867,729,801,1287,1342,1314,2327,695,715,1305,1155,1253,2540,8720,0,8720
20233,A,골목상권,3110261,사가정역 4번,24433,12162,12271,2186,2493,3736,3749,3984,8285,1125,1292,1909,2003,2007,3826,1061,1201,1827,1746,1977,4459,12158,0,12158
20233,A,골목상권,3110262,상봉역 3번,15138,7533,7605,1367,1436,2840,2364,2312,4819,693,718,1386,1281,1150,2305,674,718,1454,1083,1162,2514,10315,0,10315
20233,A,골목상권,3110263,면목역 1번,21148,10604,10544,1976,2149,3422,3300,3498,6803,987,1104,1751,1783,1768,3211,989,1045,1671,1517,1730,3592,12148,0,12148
20233,A,골목상권,3110264,면목역 2번,27438,13873,13565,2400,3136,4394,4213,4879,8416,1206,1650,2278,2258,2501,3980,1194,1486,2116,1955,2378,4436,14847,0,14847
20233,A,골목상권,3110265,망우역 1번,23609,11707,11902,2982,2661,3695,3720,3833,6718,1501,1391,1810,1872,1914,3219,1481,1270,1885,1848,1919,3499,11393,0,11393
20233,A,골목상권,3110266,면목동우체국,19479,9726,9753,1710,2233,3098,2912,3452,6074,860,1169,1611,1557,1729,2800,850,1064,1487,1355,1723,3274,10664,0,10664
20233,A,골목상권,3110267,망우역 2번,31603,15630,15973,4650,3961,4245,4874,5425,8448,2363,2103,2135,2377,2643,4009,2287,1858,2110,2497,2782,4439,11697,0,11697
20233,A,골목상권,3110268,망우3동주민센터,14585,7311,7274,1401,1636,2224,2146,2471,4707,694,821,1147,1159,1246,2244,707,815,1077,987,1225,2463,7727,0,7727
20233,A,골목상권,3110269,용마문화복지센터,12550,6373,6177,1177,1397,1860,1863,2228,4025,600,703,951,1038,1153,1928,577,694,909,825,1075,2097,6285,0,6285
20233,A,골목상권,3110270,혜원여고,11729,5895,5834,1198,1431,1653,1657,2115,3675,600,721,847,867,1089,1771,598,710,806,790,1026,1904,5952,0,5952
20233,A,골목상권,3110271,신내역 1번,2251,1027,1224,221,250,279,312,335,854,105,138,125,152,173,334,116,112,154,160,162,520,1318,0,1318
20233,A,골목상권,3110272,신내1동주민센터,26150,12830,13320,3588,3103,3610,3863,4165,7821,1800,1657,1803,1933,1949,3688,1788,1446,1807,1930,2216,4133,9361,0,9361
20233,A,골목상권,3110273,장스여성병원,14190,7256,6934,1575,1483,2008,2099,2284,4741,779,826,1081,1128,1144,2298,796,657,927,971,1140,2443,6189,0,6189
20233,A,골목상권,3110274,서일대학교,21006,10588,10418,2100,2553,2895,2934,3857,6667,1060,1283,1491,1561,1995,3198,1040,1270,1404,1373,1862,3469,10024,0,10024
20233,A,골목상권,3110275,하나은행 망우동지점,10859,5635,5224,895,1191,1526,1451,1919,3877,458,632,837,807,985,1916,437,559,689,644,934,1961,5622,0,5622
20233,A,골목상권,3110276,신내IC북측,1663,844,819,338,189,173,324,237,402,178,96,87,172,116,195,160,93,86,152,121,207,709,0,709
20233,A,골목상권,3110277,러스크서울병원,15989,8208,7781,1460,1871,2193,2183,2798,5484,751,997,1152,1195,1406,2707,709,874,1041,988,1392,2777,7931,0,7931
20233,A,골목상권,3110278,망우본동주민센터,20463,10368,10095,2315,2333,2796,3027,3365,6627,1169,1262,1435,1615,1634,3253,1146,1071,1361,1412,1731,3374,9071,0,9071
20233,A,골목상권,3110279,신내역 2번,6094,2967,3127,1423,621,613,1151,790,1496,718,321,301,571,379,677,705,300,312,580,411,819,1922,0,1922
20233,A,골목상권,3110280,북정마을,3636,1855,1781,297,380,567,485,574,1333,144,193,336,267,305,610,153,187,231,218,269,723,1934,0,1934
20233,A,골목상권,3110281,길상사,2859,1409,1450,281,275,375,381,459,1088,161,136,189,189,233,501,120,139,186,192,226,587,1414,0,1414
20233,A,골목상권,3110282,국민대학교앞,4363,2237,2126,506,546,871,592,535,1313,244,248,521,333,284,607,262,298,350,259,251,706,2861,0,2861
20233,A,골목상권,3110283,성북초등학교앞,5173,2533,2640,514,590,733,846,922,1568,243,308,385,428,471,698,271,282,348,418,451,870,2459,0,2459
20233,A,골목상권,3110284,정릉북한산국립공원입구,6908,3369,3539,743,712,854,1068,1071,2460,388,381,424,527,514,1135,355,331,430,541,557,1325,2978,0,2978
20233,A,골목상권,3110285,홍대부중,5833,2825,3008,545,675,833,947,1066,1767,275,366,409,457,531,787,270,309,424,490,535,980,2863,0,2863
20233,A,골목상권,3110286,한성대입구역 5번,8994,4232,4762,805,1111,1626,1382,1512,2558,390,544,777,652,739,1130,415,567,849,730,773,1428,5052,0,5052
20233,A,골목상권,3110287,정릉3동주민센터,7243,3729,3514,675,1017,1307,930,1082,2232,362,520,772,506,554,1015,313,497,535,424,528,1217,3718,0,3718
20233,A,골목상권,3110288,동구여중,9071,4330,4741,892,1082,1559,1401,1592,2545,441,555,730,672,781,1151,451,527,829,729,811,1394,4528,0,4528
20233,A,골목상권,3110289,북한산보국문역 2번,15854,7902,7952,1621,2016,2297,2306,2483,5131,836,1007,1264,1222,1263,2310,785,1009,1033,1084,1220,2821,7468,0,7468
20233,A,골목상권,3110290,북한산보국문역 1번,12807,6230,6577,1823,1402,1507,2308,2106,3661,967,705,717,1164,1050,1627,856,697,790,1144,1056,2034,5335,0,5335
20233,A,골목상권,3110291,한성대입구역 3번,17578,8574,9004,2100,2127,2743,2931,2963,4714,1086,1053,1385,1445,1457,2148,1014,1074,1358,1486,1506,2566,8074,0,8074
20233,A,골목상권,3110292,정릉역 2번,10719,5272,5447,1544,1212,1220,1792,1742,3209,807,626,628,903,876,1432,737,586,592,889,866,1777,4554,0,4554
20233,A,골목상권,3110293,삼선중학교,16748,7784,8964,1934,2170,2643,2426,2806,4769,950,1041,1175,1144,1334,2140,984,1129,1468,1282,1472,2629,7695,0,7695
20233,A,골목상권,3110294,서경대학교,29246,14319,14927,4267,3483,3612,5024,4779,8081,2229,1742,1838,2508,2381,3621,2038,1741,1774,2516,2398,4460,12192,0,12192
20233,A,골목상권,3110295,정릉우체국,21507,10552,10955,2782,2430,2747,3431,3395,6722,1465,1238,1440,1747,1652,3010,1317,1192,1307,1684,1743,3712,9568,0,9568
20233,A,골목상권,3110296,성신여대입구역 4번,19016,8939,10077,2930,2430,2908,3233,3201,4314,1504,1133,1310,1507,1563,1922,1426,1297,1598,1726,1638,2392,8407,0,8407
20233,A,골목상권,3110297,경동고등학교,19928,9337,10591,1858,2398,4049,3118,3080,5425,946,1115,1855,1558,1488,2375,912,1283,2194,1560,1592,3050,10899,0,10899
20233,A,골목상권,3110298,솔숲어린이공원,13902,6728,7174,2045,1550,1638,2342,2263,4064,1071,798,770,1162,1101,1826,974,752,868,1180,1162,2238,5312,0,5312
20233,A,골목상권,3110299,정릉역 1번,29345,14122,15223,4310,3384,3771,4887,4869,8124,2167,1675,1825,2390,2385,3680,2143,1709,1946,2497,2484,4444,11021,0,11021
20233,A,골목상권,3110300,삼선동주민센터,11386,5014,6372,795,1519,2913,1664,1571,2924,412,571,1168,801,787,1275,383,948,1745,863,784,1649,10554,0,10554
20233,A,골목상권,3110301,성신여대입구역 7번,17131,7815,9316,1999,2104,3366,2788,2631,4243,987,852,1447,1345,1316,1868,1012,1252,1919,1443,1315,2375,8962,0,8962
20233,A,골목상권,3110302,보문역 8번,10328,4991,5337,1078,1130,1875,1657,1685,2903,523,559,943,854,816,1296,555,571,932,803,869,1607,6440,0,6440
20233,A,골목상권,3110303,성신여대입구역 1번,11905,5201,6704,809,1594,3023,1666,1610,3203,402,548,1223,819,778,1431,407,1046,1800,847,832,1772,7369,0,7369
20233,A,골목상권,3110304,보문역 4번,6764,3125,3639,507,821,1709,1031,1011,1685,242,356,782,509,494,742,265,465,927,522,517,943,7744,0,7744
20233,A,골목상권,3110305,보문역 5번,9363,4588,4775,729,1078,1958,1400,1454,2744,357,537,1002,737,719,1236,372,541,956,663,735,1508,8204,0,8204
20233,A,골목상권,3110306,미아초등학교,13807,6721,7086,2596,1445,1508,2654,2265,3339,1380,700,724,1244,1169,1504,1216,745,784,1410,1096,1835,4967,0,4967
20233,A,골목상권,3110307,길음역 7번,13427,6403,7024,2292,1392,1779,2504,2103,3357,1176,687,814,1241,1031,1454,1116,705,965,1263,1072,1903,5064,0,5064
20233,A,골목상권,3110308,길음역 8번,19786,9633,10153,3278,2124,2314,3575,3221,5274,1726,1048,1124,1716,1650,2369,1552,1076,1190,1859,1571,2905,7658,0,7658
20233,A,골목상권,3110309,대광초등학교,5429,2913,2516,370,642,1272,794,796,1555,196,338,775,449,417,738,174,304,497,345,379,817,4343,0,4343
20233,A,골목상권,3110310,길음역 10번,8945,4234,4711,1148,1016,1199,1420,1407,2755,575,505,573,694,694,1193,573,511,626,726,713,1562,3865,0,3865
20233,A,골목상권,3110311,종암아이파크2차후문,8759,4294,4465,1358,1027,1077,1520,1473,2304,648,556,541,736,764,1049,710,471,536,784,709,1255,3823,0,3823
20233,A,골목상권,3110312,안암역 2번,1532,816,716,66,343,498,158,146,321,36,166,289,91,85,149,30,177,209,67,61,172,2540,0,2540
20233,A,골목상권,3110313,안암역 3번,7302,3865,3437,683,1010,1698,992,1002,1917,355,525,1032,541,525,887,328,485,666,451,477,1030,5433,0,5433
20233,A,골목상권,3110314,종암경찰서,19952,9606,10346,3086,2139,2476,3543,3276,5432,1544,1085,1212,1728,1671,2366,1542,1054,1264,1815,1605,3066,8617,0,8617
20233,A,골목상권,3110315,종암아이파크2차,15868,7781,8087,1800,1839,2452,2343,2593,4841,874,953,1330,1192,1274,2158,926,886,1122,1151,1319,2683,8379,0,8379
20233,A,골목상권,3110316,숭곡초등학교,27226,13253,13973,3864,2785,3202,4521,4505,8349,1952,1378,1570,2198,2333,3822,1912,1407,1632,2323,2172,4527,11788,0,11788
20233,A,골목상권,3110317,종암중학교,7683,3970,3713,699,974,1722,1029,1097,2162,368,500,1020,540,539,1003,331,474,702,489,558,1159,4661,0,4661
20233,A,골목상권,3110318,KT월곡지사,16497,8173,8324,2282,1838,2101,2576,2709,4991,1210,958,1053,1291,1373,2288,1072,880,1048,1285,1336,2703,7064,0,7064
20233,A,골목상권,3110319,종암동주민센터,21339,10449,10890,2960,2382,2745,3446,3571,6235,1572,1251,1404,1667,1787,2768,1388,1131,1341,1779,1784,3467,9026,0,9026
20233,A,골목상권,3110320,KB국민은행 종암동지점,9084,4631,4453,910,1174,1770,1227,1424,2579,478,605,1020,635,693,1200,432,569,750,592,731,1379,4536,0,4536
20233,A,골목상권,3110321,동덕여대,11947,5757,6190,1838,1456,1486,2012,1943,3212,916,651,709,990,1020,1471,922,805,777,1022,923,1741,4911,0,4911
20233,A,골목상권,3110322,장위1동주민센터,13586,6707,6879,1345,1675,1869,1825,2386,4486,674,856,985,980,1139,2073,671,819,884,845,1247,2413,6292,0,6292
20233,A,골목상권,3110323,상월곡역 1번,13699,6641,7058,1539,1687,1970,2028,2197,4278,803,734,952,1034,1117,2001,736,953,1018,994,1080,2277,6479,0,6479
20233,A,골목상권,3110324,월곡역 4번,8806,4290,4516,685,1108,1553,1164,1360,2936,359,463,761,636,680,1391,326,645,792,528,680,1545,4950,0,4950
20233,A,골목상권,3110325,장곡초등학교,12727,6348,6379,1272,1561,1636,1695,2279,4284,632,822,899,899,1115,1981,640,739,737,796,1164,2303,6329,0,6329
20233,A,골목상권,3110326,장위동성당,10743,5302,5441,1107,1367,1358,1490,1947,3474,539,710,724,767,980,1582,568,657,634,723,967,1892,4628,0,4628
20233,A,골목상권,3110327,상월곡역 2번,16315,8139,8176,1872,1779,2073,2514,2663,5414,973,920,1080,1297,1363,2506,899,859,993,1217,1300,2908,7177,0,7177
20233,A,골목상권,3110328,상월곡역 3번,9826,4953,4873,948,1019,1352,1505,1560,3442,500,529,711,805,787,1621,448,490,641,700,773,1821,4889,0,4889
20233,A,골목상권,3110329,우리은행체육관,6540,3294,3246,522,710,797,853,1121,2537,265,359,430,486,557,1197,257,351,367,367,564,1340,4374,0,4374
20233,A,골목상권,3110330,돌곶이역 1번,9298,4560,4738,1081,962,1215,1457,1531,3052,546,487,606,751,775,1395,535,475,609,706,756,1657,4460,0,4460
20233,A,골목상권,3110331,돌곶이역 8번,12583,6214,6369,1352,1379,1787,1994,2028,4043,687,684,916,1037,1041,1849,665,695,871,957,987,2194,6435,0,6435
20233,A,골목상권,3110332,돌곶이역 3번,7259,3685,3574,603,710,960,1077,1314,2595,300,360,517,566,683,1259,303,350,443,511,631,1336,3971,0,3971
20233,A,골목상권,3110333,돌곶이역 5번,12291,6193,6098,1034,1324,1714,1831,2123,4265,539,668,891,977,1068,2050,495,656,823,854,1055,2215,6733,0,6733
20233,A,골목상권,3110334,석관중앙교회,15836,7954,7882,1412,1833,2122,2207,2760,5502,755,920,1125,1167,1404,2583,657,913,997,1040,1356,2919,8611,0,8611
20233,A,골목상권,3110335,석계역 7번,16989,8565,8424,1733,1749,2445,2562,2788,5712,887,917,1265,1353,1396,2747,846,832,1180,1209,1392,2965,8162,0,8162
20233,A,골목상권,3110336,석관고등학교,11273,5713,5560,940,1306,1607,1585,2025,3810,527,660,859,842,1004,1821,413,646,748,743,1021,1989,5532,0,5532
20233,A,골목상권,3110337,아카데미하우스,9177,4475,4702,1026,1065,1124,1280,1534,3148,520,554,560,654,737,1450,506,511,564,626,797,1698,4288,0,4288
20233,A,골목상권,3110338,인수초등학교,7686,3775,3911,694,815,907,1021,1282,2967,331,455,442,535,628,1384,363,360,465,486,654,1583,3772,0,3772
20233,A,골목상권,3110339,국립4.19민주묘지,7494,3624,3870,836,838,964,1072,1207,2577,432,427,479,532,576,1178,404,411,485,540,631,1399,3731,0,3731
20233,A,골목상권,3110340,인수중학교,11541,5659,5882,1257,1307,1391,1630,2009,3947,630,701,681,842,974,1831,627,606,710,788,1035,2116,5182,0,5182
20233,A,골목상권,3110341,북한산우이역 2번,4436,2195,2241,408,473,537,557,740,1721,217,261,277,304,363,773,191,212,260,253,377,948,1913,0,1913
20233,A,골목상권,3110342,국립재활원,11492,5658,5834,1268,1337,1481,1713,1864,3829,681,672,739,926,920,1720,587,665,742,787,944,2109,5121,0,5121
20233,A,골목상권,3110343,무너미어린이공원,15567,7550,8017,1727,1756,2046,2245,2504,5289,874,879,1029,1173,1190,2405,853,877,1017,1072,1314,2884,7687,0,7687
20233,A,골목상권,3110344,화계중학교,6795,3385,3410,738,818,896,992,1129,2222,394,415,447,559,547,1023,344,403,449,433,582,1199,3005,0,3005
20233,A,골목상권,3110345,솔밭공원역 2번,11238,5511,5727,1262,1253,1292,1589,1907,3935,651,628,677,849,943,1763,611,625,615,740,964,2172,5259,0,5259
20233,A,골목상권,3110346,4.19민주묘지역 2번,7075,3426,3649,728,775,941,1032,1099,2500,389,372,455,536,523,1151,339,403,486,496,576,1349,4031,0,4031
20233,A,골목상권,3110347,구세군강북종합사회복지관,9840,4901,4939,1134,1268,1309,1559,1676,2894,595,663,681,810,835,1317,539,605,628,749,841,1577,4222,0,4222
20233,A,골목상권,3110348,강북문화예술회관,20308,9944,10364,2316,2177,2600,2938,3234,7043,1211,1146,1310,1541,1554,3182,1105,1031,1290,1397,1680,3861,8836,0,8836
20233,A,골목상권,3110349,화계역 2번,9161,4531,4630,993,1083,1251,1310,1500,3024,525,573,625,714,703,1391,468,510,626,596,797,1633,4176,0,4176
20233,A,골목상권,3110350,가오리역 2번,16030,7878,8152,1696,1749,2161,2315,2584,5525,882,934,1090,1231,1279,2462,814,815,1071,1084,1305,3063,6857,0,6857
20233,A,골목상권,3110351,수유북부시장옆,17226,8460,8766,1818,1949,2399,2479,2802,5779,938,1016,1217,1335,1376,2578,880,933,1182,1144,1426,3201,7994,0,7994
20233,A,골목상권,3110352,수유1동주민센터,21324,10645,10679,2276,2382,2680,3178,3536,7272,1173,1252,1406,1707,1785,3322,1103,1130,1274,1471,1751,3950,9917,0,9917
20233,A,골목상권,3110353,수유동우체국,14828,7266,7562,1550,1657,1909,2201,2384,5127,812,826,998,1156,1153,2321,738,831,911,1045,1231,2806,7003,0,7003
20233,A,골목상권,3110354,삼각산119안전센터,12431,6014,6417,1554,1354,1335,1983,2163,4042,790,687,684,1009,1098,1746,764,667,651,974,1065,2296,5214,0,5214
20233,A,골목상권,3110355,삼양사거리역 2번,14532,7201,7331,1462,1578,1849,2102,2458,5083,727,830,964,1127,1258,2295,735,748,885,975,1200,2788,6881,0,6881
20233,A,골목상권,3110356,덕수교,14823,7322,7501,1497,1718,1927,2175,2447,5059,777,887,1014,1134,1212,2298,720,831,913,1041,1235,2761,7190,0,7190
20233,A,골목상권,3110357,가오리역 1번,18841,9229,9612,2003,1962,2372,2737,3065,6702,1047,1010,1230,1434,1512,2996,956,952,1142,1303,1553,3706,7781,0,7781
20233,A,골목상권,3110358,인수동 우편취급국,18053,8867,9186,1483,1863,3172,2787,2820,5928,740,935,1602,1509,1373,2708,743,928,1570,1278,1447,3220,9623,0,9623
20233,A,골목상권,3110359,수유시장옆,22921,11317,11604,2049,2315,3637,3408,3648,7864,1072,1205,1877,1810,1767,3586,977,1110,1760,1598,1881,4278,11163,0,11163
20233,A,골목상권,3110360,수유초등학교,16713,8230,8483,1437,1694,2695,2523,2538,5826,700,832,1373,1361,1279,2685,737,862,1322,1162,1259,3141,9229,0,9229
20233,A,골목상권,3110361,삼양사거리역 1번,14483,7249,7234,1259,1495,1862,2028,2514,5325,638,776,982,1111,1274,2468,621,719,880,917,1240,2857,6818,0,6818
20233,A,골목상권,3110362,우이천 계성교,18703,9236,9467,1781,2102,2445,2747,3163,6465,906,1123,1290,1427,1612,2878,875,979,1155,1320,1551,3587,8618,0,8618
20233,A,골목상권,3110363,송천동주민센터,10765,5383,5382,1254,1120,1307,1671,1811,3602,652,590,685,886,904,1666,602,530,622,785,907,1936,4671,0,4671
20233,A,골목상권,3110364,미아역 8번,16951,8350,8601,1429,1607,2441,2459,2874,6141,736,823,1251,1265,1446,2829,693,784,1190,1194,1428,3312,8844,0,8844
20233,A,골목상권,3110365,미아역 5번,17932,8842,9090,1628,1851,2582,2654,3056,6161,824,946,1311,1380,1519,2862,804,905,1271,1274,1537,3299,8855,0,8855
20233,A,골목상권,3110366,광산사거리,13688,6705,6983,1103,1409,2207,2058,2229,4682,569,703,1144,1107,1113,2069,534,706,1063,951,1116,2613,7114,0,7114
20233,A,골목상권,3110367,강북구청,10977,5417,5560,790,1029,1921,1695,1776,3766,411,491,966,918,884,1747,379,538,955,777,892,2019,6334,0,6334
20233,A,골목상권,3110368,송천초등학교,20686,10280,10406,2962,2175,2549,3527,3487,5986,1551,1119,1289,1803,1779,2739,1411,1056,1260,1724,1708,3247,8931,0,8931
20233,A,골목상권,3110369,성신여대운정그린캠퍼스,13410,6505,6905,928,1474,2512,2103,2090,4303,460,643,1223,1124,1087,1968,468,831,1289,979,1003,2335,7932,0,7932
20233,A,골목상권,3110370,도봉세무서,15245,7586,7659,1126,1586,2102,2086,2625,5720,545,814,1132,1124,1325,2646,581,772,970,962,1300,3074,7295,0,7295
20233,A,골목상권,3110371,삼양입구사거리,12465,6185,6280,897,1360,1674,1669,2190,4675,447,717,886,881,1105,2149,450,643,788,788,1085,2526,6201,0,6201
20233,A,골목상권,3110372,강북중학교,12727,6323,6404,1057,1336,2114,1932,2009,4279,558,677,1065,1037,1018,1968,499,659,1049,895,991,2311,6752,0,6752
20233,A,골목상권,3110373,수유역 2번,14641,7169,7472,1279,1516,2400,2422,2343,4681,651,741,1157,1272,1222,2126,628,775,1243,1150,1121,2555,7803,0,7803
20233,A,골목상권,3110374,송중초등학교,17380,8650,8730,1492,1836,2547,2607,2837,6061,734,949,1318,1407,1443,2799,758,887,1229,1200,1394,3262,9054,0,9054
20233,A,골목상권,3110375,서울북부고용노동지청,12554,6122,6432,1140,1390,1675,1899,1988,4462,597,694,855,997,1030,1949,543,696,820,902,958,2513,5937,0,5937
20233,A,골목상권,3110376,수송초등학교,26214,13025,13189,2543,2911,3925,4090,4293,8452,1328,1510,1944,2110,2200,3933,1215,1401,1981,1980,2093,4519,12928,0,12928
20233,A,골목상권,3110377,미아사거리역 3번,7841,3818,4023,810,693,1052,1220,1343,2723,395,349,519,617,676,1262,415,344,533,603,667,1461,3952,0,3952
20233,A,골목상권,3110378,송중동주민센터,14669,7064,7605,1477,1481,2018,2278,2390,5025,724,728,986,1131,1186,2309,753,753,1032,1147,1204,2716,7906,0,7906
20233,A,골목상권,3110379,KT&G 북부지사,7930,3952,3978,711,913,925,1176,1314,2891,349,493,489,653,688,1280,362,420,436,523,626,1611,3493,0,3493
20233,A,골목상권,3110380,강북문화정보도서관,10848,5315,5533,1169,1293,1438,1703,1748,3497,604,648,752,874,835,1602,565,645,686,829,913,1895,4130,0,4130
20233,A,골목상권,3110381,번동주공2단지,14573,7047,7526,1513,1708,1344,2222,2213,5573,794,876,710,1186,1145,2336,719,832,634,1036,1068,3237,5658,0,5658
20233,A,골목상권,3110382,솔밭공원역 1번,7217,3482,3735,848,853,811,1075,1248,2382,429,408,399,556,623,1067,419,445,412,519,625,1315,3383,0,3383
20233,A,골목상권,3110383,덕성여대시반거리,3660,1739,1921,428,423,398,572,572,1267,221,199,174,282,267,596,207,224,224,290,305,671,1961,0,1961
20233,A,골목상권,3110384,문이교,6305,3105,3200,645,736,767,855,1082,2220,325,384,401,430,532,1033,320,352,366,425,550,1187,2960,0,2960
20233,A,골목상권,3110385,효문고등학교,7833,3882,3951,885,984,933,1063,1388,2580,459,510,491,524,704,1194,426,474,442,539,684,1386,3269,0,3269
20233,A,골목상권,3110386,연산군묘,5960,2897,3063,831,783,752,819,1054,1721,430,412,396,380,500,779,401,371,356,439,554,942,2154,0,2154
20233,A,골목상권,3110387,쌍문초등학교,19746,9668,10078,2286,2390,2514,2952,3304,6300,1134,1216,1315,1508,1610,2885,1152,1174,1199,1444,1694,3415,7922,0,7922
20233,A,골목상권,3110388,도봉우체국,18066,8772,9294,2129,2014,2490,2820,2934,5679,1087,984,1267,1434,1393,2607,1042,1030,1223,1386,1541,3072,7409,0,7409
20233,A,골목상권,3110389,한일병원,13874,6799,7075,1513,1438,2150,2281,2059,4433,763,730,1091,1177,988,2050,750,708,1059,1104,1071,2383,6205,0,6205
20233,A,골목상권,3110390,방학초등학교,17222,8517,8705,2011,2084,2263,2323,2934,5607,1056,1146,1232,1142,1393,2548,955,938,1031,1181,1541,3059,6635,0,6635
20233,A,골목상권,3110391,샘말어린이공원,14689,7453,7236,1483,1926,1753,1979,2637,4911,773,1032,974,1019,1367,2288,710,894,779,960,1270,2623,6265,0,6265
20233,A,골목상권,3110392,발바닥공원,15916,7604,8312,1825,2058,2213,2111,2722,4987,935,1101,1102,1024,1203,2239,890,957,1111,1087,1519,2748,5482,0,5482
20233,A,골목상권,3110393,국민은행방학지점,10689,5304,5385,1226,1288,1482,1413,1782,3498,665,705,788,712,827,1607,561,583,694,701,955,1891,3919,0,3919
20233,A,골목상권,3110394,방학중학교,24390,12378,12012,2266,3044,3048,3348,4469,8215,1207,1665,1691,1732,2272,3811,1059,1379,1357,1616,2197,4404,10583,0,10583
20233,A,골목상권,3110395,신한은행 방학동지점,13351,6773,6578,1234,1478,1769,1863,2341,4666,675,812,974,975,1195,2142,559,666,795,888,1146,2524,5909,0,5909
20233,A,골목상권,3110396,쌍문역1번(쌍리단길),11098,5408,5690,871,1122,1809,1729,1862,3705,424,579,899,910,902,1694,447,543,910,819,960,2011,5853,0,5853
20233,A,골목상권,3110397,도봉산입구,22014,10976,11038,2293,2181,2752,3132,3230,8426,1153,1137,1444,1658,1599,3985,1140,1044,1308,1474,1631,4441,9872,0,9872
20233,A,골목상권,3110398,쌍문2동우체국,19794,9573,10221,2323,2397,2925,2992,3194,5963,1215,1180,1511,1529,1493,2645,1108,1217,1414,1463,1701,3318,8232,0,8232
20233,A,골목상권,3110399,창2동주민센터,31817,15683,16134,3837,3816,4365,5006,5367,9426,1990,1975,2195,2530,2649,4344,1847,1841,2170,2476,2718,5082,13094,0,13094
20233,A,골목상권,3110400,도봉구보건소,18713,9205,9508,2203,2245,2662,2761,3044,5798,1190,1166,1361,1399,1445,2644,1013,1079,1301,1362,1599,3154,8419,0,8419
20233,A,골목상권,3110401,도봉구민회관,14090,6842,7248,1642,1649,2176,2253,2182,4188,861,817,1108,1165,1015,1876,781,832,1068,1088,1167,2312,5879,0,5879
20233,A,골목상권,3110402,도봉구 정병원,15619,7810,7809,1539,1831,2151,2235,2579,5284,827,964,1123,1175,1264,2457,712,867,1028,1060,1315,2827,7036,0,7036
20233,A,골목상권,3110403,방학1동주민센터,20158,10180,9978,1615,2332,2780,2793,3583,7055,848,1228,1486,1496,1838,3284,767,1104,1294,1297,1745,3771,9345,0,9345
20233,A,골목상권,3110404,신창초등학교,30219,15020,15199,3494,3741,3697,4588,5286,9413,1801,1960,1927,2347,2683,4302,1693,1781,1770,2241,2603,5111,12634,0,12634
20233,A,골목상권,3110405,방학역 1번,22972,11737,11235,1881,2728,3119,3165,4129,7950,994,1438,1650,1704,2135,3816,887,1290,1469,1461,1994,4134,10710,0,10710
20233,A,골목상권,3110406,도봉산역 1번,10482,5228,5254,1132,1041,1375,1512,1484,3938,581,554,717,775,749,1852,551,487,658,737,735,2086,4402,0,4402
20233,A,골목상권,3110407,도봉역 2번,17808,9153,8655,1458,1859,2156,2438,2970,6927,751,978,1141,1383,1548,3352,707,881,1015,1055,1422,3575,8519,0,8519
20233,A,골목상권,3110408,가인초등학교,15489,7621,7868,1952,2054,2246,2118,2600,4519,1042,1039,1142,1027,1219,2152,910,1015,1104,1091,1381,2367,6039,0,6039
20233,A,골목상권,3110409,창동역 2번,22721,11075,11646,2885,2788,3236,3372,3719,6721,1504,1381,1654,1657,1747,3132,1381,1407,1582,1715,1972,3589,8285,0,8285
20233,A,골목상권,3110410,방학역 2번,20504,10265,10239,1981,2187,2629,3004,3396,7307,999,1165,1345,1614,1694,3448,982,1022,1284,1390,1702,3859,9507,0,9507
20233,A,골목상권,3110411,도봉역 3번,16402,8277,8125,1847,1594,1949,2524,2578,5910,926,846,1010,1368,1336,2791,921,748,939,1156,1242,3119,7221,0,7221
20233,A,골목상권,3110412,창동중학교,9299,4576,4723,1475,1416,1029,1329,1856,2194,767,744,531,603,867,1064,708,672,498,726,989,1130,2921,0,2921
20233,A,골목상권,3110413,누원고등학교,17927,8781,9146,2091,1851,2310,2494,2524,6657,1065,973,1169,1250,1201,3123,1026,878,1141,1244,1323,3534,7204,0,7204
20233,A,골목상권,3110414,장석교회,9017,4392,4625,1168,1082,1036,1374,1442,2915,598,579,542,692,730,1251,570,503,494,682,712,1664,4170,0,4170
20233,A,골목상권,3110415,수락산역 4번,26335,12983,13352,3225,3408,3537,3892,4587,7686,1645,1768,1793,1899,2214,3664,1580,1640,1744,1993,2373,4022,10277,0,10277
20233,A,골목상권,3110416,노원초등학교,15488,7555,7933,2258,1877,2297,2523,2403,4130,1106,991,1125,1278,1117,1938,1152,886,1172,1245,1286,2192,5479,0,5479
20233,A,골목상권,3110417,월계역 3번,7033,3341,3692,624,613,950,1119,974,2753,330,325,479,618,457,1132,294,288,471,501,517,1621,4182,0,4182
20233,A,골목상권,3110418,광운대학교 남단,12145,6245,5900,1279,1521,1754,1830,1874,3887,652,855,1005,944,938,1851,627,666,749,886,936,2036,5676,0,5676
20233,A,골목상권,3110419,수락산디자인거리,20024,9864,10160,2252,2516,2772,2836,3443,6205,1149,1311,1392,1388,1621,3003,1103,1205,1380,1448,1822,3202,7743,0,7743
20233,A,골목상권,3110420,광운대역 1번,10071,5361,4710,1066,1479,1590,1547,1418,2971,564,865,973,810,730,1419,502,614,617,737,688,1552,5447,0,5447
20233,A,골목상권,3110421,석계역 1번,12654,6435,6219,1342,1337,1790,1935,1986,4264,668,722,954,1016,1020,2055,674,615,836,919,966,2209,5559,0,5559
20233,A,골목상권,3110422,노원역 9번,13340,6348,6992,1623,1674,2053,2217,2242,3531,823,801,969,1110,1027,1618,800,873,1084,1107,1215,1913,5477,0,5477
20233,A,골목상권,3110423,석계역 2번,16504,8305,8199,2263,1819,2291,2753,2481,4897,1180,962,1191,1377,1252,2343,1083,857,1100,1376,1229,2554,6917,0,6917
20233,A,골목상권,3110424,상계초등학교,16844,8246,8598,1485,2120,2429,2295,2851,5664,774,1069,1204,1188,1373,2638,711,1051,1225,1107,1478,3026,7562,0,7562
20233,A,골목상권,3110425,계상초등학교,24939,12101,12838,2654,3176,3272,3524,4324,7989,1350,1654,1640,1769,2063,3625,1304,1522,1632,1755,2261,4364,10308,0,10308
20233,A,골목상권,3110426,상계2동주민센터,28547,13928,14619,3242,4496,3727,3786,5615,7681,1652,2349,1838,1782,2722,3585,1590,2147,1889,2004,2893,4096,11174,0,11174
20233,A,골목상권,3110427,노원 을지대학교병원,10071,4775,5296,1333,1362,1550,1587,1817,2422,687,719,747,759,826,1037,646,643,803,828,991,1385,3921,0,3921
20233,A,골목상권,3110428,상계5동주민센터,26744,13006,13738,2745,3523,3349,3759,4772,8596,1388,1834,1720,1885,2277,3902,1357,1689,1629,1874,2495,4694,11445,0,11445
20233,A,골목상권,3110429,공릉동 국수거리,17684,8671,9013,1865,2070,3301,2860,2564,5024,923,1026,1615,1527,1214,2366,942,1044,1686,1333,1350,2658,8993,0,8993
20233,A,골목상권,3110430,중계초등학교,12703,6148,6555,1411,1907,1387,1665,2397,3936,719,1023,710,808,1173,1715,692,884,677,857,1224,2221,5017,0,5017
20233,A,골목상권,3110431,상계역,17417,8499,8918,2030,2435,2122,2479,3190,5161,1038,1272,1076,1203,1525,2385,992,1163,1046,1276,1665,2776,6694,0,6694
20233,A,골목상권,3110432,대진고등학교,8439,4116,4323,963,1410,1237,1055,1709,2065,504,786,616,478,790,942,459,624,621,577,919,1123,3484,0,3484
20233,A,골목상권,3110433,공릉역 2번,14853,7592,7261,1230,2341,3001,2027,2065,4189,633,1174,1675,1118,984,2008,597,1167,1326,909,1081,2181,9025,0,9025
20233,A,골목상권,3110434,태릉입구역 4번,11263,5595,5668,1120,1307,2123,1748,1648,3317,559,618,1050,967,815,1586,561,689,1073,781,833,1731,5708,0,5708
20233,A,골목상권,3110435,서울과학기술대,4825,2404,2421,571,726,727,641,791,1369,287,380,371,322,384,660,284,346,356,319,407,709,2263,0,2263
20233,A,골목상권,3110436,상계제일중학교,14332,7050,7282,1631,2026,1597,2076,2621,4381,841,1094,831,1056,1291,1937,790,932,766,1020,1330,2444,5574,0,5574
20233,A,골목상권,3110437,당고개역 2번,13395,6587,6808,1360,1580,1501,1781,2373,4800,727,837,794,905,1168,2156,633,743,707,876,1205,2644,6331,0,6331
20233,A,골목상권,3110438,경춘선숲길 우측,20417,10289,10128,2215,3140,3535,2830,2987,5710,1135,1588,1943,1460,1460,2703,1080,1552,1592,1370,1527,3007,10345,0,10345
20233,A,골목상권,3110439,당고개역 5번,9255,4672,4583,758,985,1064,1254,1609,3585,400,531,578,675,830,1658,358,454,486,579,779,1927,4095,0,4095
20233,A,골목상권,3110440,상계3동4동주민센터,9304,4776,4528,738,1000,1090,1282,1589,3605,389,527,609,726,845,1680,349,473,481,556,744,1925,4003,0,4003
20233,A,골목상권,3110441,영신여고,12100,5913,6187,1866,2434,1003,1568,2899,2330,935,1268,492,650,1424,1144,931,1166,511,918,1475,1186,4122,0,4122
20233,A,골목상권,3110442,화랑대철도공원,5422,2564,2858,936,767,502,908,1052,1257,505,357,220,400,527,555,431,410,282,508,525,702,2156,0,2156
20233,A,골목상권,3110443,수색역 1번,638,327,311,39,37,106,72,84,300,21,21,62,43,53,127,18,16,44,29,31,173,1003,0,1003
20233,A,골목상권,3110444,수색성당,8033,3992,4041,996,835,1131,1308,1308,2455,511,446,551,684,633,1167,485,389,580,624,675,1288,3020,0,3020
20233,A,골목상권,3110445,덕산중학교,14017,6858,7159,1786,1760,1884,2177,2355,4055,890,956,946,1100,1136,1830,896,804,938,1077,1219,2225,5144,0,5144
20233,A,골목상권,3110446,내를건너서숲으로도서관,11138,5570,5568,1455,1383,1440,1772,1868,3220,768,753,740,904,911,1494,687,630,700,868,957,1726,4603,0,4603
20233,A,골목상권,3110447,구산초등학교,10263,5170,5093,1234,1182,1285,1522,1626,3414,627,631,664,766,778,1704,607,551,621,756,848,1710,4225,0,4225
20233,A,골목상권,3110448,상신초등학교입구,14656,7277,7379,1697,1797,1995,2347,2470,4350,877,990,1039,1183,1194,1994,820,807,956,1164,1276,2356,6387,0,6387
20233,A,골목상권,3110449,증산역 3번,17637,8638,8999,1868,1852,2466,2810,2819,5822,960,933,1230,1415,1398,2702,908,919,1236,1395,1421,3120,8191,0,8191
20233,A,골목상권,3110450,시립서북병원,35019,17123,17896,4316,4405,4582,5675,5926,10115,2162,2281,2243,2863,2869,4705,2154,2124,2339,2812,3057,5410,14144,0,14144
20233,A,골목상권,3110451,증산역 4번,21385,10500,10885,2187,2308,2976,3410,3385,7119,1098,1205,1505,1755,1680,3257,1089,1103,1471,1655,1705,3862,9649,0,9649
20233,A,골목상권,3110452,새절역 3번,16047,7874,8173,1499,1701,2305,2473,2591,5478,754,932,1153,1290,1282,2463,745,769,1152,1183,1309,3015,7878,0,7878
20233,A,골목상권,3110453,신사1동주민센터,25762,12568,13194,2653,2743,3882,4325,4186,7973,1346,1491,1939,2199,2034,3559,1307,1252,1943,2126,2152,4414,12456,0,12456
20233,A,골목상권,3110454,선정중학교,20541,9872,10669,2453,2746,2818,3475,3447,5602,1299,1347,1338,1776,1651,2461,1154,1399,1480,1699,1796,3141,8774,0,8774
20233,A,골목상권,3110455,역촌노인복지관,33740,16214,17526,4133,4024,4599,5857,5568,9559,2069,2068,2192,2961,2657,4267,2064,1956,2407,2896,2911,5292,14254,0,14254
20233,A,골목상권,3110456,구산보건지소,29456,14041,15415,3520,3656,3987,4977,5020,8296,1744,1746,1911,2498,2414,3728,1776,1910,2076,2479,2606,4568,12655,0,12655
20233,A,골목상권,3110457,예일여고,18007,8698,9309,2032,2281,2368,2869,3108,5349,1015,1058,1142,1452,1492,2539,1017,1223,1226,1417,1616,2810,7825,0,7825
20233,A,골목상권,3110458,선일여고,22183,10802,11381,2432,3034,3212,3463,3799,6243,1270,1571,1593,1752,1794,2822,1162,1463,1619,1711,2005,3421,9951,0,9951
20233,A,골목상권,3110459,응암역 2번,27102,12950,14152,3244,3049,3903,4932,4366,7608,1621,1542,1821,2465,2111,3390,1623,1507,2082,2467,2255,4218,11884,0,11884
20233,A,골목상권,3110460,구산역 4번,25027,11910,13117,2819,3135,3637,4160,4124,7152,1455,1509,1732,2127,1940,3147,1364,1626,1905,2033,2184,4005,10723,0,10723
20233,A,골목상권,3110461,새절역 2번,9522,4645,4877,782,930,1542,1498,1549,3221,393,510,751,776,779,1436,389,420,791,722,770,1785,5377,0,5377
20233,A,골목상권,3110462,갈현건영아파트,20722,10170,10552,1928,2562,2986,3021,3460,6765,1023,1363,1523,1561,1659,3041,905,1199,1463,1460,1801,3724,9346,0,9346
20233,A,골목상권,3110463,응암3동주민센터,12696,6196,6500,1172,1285,1920,2084,2027,4208,598,690,951,1087,1010,1860,574,595,969,997,1017,2348,6751,0,6751
20233,A,골목상권,3110464,연신내역 5번,19511,9351,10160,2111,2493,3050,3261,3238,5358,1100,1248,1433,1692,1501,2377,1011,1245,1617,1569,1737,2981,9299,0,9299
20233,A,골목상권,3110465,연신내역 7번,16168,7822,8346,1620,1990,2651,2569,2640,4698,851,1009,1297,1319,1237,2109,769,981,1354,1250,1403,2589,7944,0,7944
20233,A,골목상권,3110466,구산역 2번,21180,10090,11090,2435,2464,2991,3562,3537,6191,1237,1131,1431,1783,1715,2793,1198,1333,1560,1779,1822,3398,9398,0,9398
20233,A,골목상권,3110467,은평요양병원,13515,6607,6908,1234,1529,2138,2056,2099,4459,646,785,1102,1074,995,2005,588,744,1036,982,1104,2454,6676,0,6676
20233,A,골목상권,3110468,응암역 3번,35596,16940,18656,4134,3828,5335,6459,5649,10191,2097,1880,2440,3255,2728,4540,2037,1948,2895,3204,2921,5651,16556,0,16556
20233,A,골목상권,3110469,응암정보도서관,29912,14822,15090,2882,3649,4131,4448,5071,9731,1458,1966,2166,2296,2531,4405,1424,1683,1965,2152,2540,5326,14309,0,14309
20233,A,골목상권,3110470,신진과학기술고등학교,16056,7773,8283,2143,1592,2502,3081,2410,4328,1110,810,1210,1491,1199,1953,1033,782,1292,1590,1211,2375,8420,0,8420
20233,A,골목상권,3110471,응암동우체국,13434,6622,6812,1163,1403,1818,2062,2236,4752,604,745,935,1084,1123,2131,559,658,883,978,1113,2621,10223,0,10223
20233,A,골목상권,3110472,연신내역 4번,19870,9427,10443,2021,2163,3342,3216,3185,5943,994,1054,1595,1655,1471,2658,1027,1109,1747,1561,1714,3285,9856,0,9856
20233,A,골목상권,3110473,구산역 1번,31170,14821,16349,3421,3496,4593,5091,5070,9499,1700,1658,2211,2598,2416,4238,1721,1838,2382,2493,2654,5261,13053,0,13053
20233,A,골목상권,3110474,세명컴퓨터고등학교,18449,9060,9389,1655,2114,2870,2831,2948,6031,844,1110,1474,1493,1394,2745,811,1004,1396,1338,1554,3286,9001,0,9001
20233,A,골목상권,3110475,백련산해모로아파트,16578,7997,8581,2369,1773,2333,3045,2584,4474,1224,914,1083,1496,1280,2000,1145,859,1250,1549,1304,2474,8851,0,8851
20233,A,골목상권,3110476,역촌역 2번,11014,5336,5678,1148,1109,1559,1787,1790,3621,583,531,770,935,895,1622,565,578,789,852,895,1999,4875,0,4875
20233,A,골목상권,3110477,은평세무서,17313,8312,9001,2047,1805,2456,2997,2785,5223,1043,918,1149,1535,1360,2307,1004,887,1307,1462,1425,2916,8560,0,8560
20233,A,골목상권,3110478,응암1동주민센터,17269,8340,8929,2335,1891,2190,3042,2822,4989,1219,969,1027,1507,1395,2223,1116,922,1163,1535,1427,2766,7577,0,7577
20233,A,골목상권,3110479,연신내역 2번,19312,9294,10018,1703,2123,2900,2813,3150,6623,870,1111,1459,1434,1491,2929,833,1012,1441,1379,1659,3694,9627,0,9627
20233,A,골목상권,3110480,연신내역 3번,14311,6743,7568,1452,1475,2435,2314,2189,4446,719,700,1166,1179,1002,1977,733,775,1269,1135,1187,2469,7413,0,7413
20233,A,골목상권,3110481,불광역 7번,18382,8688,9694,1880,1871,2971,2985,2889,5786,949,888,1375,1543,1373,2560,931,983,1596,1442,1516,3226,7537,0,7537
20233,A,골목상권,3110482,연신초등학교,9719,4757,4962,936,1167,1291,1392,1727,3206,488,633,645,713,816,1462,448,534,646,679,911,1744,4758,0,4758
20233,A,골목상권,3110483,연천초등학교,13054,6225,6829,1229,1385,1973,1946,2085,4436,623,688,972,1010,986,1946,606,697,1001,936,1099,2490,6280,0,6280
20233,A,골목상권,3110484,역촌역 3번,22714,10934,11780,2418,2157,3388,3808,3553,7390,1214,1079,1695,1961,1747,3238,1204,1078,1693,1847,1806,4152,11452,0,11452
20233,A,골목상권,3110485,연신내우체국,15442,7468,7974,1563,1767,2073,2313,2617,5109,799,930,1026,1198,1252,2263,764,837,1047,1115,1365,2846,7160,0,7160
20233,A,골목상권,3110486,은평구청,14418,6969,7449,1691,1475,1900,2412,2378,4562,886,730,945,1222,1175,2011,805,745,955,1190,1203,2551,7358,0,7358
20233,A,골목상권,3110487,불광역 8번,7911,3751,4160,625,786,1517,1267,1245,2471,335,372,690,639,618,1097,290,414,827,628,627,1374,4576,0,4576
20233,A,골목상권,3110488,우리은행응암동지점,10593,5100,5493,1294,1025,1386,1817,1748,3323,681,510,657,919,883,1450,613,515,729,898,865,1873,7792,0,7792
20233,A,골목상권,3110489,불광역 3번,8962,4344,4618,825,858,1390,1468,1376,3045,421,434,720,747,688,1334,404,424,670,721,688,1711,4759,0,4759
20233,A,골목상권,3110490,녹번동근린공원,15010,7286,7724,1660,1513,2118,2495,2367,4857,849,778,1070,1271,1182,2136,811,735,1048,1224,1185,2721,9130,0,9130
20233,A,골목상권,3110491,불광중학교,8237,3994,4243,1091,836,1088,1445,1318,2459,560,429,539,739,637,1090,531,407,549,706,681,1369,3662,0,3662
20233,A,골목상권,3110492,하나고등학교,1856,916,940,294,184,227,276,311,564,156,101,118,117,148,276,138,83,109,159,163,288,837,0,837
20233,A,골목상권,3110493,북가좌초등학교,9583,4699,4884,1259,1038,1250,1559,1555,2922,633,537,621,778,765,1365,626,501,629,781,790,1557,3669,0,3669
20233,A,골목상권,3110494,증산3교남측,8230,4066,4164,958,817,1092,1416,1268,2679,477,444,556,735,619,1235,481,373,536,681,649,1444,3545,0,3545
20233,A,골목상권,3110495,북가좌2동주민센터,21936,10718,11218,2482,2294,3079,3521,3509,7051,1298,1151,1525,1772,1749,3223,1184,1143,1554,1749,1760,3828,9809,0,9809
20233,A,골목상권,3110496,모래내우체국,25085,12228,12857,3436,2806,3227,4029,4083,7504,1786,1454,1596,1977,2012,3403,1650,1352,1631,2052,2071,4101,10271,0,10271
20233,A,골목상권,3110497,가좌역 3번,6470,3165,3305,1155,632,892,1232,1000,1559,603,335,415,607,490,715,552,297,477,625,510,844,2781,0,2781
20233,A,골목상권,3110498,증산역 1번,17361,8557,8804,1619,1821,2559,2789,2763,5810,823,953,1300,1463,1384,2634,796,868,1259,1326,1379,3176,8308,0,8308
20233,A,골목상권,3110499,연가초등학교,24116,12021,12095,2542,3266,3340,3678,4163,7127,1315,1732,1796,1862,2038,3278,1227,1534,1544,1816,2125,3849,11409,0,11409
20233,A,골목상권,3110500,남가좌동현대아파트,12216,5938,6278,1948,1206,1494,2098,1927,3543,1005,623,718,1083,960,1549,943,583,776,1015,967,1994,6231,0,6231
20233,A,골목상권,3110501,연희어린이공원,10572,5189,5383,1231,1023,1746,1802,1600,3170,620,542,847,920,800,1460,611,481,899,882,800,1710,4518,0,4518
20233,A,골목상권,3110502,남가좌파출소,14700,7113,7587,1721,1533,1944,2241,2383,4878,843,781,995,1152,1196,2146,878,752,949,1089,1187,2732,8516,0,8516
20233,A,골목상권,3110503,명지대학교교회,16533,8207,8326,1662,2424,2652,2296,2866,4633,872,1178,1465,1159,1396,2137,790,1246,1187,1137,1470,2496,8546,0,8546
20233,A,골목상권,3110504,명지전문대,6024,2966,3058,996,760,697,1130,991,1450,499,396,349,574,477,671,497,364,348,556,514,779,2501,0,2501
20233,A,골목상권,3110505,홍남교남측,7799,3839,3960,900,795,1098,1238,1235,2533,431,426,550,664,643,1125,469,369,548,574,592,1408,3279,0,3279
20233,A,골목상권,3110506,연희임광아파트,6213,2987,3226,504,552,1442,1119,841,1755,259,278,696,553,430,771,245,274,746,566,411,984,3400,0,3400
20233,A,골목상권,3110507,명지대학교,16146,7934,8212,1506,2023,2532,2260,2687,5138,765,990,1334,1161,1353,2331,741,1033,1198,1099,1334,2807,9737,0,9737
20233,A,골목상권,3110508,서연중학교,11620,5560,6060,1152,1193,2069,1818,1782,3606,573,603,1006,878,874,1626,579,590,1063,940,908,1980,5264,0,5264
20233,A,골목상권,3110509,연희대우아파트앞,13995,6733,7262,907,1488,4390,2335,1711,3164,491,660,2216,1160,837,1369,416,828,2174,1175,874,1795,7998,0,7998
20233,A,골목상권,3110510,홍연시장,9177,4522,4655,907,1059,1261,1344,1560,3046,465,558,661,689,790,1359,442,501,600,655,770,1687,4516,0,4516
20233,A,골목상권,3110511,연희초등학교,10941,5477,5464,826,1312,3435,1605,1333,2430,427,604,1929,783,644,1090,399,708,1506,822,689,1340,7098,0,7098
20233,A,골목상권,3110512,연희지하차도,12580,6111,6469,1307,1412,1556,1830,2209,4266,680,719,822,874,1116,1900,627,693,734,956,1093,2366,6225,0,6225
20233,A,골목상권,3110513,연희파출소,6598,3083,3515,716,702,1309,1018,980,1873,370,319,605,446,486,857,346,383,704,572,494,1016,3591,0,3591
20233,A,골목상권,3110514,서대문우체국,11453,5628,5825,696,1400,4005,1661,1322,2369,389,632,2089,847,631,1040,307,768,1916,814,691,1329,7646,0,7646
20233,A,골목상권,3110515,홍은중학교,6559,3209,3350,712,776,832,922,1105,2212,373,414,419,467,539,997,339,362,413,455,566,1215,2732,0,2732
20233,A,골목상권,3110517,서대문소방서,7311,3456,3855,977,904,945,1044,1302,2139,529,431,433,461,616,986,448,473,512,583,686,1153,3155,0,3155
20233,A,골목상권,3110518,서대문구청,7042,3350,3692,879,912,894,1010,1297,2050,466,455,442,456,615,916,413,457,452,554,682,1134,3089,0,3089
20233,A,골목상권,3110519,서대문구보건소별관,11430,5440,5990,1435,1337,1450,1806,1847,3555,682,669,731,904,910,1544,753,668,719,902,937,2011,4752,0,4752
20233,A,골목상권,3110520,경의중앙 신촌역,5770,2640,3130,216,744,1566,815,779,1650,117,267,712,414,421,709,99,477,854,401,358,941,5765,0,5765
20233,A,골목상권,3110521,홍제역 4번,8833,4228,4605,743,983,1176,1188,1497,3246,367,501,597,600,714,1449,376,482,579,588,783,1797,4154,0,4154
20233,A,골목상권,3110522,홍제역 3번,8607,4128,4479,788,907,1164,1281,1454,3013,385,461,581,644,703,1354,403,446,583,637,751,1659,4807,0,4807
20233,A,골목상권,3110523,홍제성원아파트,5955,2855,3100,789,690,861,965,988,1662,394,339,435,482,463,742,395,351,426,483,525,920,3040,0,3040
20233,A,골목상권,3110524,연희세브란스병원,569,238,331,52,81,187,76,55,118,27,21,73,32,32,53,25,60,114,44,23,65,397,0,397
20233,A,골목상권,3110525,홍은종합사회복지관,11657,5608,6049,1456,1385,1322,1670,2027,3797,754,668,665,837,997,1687,702,717,657,833,1030,2110,5391,0,5391
20233,A,골목상권,3110526,봉원사,1838,798,1040,192,242,525,231,225,423,96,72,211,100,111,208,96,170,314,131,114,215,1231,0,1231
20233,A,골목상권,3110527,홍제역 2번,14946,7192,7754,1423,1679,1976,2069,2605,5194,714,867,964,1091,1250,2306,709,812,1012,978,1355,2888,6959,0,6959
20233,A,골목상권,3110528,서울여자간호대학교,14132,6864,7268,1503,1742,1646,1932,2541,4768,783,900,846,982,1255,2098,720,842,800,950,1286,2670,6239,0,6239
20233,A,골목상권,3110529,홍제3동주민센터,16918,8246,8672,1711,2004,2183,2309,2981,5730,877,1019,1104,1205,1473,2568,834,985,1079,1104,1508,3162,6965,0,6965
20233,A,골목상권,3110530,아현역 1번,2813,1388,1425,340,233,460,508,418,854,164,110,223,270,232,389,176,123,237,238,186,465,3305,0,3305
20233,A,골목상권,3110531,홍지문,2373,1168,1205,212,315,376,292,380,798,101,170,191,143,193,370,111,145,185,149,187,428,1203,0,1203
20233,A,골목상권,3110532,아현역 2번,9543,4749,4794,720,1006,1394,1396,1656,3371,378,545,746,743,867,1470,342,461,648,653,789,1901,5652,0,5652
20233,A,골목상권,3110533,충정로역 7번,10732,5321,5411,768,1140,1577,1493,1813,3941,398,605,855,793,943,1727,370,535,722,700,870,2214,5847,0,5847
20233,A,골목상권,3110534,경기대학교,12772,6251,6521,1641,1425,1852,1971,2098,3785,835,723,972,990,1069,1662,806,702,880,981,1029,2123,5854,0,5854
20233,A,골목상권,3110535,영천시장입구,12646,6090,6556,1915,1308,1527,2058,2042,3796,993,634,759,1026,1037,1641,922,674,768,1032,1005,2155,6593,0,6593
20233,A,골목상권,3110536,돈의문센트레빌아파트입구,6217,3064,3153,877,684,902,1003,1025,1726,463,311,444,503,548,795,414,373,458,500,477,931,3144,0,3144
20233,A,골목상권,3110537,충정로현대아파트,5166,2544,2622,559,545,901,834,823,1504,288,264,432,424,446,690,271,281,469,410,377,814,3138,0,3138
20233,A,골목상권,3110538,충정로역 3번,4605,2266,2339,519,435,777,884,721,1269,269,201,356,442,388,610,250,234,421,442,333,659,3028,0,3028
20233,A,골목상권,3110539,미근동,3705,1809,1896,454,311,760,768,547,865,240,134,348,385,289,413,214,177,412,383,258,452,2634,0,2634
20233,A,골목상권,3110540,망원나들목체육관,11252,5552,5700,1388,1202,1704,2117,1785,3056,709,634,818,1053,940,1398,679,568,886,1064,845,1658,5126,0,5126
20233,A,골목상권,3110541,동교초등학교,22053,10618,11435,2761,2445,3381,4052,3588,5826,1398,1247,1589,1951,1800,2633,1363,1198,1792,2101,1788,3193,9934,0,9934
20233,A,골목상권,3110542,마포구청역 7번,16260,7820,8440,2068,1719,2546,3064,2587,4276,1078,898,1160,1496,1285,1903,990,821,1386,1568,1302,2373,9878,0,9878
20233,A,골목상권,3110543,중암중학교,6472,3143,3329,1065,785,892,1112,1192,1426,531,408,465,510,596,633,534,377,427,602,596,793,2313,0,2313
20233,A,골목상권,3110544,망리단길,37362,17923,19439,4000,3861,6829,6923,5747,10002,2045,1921,3125,3442,2887,4503,1955,1940,3704,3481,2860,5499,17906,0,17906
20233,A,골목상권,3110545,마포구청역 1번,11579,5459,6120,1547,1297,1936,2088,1873,2838,784,628,861,960,961,1265,763,669,1075,1128,912,1573,8107,0,8107
20233,A,골목상권,3110546,양화대교북단,8781,4192,4589,860,873,1930,1672,1188,2258,418,417,880,860,590,1027,442,456,1050,812,598,1231,4601,0,4601
20233,A,골목상권,3110547,KB국민은행 망원동지점,15587,7402,8185,1672,1672,2674,2876,2501,4192,859,869,1174,1401,1243,1856,813,803,1500,1475,1258,2336,7365,0,7365
20233,A,골목상권,3110548,마포구청역 4번,14362,6879,7483,1686,1547,2366,2587,2336,3840,873,812,1069,1229,1180,1716,813,735,1297,1358,1156,2124,8570,0,8570
20233,A,골목상권,3110549,새터산,15229,7415,7814,1667,1787,2275,2413,2616,4471,853,893,1133,1153,1332,2051,814,894,1142,1260,1284,2420,8684,0,8684
20233,A,골목상권,3110550,합정역 8번,19156,9100,10056,2228,1964,4131,3417,2641,4775,1172,925,1851,1716,1285,2151,1056,1039,2280,1701,1356,2624,10433,0,10433
20233,A,골목상권,3110551,성서초등학교,14552,6869,7683,1715,1627,2379,2753,2416,3662,863,834,1031,1322,1190,1629,852,793,1348,1431,1226,2033,6430,0,6430
20233,A,골목상권,3110552,성미산체육관,11924,5695,6229,1276,1318,1914,2081,2022,3313,623,677,926,972,997,1500,653,641,988,1109,1025,1813,5704,0,5704
20233,A,골목상권,3110553,가좌역 2번,14769,7208,7561,1818,1834,2032,2332,2651,4102,956,919,971,1146,1344,1872,862,915,1061,1186,1307,2230,6575,0,6575
20233,A,골목상권,3110554,망원역 1번,15239,7091,8148,1325,1479,3262,2961,2231,3981,677,712,1404,1431,1080,1787,648,767,1858,1530,1151,2194,7955,0,7955
20233,A,골목상권,3110555,홍익지구대,7536,3500,4036,584,721,1653,1348,1093,2137,304,360,709,645,532,950,280,361,944,703,561,1187,4865,0,4865
20233,A,골목상권,3110556,절두산순교성지,3743,1776,1967,302,335,796,719,512,1079,174,166,358,384,232,462,128,169,438,335,280,617,1609,0,1609
20233,A,골목상권,3110557,홍대부속여중고앞,12410,5769,6641,1121,1179,2545,2504,1912,3149,561,567,1130,1194,915,1402,560,612,1415,1310,997,1747,6410,0,6410
20233,A,골목상권,3110558,경성고등학교,20026,9579,10447,1968,2106,3617,3587,3180,5568,979,1050,1747,1780,1538,2485,989,1056,1870,1807,1642,3083,9748,0,9748
20233,A,골목상권,3110559,성산중학교,9243,4368,4875,660,849,2211,1785,1258,2480,355,400,1015,918,589,1091,305,449,1196,867,669,1389,4405,0,4405
20233,A,골목상권,3110560,마포FM,9372,4314,5058,831,891,2131,1859,1334,2326,413,421,962,866,615,1037,418,470,1169,993,719,1289,4768,0,4768
20233,A,골목상권,3110561,상수역 4번,7434,3483,3951,535,761,1914,1418,954,1852,277,324,894,702,454,832,258,437,1020,716,500,1020,3823,0,3823
20233,A,골목상권,3110562,연트럴파크(연남동주민센터),13976,6560,7416,1230,1270,3164,2614,1923,3775,634,618,1457,1284,929,1638,596,652,1707,1330,994,2137,6976,0,6976
20233,A,골목상권,3110563,상수역 3번,8169,3886,4283,1007,858,1771,1579,1104,1850,545,387,821,761,512,860,462,471,950,818,592,990,3824,0,3824
20233,A,골목상권,3110564,홍대입구역 3번,7929,3670,4259,634,721,2179,1470,1018,1907,325,321,990,723,478,833,309,400,1189,747,540,1074,4048,0,4048
20233,A,골목상권,3110565,홍익대,6713,3255,3458,696,923,1593,991,1053,1457,359,404,836,486,497,673,337,519,757,505,556,784,3429,0,3429
20233,A,골목상권,3110566,경의선책거리,12157,5775,6382,914,1492,3530,2006,1593,2622,487,644,1744,957,765,1178,427,848,1786,1049,828,1444,7053,0,7053
20233,A,골목상권,3110567,광흥창역 6번,8633,4099,4534,1755,843,1147,1909,1355,1624,900,418,483,894,676,728,855,425,664,1015,679,896,3468,0,3468
20233,A,골목상권,3110568,광흥창역 1번,10549,5039,5510,1856,1055,1489,2061,1654,2434,931,547,655,971,838,1097,925,508,834,1090,816,1337,5008,0,5008
20233,A,골목상권,3110569,홍대땡땡거리,10308,5024,5284,997,1228,2671,1603,1491,2318,526,569,1311,799,737,1082,471,659,1360,804,754,1236,6475,0,6475
20233,A,골목상권,3110570,KB국민은행 서강지점,8766,4251,4515,1320,932,1235,1637,1442,2200,662,480,586,825,717,981,658,452,649,812,725,1219,3590,0,3590
20233,A,골목상권,3110571,신수동주민센터,16073,7875,8198,2206,1728,2399,2857,2618,4265,1125,898,1218,1416,1314,1904,1081,830,1181,1441,1304,2361,7022,0,7022
20233,A,골목상권,3110572,서강대역 1번,17757,8826,8931,2194,2132,3471,2913,2783,4264,1144,1076,1814,1427,1421,1944,1050,1056,1657,1486,1362,2320,9847,0,9847
20233,A,골목상권,3110573,신촌역 6번,3793,1959,1834,224,402,1018,567,492,1090,116,193,573,303,274,500,108,209,445,264,218,590,2454,0,2454
20233,A,골목상권,3110574,서강대학교,4230,2123,2107,486,564,789,712,712,967,254,286,437,347,362,437,232,278,352,365,350,530,2196,0,2196
20233,A,골목상권,3110575,대흥동주민센터,6811,3109,3702,308,920,1899,971,871,1842,161,316,886,484,460,802,147,604,1013,487,411,1040,6819,0,6819
20233,A,골목상권,3110576,대흥역 3번,15554,7559,7995,2197,1663,2058,2733,2593,4310,1110,857,1013,1324,1299,1956,1087,806,1045,1409,1294,2354,6829,0,6829
20233,A,골목상권,3110577,용강동주민센터,15425,7397,8028,3046,1421,1961,3218,2472,3307,1525,715,882,1511,1277,1487,1521,706,1079,1707,1195,1820,5827,0,5827
20233,A,골목상권,3110578,대흥역 2번,12475,6042,6433,1597,1436,1697,2091,2139,3515,823,727,845,1014,1076,1557,774,709,852,1077,1063,1958,6350,0,6350
20233,A,골목상권,3110579,마포역 4번,5426,2690,2736,770,461,1011,951,763,1470,409,245,465,500,381,690,361,216,546,451,382,780,3457,0,3457
20233,A,골목상권,3110580,양원초등학교,4345,2061,2284,270,585,1074,597,569,1250,148,219,524,316,281,573,122,366,550,281,288,677,3934,0,3934
20233,A,골목상권,3110581,염리초등학교,5380,2597,2783,975,453,832,1149,822,1149,504,230,367,547,424,525,471,223,465,602,398,624,2603,0,2603
20233,A,골목상권,3110582,이대역 5번,4704,2069,2635,197,746,1238,571,634,1318,101,225,535,292,299,617,96,521,703,279,335,701,4875,0,4875
20233,A,골목상권,3110583,공덕래미안3차아파트,9775,4633,5142,1412,790,1832,1934,1384,2423,717,387,784,976,678,1091,695,403,1048,958,706,1332,4762,0,4762
20233,A,골목상권,3110584,아현역 4번,3899,1898,2001,497,390,613,661,618,1120,252,179,299,346,313,509,245,211,314,315,305,611,3484,0,3484
20233,A,골목상권,3110585,마포경찰서,13298,6307,6991,2425,1168,2308,2831,1941,2625,1193,543,959,1456,928,1228,1232,625,1349,1375,1013,1397,6555,0,6555
20233,A,골목상권,3110586,서울서부지방법원,20953,10074,10879,2978,1918,3556,3820,3397,5284,1517,972,1542,1895,1713,2435,1461,946,2014,1925,1684,2849,10947,0,10947
20233,A,골목상권,3110587,공덕동주민센터,18190,8806,9384,2016,1927,2960,3007,3188,5092,1034,970,1415,1500,1586,2301,982,957,1545,1507,1602,2791,9596,0,9596
20233,A,골목상권,3110588,한겨레신문사,15339,7486,7853,1588,1679,2281,2440,2773,4578,805,865,1133,1237,1374,2072,783,814,1148,1203,1399,2506,7579,0,7579
20233,A,골목상권,3110589,애오개역 3번,13288,6478,6810,1435,1564,1946,1923,2363,4057,765,796,972,982,1159,1804,670,768,974,941,1204,2253,7740,0,7740
20233,A,골목상권,3110590,만리재,14452,7110,7342,1318,1793,2096,2154,2777,4314,697,922,1072,1104,1383,1932,621,871,1024,1050,1394,2382,6708,0,6708
20233,A,골목상권,3110591,충정로역 6번,12497,6153,6344,936,1375,1818,1755,2035,4578,476,720,964,935,1025,2033,460,655,854,820,1010,2545,5893,0,5893
20233,A,골목상권,3110592,서울금융고등학교,8783,4470,4313,830,993,1183,1305,1519,2953,440,492,606,725,776,1431,390,501,577,580,743,1522,4033,0,4033
20233,A,골목상권,3110593,신월3동주민센터,17124,8930,8194,1529,1873,2167,2488,3119,5948,810,926,1161,1387,1693,2953,719,947,1006,1101,1426,2995,8131,0,8131
20233,A,골목상권,3110594,신월중학교,10425,5264,5161,1437,1381,1402,1633,1707,2865,755,761,757,812,817,1362,682,620,645,821,890,1503,4285,0,4285
20233,A,골목상권,3110595,메디힐병원,19693,9848,9845,2158,2252,2902,3110,3183,6088,1128,1134,1480,1647,1570,2889,1030,1118,1422,1463,1613,3199,8606,0,8606
20233,A,골목상권,3110596,서서울호수공원,16144,8318,7826,1629,1781,2176,2435,2860,5263,868,919,1136,1318,1506,2571,761,862,1040,1117,1354,2692,7711,0,7711
20233,A,골목상권,3110597,신월1동주민센터,24389,12393,11996,2522,2674,3325,3814,4102,7952,1315,1350,1747,2050,2111,3820,1207,1324,1578,1764,1991,4132,11135,0,11135
20233,A,골목상권,3110598,신월문화체육센터,20280,10001,10279,2269,2262,2823,3172,3191,6563,1138,1193,1499,1659,1577,2935,1131,1069,1324,1513,1614,3628,8055,0,8055
20233,A,골목상권,3110599,신월1파출소,16749,8515,8234,1714,1804,2190,2536,2924,5581,869,950,1134,1361,1491,2710,845,854,1056,1175,1433,2871,7885,0,7885
20233,A,골목상권,3110600,신월7동주민센터,20490,10149,10341,2529,2327,2720,3377,3197,6340,1291,1227,1422,1744,1599,2866,1238,1100,1298,1633,1598,3474,8034,0,8034
20233,A,골목상권,3110601,신월1동우편취급국,21510,10964,10546,2544,2161,3201,3738,3402,6464,1286,1155,1668,2045,1737,3073,1258,1006,1533,1693,1665,3391,10063,0,10063
20233,A,골목상권,3110602,신월시영아파트중문,14626,7184,7442,1790,1727,1993,2323,2343,4450,899,904,1035,1205,1151,1990,891,823,958,1118,1192,2460,5474,0,5474
20233,A,골목상권,3110603,지향초등학교,15045,7372,7673,2412,2253,1650,2357,2883,3490,1237,1156,816,1106,1442,1615,1175,1097,834,1251,1441,1875,5396,0,5396
20233,A,골목상권,3110604,신월4동주민센터,23688,11753,11935,3402,2608,2969,4137,3564,7008,1716,1387,1529,2114,1750,3257,1686,1221,1440,2023,1814,3751,8781,0,8781
20233,A,골목상권,3110605,목동센트럴아이파크앞,10507,5194,5313,1335,1477,1308,1567,1853,2967,691,772,674,785,896,1376,644,705,634,782,957,1591,5375,0,5375
20233,A,골목상권,3110606,신한은행 신월동지점,20290,10010,10280,2636,2380,2599,3284,3211,6180,1299,1269,1340,1652,1561,2889,1337,1111,1259,1632,1650,3291,8720,0,8720
20233,A,골목상권,3110607,금빛새마을금고본점,12398,6128,6270,1747,1361,1685,2072,1929,3604,897,731,856,1036,909,1699,850,630,829,1036,1020,1905,5824,0,5824
20233,A,골목상권,3110608,신월2동주민센터,25437,12693,12744,3291,2714,3503,4290,3777,7862,1664,1442,1805,2218,1840,3724,1627,1272,1698,2072,1937,4138,10377,0,10377
20233,A,골목상권,3110609,신정네거리역 2번,13225,6579,6646,1557,1465,1911,2168,2107,4017,786,804,990,1113,1016,1870,771,661,921,1055,1091,2147,5591,0,5591
20233,A,골목상권,3110610,계남근린공원,10427,5315,5112,1129,1159,1404,1625,1725,3385,562,664,763,887,843,1596,567,495,641,738,882,1789,4610,0,4610
20233,A,골목상권,3110611,신정역 1번,23201,11589,11612,2500,2474,3638,3987,3517,7085,1289,1258,1856,2105,1730,3351,1211,1216,1782,1882,1787,3734,10835,0,10835
20233,A,골목상권,3110612,신정역 5번,23802,11848,11954,2553,2626,3607,3987,3855,7174,1317,1354,1811,2077,1903,3386,1236,1272,1796,1910,1952,3788,11550,0,11550
20233,A,골목상권,3110613,신정네거리역 4번,10350,5112,5238,1648,1517,1032,1603,2082,2468,848,794,493,724,1085,1168,800,723,539,879,997,1300,3961,0,3961
20233,A,골목상권,3110614,목동로데오거리,12365,6062,6303,1307,1185,2123,2163,1760,3827,641,621,1030,1124,846,1800,666,564,1093,1039,914,2027,5570,0,5570
20233,A,골목상권,3110615,신서초등학교,8926,4379,4547,1455,1259,960,1508,1694,2050,760,645,447,711,838,978,695,614,513,797,856,1072,3222,0,3222
20233,A,골목상권,3110616,양목초등학교,7427,3566,3861,968,943,1081,1266,1297,1872,489,461,518,622,596,880,479,482,563,644,701,992,3040,0,3040
20233,A,골목상권,3110617,등촌역 4번,19200,9387,9813,2139,2287,3173,2922,2995,5684,1099,1272,1557,1495,1371,2593,1040,1015,1616,1427,1624,3091,8740,0,8740
20233,A,골목상권,3110618,강서고등학교,26153,12978,13175,2925,4124,3594,3838,5050,6622,1480,2378,1823,1835,2387,3075,1445,1746,1771,2003,2663,3547,10669,0,10669
20233,A,골목상권,3110619,목4동주민센터,14438,7072,7366,1811,2425,1808,2064,3041,3289,886,1298,912,955,1462,1559,925,1127,896,1109,1579,1730,5442,0,5442
20233,A,골목상권,3110620,목동보건지소,33793,16863,16930,4426,5657,4248,5007,6717,7738,2320,3223,2153,2347,3234,3586,2106,2434,2095,2660,3483,4152,12475,0,12475
20233,A,골목상권,3110621,목동역 5번,10192,4916,5276,1567,1800,1189,1384,2164,2088,810,882,541,571,1057,1055,757,918,648,813,1107,1033,3587,0,3587
20233,A,골목상권,3110622,달마을공원,20657,9986,10671,2262,2505,3765,3260,3224,5641,1147,1335,1805,1656,1488,2555,1115,1170,1960,1604,1736,3086,9404,0,9404
20233,A,골목상권,3110623,갈산공원,11463,5687,5776,1118,1765,1518,1358,2128,3576,596,936,808,678,1011,1658,522,829,710,680,1117,1918,4547,0,4547
20233,A,골목상권,3110624,목동문화체육센터,15905,7864,8041,2019,2436,2378,2436,2922,3714,1044,1364,1212,1175,1377,1692,975,1072,1166,1261,1545,2022,5900,0,5900
20233,A,골목상권,3110625,신정2동주민센터,20418,10125,10293,2988,3794,2095,2649,4587,4305,1584,2022,1029,1106,2239,2145,1404,1772,1066,1543,2348,2160,6494,0,6494
20233,A,골목상권,3110626,양화초등학교,20887,10085,10802,2286,2321,4216,3473,3090,5501,1165,1229,1976,1776,1413,2526,1121,1092,2240,1697,1677,2975,9456,0,9456
20233,A,골목상권,3110627,신정롯데캐슬아파트,24301,11992,12309,3088,4043,2711,3065,5066,6328,1597,2156,1335,1371,2495,3038,1491,1887,1376,1694,2571,3290,8229,0,8229
20233,A,골목상권,3110628,신목동역,7113,3510,3603,791,792,1502,1164,1095,1769,419,424,700,603,518,846,372,368,802,561,577,923,3406,0,3406
20233,A,골목상권,3110629,송정역 4번,6409,3135,3274,541,566,1535,1008,854,1905,286,236,727,560,440,886,255,330,808,448,414,1019,4003,0,4003
20233,A,골목상권,3110630,공항시장역 1번,15302,7572,7730,1524,1581,2756,2287,2296,4858,791,778,1345,1218,1191,2249,733,803,1411,1069,1105,2609,8175,0,8175
20233,A,골목상권,3110631,방화초등학교,16845,8361,8484,2041,1708,2265,2724,2705,5402,1062,906,1121,1414,1373,2485,979,802,1144,1310,1332,2917,7505,0,7505
20233,A,골목상권,3110632,방화역 3번,15006,7325,7681,1810,1428,2487,2681,2264,4336,941,728,1127,1368,1149,2012,869,700,1360,1313,1115,2324,6981,0,6981
20233,A,골목상권,3110633,개화산역 1번,8755,4326,4429,1006,952,1237,1350,1388,2822,504,483,598,690,701,1350,502,469,639,660,687,1472,3727,0,3727
20233,A,골목상권,3110634,송정역 3번,16160,8260,7900,1667,1481,2973,2770,2374,4895,875,724,1550,1529,1251,2331,792,757,1423,1241,1123,2564,9460,0,9460
20233,A,골목상권,3110635,공항시장역 3번,13707,6881,6826,1535,1438,2191,2098,2056,4389,789,743,1109,1117,1052,2071,746,695,1082,981,1004,2318,6562,0,6562
20233,A,골목상권,3110636,방화역 2번,12519,6120,6399,1801,1235,1769,2216,1877,3621,891,636,870,1115,933,1675,910,599,899,1101,944,1946,5030,0,5030
20233,A,골목상권,3110637,송정역 2번,7421,3739,3682,703,753,1266,1090,1097,2512,353,392,648,594,561,1191,350,361,618,496,536,1321,4006,0,4006
20233,A,골목상권,3110638,신방화역 2번,24305,12037,12268,2962,2445,3672,3951,3660,7615,1507,1263,1800,2045,1858,3564,1455,1182,1872,1906,1802,4051,11154,0,11154
20233,A,골목상권,3110639,신방화역 8번,13951,6932,7019,1672,1494,2214,2218,2135,4218,853,758,1068,1160,1092,2001,819,736,1146,1058,1043,2217,6628,0,6628
20233,A,골목상권,3110640,방화역 1번,16772,8142,8630,2301,1497,2498,2913,2527,5036,1165,763,1168,1454,1251,2341,1136,734,1330,1459,1276,2695,7164,0,7164
20233,A,골목상권,3110641,공항고등학교,13428,6598,6830,1848,1237,1788,2315,1815,4425,934,669,899,1216,902,1978,914,568,889,1099,913,2447,5928,0,5928
20233,A,골목상권,3110642,정곡초등학교,5995,2906,3089,902,515,879,1149,854,1696,438,250,449,585,414,770,464,265,430,564,440,926,2405,0,2405
20233,A,골목상권,3110643,강서구다솔마을,8619,4406,4213,1491,854,1149,1717,1336,2072,771,419,602,918,716,980,720,435,547,799,620,1092,4847,0,4847
20233,A,골목상권,3110644,신광명마을,3799,1870,1929,630,471,436,655,614,993,338,257,209,332,300,434,292,214,227,323,314,559,1452,0,1452
20233,A,골목상권,3110645,우장산역 4번,26136,12444,13692,3973,4099,2833,4334,4928,5969,1963,1941,1374,2013,2404,2749,2010,2158,1459,2321,2524,3220,9706,0,9706
20233,A,골목상권,3110646,푸른들청소년도서관,31994,15533,16461,3690,3708,5076,5048,4960,9512,1928,1873,2459,2471,2356,4446,1762,1835,2617,2577,2604,5066,12658,0,12658
20233,A,골목상권,3110647,화곡역 5번,29205,14245,14960,3306,3006,5078,5304,4319,8192,1699,1466,2465,2745,2086,3784,1607,1540,2613,2559,2233,4408,13742,0,13742
20233,A,골목상권,3110648,양천향교역 7번,9112,4341,4771,611,1045,2294,1432,1202,2528,331,470,1082,775,573,1110,280,575,1212,657,629,1418,8697,0,8697
20233,A,골목상권,3110649,우장산역 1번,16400,7840,8560,2808,2464,1702,2841,3141,3444,1367,1156,829,1242,1617,1629,1441,1308,873,1599,1524,1815,5998,0,5998
20233,A,골목상권,3110650,우장산힐스테이트,12516,5908,6608,2232,1804,1279,2129,2377,2695,1060,811,633,913,1224,1267,1172,993,646,1216,1153,1428,4373,0,4373
20233,A,골목상권,3110651,화원중학교,28188,13877,14311,3288,2918,4557,4993,4145,8287,1684,1462,2302,2598,2009,3822,1604,1456,2255,2395,2136,4465,12207,0,12207
20233,A,골목상권,3110652,양천향교역 2번,5133,2585,2548,483,615,1051,779,770,1435,269,318,520,416,356,706,214,297,531,363,414,729,4584,0,4584
20233,A,골목상권,3110653,화곡역 2번,20886,10007,10879,2572,2086,3757,3844,3013,5614,1313,1046,1745,1936,1404,2563,1259,1040,2012,1908,1609,3051,8671,0,8671
20233,A,골목상권,3110654,까치산역 4번,40791,20167,20624,4107,3841,7531,7229,5927,12156,2055,1936,3782,3915,2884,5595,2052,1905,3749,3314,3043,6561,20710,0,20710
20233,A,골목상권,3110655,발산역 5번,11292,5375,5917,1855,1427,1413,1941,1933,2723,883,672,680,880,979,1281,972,755,733,1061,954,1442,4412,0,4412
20233,A,골목상권,3110656,까치산역 3번,29309,14658,14651,2857,2468,6031,5466,4002,8485,1395,1274,2980,3064,2012,3933,1462,1194,3051,2402,1990,4552,16321,0,16321
20233,A,골목상권,3110657,양천향교역 5번,16168,7774,8394,1628,2106,3271,2468,2523,4172,864,1019,1549,1231,1210,1901,764,1087,1722,1237,1313,2271,10610,0,10610
20233,A,골목상권,3110658,화곡초등학교,17781,8731,9050,1924,1699,3273,3378,2566,4941,1004,846,1660,1761,1262,2198,920,853,1613,1617,1304,2743,11144,0,11144
20233,A,골목상권,3110659,화곡역 4번,46161,22563,23598,6012,4750,7877,9000,6651,11871,3118,2390,3889,4663,3244,5259,2894,2360,3988,4337,3407,6612,22174,0,22174
20233,A,골목상권,3110660,등촌3동주민센터,21667,10366,11301,2652,2695,3558,3213,3309,6240,1358,1406,1620,1578,1562,2842,1294,1289,1938,1635,1747,3398,10097,0,10097
20233,A,골목상권,3110661,강서새말어린이공원,9165,4506,4659,1063,1030,1391,1526,1484,2671,526,543,693,772,720,1252,537,487,698,754,764,1419,4466,0,4466
20233,A,골목상권,3110662,까치산역 1번,41215,20073,21142,5080,4182,6695,7976,5974,11308,2601,2147,3294,4094,2865,5072,2479,2035,3401,3882,3109,6236,17937,0,17937
20233,A,골목상권,3110663,우장산롯데캐슬아파트앞,9926,4858,5068,1080,1134,1762,1527,1596,2827,552,597,786,776,783,1364,528,537,976,751,813,1463,5281,0,5281
20233,A,골목상권,3110664,강서구청옆,7546,3667,3879,946,761,1527,1382,1020,1910,464,385,679,752,526,861,482,376,848,630,494,1049,4467,0,4467
20233,A,골목상권,3110665,곰달래도서관,23702,11665,12037,2624,2266,3885,4386,3402,7139,1341,1170,1915,2268,1672,3299,1283,1096,1970,2118,1730,3840,10733,0,10733
20233,A,골목상권,3110666,KC대학교,9394,4673,4721,1188,980,1481,1651,1361,2733,610,538,737,884,664,1240,578,442,744,767,697,1493,3833,0,3833
20233,A,골목상권,3110667,가양역 10번,15153,7167,7986,1052,1562,2784,1987,2092,5676,559,848,1308,1069,920,2463,493,714,1476,918,1172,3213,7452,0,7452
20233,A,골목상권,3110668,화곡2동주민센터,38707,18834,19873,4896,3889,5954,7336,5796,10836,2473,2012,2925,3738,2807,4879,2423,1877,3029,3598,2989,5957,16369,0,16369
20233,A,골목상권,3110669,화곡보람2차아파트,6159,2993,3166,606,647,1303,1014,844,1745,328,339,571,535,406,814,278,308,732,479,438,931,3829,0,3829
20233,A,골목상권,3110670,신곡초등학교,25563,12561,13002,3361,2979,3659,4710,4117,6737,1720,1516,1848,2399,2014,3064,1641,1463,1811,2311,2103,3673,10466,0,10466
20233,A,골목상권,3110671,등촌1동주민센터,24848,11827,13021,3075,2459,5818,4417,3447,5632,1603,1238,2413,2292,1652,2629,1472,1221,3405,2125,1795,3003,14497,0,14497
20233,A,골목상권,3110672,백석중학교,12167,6151,6016,1480,1634,1801,1731,2020,3501,788,936,928,869,923,1707,692,698,873,862,1097,1794,4532,0,4532
20233,A,골목상권,3110673,뜸부기어린이공원,19505,9570,9935,2039,1958,3112,3359,2981,6056,1018,1043,1549,1729,1435,2796,1021,915,1563,1630,1546,3260,8383,0,8383
20233,A,골목상권,3110674,강서구청가양동별관,10812,5194,5618,989,979,1734,1734,1416,3960,495,529,882,978,695,1615,494,450,852,756,721,2345,5273,0,5273
20233,A,골목상권,3110675,화곡4동주민센터,25685,12684,13001,2934,3141,3818,4389,4224,7179,1526,1757,1910,2249,2024,3218,1408,1384,1908,2140,2200,3961,11096,0,11096
20233,A,골목상권,3110676,등촌역 7번,12414,6031,6383,1398,1397,2492,2226,1805,3096,726,721,1137,1170,830,1447,672,676,1355,1056,975,1649,6297,0,6297
20233,A,골목상권,3110677,등촌역 1번,15595,7597,7998,2610,1867,2318,2805,2571,3424,1340,947,1060,1371,1258,1621,1270,920,1258,1434,1313,1803,7001,0,7001
20233,A,골목상권,3110678,염창무학아파트,10153,5008,5145,1870,1202,1465,1868,1623,2125,948,609,680,944,788,1039,922,593,785,924,835,1086,3910,0,3910
20233,A,골목상권,3110679,염창역 2번,10641,5210,5431,1636,1251,1810,1829,1660,2455,837,660,814,923,791,1185,799,591,996,906,869,1270,4632,0,4632
20233,A,골목상권,3110680,온수역 5번(온수산업단지),6667,3380,3287,1013,577,887,1295,914,1981,573,310,419,666,476,936,440,267,468,629,438,1045,2602,0,2602
20233,A,골목상권,3110681,온수역 1번,5226,2606,2620,693,483,826,966,721,1537,383,232,393,509,374,715,310,251,433,457,347,822,2101,0,2101
20233,A,골목상권,3110682,온수역 8번,4687,2338,2349,719,508,642,892,659,1267,384,267,299,443,333,612,335,241,343,449,326,655,1873,0,1873
20233,A,골목상권,3110683,오류고등학교,7665,3824,3841,998,1014,960,1186,1257,2250,485,558,498,606,616,1061,513,456,462,580,641,1189,3105,0,3105
20233,A,골목상권,3110684,서울공연예술고등학교,9644,4776,4868,1257,1304,1246,1485,1618,2734,631,710,622,754,778,1281,626,594,624,731,840,1453,3601,0,3601
20233,A,골목상권,3110685,금강수목원아파트,5615,2801,2814,832,603,782,952,901,1545,438,323,370,487,463,720,394,280,412,465,438,825,2106,0,2106
20233,A,골목상권,3110686,수궁동주민센터,18239,9025,9214,2375,2202,2427,2953,2925,5357,1208,1200,1222,1510,1422,2463,1167,1002,1205,1443,1503,2894,7328,0,7328
20233,A,골목상권,3110687,"천왕역 3번(오류2동주민센터, 서울오류남초등학교)",7474,3645,3829,1252,700,905,1432,1099,2086,650,354,419,739,526,957,602,346,486,693,573,1129,3146,0,3146
20233,A,골목상권,3110688,오류지구대,12922,6366,6556,1593,1371,2100,2272,1866,3720,787,704,1018,1196,939,1722,806,667,1082,1076,927,1998,6380,0,6380
20233,A,골목상권,3110689,오류동역 3번,21660,10678,10982,2375,2140,3806,3631,2996,6712,1181,1033,1853,1937,1537,3137,1194,1107,1953,1694,1459,3575,12338,0,12338
20233,A,골목상권,3110690,오류2동버들시장,24327,12074,12253,3078,2346,3960,4262,3467,7214,1625,1209,1898,2284,1693,3365,1453,1137,2062,1978,1774,3849,12581,0,12581
20233,A,골목상권,3110691,개봉중학교,14776,7454,7322,1643,1640,1978,2140,2391,4984,814,913,1006,1128,1220,2373,829,727,972,1012,1171,2611,6308,0,6308
20233,A,골목상권,3110692,큰굴다리,14926,7472,7454,1767,1554,2451,2448,2181,4525,907,769,1194,1314,1121,2167,860,785,1257,1134,1060,2358,7541,0,7541
20233,A,골목상권,3110693,오류동역 4번,5410,2638,2772,535,483,1276,984,648,1484,270,213,577,540,337,701,265,270,699,444,311,783,4768,0,4768
20233,A,골목상권,3110694,세곡초등학교,21979,11018,10961,2479,2675,2903,3317,3858,6747,1197,1462,1461,1736,1958,3204,1282,1213,1442,1581,1900,3543,9637,0,9637
20233,A,골목상권,3110695,개봉1동주민센터,21271,10665,10606,2214,2361,2719,3178,3572,7227,1092,1247,1359,1684,1819,3464,1122,1114,1360,1494,1753,3763,10118,0,10118
20233,A,골목상권,3110696,오류동역 1번,19351,9605,9746,2405,1757,2814,3390,2529,6456,1228,922,1370,1832,1234,3019,1177,835,1444,1558,1295,3437,8822,0,8822
20233,A,골목상권,3110697,개봉3동주민센터,12712,6312,6400,1699,1353,1645,2180,1960,3875,862,682,855,1157,960,1796,837,671,790,1023,1000,2079,5222,0,5222
20233,A,골목상권,3110698,개웅초등학교(개웅중학교),22999,11323,11676,2617,2637,3080,3747,3672,7246,1371,1343,1562,1956,1774,3317,1246,1294,1518,1791,1898,3929,10020,0,10020
20233,A,골목상권,3110699,덕의초등학교,15314,7623,7691,2306,1796,1816,2682,2599,4115,1190,909,908,1347,1300,1969,1116,887,908,1335,1299,2146,6027,0,6027
20233,A,골목상권,3110700,고척초등학교,21761,10851,10910,2730,2514,2765,3431,3519,6802,1415,1279,1415,1739,1759,3244,1315,1235,1350,1692,1760,3558,8887,0,8887
20233,A,골목상권,3110701,고척동성당,12348,6085,6263,1805,1516,1486,2116,2134,3291,948,758,726,1050,1059,1544,857,758,760,1066,1075,1747,4699,0,4699
20233,A,골목상권,3110702,개봉초등학교,15571,7654,7917,2359,1494,2020,2739,2188,4771,1236,763,1017,1356,1058,2224,1123,731,1003,1383,1130,2547,6081,0,6081
20233,A,골목상권,3110703,개봉역,29134,14323,14811,4478,2952,3796,5048,4009,8851,2271,1524,1825,2526,1953,4224,2207,1428,1971,2522,2056,4627,10602,0,10602
20233,A,골목상권,3110704,고척중학교,6217,3072,3145,754,773,930,961,949,1850,391,391,474,477,444,895,363,382,456,484,505,955,2445,0,2445
20233,A,골목상권,3110705,고산초등학교,5973,2977,2996,687,726,953,939,896,1772,360,371,485,478,420,863,327,355,468,461,476,909,2550,0,2550
20233,A,골목상권,3110706,그라운드 고척,10432,5308,5124,1098,1289,1536,1577,1662,3270,579,670,822,840,841,1556,519,619,714,737,821,1714,4702,0,4702
20233,A,골목상권,3110707,구로창업지원센터,19408,9593,9815,3467,2134,2556,3741,2949,4561,1751,1082,1242,1795,1520,2203,1716,1052,1314,1946,1429,2358,6805,0,6805
20233,A,골목상권,3110708,화원어린이공원,8756,4405,4351,999,877,1272,1440,1454,2714,532,449,638,772,743,1271,467,428,634,668,711,1443,3650,0,3650
20233,A,골목상권,3110709,구로119안전센터,10806,5474,5332,891,969,1384,1541,2050,3971,444,481,724,849,1118,1858,447,488,660,692,932,2113,5245,0,5245
20233,A,골목상권,3110710,남구로역 3번,21831,11394,10437,1461,2041,2555,2972,4084,8718,780,1099,1399,1681,2240,4195,681,942,1156,1291,1844,4523,10599,0,10599
20233,A,골목상권,3110711,구로초등학교,19072,9522,9550,1822,1919,2540,2822,3376,6593,936,983,1287,1503,1764,3049,886,936,1253,1319,1612,3544,8703,0,8703
20233,A,골목상권,3110712,남구로역 5번,24840,12550,12290,2527,2258,3188,4215,4107,8545,1290,1227,1651,2313,2156,3913,1237,1031,1537,1902,1951,4632,10318,0,10318
20233,A,골목상권,3110713,구로보건소,26464,13026,13438,3312,2594,4480,4496,4039,7543,1683,1312,2121,2322,2044,3544,1629,1282,2359,2174,1995,3999,12320,0,12320
20233,A,골목상권,3110714,구로4동주민센터,25279,12656,12623,2939,2085,3185,4387,4165,8518,1485,1095,1569,2338,2226,3943,1454,990,1616,2049,1939,4575,11704,0,11704
20233,A,골목상권,3110715,구로구민회관,10026,4882,5144,829,1030,2261,1908,1575,2423,420,442,985,1033,859,1143,409,588,1276,875,716,1280,5892,0,5892
20233,A,골목상권,3110716,구로나눔길,9971,4923,5048,805,1016,1540,1486,1796,3328,392,514,702,798,962,1555,413,502,838,688,834,1773,5590,0,5590
20233,A,골목상권,3110717,남구로역 2번,30546,15594,14952,3214,2569,4432,5469,5112,9750,1609,1368,2256,2994,2763,4604,1605,1201,2176,2475,2349,5146,14417,0,14417
20233,A,골목상권,3110718,한국SGI본부,16637,8129,8508,2155,1577,3356,2799,2219,4531,1095,768,1549,1446,1087,2184,1060,809,1807,1353,1132,2347,8379,0,8379
20233,A,골목상권,3110719,영서중학교,11515,5648,5867,1987,939,1577,2464,1594,2954,1001,486,753,1253,816,1339,986,453,824,1211,778,1615,4307,0,4307
20233,A,골목상권,3110720,대림역 2번,15344,7509,7835,1476,1358,2473,2599,2421,5017,732,662,1146,1381,1258,2330,744,696,1327,1218,1163,2687,7786,0,7786
20233,A,골목상권,3110721,가리봉파출소,10757,5913,4844,560,747,3527,1891,1586,2446,275,310,1876,1180,973,1299,285,437,1651,711,613,1147,8728,0,8728
20233,A,골목상권,3110722,G타워,12259,6618,5641,565,805,5378,2369,1253,1889,287,306,2827,1491,741,966,278,499,2551,878,512,923,9561,0,9561
20233,A,골목상권,3110723,가산디지털단지역 1번 출입구,4490,2438,2052,274,330,510,613,849,1914,133,168,284,369,517,967,141,162,226,244,332,947,2615,0,2615
20233,A,골목상권,3110724,금천구립가산도서관,11585,6418,5167,1132,977,3148,2001,1524,2803,579,479,1839,1212,860,1449,553,498,1309,789,664,1354,8055,0,8055
20233,A,골목상권,3110725,가산동주민센터,7611,4157,3454,552,560,1707,1174,1350,2268,277,237,849,679,846,1269,275,323,858,495,504,999,6865,0,6865
20233,A,골목상권,3110726,금천철쭉어린이공원(금하마을),4711,2336,2375,510,613,632,621,861,1474,263,308,336,319,399,711,247,305,296,302,462,763,1689,0,1689
20233,A,골목상권,3110727,독산역 1번 출입구,9957,5262,4695,1414,831,2091,1856,1291,2474,729,431,1148,1069,646,1239,685,400,943,787,645,1235,5360,0,5360
20233,A,골목상권,3110728,두산초등학교,6618,3573,3045,725,528,1810,1251,845,1459,369,252,1012,751,441,748,356,276,798,500,404,711,5421,0,5421
20233,A,골목상권,3110729,가산동우체국,15660,8591,7069,1042,1168,4395,2586,2478,3991,518,506,2338,1557,1508,2164,524,662,2057,1029,970,1827,12725,0,12725
20233,A,골목상권,3110730,서울축산농협 독산역지점(독산파출소),8859,4724,4135,904,785,2144,1457,1303,2266,463,375,1193,856,712,1125,441,410,951,601,591,1141,6559,0,6559
20233,A,골목상권,3110731,금천구청역 1번 출입구,8342,4200,4142,849,761,1447,1361,1344,2580,427,374,738,740,686,1235,422,387,709,621,658,1345,5289,0,5289
20233,A,골목상권,3110732,가산초등학교(세일중학교),15072,8122,6950,1094,1231,4484,2591,2022,3650,542,556,2396,1567,1167,1894,552,675,2088,1024,855,1756,10391,0,10391
20233,A,골목상권,3110733,금천어울림복지센터,6664,3399,3265,766,622,1106,1093,1058,2019,399,319,588,594,530,969,367,303,518,499,528,1050,4639,0,4639
20233,A,골목상권,3110734,금천파출소,2580,1306,1274,234,198,530,458,384,776,119,98,263,245,211,370,115,100,267,213,173,406,2208,0,2208
20233,A,골목상권,3110735,말미고개,18281,9262,9019,1824,1987,2799,2579,3349,5743,914,1028,1495,1360,1733,2732,910,959,1304,1219,1616,3011,11615,0,11615
20233,A,골목상권,3110736,독산119안전센터,17409,8862,8547,1462,1810,2384,2501,3466,5786,732,895,1289,1297,1856,2793,730,915,1095,1204,1610,2993,8588,0,8588
20233,A,골목상권,3110737,금천세무서,12117,6254,5863,977,1075,2367,1809,2071,3818,458,561,1245,1055,1070,1865,519,514,1122,754,1001,1953,7870,0,7870
20233,A,골목상권,3110738,문성초등학교,20890,10580,10310,1839,2242,2834,2892,4030,7053,901,1143,1515,1564,2056,3401,938,1099,1319,1328,1974,3652,10189,0,10189
20233,A,골목상권,3110739,시흥3동 우편취급국,5407,2736,2671,607,541,747,838,844,1830,299,297,390,442,433,875,308,244,357,396,411,955,2237,0,2237
20233,A,골목상권,3110740,금천해태공원,22723,11392,11331,2171,2456,3298,3289,3951,7558,1100,1269,1725,1769,1982,3547,1071,1187,1573,1520,1969,4011,12126,0,12126
20233,A,골목상권,3110741,독산2동주민센터,20323,10334,9989,1882,2219,2996,2841,3917,6468,962,1162,1603,1516,2012,3079,920,1057,1393,1325,1905,3389,9729,0,9729
20233,A,골목상권,3110742,KT금천빌딩(금천구시설관리공단),8038,3991,4047,1201,861,1079,1395,1255,2247,620,479,549,676,615,1052,581,382,530,719,640,1195,3497,0,3497
20233,A,골목상권,3110743,시흥초등학교(시흥1동우체국),21595,10794,10801,1931,2326,2893,2984,3885,7576,1005,1206,1504,1575,1981,3523,926,1120,1389,1409,1904,4053,10718,0,10718
20233,A,골목상권,3110744,독산동성당,29078,14773,14305,2560,3373,3752,3963,5954,9476,1297,1712,2060,2079,3047,4578,1263,1661,1692,1884,2907,4898,13678,0,13678
20233,A,골목상권,3110745,독산동정훈단지,18306,9303,9003,1690,2197,2397,2621,3746,5655,854,1146,1282,1348,1908,2765,836,1051,1115,1273,1838,2890,8318,0,8318
20233,A,골목상권,3110746,금천금빛공원(은행나무사거리서측),10157,5099,5058,858,1086,1372,1438,1873,3530,450,561,731,737,981,1639,408,525,641,701,892,1891,5485,0,5485
20233,A,골목상권,3110747,석수역 1번 출입구,3165,1573,1592,304,319,426,452,470,1194,136,178,219,259,231,550,168,141,207,193,239,644,1399,0,1399
20233,A,골목상권,3110748,백산초등학교,12860,6475,6385,1436,1463,1654,1996,2165,4146,767,771,867,1034,1108,1928,669,692,787,962,1057,2218,6091,0,6091
20233,A,골목상권,3110749,금산초등학교(금천고등학교),9095,4550,4545,1022,988,1205,1344,1462,3074,486,529,630,701,745,1459,536,459,575,643,717,1615,3931,0,3931
20233,A,골목상권,3110750,시흥4동주민센터(서울신흥초등학교),20556,10264,10292,2136,2274,2660,2898,3645,6943,1102,1157,1408,1487,1863,3247,1034,1117,1252,1411,1782,3696,9421,0,9421
20233,A,골목상권,3110751,난곡중학교,20043,10080,9963,2006,2171,2921,2966,3603,6376,996,1122,1536,1577,1780,3069,1010,1049,1385,1389,1823,3307,9766,0,9766
20233,A,골목상권,3110752,한울중학교,26655,13342,13313,2817,3136,3613,3792,4829,8468,1416,1637,1892,1946,2448,4003,1401,1499,1721,1846,2381,4465,11212,0,11212
20233,A,골목상권,3110753,시흥동 은행나무사거리,19502,9782,9720,1955,2283,2412,2732,3444,6676,1017,1213,1271,1415,1753,3113,938,1070,1141,1317,1691,3563,9438,0,9438
20233,A,골목상권,3110754,삼성산자연공원(서울금천초등학교),17627,8811,8816,1809,2069,2313,2396,3204,5836,939,1065,1225,1240,1622,2720,870,1004,1088,1156,1582,3116,8941,0,8941
20233,A,골목상권,3110755,동일여자고등학교,14199,7031,7168,1514,1675,1698,1948,2491,4873,781,891,886,1009,1222,2242,733,784,812,939,1269,2631,6735,0,6735
20233,A,골목상권,3110756,문래중학교,12638,6259,6379,2145,1018,2170,2805,1622,2878,1106,519,1020,1482,838,1294,1039,499,1150,1323,784,1584,5705,0,5705
20233,A,골목상권,3110757,양평역 2번,10887,5420,5467,1472,923,2128,2307,1434,2623,762,463,1001,1245,790,1159,710,460,1127,1062,644,1464,5683,0,5683
20233,A,골목상권,3110758,문래소공원,11476,5625,5851,2126,904,2200,2782,1409,2055,1088,435,996,1443,741,922,1038,469,1204,1339,668,1133,5283,0,5283
20233,A,골목상권,3110759,문래예술촌(문래창작촌),18642,9232,9410,3363,1615,2558,3675,2550,4881,1763,818,1206,1837,1313,2295,1600,797,1352,1838,1237,2586,7485,0,7485
20233,A,골목상권,3110760,선유도역 6번,16006,7955,8051,2667,1766,2834,3021,2404,3314,1342,914,1333,1532,1255,1579,1325,852,1501,1489,1149,1735,7151,0,7151
20233,A,골목상권,3110761,문래동남성맨션,2367,1200,1167,410,173,374,474,287,649,210,91,174,272,148,305,200,82,200,202,139,344,911,0,911
20233,A,골목상권,3110762,선유도역 1번,14444,7238,7206,1829,1369,3325,2602,1948,3371,915,693,1582,1386,1044,1618,914,676,1743,1216,904,1753,8041,0,8041
20233,A,골목상권,3110763,영등포구청역 2번,5910,2881,3029,801,561,1172,1031,752,1593,434,262,546,540,362,737,367,299,626,491,390,856,3241,0,3241
20233,A,골목상권,3110764,문래역 3번,5705,2747,2958,849,469,946,1234,819,1388,422,225,437,619,397,647,427,244,509,615,422,741,2785,0,2785
20233,A,골목상권,3110765,문래동사거리,5875,2952,2923,840,369,1064,1249,787,1566,407,189,498,701,424,733,433,180,566,548,363,833,2815,0,2815
20233,A,골목상권,3110766,대림역 5번,12665,6425,6240,1254,1202,1958,2015,2128,4108,644,630,1026,1069,1096,1960,610,572,932,946,1032,2148,5668,0,5668
20233,A,골목상권,3110767,도림동주민센터,9703,4817,4886,1235,731,2058,1973,1346,2360,616,371,932,1079,707,1112,619,360,1126,894,639,1248,5253,0,5253
20233,A,골목상권,3110768,도림2동유수지내체육시설,16519,8196,8323,2078,1407,3168,2983,2404,4479,1071,695,1524,1591,1217,2098,1007,712,1644,1392,1187,2381,7747,0,7747
20233,A,골목상권,3110769,대림차이나타운(대림역 12번),8863,4371,4492,847,772,1110,1394,1546,3194,427,420,571,698,772,1483,420,352,539,696,774,1711,3898,0,3898
20233,A,골목상권,3110770,영등포구청역 6번,12992,6374,6618,1571,1179,2348,2139,1791,3964,767,570,1140,1134,915,1848,804,609,1208,1005,876,2116,6939,0,6939
20233,A,골목상권,3110771,대림역 11번,5952,2981,2971,417,505,732,856,1115,2327,217,277,410,434,553,1090,200,228,322,422,562,1237,2838,0,2838
20233,A,골목상권,3110772,신우어린이공원,10923,5473,5450,1409,1200,1545,1745,1888,3136,720,645,776,880,971,1481,689,555,769,865,917,1655,4260,0,4260
20233,A,골목상권,3110773,당산역 13번,4198,2033,2165,290,401,1420,704,503,880,152,195,615,367,278,426,138,206,805,337,225,454,2976,0,2976
20233,A,골목상권,3110774,당산반도유보라팰리스아파트,11905,5756,6149,1706,1098,2410,2113,1598,2980,868,534,1131,1052,766,1405,838,564,1279,1061,832,1575,6059,0,6059
20233,A,골목상권,3110775,대동초등학교,9701,4825,4876,752,879,1190,1358,1764,3758,383,447,638,745,896,1716,369,432,552,613,868,2042,4738,0,4738
20233,A,골목상권,3110776,도신초등학교,18019,9210,8809,1817,2054,2291,2607,3300,5950,956,1151,1227,1346,1719,2811,861,903,1064,1261,1581,3139,7386,0,7386
20233,A,골목상권,3110777,구로세무서,4240,2318,1922,545,326,624,805,624,1316,254,168,285,440,371,800,291,158,339,365,253,516,2224,0,2224
20233,A,골목상권,3110778,구로디지털단지역 4번,19704,9832,9872,2029,1739,3145,3154,3174,6463,1045,936,1541,1682,1582,3046,984,803,1604,1472,1592,3417,10107,0,10107
20233,A,골목상권,3110779,대림갑을명가아파트,9376,4686,4690,938,1108,1206,1292,1664,3168,491,606,646,687,796,1460,447,502,560,605,868,1708,3704,0,3704
20233,A,골목상권,3110780,신길대성유니드아파트,11702,5933,5769,1179,1240,1497,1751,2033,4002,622,689,811,897,1057,1857,557,551,686,854,976,2145,5371,0,5371
20233,A,골목상권,3110781,대림한신아파트,14712,7371,7341,1367,1624,1972,2084,2578,5087,708,864,1060,1118,1279,2342,659,760,912,966,1299,2745,7531,0,7531
20233,A,골목상권,3110782,영등포시장역 4번,4956,2695,2261,537,419,778,790,783,1649,290,216,428,442,447,872,247,203,350,348,336,777,3999,0,3999
20233,A,골목상권,3110783,영등포시장역 1번,8373,4162,4211,1116,767,1530,1406,1179,2375,559,367,742,734,612,1148,557,400,788,672,567,1227,6018,0,6018
20233,A,골목상권,3110784,신대림초등학교,9653,4840,4813,875,1011,1287,1398,1665,3417,446,525,686,769,837,1577,429,486,601,629,828,1840,4523,0,4523
20233,A,골목상권,3110785,영등포푸르지오아파트,22523,11270,11253,2927,2379,2976,3555,3949,6737,1505,1284,1501,1853,1990,3137,1422,1095,1475,1702,1959,3600,8994,0,8994
20233,A,골목상권,3110786,당산역 8번,7356,3536,3820,778,659,1700,1153,933,2133,403,299,787,574,459,1014,375,360,913,579,474,1119,4160,0,4160
20233,A,골목상권,3110787,신길3동주민센터,16108,8154,7954,1716,1733,2085,2418,2905,5251,884,960,1091,1288,1483,2448,832,773,994,1130,1422,2803,7819,0,7819
20233,A,골목상권,3110788,영등포시장역 3번,2677,1589,1088,125,189,512,360,433,1058,75,102,282,230,289,611,50,87,230,130,144,447,3805,0,3805
20233,A,골목상권,3110789,대림성모병원,14022,6957,7065,1604,1429,2001,2143,2233,4612,835,761,1004,1102,1102,2153,769,668,997,1041,1131,2459,6309,0,6309
20233,A,골목상권,3110790,대림1동주민센터,12316,6149,6167,1221,1385,1634,1757,2099,4220,632,743,875,916,1013,1970,589,642,759,841,1086,2250,6564,0,6564
20233,A,골목상권,3110791,신풍역 3번,6148,3068,3080,598,620,814,894,1048,2174,314,335,436,447,519,1017,284,285,378,447,529,1157,3153,0,3153
20233,A,골목상권,3110792,영등포역 2번,18127,9436,8691,2028,1719,2490,2786,3120,5984,1045,932,1283,1462,1681,3033,983,787,1207,1324,1439,2951,8942,0,8942
20233,A,골목상권,3110793,대림썬프라자,5380,2671,2709,577,592,760,805,887,1759,298,314,394,414,424,827,279,278,366,391,463,932,3325,0,3325
20233,A,골목상권,3110794,영동초등학교,11421,5508,5913,1355,936,3543,2116,1245,2226,750,444,1490,1109,652,1063,605,492,2053,1007,593,1163,8723,0,8723
20233,A,골목상권,3110795,도림초등학교,12794,6421,6373,1053,1302,1699,1747,2368,4625,535,724,888,927,1219,2128,518,578,811,820,1149,2497,6658,0,6658
20233,A,골목상권,3110796,한림대학교한강성심병원,3678,2070,1608,233,246,1281,641,425,852,126,124,729,394,267,430,107,122,552,247,158,422,5169,0,5169
20233,A,골목상권,3110797,KT대방빌딩,7611,3722,3889,1147,879,1045,1285,1208,2047,596,463,505,622,582,954,551,416,540,663,626,1093,3520,0,3520
20233,A,골목상권,3110798,신풍역 2번,6162,3034,3128,655,618,884,924,957,2124,334,333,455,473,458,981,321,285,429,451,499,1143,3631,0,3631
20233,A,골목상권,3110799,영등포본동주민센터,6944,3588,3356,477,570,984,1011,1191,2711,225,297,516,552,675,1323,252,273,468,459,516,1388,4179,0,4179
20233,A,골목상권,3110800,영등포동성당,3851,2370,1481,124,221,1021,496,577,1412,69,112,643,326,409,811,55,109,378,170,168,601,4941,0,4941
20233,A,골목상권,3110801,신풍역 6번(신길6동공영주차장),3312,1613,1699,376,377,461,469,569,1060,174,194,244,229,283,489,202,183,217,240,286,571,3368,0,3368
20233,A,골목상권,3110802,신길동홍어거리,11663,5825,5838,925,1193,1516,1509,2024,4496,484,656,799,795,1040,2051,441,537,717,714,984,2445,5971,0,5971
20233,A,골목상권,3110803,신길2동우편취급국,14143,7055,7088,1240,1338,2118,2047,2297,5103,619,720,1111,1080,1173,2352,621,618,1007,967,1124,2751,7153,0,7153
20233,A,골목상권,3110804,신풍역 1번,11260,5555,5705,1071,1184,1925,1663,1748,3669,550,609,979,859,865,1693,521,575,946,804,883,1976,7985,0,7985
20233,A,골목상권,3110805,신길새마을금고신길4동지점,8261,4159,4102,870,989,1078,1066,1438,2820,454,525,582,545,723,1330,416,464,496,521,715,1490,4393,0,4393
20233,A,골목상권,3110806,서울시립영등포장애인복지관,1362,844,518,23,58,380,151,195,555,14,21,251,98,129,331,9,37,129,53,66,224,1926,0,1926
20233,A,골목상권,3110807,신길역 3번,4424,2453,1971,259,310,1388,719,561,1187,122,139,781,421,338,652,137,171,607,298,223,535,4543,0,4543
20233,A,골목상권,3110808,신길역 1번,6645,3465,3180,548,604,1787,1143,857,1706,274,284,972,645,452,838,274,320,815,498,405,868,5324,0,5324
20233,A,골목상권,3110809,장훈고등학교,10437,5194,5243,857,998,1535,1451,1632,3964,434,531,790,778,822,1839,423,467,745,673,810,2125,5278,0,5278
20233,A,골목상권,3110810,영신초등학교,21302,10693,10609,2088,2141,3396,3287,3353,7037,1076,1099,1807,1761,1718,3232,1012,1042,1589,1526,1635,3805,10912,0,10912
20233,A,골목상권,3110811,보라매역 4번,7846,3866,3980,685,831,1569,1169,1172,2420,364,414,753,611,597,1127,321,417,816,558,575,1293,4951,0,4951
20233,A,골목상권,3110812,신길6동주민센터,10841,5294,5547,1603,1240,1817,1882,1642,2657,834,604,835,945,843,1233,769,636,982,937,799,1424,4903,0,4903
20233,A,골목상권,3110813,보라매역 6번,10490,5206,5284,1226,1320,1789,1619,1736,2800,657,683,858,827,882,1299,569,637,931,792,854,1501,7238,0,7238
20233,A,골목상권,3110814,서울지방병무청,24406,12142,12264,3330,3140,3346,3796,4354,6440,1765,1608,1726,1893,2193,2957,1565,1532,1620,1903,2161,3483,10473,0,10473
20233,A,골목상권,3110815,공군호텔,20642,10399,10243,2390,2521,3362,3257,3691,5421,1234,1276,1742,1692,1955,2500,1156,1245,1620,1565,1736,2921,10497,0,10497
20233,A,골목상권,3110816,대방역 6번,8679,4378,4301,884,810,2103,1621,1162,2099,465,386,1068,866,619,974,419,424,1035,755,543,1125,5409,0,5409
20233,A,골목상권,3110817,대방역 4번,11670,5859,5811,1234,1159,2627,2080,1707,2863,624,563,1335,1089,928,1320,610,596,1292,991,779,1543,7002,0,7002
20233,A,골목상권,3110818,신대방역 3번,12463,6147,6316,1303,1240,2368,2066,1883,3603,675,629,1147,1036,961,1699,628,611,1221,1030,922,1904,6725,0,6725
20233,A,골목상권,3110819,신대방역 4번,22251,10983,11268,2346,2384,3862,3431,3547,6681,1220,1211,1921,1721,1774,3136,1126,1173,1941,1710,1773,3545,11130,0,11130
20233,A,골목상권,3110820,성남고등학교,15155,7436,7719,1892,2156,2332,2259,2790,3726,985,1133,1135,1081,1398,1704,907,1023,1197,1178,1392,2022,6781,0,6781
20233,A,골목상권,3110821,보라매역 2번,14746,7205,7541,1626,1583,2920,2586,2199,3832,874,802,1349,1309,1082,1789,752,781,1571,1277,1117,2043,7921,0,7921
20233,A,골목상권,3110822,신대방삼거리역 4번(대림초등학교),13962,6688,7274,1575,1753,2779,2310,2216,3329,766,951,1252,1114,1080,1525,809,802,1527,1196,1136,1804,7291,0,7291
20233,A,골목상권,3110823,신대방삼거리역 3번,17289,8447,8842,1908,1787,3403,2894,2546,4751,1046,919,1570,1458,1212,2242,862,868,1833,1436,1334,2509,9599,0,9599
20233,A,골목상권,3110824,대방역 3번,12536,6048,6488,1890,1889,1498,2059,2398,2802,950,940,734,971,1221,1232,940,949,764,1088,1177,1570,4587,0,4587
20233,A,골목상권,3110825,신대방삼거리역 1번,32486,15884,16602,3577,3409,5888,5499,4832,9281,1868,1763,2841,2807,2350,4255,1709,1646,3047,2692,2482,5026,15751,0,15751
20233,A,골목상권,3110826,장승배기역 4번,18364,8914,9450,1686,1925,3382,2917,2774,5680,833,976,1678,1526,1330,2571,853,949,1704,1391,1444,3109,10066,0,10066
20233,A,골목상권,3110827,NH농협은행 상도동지점,14945,7326,7619,1357,1483,2574,2388,2309,4834,669,793,1305,1264,1109,2186,688,690,1269,1124,1200,2648,8041,0,8041
20233,A,골목상권,3110828,노량진역 6번,20039,10046,9993,1445,2261,3474,2654,3233,6972,721,1119,1935,1436,1664,3171,724,1142,1539,1218,1569,3801,10803,0,10803
20233,A,골목상권,3110829,장승배기역 5번,16102,8050,8052,1129,1673,2939,2110,2506,5745,583,833,1535,1168,1280,2651,546,840,1404,942,1226,3094,8727,0,8727
20233,A,골목상권,3110830,상도초등학교,20464,10005,10459,2397,2071,3272,3412,3182,6130,1241,1066,1638,1776,1543,2741,1156,1005,1634,1636,1639,3389,9737,0,9737
20233,A,골목상권,3110831,상도4동주민센터,15666,7747,7919,2265,1553,2452,2735,2322,4339,1199,811,1247,1405,1124,1961,1066,742,1205,1330,1198,2378,7196,0,7196
20233,A,골목상권,3110832,노량진초등학교,14977,7618,7359,1024,1562,3070,1890,2167,5264,532,769,1754,1056,1116,2391,492,793,1316,834,1051,2873,8859,0,8859
20233,A,골목상권,3110833,상도역 2번,13661,6679,6982,2199,1351,2462,2536,1859,3254,1115,669,1183,1268,952,1492,1084,682,1279,1268,907,1762,7011,0,7011
20233,A,골목상권,3110834,동작구자원봉사센터,14823,7402,7421,1927,1580,2676,2260,2171,4209,997,829,1492,1116,1066,1902,930,751,1184,1144,1105,2307,7290,0,7290
20233,A,골목상권,3110835,상도역 1번,9280,4565,4715,1044,1119,2209,1484,1134,2290,540,549,1104,764,550,1058,504,570,1105,720,584,1232,5108,0,5108
20233,A,골목상권,3110836,상도역 5번,23849,11790,12059,2514,2988,5034,3627,3062,6624,1340,1463,2756,1842,1429,2960,1174,1525,2278,1785,1633,3664,13237,0,13237
20233,A,골목상권,3110837,숭실대입구역 1번,29220,14343,14877,4295,3271,4819,5124,4146,7565,2228,1636,2451,2508,2084,3436,2067,1635,2368,2616,2062,4129,12228,0,12228
20233,A,골목상권,3110838,상도1동주민센터앞,6472,3101,3371,799,737,1113,1035,946,1842,406,357,545,479,469,845,393,380,568,556,477,997,2960,0,2960
20233,A,골목상권,3110839,숭실대입구역 4번,12577,6250,6327,1368,1499,2608,1912,1595,3595,724,760,1417,949,799,1601,644,739,1191,963,796,1994,5935,0,5935
20233,A,골목상권,3110840,중앙대학교,4720,2355,2365,396,607,1074,624,616,1403,196,290,646,330,291,602,200,317,428,294,325,801,4270,0,4270
20233,A,골목상권,3110841,중대부중,10338,5023,5315,1250,1068,1566,1699,1573,3182,660,534,772,881,773,1403,590,534,794,818,800,1779,4444,0,4444
20233,A,골목상권,3110842,흑리단길,9604,4588,5016,1014,969,1358,1401,1464,3398,518,504,641,706,723,1496,496,465,717,695,741,1902,4222,0,4222
20233,A,골목상권,3110843,사당5동주민센터,8159,3946,4213,900,802,1484,1497,1191,2285,469,390,686,759,597,1045,431,412,798,738,594,1240,4399,0,4399
20233,A,골목상권,3110844,흑석2치안센터,10156,4869,5287,1116,1016,1413,1479,1600,3532,564,511,697,772,766,1559,552,505,716,707,834,1973,4108,0,4108
20233,A,골목상권,3110845,사당종합체육관,10837,5313,5524,1617,982,1472,1825,1434,3507,884,493,698,898,685,1655,733,489,774,927,749,1852,4282,0,4282
20233,A,골목상권,3110846,남성역 1번,28822,14055,14767,3243,2722,5264,5254,4040,8299,1684,1405,2534,2737,1953,3742,1559,1317,2730,2517,2087,4557,14433,0,14433
20233,A,골목상권,3110847,예술인마을,20558,10105,10453,2023,1871,4452,3756,2684,5772,1042,947,2233,2011,1255,2617,981,924,2219,1745,1429,3155,10631,0,10631
20233,A,골목상권,3110848,양지어린이공원,22196,10669,11527,2138,1938,4677,4016,2986,6441,1092,969,2224,2068,1451,2865,1046,969,2453,1948,1535,3576,12247,0,12247
20233,A,골목상권,3110849,이수역 10번,19977,9691,10286,2387,1521,3495,3707,2624,6243,1235,753,1624,1921,1328,2830,1152,768,1871,1786,1296,3413,10112,0,10112
20233,A,골목상권,3110850,사당역 10번,25404,12127,13277,2011,2179,6488,4440,3159,7127,1063,1072,2969,2309,1515,3199,948,1107,3519,2131,1644,3928,15451,0,15451
20233,A,골목상권,3110851,경문고등학교(동작동성당),16118,7856,8262,1818,1524,2619,2683,2385,5089,974,779,1240,1381,1151,2331,844,745,1379,1302,1234,2758,7309,0,7309
20233,A,골목상권,3110852,이수역 9번,7977,3723,4254,646,645,1792,1416,1083,2395,326,310,757,714,554,1062,320,335,1035,702,529,1333,4861,0,4861
20233,A,골목상권,3110853,KT구로지사,10913,5833,5080,669,712,3828,2085,1294,2325,345,308,2009,1269,722,1180,324,404,1819,816,572,1145,8427,0,8427
20233,A,골목상권,3110854,조원동주민센터,10717,5474,5243,982,1041,1973,1785,1692,3244,483,523,1049,968,882,1569,499,518,924,817,810,1675,5895,0,5895
20233,A,골목상권,3110855,신대방역 2번,20980,10441,10539,1832,2147,4840,3476,3085,5600,955,1022,2424,1807,1589,2644,877,1125,2416,1669,1496,2956,12368,0,12368
20233,A,골목상권,3110856,미성초등학교,18100,9074,9026,1921,1821,3254,2980,2730,5394,1009,879,1669,1591,1363,2563,912,942,1585,1389,1367,2831,9534,0,9534
20233,A,골목상권,3110857,미성동주민센터,14381,7177,7204,1575,1563,2073,2295,2316,4559,806,784,1111,1218,1134,2124,769,779,962,1077,1182,2435,7131,0,7131
20233,A,골목상권,3110858,신대방역 1번,7808,3824,3984,576,742,1880,1248,1168,2194,324,340,905,624,607,1024,252,402,975,624,561,1170,4920,0,4920
20233,A,골목상권,3110859,난향초등학교,7488,3809,3679,761,787,895,1183,1188,2674,379,416,484,643,643,1244,382,371,411,540,545,1430,3332,0,3332
20233,A,골목상권,3110860,호림박물관(성보고등학교),11783,5837,5946,966,1299,2718,1940,1782,3078,494,591,1383,1056,856,1457,472,708,1335,884,926,1621,7074,0,7074
20233,A,골목상권,3110861,관악구신사동주민센터,25088,12570,12518,2057,2719,5826,4125,3848,6513,1093,1314,3029,2168,1909,3057,964,1405,2797,1957,1939,3456,15432,0,15432
20233,A,골목상권,3110862,난곡초등학교(난곡동벽화마을),14945,7424,7521,1605,1714,2056,2299,2520,4751,778,882,1094,1213,1255,2202,827,832,962,1086,1265,2549,6859,0,6859
20233,A,골목상권,3110863,난우초등학교,20345,10212,10133,2189,2422,2800,3153,3432,6349,1131,1260,1501,1685,1667,2968,1058,1162,1299,1468,1765,3381,9047,0,9047
20233,A,골목상권,3110864,신림우방아파트,19586,9904,9682,1721,2024,4496,3368,2877,5100,883,997,2413,1783,1464,2364,838,1027,2083,1585,1413,2736,11733,0,11733
20233,A,골목상권,3110865,남강고등학교(남강중학교),30976,15524,15452,3184,3749,4329,4642,5318,9754,1621,1955,2330,2480,2601,4537,1563,1794,1999,2162,2717,5217,13216,0,13216
20233,A,골목상권,3110866,난우중학교,17206,8808,8398,1662,1991,2296,2623,2917,5717,873,1054,1243,1426,1521,2691,789,937,1053,1197,1396,3026,8012,0,8012
20233,A,골목상권,3110867,국제신학대학원대학교(남서울중학교),16424,8238,8186,1147,1691,4058,2633,2327,4568,582,791,2171,1432,1146,2116,565,900,1887,1201,1181,2452,11392,0,11392
20233,A,골목상권,3110868,남부초등학교,17724,9001,8723,1280,1818,4978,3030,2339,4279,679,852,2642,1650,1183,1995,601,966,2336,1380,1156,2284,12415,0,12415
20233,A,골목상권,3110869,"신림역 5번(신림동주민센터, 신림동별빛거리)",23182,11683,11499,1412,2206,7784,4155,2630,4995,742,961,3969,2304,1387,2320,670,1245,3815,1851,1243,2675,18311,0,18311
20233,A,골목상권,3110870,신림주공2단지(광신고등학교),8311,4115,4196,759,954,1030,1190,1405,2973,406,483,553,618,673,1382,353,471,477,572,732,1591,3046,0,3046
20233,A,골목상권,3110871,신원동주민센터,12353,6126,6227,960,1222,2883,2080,1666,3542,495,575,1554,1107,835,1560,465,647,1329,973,831,1982,8017,0,8017
20233,A,골목상권,3110872,신림초등학교,14101,7057,7044,1189,1565,2995,2300,2075,3977,606,801,1629,1235,1014,1772,583,764,1366,1065,1061,2205,7464,0,7464
20233,A,골목상권,3110873,당곡중학교,19047,9469,9578,1946,2024,3779,3201,2768,5329,1013,1062,1912,1662,1370,2450,933,962,1867,1539,1398,2879,10398,0,10398
20233,A,골목상권,3110874,원신초등학교(구세군관악영문교회),14606,7687,6919,1044,1437,2335,2134,2398,5258,561,725,1386,1310,1357,2348,483,712,949,824,1041,2910,8060,0,8060
20233,A,골목상권,3110875,보라매동주민센터(당곡고등학교),14846,7468,7378,1193,1452,3718,2591,1972,3920,607,709,1953,1398,994,1807,586,743,1765,1193,978,2113,9264,0,9264
20233,A,골목상권,3110876,서원동주민센터(신관중학교),16791,8551,8240,1156,1680,4274,2860,2207,4614,591,830,2358,1586,1086,2100,565,850,1916,1274,1121,2514,9440,0,9440
20233,A,골목상권,3110877,신림역 8번,21218,10819,10399,1347,1923,6681,3840,2505,4922,704,862,3496,2148,1312,2297,643,1061,3185,1692,1193,2625,15428,0,15428
20233,A,골목상권,3110878,미림여고,8214,4761,3453,666,826,1613,1393,1400,2316,361,435,1053,895,886,1131,305,391,560,498,514,1185,4758,0,4758
20233,A,골목상권,3110879,신림현대아파트,17023,8817,8206,1437,1631,3205,2704,2543,5503,747,820,1795,1579,1341,2535,690,811,1410,1125,1202,2968,8766,0,8766
20233,A,골목상권,3110880,신림역 1번,11195,5747,5448,537,971,4100,1964,1213,2410,276,423,2185,1104,650,1109,261,548,1915,860,563,1301,8573,0,8573
20233,A,골목상권,3110881,구립대학경로당(관악산샘말공원),25955,15378,10577,1553,2642,6620,4548,3906,6686,802,1377,4393,3066,2536,3204,751,1265,2227,1482,1370,3482,18152,0,18152
20233,A,골목상권,3110882,신성초등학교,20544,11498,9046,1381,2054,5539,3541,2784,5245,755,1031,3393,2231,1630,2458,626,1023,2146,1310,1154,2787,13222,0,13222
20233,A,골목상권,3110883,은천초등학교(은천교앞),23277,11616,11661,2048,2158,5193,4035,3165,6678,1036,1006,2659,2247,1633,3035,1012,1152,2534,1788,1532,3643,13709,0,13709
20233,A,골목상권,3110884,봉천역 4번(봉천110안전센터),14097,7010,7087,1474,1210,2778,2457,1878,4300,756,588,1412,1328,980,1946,718,622,1366,1129,898,2354,7885,0,7885
20233,A,골목상권,3110885,영락고등학교,21512,11873,9639,1611,2212,5444,3589,2970,5686,856,1185,3348,2180,1612,2692,755,1027,2096,1409,1358,2994,15026,0,15026
20233,A,골목상권,3110886,관악해태어린이공원,14083,8409,5674,793,1589,4586,2432,1776,2907,433,837,3031,1633,1098,1377,360,752,1555,799,678,1530,10046,0,10046
20233,A,골목상권,3110887,서울산업정보학교(서울삼성초등학교),10715,6270,4445,792,1303,3247,1780,1358,2235,389,679,2197,1148,809,1048,403,624,1050,632,549,1187,7505,0,7505
20233,A,골목상권,3110888,청룡동주민센터,17307,8620,8687,1425,1756,4636,2787,2197,4506,752,815,2342,1505,1116,2090,673,941,2294,1282,1081,2416,13774,0,13774
20233,A,골목상권,3110889,봉천역 6번,14999,7459,7540,1663,1284,2887,2603,1908,4654,888,650,1424,1391,972,2134,775,634,1463,1212,936,2520,7571,0,7571
20233,A,골목상권,3110890,봉천역 1번(관악초등학교),14285,6927,7358,971,1488,4339,2291,1687,3509,509,681,2017,1227,875,1618,462,807,2322,1064,812,1891,11851,0,11851
20233,A,골목상권,3110891,구암초등학교,18630,9141,9489,3241,2120,1995,3547,3079,4648,1642,1125,965,1729,1585,2095,1599,995,1030,1818,1494,2553,8388,0,8388
20233,A,골목상권,3110892,관악구 중앙길,33544,16338,17206,2808,3421,7994,5380,4461,9480,1445,1617,3850,2850,2300,4276,1363,1804,4144,2530,2161,5204,21325,0,21325
20233,A,골목상권,3110893,관악소방서(문영여고),4517,2164,2353,521,547,1032,718,636,1063,235,227,542,377,297,486,286,320,490,341,339,577,2010,0,2010
20233,A,골목상권,3110894,관악동부센트레빌아파트(은천로35라길),19339,9428,9911,2463,2247,2658,3263,3115,5593,1258,1150,1296,1635,1559,2530,1205,1097,1362,1628,1556,3063,8027,0,8027
20233,A,골목상권,3110895,샤로수길,22104,10948,11156,1548,2455,7257,3442,2514,4888,764,1070,3682,1824,1299,2309,784,1385,3575,1618,1215,2579,15416,0,15416
20233,A,골목상권,3110896,관악우성아파트,8318,4111,4207,829,785,1444,1315,1183,2762,415,379,724,728,629,1236,414,406,720,587,554,1526,5257,0,5257
20233,A,골목상권,3110897,서울대입구역 8번,19052,9507,9545,1241,1778,5963,3177,2194,4699,624,794,2977,1742,1157,2213,617,984,2986,1435,1037,2486,13853,0,13853
20233,A,골목상권,3110898,청림동주민센터(상도중학교),20733,10186,10547,2808,2087,2820,3418,3072,6528,1455,1088,1448,1742,1562,2891,1353,999,1372,1676,1510,3637,8694,0,8694
20233,A,골목상권,3110899,낙성대역 5번(관악중학교),13811,6627,7184,875,1158,5175,2487,1349,2767,439,494,2434,1323,687,1250,436,664,2741,1164,662,1517,9243,0,9243
20233,A,골목상권,3110900,낙성대역 1번(관악구민 종합체육센터),20470,10207,10263,1809,1950,6128,3511,2517,4555,937,949,3061,1869,1298,2093,872,1001,3067,1642,1219,2462,11982,0,11982
20233,A,골목상권,3110901,인헌고등학교(인헌중학교),20015,9814,10201,2158,2039,4057,3463,2927,5371,1136,1015,2017,1794,1431,2421,1022,1024,2040,1669,1496,2950,9679,0,9679
20233,A,골목상권,3110902,사당역 4번,25874,12446,13428,2458,2339,6304,4408,3174,7191,1269,1116,2979,2295,1482,3305,1189,1223,3325,2113,1692,3886,13686,0,13686
20233,A,골목상권,3110903,방배아이파크아파트,12958,5985,6973,1632,1871,1779,2024,2519,3133,796,794,824,911,1208,1452,836,1077,955,1113,1311,1681,5235,0,5235
20233,A,골목상권,3110904,이수역 5번,9653,4463,5190,1231,1288,1534,1663,1613,2324,625,586,653,761,763,1075,606,702,881,902,850,1249,4430,0,4430
20233,A,골목상권,3110905,방배노인종합복지관(이수중학교),11310,5367,5943,1395,1399,1873,1887,1722,3034,725,717,846,916,793,1370,670,682,1027,971,929,1664,4961,0,4961
20233,A,골목상권,3110906,서문여고,9315,4276,5039,1231,1408,1257,1446,1852,2121,578,579,578,654,877,1010,653,829,679,792,975,1111,3653,0,3653
20233,A,골목상권,3110907,방배초등학교,13240,6039,7201,1798,1746,2057,2316,2321,3002,879,720,875,1058,1100,1407,919,1026,1182,1258,1221,1595,5762,0,5762
20233,A,골목상권,3110908,구반포역,7930,3706,4224,1033,1349,657,1115,1816,1960,548,625,300,426,906,901,485,724,357,689,910,1059,2613,0,2613
20233,A,골목상권,3110909,남태령역(서울전자고등학교),2132,1076,1056,346,225,372,377,289,523,174,115,202,201,141,243,172,110,170,176,148,280,899,0,899
20233,A,골목상권,3110910,내방역 5번,9210,4201,5009,1186,1077,1503,1698,1550,2196,556,486,634,797,728,1000,630,591,869,901,822,1196,4375,0,4375
20233,A,골목상권,3110911,방배배수지체육공원,5036,2354,2682,639,645,758,763,796,1435,291,277,369,368,366,683,348,368,389,395,430,752,1952,0,1952
20233,A,골목상권,3110912,방배동사이길,8667,4061,4606,1285,1146,1014,1334,1615,2273,643,556,451,585,773,1053,642,590,563,749,842,1220,3263,0,3263
20233,A,골목상권,3110913,방현초등학교(방배119안전센터),14092,6773,7319,1432,1928,2245,2103,2344,4040,706,984,1134,1005,1082,1862,726,944,1111,1098,1262,2178,5122,0,5122
20233,A,골목상권,3110914,내방역 6번,5248,2469,2779,619,545,936,1013,821,1314,302,303,394,490,397,583,317,242,542,523,424,731,2676,0,2676
20233,A,골목상권,3110915,서래초등학교,11609,5489,6120,1808,1440,1395,1684,2056,3226,931,717,615,720,971,1535,877,723,780,964,1085,1691,4393,0,4393
20233,A,골목상권,3110916,내방역 4번,13375,6260,7115,1622,1488,2402,2639,2056,3168,813,764,1001,1296,950,1436,809,724,1401,1343,1106,1732,6235,0,6235
20233,A,골목상권,3110917,서초소방서,6245,2937,3308,1010,782,751,960,1078,1664,517,377,328,398,512,805,493,405,423,562,566,859,2225,0,2225
20233,A,골목상권,3110918,방배역 3번,12690,6108,6582,1373,1563,2223,2191,1985,3355,710,873,998,1060,913,1554,663,690,1225,1131,1072,1801,5581,0,5581
20233,A,골목상권,3110919,내방역 8번,11249,5410,5839,1525,1299,1629,1689,1849,3258,795,699,711,793,879,1533,730,600,918,896,970,1725,4730,0,4730
20233,A,골목상권,3110920,방배역 2번(백석예술대학교),5260,2550,2710,483,683,865,739,889,1601,241,363,424,345,417,760,242,320,441,394,472,841,2149,0,2149
20233,A,골목상권,3110921,서울프랑스학교,5770,2679,3091,931,690,710,956,983,1500,469,343,300,383,472,712,462,347,410,573,511,788,2135,0,2135
20233,A,골목상권,3110922,내방역 1번,9670,4640,5030,1264,1011,1597,1703,1422,2673,655,535,702,824,689,1235,609,476,895,879,733,1438,4057,0,4057
20233,A,골목상권,3110923,방배역 1번,4569,2250,2319,516,505,690,641,714,1503,267,301,342,298,325,717,249,204,348,343,389,786,2077,0,2077
20233,A,골목상권,3110924,반포4동주민센터(몽마르뜨공원),9034,4179,4855,1403,984,1258,1650,1420,2319,726,473,553,731,663,1033,677,511,705,919,757,1286,3589,0,3589
20233,A,골목상권,3110925,서초중학교,8536,4178,4358,884,1168,1379,1288,1552,2265,439,689,663,628,725,1034,445,479,716,660,827,1231,3630,0,3630
20233,A,골목상권,3110926,신중초등학교,9901,4871,5030,1245,1421,1411,1393,1737,2694,665,826,664,638,816,1262,580,595,747,755,921,1432,4366,0,4366
20233,A,골목상권,3110927,잠원역,9064,4366,4698,1519,1171,969,1483,1778,2144,781,589,471,631,878,1016,738,582,498,852,900,1128,3968,0,3968
20233,A,골목상권,3110928,서초우방유쉘아파트,2557,1252,1305,209,269,610,421,372,676,110,128,277,219,193,325,99,141,333,202,179,351,2272,0,2272
20233,A,골목상권,3110929,남부터미널역 1번,14601,7173,7428,2262,1552,2194,2809,2269,3515,1163,847,1007,1371,1135,1650,1099,705,1187,1438,1134,1865,6392,0,6392
20233,A,골목상권,3110930,서초동성당,13138,6346,6792,2078,1449,1857,2435,2112,3207,1053,777,851,1131,1054,1480,1025,672,1006,1304,1058,1727,5590,0,5590
20233,A,골목상권,3110931,삼성전자서울R&D(서울우면초등학교),1478,743,735,390,101,183,307,165,332,206,59,87,150,89,152,184,42,96,157,76,180,416,0,416
20233,A,골목상권,3110932,서울시인재개발원,5835,2922,2913,966,599,875,1036,897,1462,525,327,437,509,437,687,441,272,438,527,460,775,2182,0,2182
20233,A,골목상권,3110933,한국상담대학원대학교,5864,2894,2970,1079,629,758,1113,952,1333,562,346,358,535,482,611,517,283,400,578,470,722,2099,0,2099
20233,A,골목상권,3110934,우면주공아파트,8703,4135,4568,1125,756,1229,1486,1126,2981,566,393,622,748,541,1265,559,363,607,738,585,1716,3613,0,3613
20233,A,골목상권,3110935,한전아트센터,5410,2703,2707,960,545,755,1061,908,1181,506,302,365,508,461,561,454,243,390,553,447,620,2265,0,2265
20233,A,골목상권,3110936,더케이호텔(양재리본타워2단지아파트),2489,1202,1287,520,206,325,566,308,564,279,102,149,273,160,239,241,104,176,293,148,325,882,0,882
20233,A,골목상권,3110937,방아다리근린공원(횃불트리니티신학대학원대학교),1548,755,793,133,119,317,250,181,548,76,55,143,133,84,264,57,64,174,117,97,284,892,0,892
20233,A,골목상권,3110938,바우뫼공원,1790,867,923,239,158,301,319,239,534,133,72,129,169,119,245,106,86,172,150,120,289,875,0,875
20233,A,골목상권,3110939,양재역 8번(양재동우체국),12146,5835,6311,1223,1095,2522,2331,1711,3264,640,547,1200,1154,819,1475,583,548,1322,1177,892,1789,6394,0,6394
20233,A,골목상권,3110940,양재근린공원(양재2동주민센터),5009,2505,2504,520,448,1028,975,762,1276,262,232,505,516,394,596,258,216,523,459,368,680,2393,0,2393
20233,A,골목상권,3110941,언남고등학교,4211,2145,2066,496,402,842,841,656,974,263,215,442,431,334,460,233,187,400,410,322,514,1956,0,1956
20233,A,골목상권,3110942,염곡동 구룡사(포이동성당),16161,7994,8167,1928,1628,3155,3107,2597,3746,968,857,1566,1600,1290,1713,960,771,1589,1507,1307,2033,7479,0,7479
20233,A,골목상권,3110943,법제교육센터(버들어린이공원),8897,4448,4449,1108,942,1687,1717,1498,1945,569,501,882,873,726,897,539,441,805,844,772,1048,4080,0,4080
20233,A,골목상권,3110944,서울나래학교(염곡어린이공원),754,373,381,67,73,123,90,93,308,33,34,71,47,38,150,34,39,52,43,55,158,409,0,409
20233,A,골목상권,3110945,본마을노인복지센터(서초구립내곡도서관),1764,879,885,223,185,240,227,264,625,112,101,118,110,124,314,111,84,122,117,140,311,638,0,638
20233,A,골목상권,3110946,청계산원터골,515,278,237,29,20,115,97,72,182,14,12,56,61,44,91,15,8,59,36,28,91,468,0,468
20233,A,골목상권,3110947,청계산입구역 2번(내곡동주민센터),3915,1928,1987,728,236,540,873,447,1091,364,139,249,463,221,492,364,97,291,410,226,599,1816,0,1816
20233,A,골목상권,3110948,헌인가구단지,161,85,76,7,4,19,17,20,94,5,1,10,8,13,48,2,3,9,9,7,46,55,0,55
20233,A,골목상권,3110949,한남IC,6883,3219,3664,842,903,1035,1214,1288,1601,451,452,430,535,641,710,391,451,605,679,647,891,2761,0,2761
20233,A,골목상권,3110950,논현역 7번,4934,2247,2687,455,378,1056,1049,699,1297,230,186,464,469,322,576,225,192,592,580,377,721,2577,0,2577
20233,A,골목상권,3110951,신사은행나무공원,4422,2015,2407,424,441,994,908,645,1010,225,202,406,408,309,465,199,239,588,500,336,545,2149,0,2149
20233,A,골목상권,3110952,논현목련공원,7623,3476,4147,427,573,1956,1774,1122,1771,215,285,836,809,556,775,212,288,1120,965,566,996,4751,0,4751
20233,A,골목상권,3110953,학동근린공원,4925,2233,2692,371,384,1169,1059,668,1274,178,179,501,460,319,596,193,205,668,599,349,678,2638,0,2638
20233,A,골목상권,3110954,국기원,2309,1143,1166,130,155,710,530,291,493,66,81,327,255,171,243,64,74,383,275,120,250,1464,0,1464
20233,A,골목상권,3110955,논현초등학교,17452,8078,9374,1103,1322,4842,4067,2328,3790,548,631,2111,1924,1177,1687,555,691,2731,2143,1151,2103,11165,0,11165
20233,A,골목상권,3110956,언주역 8번,5051,2411,2640,349,335,1473,1201,604,1089,162,167,634,599,336,513,187,168,839,602,268,576,3367,0,3367
20233,A,골목상권,3110957,언북중학교,3346,1530,1816,251,262,790,752,450,841,128,118,340,346,221,377,123,144,450,406,229,464,1975,0,1975
20233,A,골목상권,3110958,역삼역 4번,4738,2387,2351,308,359,1405,1058,561,1047,136,182,677,557,323,512,172,177,728,501,238,535,3221,0,3221
20233,A,골목상권,3110959,신구중학교,2342,1104,1238,288,233,329,421,364,707,152,115,154,201,172,310,136,118,175,220,192,397,1118,0,1118
20233,A,골목상권,3110960,은광여고,5910,2790,3120,729,616,1281,1158,849,1277,321,291,592,560,426,600,408,325,689,598,423,677,3030,0,3030
20233,A,골목상권,3110961,언주역 3번,6920,3184,3736,628,535,1694,1512,952,1599,315,255,716,712,460,726,313,280,978,800,492,873,4179,0,4179
20233,A,골목상권,3110962,도산공원북측,1405,671,734,199,116,195,312,194,389,104,49,91,166,94,167,95,67,104,146,100,222,706,0,706
20233,A,골목상권,3110963,역삼월드메르디앙아파트,9762,4573,5189,925,954,2242,1957,1405,2279,461,453,1000,939,661,1059,464,501,1242,1018,744,1220,5353,0,5353
20233,A,골목상권,3110964,싸리고개근린공원,8949,4190,4759,1299,1110,1288,1425,1520,2307,607,534,567,644,729,1109,692,576,721,781,791,1198,3441,0,3441
20233,A,골목상권,3110965,언주역 6번,6240,2812,3428,453,432,1809,1592,792,1162,228,181,752,695,407,549,225,251,1057,897,385,613,3988,0,3988
20233,A,골목상권,3110966,논현2동주민센터,7799,3658,4141,854,749,1359,1575,1126,2136,442,390,564,725,542,995,412,359,795,850,584,1141,4068,0,4068
20233,A,골목상권,3110967,역삼역 8번,6233,2814,3419,414,415,1865,1605,773,1161,205,168,765,718,402,556,209,247,1100,887,371,605,4192,0,4192
20233,A,골목상권,3110968,강남구청역 2번,5066,2388,2678,581,458,1035,1061,745,1186,295,251,453,471,357,561,286,207,582,590,388,625,2659,0,2659
20233,A,골목상권,3110969,베르사이유1아파트,5786,2922,2864,949,446,1264,1283,813,1031,578,214,560,623,453,494,371,232,704,660,360,537,3753,0,3753
20233,A,골목상권,3110970,학동초등학교,7060,3282,3778,814,745,1392,1501,1110,1498,416,401,582,667,533,683,398,344,810,834,577,815,3594,0,3594
20233,A,골목상권,3110971,선정릉역 4번,10340,4821,5519,747,853,2758,2491,1409,2082,373,401,1184,1182,732,949,374,452,1574,1309,677,1133,6414,0,6414
20233,A,골목상권,3110972,강남세브란스병원미래의학연구센터,10695,5034,5661,1131,1375,1937,1905,1771,2576,595,659,859,887,861,1173,536,716,1078,1018,910,1403,5374,0,5374
20233,A,골목상권,3110973,강남구청역 4번,11913,5634,6279,2154,1406,1617,2444,1999,2293,1137,760,680,1039,979,1039,1017,646,937,1405,1020,1254,4628,0,4628
20233,A,골목상권,3110974,언주중학교,10478,4943,5535,1406,1236,1632,2128,1876,2200,727,690,709,875,933,1009,679,546,923,1253,943,1191,4685,0,4685
20233,A,골목상권,3110975,매봉역 1번,5193,2480,2713,647,674,890,780,877,1325,315,327,391,388,411,648,332,347,499,392,466,677,2007,0,2007
20233,A,골목상권,3110976,언북초등학교,9529,4471,5058,1485,1052,1592,1935,1545,1920,787,555,653,860,771,845,698,497,939,1075,774,1075,4253,0,4253
20233,A,골목상권,3110977,논현로18길,5934,3024,2910,591,729,1093,1066,1100,1355,312,371,538,562,555,686,279,358,555,504,545,669,3150,0,3150
20233,A,골목상권,3110978,도곡2동주민센터(대치중학교),3909,1845,2064,402,464,632,592,621,1198,204,218,267,283,295,578,198,246,365,309,326,620,1677,0,1677
20233,A,골목상권,3110979,청담초등학교,4524,2119,2405,539,528,565,702,791,1399,294,271,247,314,344,649,245,257,318,388,447,750,2011,0,2011
20233,A,골목상권,3110980,개포지구대옆,8842,4304,4538,948,1093,1324,1506,1600,2371,489,539,628,726,796,1126,459,554,696,780,804,1245,4137,0,4137
20233,A,골목상권,3110981,국악고교사거리,9627,4770,4857,1098,1242,1663,1746,1772,2106,556,638,830,918,835,993,542,604,833,828,937,1113,4589,0,4589
20233,A,골목상권,3110982,강남구보훈회관,10419,4991,5428,1749,1296,1387,2257,1856,1874,945,741,567,942,952,844,804,555,820,1315,904,1030,4575,0,4575
20233,A,골목상권,3110983,국립국악고등학교,8052,3952,4100,913,1113,1171,1382,1587,1886,470,568,565,679,766,904,443,545,606,703,821,982,5278,0,5278
20233,A,골목상권,3110984,포이초등학교(개포목련어린이공원),8420,4203,4217,1052,1044,1424,1527,1500,1873,549,548,714,795,726,871,503,496,710,732,774,1002,3679,0,3679
20233,A,골목상권,3110985,청담근린공원,4719,2237,2482,450,499,708,744,809,1509,236,258,344,347,374,678,214,241,364,397,435,831,2276,0,2276
20233,A,골목상권,3110986,삼성중앙역 7번,6499,3109,3390,702,675,1258,1412,1045,1407,385,364,557,652,511,640,317,311,701,760,534,767,3219,0,3219
20233,A,골목상권,3110987,영동대교남단,4932,2302,2630,689,627,749,859,856,1152,366,311,331,384,375,535,323,316,418,475,481,617,2068,0,2068
20233,A,골목상권,3110988,청담역 3번,4615,2279,2336,558,577,622,658,730,1470,309,343,311,290,333,693,249,234,311,368,397,777,1920,0,1920
20233,A,골목상권,3110989,대치동아우편취급국,11208,5353,5855,967,1792,2007,2084,2214,2144,511,939,904,914,1076,1009,456,853,1103,1170,1138,1135,5786,0,5786
20233,A,골목상권,3110990,청담역 12번,2525,1254,1271,293,289,369,378,379,817,154,167,199,169,176,389,139,122,170,209,203,428,1017,0,1017
20233,A,골목상권,3110991,삼성중앙역 5번,2063,998,1065,172,219,423,379,342,528,89,129,186,189,168,237,83,90,237,190,174,291,1122,0,1122
20233,A,골목상권,3110992,도곡초등학교,19210,9316,9894,1770,3803,2707,2883,4520,3527,990,2101,1232,1226,2106,1661,780,1702,1475,1657,2414,1866,8155,0,8155
20233,A,골목상권,3110993,개포지하차도 북측,1123,560,563,126,129,199,162,152,355,76,70,97,82,61,174,50,59,102,80,91,181,531,0,531
20233,A,골목상권,3110994,개포고등학교,2464,1231,1233,344,339,330,332,410,709,182,187,175,157,183,347,162,152,155,175,227,362,1780,0,1780
20233,A,골목상권,3110995,봉은사역 4번,8573,4265,4308,1120,1170,1220,1358,1502,2203,567,733,596,631,689,1049,553,437,624,727,813,1154,3493,0,3493
20233,A,골목상권,3110996,대치2동주민센터,12736,6570,6166,1440,2655,1411,1420,3144,2666,851,1639,688,602,1474,1316,589,1016,723,818,1670,1350,4164,0,4164
20233,A,골목상권,3110997,대청초등학교,14579,7278,7301,1724,1904,2430,2132,2406,3983,913,1119,1177,1054,1152,1863,811,785,1253,1078,1254,2120,6849,0,6849
20233,A,골목상권,3110998,은곡마을(은곡마을공원),6636,3240,3396,1487,868,579,1125,1236,1341,740,435,283,515,659,608,747,433,296,610,577,733,3228,0,3228
20233,A,골목상권,3110999,윗방죽마을공원,8828,4199,4629,1547,802,1694,1888,1215,1682,769,383,716,939,636,756,778,419,978,949,579,926,5849,0,5849
20233,A,골목상권,3111000,대왕초등학교(세곡동사거리서남측),1805,859,946,381,187,180,331,229,497,183,101,95,152,118,210,198,86,85,179,111,287,637,0,637
20233,A,골목상권,3111001,아래방죽마을공원(율현초등학교),6175,2887,3288,1225,579,936,1337,711,1387,598,283,404,647,344,611,627,296,532,690,367,776,3761,0,3761
20233,A,골목상권,3111002,한국교통안전공단 강남자동차검사소,7,6,1,0,0,1,2,0,4,0,0,1,2,0,3,0,0,0,0,0,1,1,0,1
20233,A,골목상권,3111003,삼전역 4번,26235,12543,13692,2793,3008,4976,4929,4064,6465,1464,1476,2291,2416,1902,2994,1329,1532,2685,2513,2162,3471,12263,0,12263
20233,A,골목상권,3111004,삼전역 1번,35213,16827,18386,3964,3683,6746,6749,5470,8601,2075,1823,3062,3271,2657,3939,1889,1860,3684,3478,2813,4662,17371,0,17371
20233,A,골목상권,3111005,삼전역 3번,22665,11102,11563,2543,2406,4403,4506,3591,5216,1317,1240,2096,2276,1727,2446,1226,1166,2307,2230,1864,2770,10969,0,10969
20233,A,골목상권,3111006,석촌고분역 1번,27823,13238,14585,3283,2780,5275,5455,4288,6742,1721,1426,2387,2602,2056,3046,1562,1354,2888,2853,2232,3696,13031,0,13031
20233,A,골목상권,3111007,석촌고분역 4번,19065,9329,9736,2139,1972,3617,3814,2960,4563,1088,1090,1762,1915,1427,2047,1051,882,1855,1899,1533,2516,9306,0,9306
20233,A,골목상권,3111008,석촌고분역 3번,19703,9550,10153,2170,1973,3715,3731,2995,5119,1059,1062,1815,1915,1442,2257,1111,911,1900,1816,1553,2862,9805,0,9805
20233,A,골목상권,3111009,송파책박물관,8068,3950,4118,900,872,1431,1425,1281,2159,437,471,704,740,618,980,463,401,727,685,663,1179,5035,0,5035
20233,A,골목상권,3111010,석촌역 7번,21987,10450,11537,2423,1984,4690,4319,3109,5462,1237,1015,2110,2117,1479,2492,1186,969,2580,2202,1630,2970,11081,0,11081
20233,A,골목상권,3111011,잠실나루역,10393,4956,5437,1786,1130,1385,1781,1626,2685,879,592,622,821,788,1254,907,538,763,960,838,1431,3478,0,3478
20233,A,골목상권,3111012,석촌역 6번,18947,9265,9682,2196,1890,3591,3427,2962,4881,1088,989,1696,1715,1479,2298,1108,901,1895,1712,1483,2583,9122,0,9122
20233,A,골목상권,3111013,송파나루역 1번(송리단길),17073,8152,8921,1714,1517,3756,3371,2327,4388,867,750,1691,1673,1136,2035,847,767,2065,1698,1191,2353,8607,0,8607
20233,A,골목상권,3111014,송파나루역 2번,11987,5829,6158,1192,1005,2552,2420,1679,3139,605,513,1221,1247,817,1426,587,492,1331,1173,862,1713,6878,0,6878
20233,A,골목상권,3111015,석촌역 3번,29116,14034,15082,3074,3223,5703,5084,4443,7589,1549,1596,2688,2555,2117,3529,1525,1627,3015,2529,2326,4060,13733,0,13733
20233,A,골목상권,3111016,송파역 2번,13889,6736,7153,1790,1946,2026,2041,2408,3678,907,954,1003,1015,1149,1708,883,992,1023,1026,1259,1970,6089,0,6089
20233,A,골목상권,3111017,송파나루역 3번,11566,5566,6000,1307,1341,2124,2002,1785,3007,672,663,1021,1026,818,1366,635,678,1103,976,967,1641,5588,0,5588
20233,A,골목상권,3111018,풍납초등학교(풍납백제문화공원),11511,5689,5822,1339,1273,1666,1801,1899,3533,707,645,835,923,937,1642,632,628,831,878,962,1891,4497,0,4497
20233,A,골목상권,3111019,한성백제역 3번,20532,9998,10534,2437,2336,3566,3712,3263,5218,1282,1216,1726,1829,1546,2399,1155,1120,1840,1883,1717,2819,10229,0,10229
20233,A,골목상권,3111020,방이동고분군(방산고등학교),9648,4657,4991,1242,1461,1335,1272,1707,2631,643,733,650,558,786,1287,599,728,685,714,921,1344,3346,0,3346
20233,A,골목상권,3111021,방이역 4번,26057,12704,13353,3260,3681,3821,3993,4657,6645,1655,1905,1902,1893,2205,3144,1605,1776,1919,2100,2452,3501,10427,0,10427
20233,A,골목상권,3111022,석촌중학교(방이육교),19948,9886,10062,2407,2694,3112,2814,3375,5546,1255,1408,1554,1362,1596,2711,1152,1286,1558,1452,1779,2835,7583,0,7583
20233,A,골목상권,3111023,문정역 1번,11268,5606,5662,1314,1320,1973,1878,1838,2945,686,680,989,984,882,1385,628,640,984,894,956,1560,4873,0,4873
20233,A,골목상권,3111024,경찰병원역 4번(건너말공원),8425,4247,4178,820,1013,1653,1295,1374,2270,452,519,812,664,686,1114,368,494,841,631,688,1156,3843,0,3843
20233,A,골목상권,3111025,경찰병원역 3번,18174,9019,9155,2818,2348,2901,3046,3130,3931,1472,1235,1391,1478,1545,1898,1346,1113,1510,1568,1585,2033,6865,0,6865
20233,A,골목상권,3111026,문정역 2번,15483,7603,7880,2043,1871,2584,2588,2509,3888,1043,912,1296,1326,1184,1842,1000,959,1288,1262,1325,2046,10788,0,10788
20233,A,골목상권,3111027,문정초등학교,18646,9197,9449,2252,2304,3227,2903,3049,4911,1159,1158,1610,1494,1421,2355,1093,1146,1617,1409,1628,2556,7676,0,7676
20233,A,골목상권,3111028,문현중학교(장지역 1번),11193,5508,5685,1632,1323,1752,1812,1766,2908,829,660,913,923,829,1354,803,663,839,889,937,1554,6812,0,6812
20233,A,골목상권,3111030,방이역 2번,9089,4360,4729,905,1251,1408,1109,1469,2947,452,635,665,510,670,1428,453,616,743,599,799,1519,3438,0,3438
20233,A,골목상권,3111031,장지동주민센터(한림연예예술고교),14158,6984,7174,2097,1865,1916,2379,2385,3516,1045,942,999,1164,1171,1663,1052,923,917,1215,1214,1853,5537,0,5537
20233,A,골목상권,3111032,방이역 1번,15479,7509,7970,1753,2369,2111,1927,2836,4483,914,1234,1016,859,1323,2163,839,1135,1095,1068,1513,2320,5455,0,5455
20233,A,골목상권,3111033,문정동성당,5715,2820,2895,827,680,813,967,888,1540,400,370,411,459,451,729,427,310,402,508,437,811,2309,0,2309
20233,A,골목상권,3111034,오동나무공원(송파레미니스1단지),10317,5121,5196,1244,1441,1484,1488,1932,2728,652,757,755,720,940,1297,592,684,729,768,992,1431,5223,0,5223
20233,A,골목상권,3111035,오금공원(오주중학교),10957,5472,5485,1259,1464,1623,1628,1981,3002,645,786,833,835,957,1416,614,678,790,793,1024,1586,4447,0,4447
20233,A,골목상권,3111036,투구봉어린이공원,8769,4254,4515,1117,1082,1332,1364,1463,2411,563,557,672,684,677,1101,554,525,660,680,786,1310,3945,0,3945
20233,A,골목상권,3111037,Sh수협은행 오금동금융센터(아랫말어린이공원),5924,2987,2937,634,753,897,876,1101,1663,327,421,462,455,533,789,307,332,435,421,568,874,3626,0,3626
20233,A,골목상권,3111038,보인중학교,12763,6375,6388,1552,1764,1749,1884,2278,3536,817,936,885,947,1103,1687,735,828,864,937,1175,1849,4904,0,4904
20233,A,골목상권,3111039,벌말어린이공원,12582,6365,6217,1417,1658,1779,1870,2306,3552,726,894,940,962,1133,1710,691,764,839,908,1173,1842,5150,0,5150
20233,A,골목상권,3111040,거여초등학교,9152,4655,4497,982,1207,1301,1386,1700,2576,491,655,704,729,836,1240,491,552,597,657,864,1336,4631,0,4631
20233,A,골목상권,3111041,거여역 8번,4612,2316,2296,566,574,578,706,796,1392,276,302,300,354,402,682,290,272,278,352,394,710,2566,0,2566
20233,A,골목상권,3111042,거여역 1번(거여공원),18269,9368,8901,1913,2233,2400,2674,3291,5758,984,1203,1316,1363,1694,2808,929,1030,1084,1311,1597,2950,8803,0,8803
20233,A,골목상권,3111043,마천공원,10058,5103,4955,1039,1220,1441,1561,1783,3014,525,662,760,831,882,1443,514,558,681,730,901,1571,4515,0,4515
20233,A,골목상권,3111044,남천초등학교,14440,7389,7051,1418,1572,1796,2059,2528,5067,714,864,982,1092,1321,2416,704,708,814,967,1207,2651,6921,0,6921
20233,A,골목상권,3111045,개미어린이공원,9816,4887,4929,945,1153,1130,1397,1800,3391,458,592,634,698,943,1562,487,561,496,699,857,1829,4908,0,4908
20233,A,골목상권,3111046,마천역(마천초등학교),26224,13478,12746,2683,2779,3135,3784,4502,9341,1366,1438,1743,2013,2425,4493,1317,1341,1392,1771,2077,4848,12275,0,12275
20233,A,골목상권,3111047,마천1치안센터,19521,9916,9605,2450,2334,2202,2940,3329,6266,1251,1193,1174,1525,1765,3008,1199,1141,1028,1415,1564,3258,7445,0,7445
20233,A,골목상권,3111048,천호역 1번(천호문구완구거리),9946,4931,5015,937,859,1667,1684,1539,3260,469,441,861,870,794,1496,468,418,806,814,745,1764,4944,0,4944
20233,A,골목상권,3111049,천호지구대(천호동자전거거리),13392,6776,6616,1383,1124,2247,2362,2177,4099,718,573,1093,1259,1177,1956,665,551,1154,1103,1000,2143,8382,0,8382
20233,A,골목상권,3111050,강동구청(강동구청역 2번),9697,4742,4955,1484,955,1389,1741,1466,2662,788,489,652,861,724,1228,696,466,737,880,742,1434,3999,0,3999
20233,A,골목상권,3111051,천호역 6번,23126,11466,11660,2671,2150,3650,3849,3602,7204,1398,1079,1817,2026,1802,3344,1273,1071,1833,1823,1800,3860,11580,0,11580
20233,A,골목상권,3111052,암사역 3번(천호동자전거거리),20393,10125,10268,3094,1951,3159,3795,3086,5308,1599,997,1493,1965,1571,2500,1495,954,1666,1830,1515,2808,9625,0,9625
20233,A,골목상권,3111053,성내천어린이공원(하니사랑길),12795,6227,6568,1816,1458,1858,2216,1994,3453,941,777,910,1064,948,1587,875,681,948,1152,1046,1866,5738,0,5738
20233,A,골목상권,3111054,암사역 4번(삼성광나루아파트),11801,5826,5975,1986,1147,1620,2304,1731,3013,1025,616,783,1150,861,1391,961,531,837,1154,870,1622,5158,0,5158
20233,A,골목상권,3111055,선사초등학교,4897,2435,2462,799,501,624,964,707,1302,408,275,317,479,353,603,391,226,307,485,354,699,2522,0,2522
20233,A,골목상권,3111056,천호태영아파트,7553,3815,3738,627,597,1439,1369,1095,2426,316,316,738,712,586,1147,311,281,701,657,509,1279,6173,0,6173
20233,A,골목상권,3111057,천호공원(해공체육문화센터),15019,7722,7297,1442,1584,2027,2226,2621,5119,741,881,1061,1214,1360,2465,701,703,966,1012,1261,2654,8559,0,8559
20233,A,골목상권,3111058,성내중학교,14760,7340,7420,1819,1630,2308,2654,2321,4028,933,858,1176,1370,1148,1855,886,772,1132,1284,1173,2173,6922,0,6922
20233,A,골목상권,3111059,강동역 4번(강풀만화거리),36669,18133,18536,4230,3305,6633,6703,5325,10473,2186,1671,3221,3485,2643,4927,2044,1634,3412,3218,2682,5546,19545,0,19545
20233,A,골목상권,3111060,암사역 2번(서울강동초등학교),30599,15437,15162,3486,3133,4772,5190,4926,9092,1785,1659,2420,2776,2495,4302,1701,1474,2352,2414,2431,4790,15301,0,15301
20233,A,골목상권,3111061,암사역 1번,30340,15148,15192,3543,3115,4554,5400,4763,8965,1811,1672,2313,2812,2393,4147,1732,1443,2241,2588,2370,4818,15411,0,15411
20233,A,골목상권,3111062,둔촌동역 3번(성내3동주민센터),10107,5137,4970,1264,1229,1386,1746,1746,2736,692,700,759,879,852,1255,572,529,627,867,894,1481,4611,0,4611
20233,A,골목상권,3111063,강동구립 천호도서관,20969,10575,10394,2068,1887,3438,3365,3196,7015,1062,974,1728,1832,1659,3320,1006,913,1710,1533,1537,3695,12914,0,12914
20233,A,골목상권,3111064,둔촌동역 4번,16408,8196,8212,2000,2009,2302,2833,2767,4497,1049,1112,1216,1432,1371,2016,951,897,1086,1401,1396,2481,7497,0,7497
20233,A,골목상권,3111065,천일초등학교,18053,9237,8816,1758,1917,2604,2670,2977,6127,928,978,1338,1470,1547,2976,830,939,1266,1200,1430,3151,9057,0,9057
20233,A,골목상권,3111079,둔촌고등학교(둔촌중학교),17536,8672,8864,2329,2176,2562,2644,2781,5044,1217,1113,1268,1341,1374,2359,1112,1063,1294,1303,1407,2685,7115,0,7115
20233,A,골목상권,3111080,굽은다리역 3번,19393,9477,9916,2532,2588,2619,2738,3193,5723,1335,1356,1316,1289,1524,2657,1197,1232,1303,1449,1669,3066,7171,0,7171
20233,A,골목상권,3111081,둔촌푸르지오아파트,10434,5143,5291,1327,1221,1581,1650,1602,3053,713,638,799,820,772,1401,614,583,782,830,830,1652,3951,0,3951
20233,A,골목상권,3111082,중앙보훈병원,10160,5034,5126,1211,1284,1544,1479,1581,3061,647,683,793,746,750,1415,564,601,751,733,831,1646,3381,0,3381
20233,A,골목상권,3111083,GS강동자이아파트,20845,10368,10477,2459,2430,3114,3248,3356,6238,1342,1308,1552,1608,1637,2921,1117,1122,1562,1640,1719,3317,8578,0,8578
20233,A,골목상권,3111084,길동신동아아파트,8596,4204,4392,1076,1040,1389,1356,1391,2344,567,537,693,684,668,1055,509,503,696,672,723,1289,3805,0,3805
20233,A,골목상권,3111085,묘곡초등학교(고덕아이파크아파트),9158,4711,4447,1239,1228,1122,1306,1648,2615,653,684,615,643,844,1272,586,544,507,663,804,1343,5410,0,5410
20233,A,골목상권,3111087,고덕중학교(고덕2동주민센터),4709,2510,2199,387,606,599,574,876,1667,200,345,358,318,460,829,187,261,241,256,416,838,2902,0,2902
20233,A,골목상권,3111088,고덕동성당,7286,3669,3617,1045,1034,757,991,1314,2145,539,545,397,498,670,1020,506,489,360,493,644,1125,3989,0,3989
20233,A,골목상권,3111089,상일여고(상일초등학교),6494,3334,3160,850,885,895,796,1193,1875,462,438,499,412,593,930,388,447,396,384,600,945,3569,0,3569
20233,A,골목상권,3111090,강일동주민센터,5040,2518,2522,933,525,547,926,784,1325,503,277,276,463,400,599,430,248,271,463,384,726,2265,0,2265
20232,A,골목상권,3111090,강일동주민센터,5040,2518,2522,933,525,547,926,784,1325,503,277,276,463,400,599,430,248,271,463,384,726,2265,0,2265
20233,A,골목상권,3110001,이북5도청사,3152,1528,1624,387,418,372,391,541,1043,202,215,206,180,233,492,185,203,166,211,308,551,1288,0,1288
20233,A,골목상권,3110002,독립문역 1번,6821,3201,3620,948,816,720,997,1234,2106,456,377,342,461,620,945,492,439,378,536,614,1161,2646,0,2646
20233,A,골목상권,3110003,세검정초등학교,8082,3919,4163,951,1158,1048,1026,1525,2374,489,595,565,457,691,1122,462,563,483,569,834,1252,3314,0,3314
20233,A,골목상권,3110004,대신고등학교,9019,4224,4795,1095,1040,977,1303,1607,2997,529,500,466,608,806,1315,566,540,511,695,801,1682,4301,0,4301
20233,A,골목상권,3110005,세검정,6443,3097,3346,697,863,849,884,1180,1970,372,457,439,394,545,890,325,406,410,490,635,1080,2786,0,2786
20233,A,골목상권,3110006,부암동주민센터,2063,1023,1040,196,239,241,269,370,748,116,143,126,121,179,338,80,96,115,148,191,410,956,0,956
20233,A,골목상권,3110007,사직공원(한국사회과학도서관),9521,4411,5110,1192,1050,1227,1437,1633,2982,590,499,562,671,778,1311,602,551,665,766,855,1671,5501,0,5501
20233,A,골목상권,3110008,배화여자대학교(박노수미술관),11592,5363,6229,1524,1322,1592,1998,1934,3222,794,620,750,899,908,1392,730,702,842,1099,1026,1830,5160,0,5160
20233,A,골목상권,3110009,자하문터널,3472,1701,1771,337,413,448,499,636,1139,201,232,239,218,296,515,136,181,209,281,340,624,1649,0,1649
20233,A,골목상권,3110010,평창동서측,8009,3781,4228,961,1003,1008,1077,1423,2537,506,515,505,482,634,1139,455,488,503,595,789,1398,3484,0,3484
20233,A,골목상권,3110011,청운초등학교,1400,707,693,203,211,143,222,264,357,118,139,68,90,123,169,85,72,75,132,141,188,598,0,598
20233,A,골목상권,3110516,정원여중,9884,4817,5067,1056,1155,1302,1522,1648,3201,510,599,678,781,839,1410,546,556,624,741,809,1791,4174,0,4174
20233,A,골목상권,3111029,오금역 4번,12039,5939,6100,1936,1597,1639,2022,2153,2692,1013,817,801,961,1068,1279,923,780,838,1061,1085,1413,4355,0,4355
20233,A,골목상권,3111066,암사동성당(효정하나플러스아파트),22271,11132,11139,2412,2344,3258,3662,3596,6999,1225,1240,1667,1965,1806,3229,1187,1104,1591,1697,1790,3770,11393,0,11393
20233,A,골목상권,3111067,강동구립성내도서관,26995,13186,13809,3023,2746,5081,4886,4029,7230,1571,1452,2376,2484,1976,3327,1452,1294,2705,2402,2053,3903,13406,0,13406
20233,A,골목상권,3111068,강동성심병원,9795,4735,5060,1068,709,2411,2042,1293,2272,558,337,1025,1063,676,1076,510,372,1386,979,617,1196,6566,0,6566
20233,A,골목상권,3111069,천호1동주민센터,26066,13239,12827,2820,2893,3695,4053,4259,8346,1463,1505,1934,2197,2166,3974,1357,1388,1761,1856,2093,4372,12656,0,12656
20233,A,골목상권,3111070,천호초등학교,18822,9385,9437,2067,2034,2780,2888,3063,5990,1053,1062,1438,1518,1518,2796,1014,972,1342,1370,1545,3194,8958,0,8958
20233,A,골목상권,3111071,천동초등학교,12559,6279,6280,1394,1209,2055,2152,1865,3884,745,603,1008,1157,919,1847,649,606,1047,995,946,2037,6026,0,6026
20233,A,골목상권,3111072,굽은다리역 1번(십자성마을),28403,14231,14172,3072,3026,4168,4617,4483,9037,1614,1530,2117,2461,2254,4255,1458,1496,2051,2156,2229,4782,13478,0,13478
20233,A,골목상권,3111073,둔촌동역 1번(한산중학교),19226,9501,9725,2254,2162,3026,3068,3106,5610,1187,1098,1506,1561,1525,2624,1067,1064,1520,1507,1581,2986,9166,0,9166
20233,A,골목상권,3111074,명일역 1번,17897,8824,9073,2253,2138,2457,2696,2965,5388,1124,1119,1279,1346,1440,2516,1129,1019,1178,1350,1525,2872,7529,0,7529
20233,A,골목상권,3111075,굽은다리역 2번,19927,9755,10172,2183,2295,2967,2953,3172,6357,1088,1198,1515,1501,1509,2944,1095,1097,1452,1452,1663,3413,8542,0,8542
20233,A,골목상권,3111076,둔촌2동주민센터,13821,6855,6966,1582,1584,2156,2175,2250,4074,825,804,1089,1121,1101,1915,757,780,1067,1054,1149,2159,6140,0,6140
20233,A,골목상권,3111077,길동주민센터(강동도서관),34212,17025,17187,3760,3732,5364,5595,5498,10263,2001,1910,2653,2923,2721,4817,1759,1822,2711,2672,2777,5446,15946,0,15946
20233,A,골목상권,3111078,굽은다리역 4번,29632,14500,15132,3481,3343,4566,4697,4635,8910,1820,1718,2239,2382,2227,4114,1661,1625,2327,2315,2408,4796,12723,0,12723
20233,A,골목상권,3111086,한영중고,9395,4676,4719,1222,1525,1127,1131,1827,2563,638,823,612,492,890,1221,584,702,515,639,937,1342,3154,0,3154
